time,X_value,Y_value,Z_value
Started:,Oct 20 2018,20:08:55:948, 
0.0197,1.59459,8.69840,0.51237
0.0421,1.67120,8.90191,1.22587
0.0614,2.72947,8.80375,-0.36154
0.0797,2.38949,8.63375,0.21309
0.1022,2.58821,10.18764,1.24981
0.1201,0.50998,10.98972,0.77814
0.1403,0.18675,11.69603,3.34480
0.1625,0.39266,11.72716,0.64167
0.1797,0.76377,9.19880,1.54910
0.1997,1.58501,10.01286,-0.40942
0.2225,1.31925,8.68164,-0.59857
0.2410,0.30168,9.28260,-0.43336
0.2609,0.44534,9.62498,0.97926
0.2841,0.54111,9.99849,0.74223
0.3004,0.21788,9.98652,1.34079
0.3202,-0.16281,10.91789,2.32484
0.3418,0.70152,10.07271,2.51399
0.3600,0.24900,9.36401,2.45653
0.3795,0.45012,8.60742,1.59698
0.4025,1.11094,8.54996,2.13090
0.4204,0.84278,8.87558,1.35516
0.4403,0.60815,8.79896,1.06545
0.4621,1.68318,8.51165,1.18995
0.4800,2.40385,8.52362,1.73585
0.4997,1.64966,8.02800,2.58582
0.5240,1.83401,8.85882,2.10696
0.5417,1.98246,10.09187,2.70074
0.5635,1.74303,9.70160,1.88908
0.5838,2.08781,9.94103,2.12851
0.6016,1.04390,10.11581,2.28174
0.6301,0.84997,10.36242,2.88031
0.6453,0.56984,10.44622,3.04312
0.6638,0.83560,10.19961,2.50681
0.6813,1.73345,10.29299,2.73905
0.7022,1.26897,10.08708,2.95454
0.7213,0.53632,10.01525,3.47649
0.7413,0.84997,9.56034,2.77975
0.7764,0.73983,9.14374,3.19636
0.7803,0.75659,9.15092,4.03435
0.7998,0.73265,9.35204,2.22668
0.8224,0.95053,9.74230,2.98566
0.8399,0.68476,11.26985,2.68398
0.8601,-0.31604,10.15891,3.90506
0.8828,0.91940,10.24271,2.37033
0.9163,0.01197,10.33369,3.00721
0.9219,0.08859,9.00487,2.65525
0.9453,1.07024,8.83248,2.55469
0.9601,0.96250,8.05434,2.55948
0.9801,1.09658,9.56273,2.31287
1.0036,1.20193,9.80455,3.55310
1.0216,0.56265,12.13418,1.96570
1.0599,0.59857,10.82930,2.75581
1.0679,1.50839,9.68963,2.47329
1.0822,1.10376,10.62340,2.10217
1.1029,1.30967,9.19641,2.45892
1.1245,1.71191,9.17726,1.35516
1.1422,1.42459,8.70798,1.92739
1.1619,1.48206,8.56432,1.90105
1.1861,1.87951,9.08388,1.98246
1.2023,1.37671,9.48612,2.23386
1.2223,1.64008,9.37837,1.66642
1.2439,1.65684,9.86202,0.73025
1.2632,2.58103,8.50207,0.83800
1.2828,2.59300,10.00567,-0.42139
1.3040,2.99524,8.85163,0.59378
1.3218,2.87792,9.47654,1.07503
1.3439,3.07664,9.38556,2.17400
1.3642,2.43737,10.26665,1.27375
1.3821,2.16203,9.61301,2.24344
1.4020,2.91862,10.43904,2.26259
1.4266,2.33202,10.73114,2.92580
1.4430,1.44135,10.68804,1.50360
1.4789,2.00880,10.23313,1.56825
1.4842,0.79250,10.81254,1.07982
1.5015,1.05827,9.69202,0.69195
1.5221,1.23066,10.13736,0.05746
1.5449,0.85954,9.66569,0.39027
1.5619,1.65444,9.74709,-0.70871
1.5824,1.00799,9.82371,-1.17559
1.6183,0.98884,9.86681,-1.06785
1.6222,0.79011,9.28979,-0.06704
1.6472,0.44534,9.80934,-0.07662
1.6644,0.95292,9.45260,0.30886
1.6823,0.73504,9.61062,0.79729
1.7025,0.69195,9.93863,1.13010
1.7245,0.84278,9.56513,1.12770
1.7445,0.64645,9.69202,0.55547
1.7620,1.40783,9.48851,0.98644
1.7865,1.05348,9.46696,1.82923
1.8027,1.47727,9.64653,0.68476
1.8224,2.07344,9.65850,1.37671
1.8446,1.30009,9.52682,1.30488
1.8708,1.65923,9.94582,0.92419
1.8836,2.09260,9.58668,1.60656
1.9051,1.74782,9.81174,1.22347
1.9218,2.34639,9.90033,1.45811
1.9420,2.07105,9.50527,0.96250
1.9657,1.93697,9.56513,1.33361
1.9821,2.49723,9.65611,0.96729
2.0027,2.31526,9.23711,1.46769
2.0369,2.30329,9.50527,1.23066
2.0432,2.66243,9.57231,1.87232
2.0617,2.46371,9.45020,1.90105
2.0853,2.35357,9.85723,0.68716
2.1037,1.64966,9.57231,1.18517
2.1227,2.03034,10.12778,1.45093
2.1466,2.17879,10.28341,0.51237
2.1631,2.14288,9.23711,1.13010
2.1828,2.03513,9.52443,0.85236
2.2042,2.46850,10.50608,0.84757
2.2215,2.06147,9.96497,1.16122
2.2420,1.82444,10.13736,-0.07183
2.2645,1.94176,9.89554,0.09098
2.2823,2.02795,9.98891,-0.21070
2.3142,2.17640,10.06793,0.48843
2.3245,2.46610,9.46217,0.64885
2.3417,2.23625,10.80057,0.96968
2.3614,2.12372,10.57312,0.57702
2.3842,1.93457,10.14215,0.09098
2.4019,1.64247,10.03441,0.87870
2.4235,1.69994,9.61062,0.90982
2.4570,1.73106,9.25148,0.84757
2.4617,1.63050,10.04398,0.44294
2.4814,1.32164,9.90990,0.18436
2.5044,1.19953,9.77822,-0.59857
2.5220,2.29372,9.83568,-1.49163
2.5429,2.06626,9.07191,-1.27615
2.5654,2.56187,9.26584,-2.34400
2.5834,3.09819,9.87160,-2.49483
2.6044,2.90186,8.94501,-1.47248
2.6242,2.27217,9.48851,-0.23943
2.6428,2.20034,9.71597,0.05986
2.6619,2.05189,8.90431,1.71670
2.6844,2.20273,9.02163,0.10295
2.7214,1.69515,10.34087,0.18436
2.7227,2.08302,9.91709,-0.52195
2.7438,2.55230,9.67766,0.02394
2.7618,3.30649,9.13416,0.43815
2.7816,2.54511,9.57471,1.26657
2.8039,2.05429,10.13736,-0.13169
2.8242,2.19316,10.01765,-0.21070
2.8699,2.56187,10.32172,-0.99602
2.8700,3.38790,9.87399,-0.44773
2.8828,2.60018,9.78540,0.36872
2.9011,2.57863,9.47654,0.74462
2.9241,1.74064,9.92188,0.33280
2.9412,1.47727,9.88836,-0.34478
2.9617,1.81007,9.65372,-0.95532
2.9841,2.64807,9.56752,0.25379
3.0049,2.54033,9.34007,-0.37351
3.0214,2.44695,9.50048,0.03591
3.0439,2.08541,9.79258,-0.85236
3.0614,1.90345,9.76625,-1.26657
3.0814,2.33921,9.67048,-1.14925
3.1077,2.79891,9.27781,0.09817
3.1328,2.38230,9.84765,0.28731
3.1501,1.68318,9.58668,0.38069
3.1650,1.25221,10.03919,-0.39266
3.1820,1.48924,9.29218,0.11253
3.2027,1.97528,9.92188,0.39266
3.2249,1.77416,9.53640,-0.25619
3.2420,2.15724,9.75667,-0.73504
3.2655,1.86275,9.88836,-1.82444
3.2961,2.20992,9.62977,-0.74462
3.3043,2.41582,9.81892,-0.34478
3.3221,2.14766,9.66329,0.22746
3.3445,1.99204,9.74230,-0.96968
3.3623,1.68796,9.69202,-0.84518
3.3851,1.88190,9.90990,0.48604
3.4061,1.42938,9.60344,0.33041
3.4278,1.48684,9.64414,0.34238
3.4430,1.44854,9.79977,-0.66561
3.4644,1.55149,9.52203,0.61293
3.4824,1.85317,9.93863,0.38069
3.5024,1.67120,10.06553,0.32562
3.5256,1.51558,9.73512,-1.39347
3.5440,1.54910,9.74230,-0.94095
3.5726,2.08062,9.84526,-0.08141
3.5842,1.57304,9.62498,-0.06465
3.6020,1.47727,9.58907,-0.76138
3.6218,1.53234,9.45260,-0.85954
3.6443,1.45811,10.30256,-0.02155
3.6620,1.43656,9.92906,-0.11732
3.6830,1.89387,10.17327,-0.49801
3.7178,2.61694,10.21398,-1.57064
3.7224,-0.65603,9.14374,1.82923
3.7428,0.61054,11.24351,-1.35277
3.7650,1.65205,9.37359,0.95292
3.7824,-0.13408,9.28021,-1.35995
3.8045,1.17080,10.03441,-1.52276
3.8258,1.87232,9.21317,0.06943
3.8652,1.41741,10.29059,-3.71591
3.8654,2.53075,9.13655,-1.92500
3.8844,2.47568,10.17567,-1.32403
3.9020,1.49403,9.47893,-0.45491
3.9218,1.26178,10.05835,-1.38389
3.9449,1.42459,9.92188,0.22985
3.9634,1.28812,10.78860,-0.77335
3.9923,1.12770,9.47175,-1.19235
4.0048,1.09418,10.58509,-0.21309
4.0239,1.49642,9.87160,-0.14605
4.0418,1.27375,10.24989,-1.78134
4.0646,1.30009,9.70878,-0.14845
4.0815,1.84838,9.65611,-0.16281
4.1016,1.51079,9.22754,-1.77895
4.1240,1.71191,9.59146,0.24422
4.1420,1.05109,10.12299,0.35196
4.1619,0.93377,9.99370,-0.24900
4.1845,0.84278,10.01765,-0.11253
4.2006,1.05348,9.82371,0.04070
4.2208,0.75659,9.96258,-0.63688
4.2433,0.53153,9.96497,-1.26178
4.2641,0.73983,9.40950,-0.84039
4.2806,0.97686,9.99849,0.03113
4.3031,0.52435,9.94821,-1.32164
4.3208,0.56984,10.12778,-1.37910
4.3423,0.62730,10.13736,-0.52674
4.3644,0.65364,10.04877,-0.60336
4.3937,0.59139,9.93863,-0.54111
4.4085,0.37830,9.82131,-1.44135
4.4228,0.94095,10.01765,0.06943
4.4403,1.15883,9.74470,0.50998
4.4618,0.77575,9.98173,-0.68237
4.4830,1.11334,9.36880,-2.29850
4.5006,1.08700,9.63935,-1.60656
4.5210,1.41980,9.66329,-0.70631
4.5550,1.30488,9.78780,-0.17478
4.5618,1.22587,10.20440,0.16999
4.5810,1.10137,9.99131,0.16520
4.6032,1.18517,9.99610,-2.31766
4.6225,1.11573,9.77822,-1.42220
4.6434,1.30009,10.25468,-0.62730
4.6659,0.59617,9.23711,0.32083
4.6838,0.47167,9.71597,0.16999
4.7017,0.47167,9.82610,0.01437
4.7246,0.25858,9.61301,-1.14446
4.7420,0.52913,10.10145,-2.00640
4.7620,0.99123,10.06314,-2.24104
4.7844,0.98405,9.87878,-1.51797
4.8022,1.05827,10.00089,-1.76219
4.8330,0.76617,10.01525,-1.13249
4.8452,-0.25140,9.77822,0.10535
4.8618,-0.27774,10.38636,0.23224
4.8818,-0.31844,10.11581,-0.38308
4.9042,0.15802,9.88117,-1.81486
4.9218,-0.10774,9.64414,-1.89866
4.9418,0.52195,9.96976,-1.58022
4.9681,0.29450,9.53161,0.03352
4.9826,0.28731,9.64414,-0.23703
5.0027,0.00239,9.73273,-0.37351
5.0245,-0.29210,10.23553,-0.90504
5.0420,0.00718,10.29059,-1.31446
5.0620,0.23703,10.38636,-1.99922
5.0843,0.84278,10.10623,-2.59779
5.1109,1.07024,9.77822,-1.72148
5.1241,0.96489,9.88357,-1.71430
5.1439,0.66321,9.69442,-0.28252
5.1616,0.51477,9.54837,0.57702
5.1817,-0.11253,10.02962,0.67040
5.2061,0.10774,9.87638,-0.61293
5.2331,-0.55068,9.71836,0.33041
5.2516,-0.17478,9.28021,0.14366
5.2646,0.41660,9.24669,0.34717
5.2818,0.36632,9.91948,0.09338
5.3018,-0.00958,9.61301,1.21390
5.3249,-0.42618,10.26665,0.60815
5.3416,-0.66561,10.29059,1.26897
5.3635,-0.51716,9.98652,0.27534
5.4034,0.37351,9.58907,0.03591
5.4044,-0.03831,9.69442,0.24422
5.4226,-0.17957,9.98173,-0.19633
5.4458,-0.57702,9.79977,1.93936
5.4635,-0.68476,9.46457,0.91940
5.4837,-0.88588,10.26665,0.20830
5.5060,-0.56505,9.96018,0.45970
5.5238,-0.17957,10.01286,-0.68237
5.5444,0.21788,9.79498,-1.46769
5.5661,0.33520,9.60822,-2.01359
5.5840,0.22267,9.27542,-2.00880
5.6041,0.35914,9.52203,-2.35836
5.6262,0.07183,9.44541,-1.97767
5.6459,0.41900,8.78459,-2.38230
5.6718,1.00081,9.59625,0.17718
5.6857,0.82124,11.57871,-3.35198
5.7054,-0.58660,11.05437,-2.51159
5.7240,0.56265,10.49411,0.27774
5.7480,1.42938,10.03919,2.85158
5.7664,-3.09819,11.34407,2.43977
5.7971,-1.51318,9.71836,0.85476
5.8100,0.97686,9.53400,-3.54353
5.8236,2.16203,10.34087,-2.41582
5.8435,2.12612,9.04796,-0.25858
5.8661,1.80049,9.98413,0.10774
5.8840,-1.24981,9.69681,0.87391
5.9057,-1.68557,10.86522,1.43178
5.9473,-1.43178,9.86681,0.36872
5.9476,-0.95532,9.74230,0.67997
5.9637,0.10056,9.37598,0.65364
5.9858,0.66800,9.32570,1.66881
6.0033,-0.41660,9.45739,-0.00239
6.0273,-0.65603,9.67766,-0.73744
6.0474,-0.88588,8.93304,-0.84518
6.0651,1.44375,9.40711,-1.51797
6.0985,2.61215,9.85962,1.02954
6.1071,2.82046,8.98571,1.88429
6.1244,-2.17400,10.75508,0.93137
6.1460,-1.89627,10.02004,1.64247
6.1672,-1.12770,8.69122,3.17481
6.1850,-0.84997,10.41031,1.10137
6.2060,-0.71349,10.77903,-0.46928
6.2361,-0.05028,11.54040,-1.83641
6.2516,1.18517,7.72154,0.84757
6.2645,1.39347,10.55157,-1.31685
6.2874,0.64885,9.64653,0.00718
6.3046,-0.40463,9.94582,1.19953
6.3249,-0.30168,8.51165,1.86993
6.3569,-1.01278,9.28021,1.70951
6.3696,-1.47008,9.46936,1.68078
6.3845,-0.97447,10.42707,-0.03591
6.4068,-0.71828,10.09905,0.62969
6.4246,-0.25379,10.33369,-1.07742
6.4443,-0.21070,10.50129,-0.84997
6.4669,-0.39506,10.34566,-0.54589
6.4848,0.19154,9.69442,0.62251
6.5081,0.24422,9.66329,0.40224
6.5279,0.26576,10.40791,-0.46928
6.5441,-0.02155,9.76864,1.11094
6.5660,-0.90982,8.45658,2.73666
6.5869,-0.11493,9.36401,1.05827
6.6044,0.85236,9.67287,-1.19714
6.6245,0.47646,9.59146,0.28492
6.6543,0.35675,10.27144,0.16281
6.6645,0.43097,9.01684,1.53952
6.6845,0.23464,9.15810,0.11493
6.7082,0.19872,9.61062,0.90504
6.7245,-0.27774,8.95938,1.56586
6.7483,-0.08380,9.52682,0.80926
6.7879,-0.29210,10.37200,-0.03352
6.7881,0.06225,10.54678,-0.04789
6.8139,-0.05507,9.81413,0.38308
6.8278,-0.34717,10.08229,-0.05746
6.8507,-0.08380,10.35284,-0.12450
6.8645,0.07422,9.81653,0.16999
6.8885,0.08380,9.58189,-0.58899
6.9214,0.29210,9.18204,0.54350
6.9262,0.04789,9.56752,-0.30407
6.9470,0.16281,9.53161,0.11732
6.9643,-0.07183,9.71357,0.07662
6.9845,-0.38787,9.90033,0.21548
7.0067,-0.12690,9.80934,-0.17239
7.0248,-0.10535,9.92188,0.18196
7.0460,-0.07422,9.40711,0.33280
7.0785,0.01915,9.60822,-0.06704
7.0864,0.06704,9.61541,0.11253
7.1060,0.17718,9.59625,0.02873
7.1284,0.29210,9.58907,0.09338
7.1441,-0.03591,10.50847,0.77575
7.1659,-0.17239,10.10384,1.50121
7.1899,0.18915,10.00807,0.53871
7.2089,-0.54111,10.39834,1.00320
7.2260,-0.18675,9.50527,1.25221
7.2485,0.24182,9.06472,0.83560
7.2661,-0.01437,9.96018,0.75659
7.2860,-0.01197,9.79977,0.79490
7.3098,0.11253,9.12458,0.58660
7.3554,-0.08859,9.72554,-0.12929
7.3555,-0.23224,9.93145,-0.16042
7.3690,-0.05028,9.63696,0.57702
7.3861,-0.20112,9.27303,0.81405
7.4059,-0.50759,9.44302,0.63209
7.4285,-0.05267,9.75188,0.42858
7.4474,-0.01676,9.62020,0.87630
7.4667,-0.16760,10.27144,0.68476
7.4917,-0.33280,10.30975,0.68476
7.5063,-0.21788,9.80934,0.33999
7.5263,-0.27295,10.16370,-0.01915
7.5489,0.06943,9.88357,-0.20351
7.5667,0.18196,9.38795,0.93137
7.5893,0.07662,9.25148,0.90982
7.6103,0.02155,9.44541,1.01278
7.6491,-0.52913,9.45499,1.08461
7.6493,0.15323,9.49569,1.45332
7.6701,0.18196,10.23792,0.21309
7.6876,0.35196,9.02642,0.53632
7.7095,0.25858,9.90033,0.40703
7.7289,-0.18915,9.89554,0.74701
7.7471,-0.30407,10.09905,1.23305
7.7771,-0.53632,10.26426,1.37192
7.7885,-0.69195,10.39115,0.44055
7.8078,0.03352,9.75188,0.51716
7.8278,-0.32083,10.13496,-0.45012
7.8489,-0.23464,10.00567,-0.13887
7.8682,0.11014,9.74949,0.08859
7.9059,-0.20830,9.93624,-0.01197
7.9226,0.22985,9.86441,-0.24422
7.9277,-0.16760,9.39753,0.70871
7.9458,-0.13169,9.56273,-0.64645
7.9688,0.20112,9.34725,0.10535
7.9859,-0.44773,10.16130,-0.60336
8.0059,0.00479,9.28021,0.00718
8.0311,0.17718,9.78780,0.05507
8.0540,-0.01915,9.86681,-0.36872
8.0696,-0.16042,10.36482,0.07662
8.0884,-0.03591,9.70160,0.35196
8.1057,-0.11493,10.32890,0.62012
8.1260,-0.04070,9.58907,0.71349
8.1482,-0.05507,9.85005,0.03352
8.1690,-0.44294,9.19880,0.28492
8.2010,0.38069,9.56273,0.16281
8.2088,0.13408,9.26345,-0.36872
8.2257,-0.04549,10.09426,-0.29210
8.2456,0.29210,9.85484,0.27774
8.2683,0.00479,9.67048,-0.48843
8.2860,-0.42379,9.69442,1.30249
8.3074,0.04310,9.71836,1.27854
8.3396,-0.13887,9.73752,1.14925
8.3458,-0.44055,9.38795,1.21150
8.3655,-0.47167,9.77343,0.72307
8.3882,-0.84997,9.86441,0.63209
8.4061,-0.50519,10.26426,0.96250
8.4261,0.15563,9.50288,0.00718
8.4493,0.04549,9.53161,0.48125
8.4772,0.03831,9.86681,-0.30407
8.4915,0.07183,9.65850,0.26098
8.5084,-0.11971,10.11821,0.19633
8.5272,0.32562,9.69442,0.91940
8.5462,-0.33759,10.18046,0.73504
8.5688,-0.43815,11.67448,2.23865
8.5969,-0.83321,9.47893,2.86355
8.6109,-0.35675,9.17247,-0.40224
8.6291,1.37431,8.03758,1.12770
8.6455,0.06704,9.53161,3.79971
8.6672,-2.48526,11.20760,1.88429
8.6899,-0.62969,9.69921,3.81169
8.7071,-0.36154,10.03919,0.93137
8.7359,0.00479,9.83808,-1.68318
8.7514,1.04151,9.39992,-1.55867
8.7686,1.43178,10.35045,-0.26816
8.7862,0.34956,8.61699,0.28971
8.8091,0.09817,9.68005,-0.30647
8.8272,0.04310,10.13496,0.97926
8.8470,-0.17718,9.45020,0.70631
8.8834,-0.67279,10.21637,0.86194
8.8972,-0.44294,10.67368,1.26178
8.9063,-0.55308,10.56833,0.37351
8.9280,0.44773,10.15891,0.12929
8.9468,0.71349,8.70319,-0.01676
8.9672,-0.77575,8.91628,0.47885
8.9932,-0.05746,8.86839,2.03034
9.0093,0.55308,8.87797,0.31365
9.0279,0.27534,9.93385,0.73744
9.0492,1.07264,9.79258,1.73824
9.0680,-0.32083,9.62020,2.61215
9.0862,-1.76458,9.97694,3.05031
9.1091,-0.22985,9.90751,2.09499
9.1268,-0.44055,9.93385,0.96729
9.1502,-0.62251,9.70878,0.23224
9.1856,-0.62969,9.70878,0.79490
9.1892,-0.07901,9.60344,-0.09338
9.2086,-0.05028,9.87399,0.21309
9.2290,-0.63688,10.28820,0.85715
9.2469,-0.25140,9.72076,1.30727
9.2672,1.37431,9.62977,-0.62730
9.2896,1.64487,9.10064,-2.54511
9.3071,-0.24182,8.84445,2.89468
9.3267,1.32643,10.70959,0.01197
9.3490,1.59698,9.61780,1.66163
9.3668,-0.45491,10.18764,1.26657
9.3881,-0.78293,9.62738,-0.39745
9.4106,0.13408,10.58748,-0.72307
9.4284,-0.07422,9.32331,1.24023
9.4619,0.32083,9.46217,-0.02873
9.4719,0.38069,9.94821,0.33280
9.4875,-0.37111,10.13257,-0.01676
9.5076,-0.46688,10.70480,-0.53632
9.5318,-0.57702,10.08708,0.54829
9.5474,-0.21309,10.43186,-0.21070
9.5683,0.20591,9.75667,-0.62730
9.5951,0.24422,9.19162,-0.47407
9.6069,0.09817,10.07511,-0.35196
9.6272,0.08141,9.42147,1.28812
9.6483,0.42858,9.76625,-0.96250
9.6663,0.50759,8.91149,-0.45970
9.6861,0.28013,8.83487,1.34319
9.7085,-0.05028,8.88994,0.27534
9.7256,0.38787,10.71677,-0.05507
9.7466,0.26816,9.91230,0.70152
9.7684,-0.43576,10.47495,0.71349
9.7861,0.30886,9.85005,0.29928
9.8063,-0.18436,9.71597,0.94574
9.8296,-0.36154,9.84526,1.27615
9.8473,-0.11014,9.53161,1.31206
9.8763,-0.02634,9.21796,0.69434
9.8899,-0.10056,9.90272,0.40463
9.9073,-0.44534,9.53879,0.93137
9.9273,-0.48604,9.66808,0.67279
9.9511,-0.22746,9.84526,0.44773
9.9708,0.12690,9.83329,0.12690
10.0060,0.55547,10.14933,-0.27774
10.0231,0.69673,9.90990,-0.24661
10.0282,0.16281,9.95539,0.54589
10.0481,-0.24182,9.91230,1.10137
10.0713,0.04070,9.68484,0.54350
10.0872,0.41660,9.17486,0.88828
10.1089,0.39506,9.52682,0.24422
10.1300,0.84039,9.53879,0.05986
10.1531,0.75659,9.05275,0.84757
10.1676,0.24661,9.71836,1.78373
10.1895,0.09098,10.17327,1.22826
10.2088,-0.39027,9.73991,1.42459
10.2276,-0.24661,9.99849,0.98644
10.2497,-0.36154,9.37359,0.72786
10.2763,-0.13408,10.06793,0.05028
10.2898,-0.07422,9.61062,-0.00239
10.3097,-0.01676,9.93385,-0.34717
10.3275,0.08619,9.93863,-0.33759
10.3477,-0.14845,9.76864,0.14366
10.3696,-0.15563,10.00567,-0.13887
10.3874,-0.04310,9.53161,0.31604
10.4075,0.20112,9.76864,0.34238
10.4364,-0.00718,9.57710,0.00000
10.4480,-0.22027,9.61541,0.54111
10.4696,-0.44773,9.46696,0.90743
10.4919,-0.10056,9.56752,0.85715
10.5112,0.05986,9.91469,0.48125
10.5308,-0.06943,9.94342,0.29928
10.5705,0.09338,9.97694,-0.15084
10.5708,0.11014,10.01046,0.33041
10.5889,0.22985,9.90751,0.46449
10.6097,-0.05267,9.65132,0.96968
10.6272,-0.46449,9.94582,0.50519
10.6490,-0.05986,9.46936,0.70392
10.6732,-0.18915,9.35922,0.76138
10.6888,-0.32323,9.82131,0.33520
10.7264,-0.05746,9.74949,0.29689
10.7402,-0.43576,9.51485,0.95771
10.7489,0.00239,9.71836,0.28731
10.7698,0.24182,9.40711,0.40224
10.7900,-0.08619,9.69202,0.43815
10.8083,-0.06225,10.04159,0.47407
10.8280,-0.24182,9.73752,0.90743
10.8515,-0.22506,9.75188,1.25939
10.8675,-0.27774,10.19722,0.97447
10.8877,-0.30407,9.56513,1.29291
10.9099,-0.21070,9.60583,0.62730
10.9276,-0.28013,9.95779,0.64885
10.9479,-0.16042,9.75667,0.97208
10.9704,-0.27774,9.64653,1.07024
10.9902,-0.07662,10.00807,0.20591
11.0075,-0.05028,9.56992,0.43336
11.0299,-0.16520,9.47893,0.90025
11.0479,0.69195,9.57471,0.48364
11.0686,0.71349,9.25866,0.69434
11.0898,0.01197,9.42865,0.60336
11.1075,0.00000,10.09426,0.86673
11.1353,-0.04310,9.54119,1.15404
11.1517,-0.14366,9.56752,1.39586
11.1676,-0.01915,9.53879,1.12770
11.1874,-0.25858,9.60344,1.15643
11.2113,-0.25379,9.66808,1.51558
11.2275,-0.26337,10.02004,0.54829
11.2477,-0.22267,10.11102,0.16520
11.2698,-0.16760,9.99610,1.06545
11.2875,-0.13408,9.75667,0.29210
11.3072,0.25858,9.79977,0.48843
11.3297,0.11971,9.45020,1.11813
11.3487,-0.19394,9.83568,0.42618
11.3675,0.07183,9.64174,0.50040
11.3967,0.05986,9.67048,1.46290
11.4126,-0.33999,9.60104,0.93377
11.4290,0.05507,9.59386,0.53392
11.4498,-0.00239,9.79258,0.94095
11.4677,-0.47167,9.74230,0.87870
11.4874,0.16042,9.51964,1.07503
11.5097,-0.09817,9.44302,1.40544
11.5276,-0.14366,9.61301,0.53632
11.5510,0.11732,9.84526,0.92898
11.5699,-0.15563,9.49330,0.96250
11.5878,-0.18196,9.83568,0.75659
11.6084,0.12211,9.73512,0.59617
11.6295,-0.18675,9.58668,0.88349
11.6474,0.20591,9.77822,0.68955
11.6676,-0.00958,9.78540,0.50998
11.6896,-0.25858,9.80216,1.05109
11.7072,0.10774,9.63696,0.70871
11.7272,-0.20112,9.81653,0.45252
11.7498,-0.11493,9.62020,0.70152
11.7674,0.14126,9.58907,0.60575
11.7870,0.17478,9.64174,0.21548
11.8089,0.38069,10.07271,-0.04789
11.8268,0.10056,9.59386,0.22267
11.8473,0.00479,9.75906,0.28252
11.8702,0.04789,9.67526,0.77575
11.8872,-0.06465,9.62738,0.53392
11.9069,-0.21788,9.69681,0.85236
11.9289,-0.56265,9.80934,1.73106
11.9470,-0.61772,9.81892,0.89785
11.9679,-0.52435,10.43664,0.82602
11.9893,0.16999,9.78061,-0.85715
12.0075,-0.07183,9.96258,0.09098
12.0267,0.03591,10.02962,-0.34717
12.0495,0.38787,9.61780,-0.79250
12.0664,0.05267,9.58668,-0.33520
12.0865,0.31365,10.19482,-0.40224
12.1092,0.15802,9.56752,-0.30647
12.1267,0.17239,9.73033,-0.16520
12.1465,0.22027,9.63696,0.06465
12.1693,0.15563,9.48372,0.27774
12.1863,0.09577,9.67287,0.58181
12.2063,0.00239,9.70160,0.38308
12.2288,0.19154,9.86441,0.15323
12.2506,0.02155,9.81653,0.21070
12.2664,0.01197,9.87399,-0.27295
12.2888,0.33041,9.90033,-0.28971
12.3066,0.11014,9.87878,-0.27534
12.3267,0.37351,9.78301,-0.05267
12.3491,0.45970,9.22754,0.65124
12.3668,0.38069,10.04398,-0.00239
12.3864,0.17478,9.51964,0.42139
12.4093,0.03352,9.60583,0.95532
12.4269,0.41900,10.19961,0.66800
12.4469,-0.08141,9.96497,0.27534
12.4693,0.25619,9.80934,-0.33280
12.4870,0.14845,9.33767,-0.08380
12.5070,0.29450,9.84286,-0.11732
12.5336,-0.08380,9.03839,0.77814
12.5470,-0.42379,9.67048,0.99841
12.5686,-0.89306,9.73273,1.85077
12.5891,-0.96489,9.47893,1.45093
12.6071,-1.01038,10.20679,0.08859
12.6272,-1.19953,10.29778,0.08619
12.6495,-1.08940,9.63935,-0.22267
12.6688,-0.37590,9.89314,-0.54350
12.6895,0.02394,10.27383,-1.64726
12.7092,-0.17718,9.67766,-0.87391
12.7268,-0.11493,10.55396,-1.18995
12.7464,0.24182,9.87399,0.22746
12.7684,0.87870,9.83568,0.19633
12.7862,0.61293,10.30735,0.49322
12.8071,0.58660,9.87878,0.56744
12.8291,0.56505,9.19880,1.02236
12.8466,0.56505,9.58668,1.04869
12.8669,1.17798,9.30176,0.26576
12.8892,0.65364,9.32809,-0.09577
12.9063,0.01197,10.16370,0.26816
12.9266,-0.27055,8.94501,0.79729
12.9534,-1.04390,9.75188,0.48604
12.9671,-0.74462,9.90751,-0.56265
12.9867,-0.50280,9.88357,-0.62969
13.0092,-0.59857,9.86681,-0.56026
13.0279,-0.30407,9.63696,-0.16760
13.0469,-0.28252,9.64653,0.24900
13.0693,-0.47167,9.45499,0.54829
13.0896,-0.66800,9.95779,0.87870
13.1068,-0.20830,9.94342,0.47167
13.1293,0.50280,10.24510,0.08141
13.1466,-0.04789,9.99849,2.01119
13.1665,-0.03591,10.23792,1.44375
13.1892,0.35196,9.90033,1.50360
13.2069,0.04549,9.86681,1.12291
13.2278,0.09338,9.68963,0.17957
13.2492,0.32083,9.87878,0.21070
13.2669,0.65124,9.40232,-0.38069
13.2870,0.41421,9.37119,-0.64406
13.3092,0.37590,9.49091,-0.39984
13.3269,0.36632,9.74949,-0.89785
13.3470,0.14845,9.58428,-0.57941
13.3693,0.14605,9.74949,-0.12211
13.3870,-0.09098,9.77582,0.12211
13.4069,-0.16281,9.64174,0.44294
13.4296,-0.16520,9.94103,0.43097
13.4483,-0.18436,10.05117,-0.24422
13.4684,-0.08141,10.02243,-0.21548
13.4974,-0.17957,10.24510,0.09817
13.5085,-0.24661,9.76864,0.30407
13.5267,-0.17957,9.78061,-0.07422
13.5493,-0.14605,9.99370,-0.33280
13.5668,-0.15323,9.67526,-0.48364
13.5870,-0.19154,9.79498,-0.59617
13.6094,-0.25858,9.64174,-0.38548
13.6272,-0.02873,9.71357,-0.55068
13.6513,-0.08380,9.77822,-0.70152
13.6692,0.01915,9.68963,-0.46688
13.6868,0.12450,9.85723,-1.21629
13.7070,0.39506,9.59146,-0.80687
13.7293,0.00718,9.58907,-0.74223
13.7486,0.12211,9.80934,-0.97926
13.7691,0.03831,9.88117,-0.71110
13.7899,-0.14126,9.96018,-0.28492
13.8069,-0.06465,9.81892,-1.06066
13.8269,-0.13408,9.98413,-1.12770
13.8504,-0.21309,9.92427,-0.45252
13.8669,0.07662,9.80934,-1.39826
13.8872,0.37111,9.77104,-0.89546
13.9092,0.11732,9.60583,-0.51716
13.9267,0.02155,9.65372,-0.83800
13.9474,0.11014,9.48372,-1.61135
13.9690,0.03831,9.77104,-1.09179
13.9868,0.37351,9.47415,-0.07183
14.0069,0.44773,9.99370,-0.53392
14.0315,0.08619,9.87160,-0.29928
14.0472,-0.14366,10.59227,-0.50280
14.0677,0.16520,10.00807,-0.51237
14.0888,0.62491,10.48692,-1.91303
14.1067,0.47407,9.99849,-0.20112
14.1267,-0.10056,10.08469,-1.36713
14.1491,0.06465,9.80934,-1.33601
14.1675,-0.16520,9.10064,-1.33840
14.1868,0.02873,9.00008,-0.84518
14.2093,0.23464,9.69202,-1.29530
14.2268,0.10295,8.97853,-1.10137
14.2469,-0.04549,9.89075,-2.22189
14.2692,0.04789,9.79498,-1.97049
14.2866,0.11014,10.05356,-1.18277
14.3081,0.17239,10.09666,-0.17239
14.3360,0.61533,10.28102,-0.92658
14.3530,0.43815,9.84047,-0.56026
14.3671,0.16042,10.30256,-0.40463
14.3890,0.12690,9.99610,-0.51237
14.4068,-0.21070,9.73512,0.50040
14.4278,0.41660,9.47654,0.73744
14.4507,0.82842,10.09905,-0.74462
14.4668,0.37111,9.66569,-0.81884
14.4868,0.78293,9.84526,-1.42699
14.5096,0.61054,9.47654,-0.08141
14.5268,-0.29689,9.33767,1.39347
14.5468,-0.02394,9.92906,0.42139
14.5692,-0.60096,9.85005,0.25619
14.5881,-1.27375,10.70959,-0.32323
14.6136,-0.68955,10.13736,0.29689
14.6293,-0.59857,9.66569,-0.18196
14.6468,0.40463,9.95061,-2.49723
14.6667,0.61533,9.46217,-1.99443
14.6890,0.43815,10.04398,-2.24104
14.7067,0.75659,9.08388,0.28731
14.7269,0.37590,8.90191,0.17718
14.7491,0.05507,9.70878,-0.66561
14.7673,-0.16281,9.27542,1.03912
14.7867,-0.07422,9.81413,0.96968
14.8091,0.22506,9.60822,0.94095
14.8266,-0.01197,10.01286,-0.11014
14.8468,0.06704,9.90990,-0.37590
14.8696,0.11971,9.93863,0.06465
14.8916,0.28252,9.82610,0.20591
14.9110,0.25140,9.76625,-0.21070
14.9298,0.19154,9.93145,-0.13647
14.9473,0.12450,9.71597,-0.34717
14.9674,0.01915,9.86441,-0.41182
14.9909,0.23703,9.81174,-0.38308
15.0085,-0.08859,10.13018,-0.51237
15.0291,-0.21309,9.64174,-0.68476
15.0588,-0.23943,10.21877,-0.63927
15.0680,0.13887,9.92427,-0.33520
15.0875,-0.15563,9.56513,-0.71349
15.1096,-0.34238,9.65132,-0.16520
15.1277,0.03591,9.55076,-0.40463
15.1477,0.03352,9.52921,-0.04310
15.1723,0.04070,9.86202,0.25379
15.1986,0.19872,9.69442,-0.13408
15.2136,0.41660,10.73114,0.41900
15.2308,-0.19633,10.42707,-0.31365
15.2469,0.34717,10.32172,0.32083
15.2672,0.68237,9.35204,-0.22027
15.2907,0.31844,9.62020,-1.84599
15.3071,-0.05746,9.38795,-2.31526
15.3273,-0.49083,9.70160,-1.66642
15.3496,-0.67279,8.88994,-1.47727
15.3670,0.12929,9.45978,-1.21869
15.3882,-0.08141,9.75188,-0.99123
15.4111,-0.29689,10.17567,-0.59139
15.4290,-0.73744,10.23313,0.96729
15.4491,-0.92180,10.05835,0.04070
15.4799,-0.15802,10.28341,0.05028
15.4877,-0.27055,10.11342,0.13169
15.5073,-0.07183,9.91948,-0.19872
15.5312,0.01676,9.97215,-0.06943
15.5489,-0.03352,9.81653,-0.53632
15.5702,-0.17239,9.13176,-0.82602
15.6118,0.05986,9.22035,-0.87870
15.6120,0.21070,9.48133,-1.50121
15.6272,0.44534,9.84047,-1.43656
15.6498,0.28731,9.62738,-0.90982
15.6670,-0.09338,9.51724,-0.03113
15.6871,-0.21070,9.43823,0.57223
15.7095,-0.28013,10.03680,0.37590
15.7507,-0.36393,10.14933,0.02634
15.7510,-0.29450,10.23074,-0.04310
15.7700,-0.52435,9.99131,-0.04310
15.7870,-0.45731,9.84526,-0.67758
15.8071,-0.67997,9.83568,-0.96489
15.8294,-1.06306,9.83568,-1.84359
15.8470,-0.58420,9.78540,-2.49244
15.8670,-0.56026,9.59386,-3.13411
15.8893,-0.68476,9.69202,-2.60737
15.9070,-0.52674,9.80216,-2.45174
15.9295,-0.29450,9.41429,-2.10217
15.9502,-0.39745,9.76385,-2.04711
15.9679,-0.72307,9.74230,-1.71670
15.9879,-1.09179,10.40552,-1.55388
16.0119,-0.78293,10.07511,-2.18597
16.0381,-0.64645,9.84765,0.00718
16.0485,-0.69434,9.90272,-0.75180
16.0705,-0.39506,9.83568,-0.80448
16.0876,-0.49322,9.46936,1.01757
16.1081,-1.12770,9.73991,0.87152
16.1326,-0.59617,9.83808,0.51956
16.1492,-0.68716,9.98652,0.34478
16.1850,-0.95292,9.62738,0.34238
16.1905,-0.70392,9.72554,0.68716
16.2079,-1.21869,10.12778,-0.99123
16.2279,-0.72786,10.20440,-2.03513
16.2498,-1.07264,10.34806,-1.41502
16.2675,-0.28492,10.09666,-2.82524
16.2875,0.21788,9.47175,-2.58821
16.3165,-0.30647,9.65611,-2.40864
16.3276,0.17718,8.94262,-2.83961
16.3479,0.08380,9.90751,-2.88750
16.3699,-0.40463,9.69681,-2.53793
16.3881,-0.06943,9.45020,-2.25062
16.4080,0.66321,9.42626,-1.92260
16.4334,0.98644,9.91469,-3.36874
16.4507,0.48125,9.39035,-0.00958
16.4700,-0.29450,9.64174,0.83081
16.4911,-0.25379,10.97296,-0.30407
16.5082,-1.04869,10.08947,2.80130
16.5284,-0.90025,10.24510,1.29770
16.5507,0.03591,9.69202,0.09338
16.5684,-0.40703,9.51006,0.80687
16.5951,-0.20351,9.35443,1.57783
16.6105,-0.32562,9.87160,-0.02394
16.6291,-0.45491,9.23711,1.48684
16.6480,-0.57223,9.24190,1.43896
16.6701,-0.33999,9.50048,1.77176
16.6878,-0.86912,9.61301,2.36315
16.7120,-1.11813,9.71597,2.34400
16.7420,-1.08940,10.30496,1.76219
16.7474,-1.13967,9.97934,2.14527
16.7679,-1.40065,10.12778,1.51079
16.7900,-1.21629,10.11102,1.52755
16.8079,-0.87630,9.62977,0.78293
16.8279,-1.03193,9.53161,1.33840
16.8516,-0.81884,9.63696,1.73585
16.8844,-1.22826,9.67766,0.24422
16.8877,-1.20432,9.91469,0.50998
16.9115,-1.24742,9.84526,1.48684
16.9280,-1.32403,10.02243,0.58420
16.9480,-1.08940,9.43344,0.06943
16.9723,-1.38629,9.54119,0.83800
17.0027,-0.98884,9.11979,0.39027
17.0206,-0.90264,9.23472,0.32323
17.0304,-1.38389,9.44063,1.31925
17.0477,-0.93616,9.51006,-0.10056
17.0680,-1.13728,9.69921,-0.03831
17.0902,-1.41023,9.97934,1.38389
17.1081,-1.43417,10.19243,0.48604
17.1279,-1.45093,10.36482,0.35196
17.1566,-1.60656,10.07032,1.97528
17.1691,-1.44614,9.96976,1.29291
17.1874,-1.35755,10.00807,0.76377
17.2122,-1.47008,9.67048,1.51079
17.2301,-1.43896,9.44541,1.20671
17.2494,-1.52276,9.08627,1.86993
17.2824,-1.26418,9.55316,1.36474
17.2966,-1.52515,9.75428,1.27136
17.3073,-1.84599,10.02962,1.29291
17.3296,-1.75021,10.11102,0.52435
17.3473,-1.61614,10.76466,1.10855
17.3672,-1.44375,10.27144,1.10855
17.3898,-1.01517,10.31454,-0.85476
17.4074,-0.90025,10.10623,0.16520
17.4301,-1.72388,9.89075,-0.09577
17.4493,-1.00560,9.64893,-1.66402
17.4672,-1.16122,10.02004,-1.33361
17.4874,-0.58420,9.55316,-2.17640
17.5095,-0.03591,9.49330,-2.44934
17.5272,0.27295,9.13416,-2.74623
17.5471,-0.12690,9.61062,-2.17400
17.5713,-0.68476,9.50048,-0.37830
17.5871,0.21788,8.75347,-1.75261
17.6076,-0.43097,9.21317,-1.70472
17.6296,-1.07264,9.24190,-0.40942
17.6473,-1.14207,9.46457,-0.55068
17.6692,-1.19474,9.79019,-0.80208
17.6931,-0.56265,9.87638,-1.17319
17.7107,-0.80448,9.43584,-0.87870
17.7355,-0.14366,9.65372,-2.55469
17.7499,0.12450,9.39753,-2.94975
17.7678,0.34956,9.60344,-2.94017
17.7878,0.56505,9.39753,-2.18358
17.8103,0.35435,9.56513,-0.72068
17.8280,-0.17718,9.24669,-0.20591
17.8581,-1.33361,9.41429,0.29210
17.8704,-1.81247,10.05835,0.50998
17.8889,-1.88190,9.41668,1.14207
17.9075,-1.54670,9.48372,-0.21309
17.9301,-0.95532,9.53640,-1.30727
17.9491,-1.16362,9.94342,-2.02795
17.9692,-1.08700,9.79019,-1.85556
18.0017,-0.78532,10.04638,-0.47407
18.0073,-0.43815,10.02722,-0.50759
18.0294,-0.66082,10.11581,-0.06704
18.0502,-0.53871,10.38636,-0.63209
18.0676,-0.89067,9.83089,-1.06306
18.0893,-0.93377,9.77822,-1.73585
18.1099,-0.19633,9.64174,-1.16601
18.1277,-0.88588,9.69921,-0.80687
18.1486,-1.11094,10.03201,0.25140
18.1696,-1.47966,9.87399,-0.75659
18.1875,-1.43178,9.84047,-1.05827
18.2073,-1.90345,9.87878,-1.21150
18.2314,-1.30249,10.46298,0.29689
18.2502,-0.84997,9.80695,0.22267
18.2861,-1.50360,10.52284,-0.73504
18.2901,-1.12291,10.51087,-2.02316
18.3074,-0.73025,8.72713,-1.69036
18.3275,-0.91222,9.76625,-0.87870
18.3499,-0.43336,10.38158,0.35435
18.3681,0.91701,9.39992,0.59617
18.3889,0.05267,9.20599,-0.33759
18.4205,0.24182,9.42387,-1.25221
18.4279,-0.43815,11.24591,-0.45491
18.4476,0.54350,9.84526,-0.22746
18.4696,0.17957,9.74709,-1.64487
18.4876,0.20112,10.16130,-0.83321
18.5076,-0.59139,9.41189,-1.85317
18.5297,-0.32323,9.48612,-1.91781
18.5572,0.06465,8.77262,-1.43656
18.5695,-0.18915,8.45418,-1.09658
18.5897,-0.87152,9.04796,-2.29611
18.6072,-0.59617,10.73832,-1.38150
18.6284,0.02873,10.15172,-1.66642
18.6507,0.28971,10.79578,-1.13249
18.6700,-1.81965,10.26665,-1.19235
18.6883,-1.11573,9.96976,-0.65124
18.7108,-0.53392,11.12380,-0.87391
18.7282,-1.25221,10.64973,3.16523
18.7495,-3.04552,11.68885,-0.47646
18.7704,-2.46371,10.58270,0.75420
18.7894,-2.16682,10.43904,-3.20593
18.8098,0.81645,8.82769,-1.07264
18.8518,0.29210,9.83808,-2.72708
18.8521,0.60096,8.99290,-1.76697
18.8706,-0.52195,9.27781,-2.06147
18.8926,0.31365,8.92107,-2.95454
18.9096,-1.54431,9.54358,-0.98884
18.9296,-1.65205,9.40232,-0.22506
18.9519,-0.36872,10.92986,0.09338
18.9755,-0.33041,8.11899,-2.04471
18.9893,-0.20591,8.50446,-1.86514
19.0117,-0.46449,7.86759,-1.28573
19.0294,0.06704,8.89952,-0.50998
19.0495,0.21070,8.52601,-0.29210
19.0736,0.58660,7.54675,-1.05588
19.0925,-0.67040,9.31612,-0.28252
19.1111,-0.80448,8.86361,0.56026
19.1318,-1.13010,9.68724,1.88908
19.1494,-1.93218,10.49889,-1.17559
19.1692,-0.84278,9.40950,0.83321
19.1916,-1.54431,10.99930,0.19872
19.2092,-2.34160,10.68804,-0.99362
19.2326,-1.11334,11.32492,-2.08062
19.2627,-1.97049,10.25229,-4.42941
19.2697,-1.62811,10.40073,-3.15326
19.2898,-1.38629,10.12299,-2.06626
19.3124,-0.57223,7.14452,-0.07183
19.3302,-1.12770,9.05515,-2.06626
19.3520,-1.30967,10.24989,-2.08541
19.3753,-3.25143,10.05356,-2.43737
19.3945,-1.57543,10.61143,-1.26178
19.4107,-0.96010,9.49809,-0.40463
19.4405,-0.50759,7.96575,0.46688
19.4500,-1.59459,10.36721,1.33361
19.4715,-2.34878,10.93705,1.35277
19.4928,-3.05509,11.72955,-0.73983
19.5098,-1.35755,10.33369,2.22189
19.5393,-0.49322,9.22993,0.39745
19.5525,0.14126,8.99290,-0.63448
19.5699,-0.15563,8.40630,-0.61533
19.5896,-1.18517,10.15891,-0.15563
19.6117,-1.37192,9.34485,1.03672
19.6292,-0.22746,9.71357,-0.39266
19.6491,0.54829,9.02163,-0.73983
19.6723,-0.74462,9.65611,3.39029
19.6905,0.10295,9.19880,0.78293
19.7104,0.03352,9.25627,1.45332
19.7314,-0.90025,8.67446,2.12372
19.7493,-1.05588,8.47813,3.02397
19.7692,0.11732,7.63534,3.01679
19.7933,0.60815,8.18842,0.76138
19.8093,-0.04310,9.33767,0.56984
19.8301,-0.63927,11.19563,0.00000
19.8513,-3.33283,10.95141,-0.14366
19.8712,-1.47248,9.68724,-0.46210
19.8912,-0.24661,10.57551,0.64406
19.9162,-1.68078,11.51407,-1.74543
19.9430,-0.67519,9.66808,-1.64247
19.9589,-0.82842,12.21080,-0.46210
19.9741,-3.09819,10.17327,-3.05988
19.9900,-1.99683,9.40232,-1.14925
20.0095,-1.12770,9.91469,-0.92898
20.0317,-1.65205,8.32250,-2.18358
20.0495,-1.57064,10.05117,-1.26897
20.0696,-3.22269,8.30574,1.06066
20.1055,-2.40146,10.02962,-1.89866
20.1138,-0.76377,9.76625,-1.30249
20.1301,-1.35995,8.53798,-2.01359
20.1525,-0.31126,8.58348,-0.74941
20.1708,0.87870,7.79336,-0.65843
20.1902,-1.43178,10.77184,-1.75740
20.2141,-1.57783,10.81733,2.83003
20.2315,-2.12372,10.18764,-0.17478
20.2512,-0.64885,9.54119,0.67758
20.2722,-0.29689,10.38876,-1.50600
20.2898,-0.29689,8.57869,0.56265
20.3100,0.48604,11.87321,-2.37033
20.3336,-0.35435,9.30176,0.84278
20.3514,-0.14366,10.60424,-2.82764
20.3829,0.18915,8.94740,0.24182
20.3930,0.39745,10.50847,-1.58740
20.4097,0.27295,9.22035,0.36154
20.4297,-0.22267,10.24271,-1.40544
20.4537,0.22746,10.15172,-2.16203
20.4737,0.77575,8.49010,-0.26337
20.5085,0.45252,10.74790,-2.50920
20.5222,1.22347,7.09663,-0.95053
20.5295,1.45572,8.77502,-1.66642
20.5498,0.05986,9.43344,1.81247
20.5723,-1.43417,9.67048,0.16760
20.5902,-1.33840,8.51165,-0.18196
20.6101,1.24742,9.62020,1.71430
20.6335,-0.42139,8.92825,-0.35675
20.6674,0.11732,10.24031,-2.59300
20.6720,0.14366,8.29856,1.00799
20.6940,-1.30967,10.46059,0.11732
20.7118,-1.36234,9.50048,0.23464
20.7303,-1.37431,10.00567,1.90584
20.7549,-2.14766,9.72794,0.41421
20.7713,-2.38949,9.25627,2.18118
20.7989,-1.51558,11.33929,-0.65843
20.8122,-2.65046,10.28580,1.30488
20.8294,-1.17080,9.17486,-0.92180
20.8493,-0.44294,8.58108,0.80926
20.8722,0.18675,9.45978,-2.34639
20.8896,-1.38868,9.58428,0.03591
20.9175,-1.20432,10.14215,-2.29372
20.9398,-0.46449,9.99610,-1.35516
20.9496,-1.57304,10.66649,-1.37671
20.9719,0.63927,9.76146,-1.31446
20.9925,0.51956,9.06712,-1.50360
21.0115,-0.08380,7.87238,0.07422
21.0315,-1.19474,7.85801,0.12690
21.0549,0.61054,11.63378,-3.15087
21.0736,0.58660,7.36718,1.96570
21.0903,-0.61293,11.23154,-1.53473
21.1122,1.03912,8.38954,0.89546
21.1297,0.13408,9.20359,-1.13728
21.1499,-1.21629,7.81012,1.52515
21.1723,-0.98405,11.79659,1.95852
21.1900,-1.49403,10.31214,0.90504
21.2148,-1.57783,10.71199,-0.65124
21.2330,-0.50040,10.57072,1.30727
21.2495,-1.55388,10.54918,1.41023
21.2707,-2.18358,10.24031,2.80848
21.2931,-0.80208,10.86522,2.66483
21.3107,-0.52913,9.22993,2.62652
21.3321,-0.80448,10.23792,1.35995
21.3605,-0.78532,10.90113,1.98485
21.3705,-1.88908,10.56115,1.81247
21.3895,-1.70712,10.95620,3.31128
21.4118,-0.69195,10.70241,0.29450
21.4298,-0.43336,9.91948,2.60018
21.4513,-0.01437,9.92427,0.61293
21.4753,-0.12929,9.31373,0.80208
21.4942,-0.76856,10.24031,0.32802
21.5124,-0.08619,9.58668,-0.64885
21.5330,0.87152,10.57072,-3.48367
21.5494,0.63688,8.77502,-0.99123
21.5734,0.97208,8.15729,-1.92021
21.5957,0.23464,8.82530,-0.76138
21.6311,-0.39266,10.50847,-2.42779
21.6444,-0.73025,10.23553,-1.68557
21.6536,-0.85236,10.50847,-2.32005
21.6695,0.17718,8.29377,0.06225
21.6903,-0.42618,9.03120,-1.25939
21.7132,-1.34079,9.75188,1.08700
21.7314,-0.63688,9.87638,-1.18995
21.7531,-0.44534,9.34007,0.19633
21.7854,-0.99123,10.87001,0.03352
21.7928,0.06704,9.92427,-0.25140
21.8102,0.02634,10.18285,-0.40942
21.8330,0.41660,9.39035,2.23625
21.8505,-0.27774,9.55076,1.17559
21.8719,-0.91222,9.59386,1.56346
21.8937,-0.54589,10.87719,0.97926
21.9147,-0.43815,9.47893,0.99841
21.9305,-0.65843,10.26665,0.59617
21.9529,0.06704,9.71836,1.34079
21.9703,0.43576,9.62259,0.20112
21.9905,-0.15084,9.37837,0.12211
22.0129,-0.46688,10.67607,0.90504
22.0305,0.34717,10.51087,0.62730
22.0575,0.11014,9.72315,2.02795
22.0724,-0.58899,10.28580,1.58262
22.0903,-1.27854,10.31932,2.26259
22.1105,-2.06865,11.27225,2.78933
22.1329,-1.73345,11.12859,0.66321
22.1518,-1.04151,9.53879,2.15006
22.1739,-0.61772,9.45020,2.36794
22.1951,0.59617,9.37598,-0.82363
22.2132,-0.16760,8.63615,0.78532
22.2313,-0.09098,9.55795,-0.00239
22.2550,0.23224,9.59865,-1.61374
22.2734,-0.13408,9.85723,-0.38548
22.2909,0.41182,10.42946,0.12690
22.3202,1.85556,9.13895,-1.12052
22.3376,0.68716,9.03360,0.56984
22.3509,0.46449,9.11740,0.53153
22.3732,2.28174,9.64414,-2.06865
22.3912,2.36075,9.25387,-1.84838
22.4125,1.48684,9.27542,-1.93936
22.4354,2.15485,8.88037,-0.93377
22.4722,2.10936,8.82530,-1.26657
22.4861,1.11094,9.69921,-0.93856
22.4936,0.62491,10.85564,-0.27295
22.5114,0.30168,10.94902,0.33280
22.5342,0.40224,10.73593,-0.45491
22.5559,0.48364,8.84924,-0.04789
22.5717,-0.64167,9.98652,-1.06545
22.6056,-0.00239,9.73991,-0.56744
22.6220,0.27534,9.18923,1.37431
22.6320,-1.29530,10.20440,0.66082
22.6515,-1.67839,10.39594,0.68716
22.6735,-1.98007,10.51326,2.48047
22.6914,-1.86753,9.94103,2.03274
22.7115,-0.12929,9.89554,0.10774
22.7357,-0.72068,9.93145,2.53075
22.7678,-1.21869,11.03282,1.52036
22.7714,0.00479,9.87160,2.28653
22.7936,-0.33041,9.25148,1.54910
22.8114,-0.57702,9.81413,1.56586
22.8313,0.70631,8.95698,2.89468
22.8551,0.68716,9.51006,-0.57702
22.8748,1.39107,9.07191,0.92180
22.9064,0.33520,9.73991,1.93936
22.9137,-0.00718,10.47495,0.77575
22.9312,-0.10535,11.09028,0.64885
22.9514,-0.45012,9.62738,1.67360
22.9735,0.07901,9.35922,-0.44534
22.9912,1.15165,8.37996,-0.28731
23.0112,0.54111,9.52203,-2.66483
23.0419,0.62969,10.38397,-1.88429
23.0514,0.69913,9.86441,-1.69275
23.0711,-0.16999,9.65132,-1.45811
23.0934,0.26576,9.29457,-1.01996
23.1112,0.44773,9.36161,-1.50121
23.1312,0.31126,9.87160,-1.76937
23.1580,0.03352,9.20120,0.31844
23.1783,-0.64885,9.95061,-1.58501
23.1925,-0.22027,9.63935,-0.00718
23.2136,0.32802,9.76625,1.70712
23.2310,-0.03352,10.38397,0.56265
23.2517,-0.46928,9.91230,0.85476
23.2739,-0.55547,9.34246,2.66962
23.2918,-0.23703,9.84286,2.27217
23.3172,-0.01915,9.46217,2.13090
23.3383,-0.30168,10.38397,1.76458
23.3510,0.10774,9.48612,1.95612
23.3714,0.00000,9.29936,1.39826
23.3934,-0.49083,10.56594,1.11334
23.4112,-0.72786,10.65452,1.99443
23.4316,-0.29450,11.11662,2.80609
23.4557,0.46688,10.14694,0.37830
23.4716,0.33520,10.25229,1.36234
23.4916,0.70392,9.24669,0.89785
23.5144,1.29051,9.21078,-1.02475
23.5325,0.26576,9.60822,0.86433
23.5525,-0.08619,9.96976,1.02714
23.5765,0.34478,10.02722,-0.90264
23.5947,0.10774,10.27623,1.59938
23.6117,0.11014,11.02564,-0.90504
23.6334,0.04070,9.90990,-2.19555
23.6511,0.54350,10.02483,-1.11094
23.6708,0.69434,9.12937,-1.04390
23.6946,0.45970,8.55953,-2.24822
23.7126,0.14366,9.56752,-1.30727
23.7410,0.24661,9.47654,-1.24742
23.7536,0.02873,9.48133,-2.15245
23.7710,0.16999,10.19003,-2.06386
23.7910,0.18675,10.18524,-2.05908
23.8134,0.77096,10.17088,-2.56427
23.8310,0.68716,9.85005,-1.69754
23.8520,0.52435,10.36482,-2.36554
23.8737,0.18675,9.89075,-1.86275
23.8908,0.11014,9.75428,-1.80528
23.9108,0.59857,10.01046,-1.62811
23.9342,-0.12211,10.02483,-2.32005
23.9524,-0.22746,10.30735,-2.16442
23.9728,0.18675,10.13257,-2.05189
23.9950,-0.42379,9.18683,-1.34319
24.0151,-0.04070,10.25707,-2.29850
24.0319,0.04549,9.77104,-1.22826
24.0544,-0.26337,9.85005,-1.34319
24.0719,-0.43097,9.92906,-0.51956
24.0930,-0.33280,10.20440,-1.43896
24.1148,0.50998,9.23232,-1.36234
24.1342,0.89306,9.87878,-0.54589
24.1630,0.75659,9.68484,-1.04390
24.1779,1.19953,9.13655,-1.62332
24.1920,1.36474,8.88994,-0.34956
24.2119,1.10376,9.48612,-0.17478
24.2357,0.56984,9.73273,-1.02954
24.2520,0.76856,9.86441,-0.69913
24.2820,0.71110,10.07271,0.45012
24.2989,0.49561,10.02004,-0.80208
24.3121,0.06943,9.71357,2.25301
24.3318,-0.07422,9.98891,2.70314
24.3542,-0.49561,10.18524,2.07584
24.3720,-1.56107,10.10863,2.43258
24.3937,-0.49083,10.35045,2.87074
24.4156,0.98884,9.37119,0.84518
24.4337,0.56026,9.19641,0.85954
24.4544,-0.67519,9.07430,1.78852
24.4744,-0.67519,9.14613,1.55388
24.4919,0.58420,9.32331,0.53871
24.5119,0.12690,8.85163,0.34956
24.5344,0.59139,8.83248,0.12450
24.5564,1.11094,8.76783,0.11493
24.5748,0.70871,8.20518,0.68237
24.5954,0.45491,9.05275,0.28971
24.6120,1.01517,9.59386,-0.51956
24.6316,0.81405,9.96497,-0.30168
24.6544,1.42699,10.02243,-1.29770
24.6722,1.10855,10.36003,0.02873
24.6925,0.21548,10.70001,0.86673
24.7228,0.25619,10.65213,0.49801
24.7323,0.50998,10.12060,1.40065
24.7517,0.60096,8.96177,0.91461
24.7738,0.72786,8.16687,1.87711
24.7929,0.35914,9.93145,-1.55867
24.8118,0.21070,8.81572,0.54111
24.8381,-0.00718,10.01765,-0.43097
24.8573,0.59378,9.36161,-0.23703
24.8719,0.66321,9.62498,-0.90743
24.8940,1.18277,9.31133,-0.79490
24.9120,0.48125,10.15412,0.48364
24.9314,-0.27295,10.08469,1.25699
24.9556,0.37590,9.91948,1.09658
24.9734,0.15563,9.27063,0.07901
25.0091,-0.15802,9.08148,1.12770
25.0151,0.34956,9.98652,0.23703
25.0334,-0.34956,11.09986,0.56026
25.0529,-1.58740,10.48932,0.83560
25.0775,-0.73983,9.10543,1.49403
25.0950,0.82602,9.23951,0.16042
25.1321,-0.09098,9.92188,1.02954
25.1530,-0.13647,11.11662,-2.15006
25.1532,-0.13169,11.24830,1.75500
25.1728,-1.59938,10.89395,1.16841
25.1954,-1.02236,9.96737,1.47487
25.2134,0.07422,10.26665,1.40783
25.2332,-0.62251,9.45978,1.67360
25.2585,0.39266,8.24349,1.85556
25.2859,0.52435,9.03120,-1.65684
25.2994,0.35196,8.84924,-0.44294
25.3149,-0.42858,9.16768,1.26418
25.3324,0.04549,9.54597,0.51956
25.3523,-0.19633,11.22915,0.21788
25.3763,-0.03113,8.77981,2.63370
25.3950,-0.12690,10.46059,-1.37192
25.4254,-1.61614,9.85005,2.79651
25.4350,-1.30967,11.15732,-1.15165
25.4538,-0.50759,10.17806,2.41103
25.4739,-1.25221,10.16130,1.97288
25.4955,-1.50839,9.22514,1.14925
25.5131,0.16999,11.23394,-1.02954
25.5339,-0.18915,11.03761,-0.28013
25.5668,-0.45252,11.22915,-0.34478
25.5738,0.42379,11.12619,-0.05986
25.5937,0.07901,9.72554,-0.48364
25.6148,0.68476,9.82131,-1.02954
25.6324,0.37590,9.16050,1.22108
25.6528,0.68237,8.15969,2.29611
25.6757,1.86993,7.82928,0.81166
25.7061,0.59857,8.40390,-0.06704
25.7124,0.99602,8.86600,-0.31126
25.7346,2.22907,9.45499,1.15883
25.7525,1.41023,11.14774,-0.18675
25.7727,0.79729,10.83649,0.51956
25.7949,0.53871,10.83409,-0.05746
25.8143,-0.01676,10.07032,0.76138
25.8478,0.36393,9.99610,0.74462
25.8550,0.32083,8.78459,-0.26098
25.8722,-0.82842,10.61382,-0.45731
25.8925,-1.43896,8.60023,1.54670
25.9152,0.52195,10.84128,-0.26098
25.9324,0.12211,9.51964,0.52674
25.9522,-1.09897,10.09666,-0.62969
25.9822,-0.37590,9.92427,-1.11573
25.9924,-0.57223,9.85962,0.08380
26.0138,-1.02236,8.74150,1.18756
26.0362,-0.48125,9.31373,-2.82285
26.0539,1.17559,9.30894,-1.50121
26.0752,0.44055,9.00966,-1.80049
26.0971,3.33044,9.44541,-2.58821
26.1145,1.83641,9.05036,1.81486
26.1320,-0.62969,11.22675,0.07662
26.1553,-0.20830,10.88916,0.78532
26.1724,-0.70871,10.95141,1.41502
26.1924,-0.11014,9.36401,1.02954
26.2150,1.32164,9.57231,-0.77096
26.2325,-0.49322,9.00008,1.06545
26.2570,-1.55388,9.27781,1.81247
26.2746,0.19872,9.11979,1.60177
26.2924,-0.03113,10.16130,-1.34558
26.3124,0.87630,10.31454,-0.81884
26.3364,0.98644,9.56752,0.73025
26.3539,1.33122,9.57710,0.27774
26.3741,0.25619,9.03120,-0.36872
26.4162,0.21070,10.54918,0.17957
26.4164,2.20273,9.66808,-0.16999
26.4333,1.12291,8.78220,1.70951
26.4552,-0.08380,9.78780,1.16122
26.4734,0.56984,8.67446,2.54990
26.4934,-0.12450,8.53080,2.63131
26.5238,-0.85715,9.44541,1.71909
26.5400,0.34238,8.61939,2.31766
26.5529,0.59378,10.82930,0.57702
26.5754,-0.66082,10.85085,0.83800
26.5932,-0.60575,9.76146,1.38868
26.6152,0.31604,11.63378,-1.48206
26.6395,0.10535,11.28422,0.35914
26.6763,-0.68716,11.25070,-0.24661
26.6764,-0.71589,11.11901,-0.31365
26.6953,0.33280,9.80695,-0.35914
26.7135,1.27615,9.13416,-1.33840
26.7334,0.00479,10.01046,-0.27055
26.7556,-0.16042,9.36880,0.36393
26.7734,0.17478,10.71677,1.58740
26.7933,-0.22746,10.24031,-0.21070
26.8221,-1.06545,10.82452,1.60177
26.8337,0.67758,8.82051,0.14845
26.8532,-0.19633,8.73910,0.12929
26.8758,-0.24900,7.62816,0.82124
26.8936,1.86035,8.38954,-0.96250
26.9138,0.99841,11.39914,-1.55867
26.9585,1.11094,9.82131,-1.01038
26.9588,1.30967,8.53320,1.68557
26.9752,0.84997,7.61140,2.20992
26.9956,0.71349,9.95061,-0.10535
27.0131,0.80448,9.20120,1.39826
27.0332,-0.45491,12.72557,-0.58899
27.0565,-1.12770,11.02803,-0.64645
27.0742,-0.73025,10.58509,-0.04549
27.0946,-0.66561,10.14215,-0.06943
27.1164,-0.63927,10.70480,0.95053
27.1342,-0.14126,11.09268,-0.85236
27.1543,-0.58660,11.53083,-0.80926
27.1789,-0.12450,8.91628,1.30727
27.1954,0.45731,10.61861,-2.01359
27.2162,-0.46449,10.53720,-0.37590
27.2424,-0.08380,9.61780,0.84518
27.2555,0.20351,9.46936,1.16362
27.2751,-0.28971,9.05036,0.72307
27.2978,-0.22027,9.91948,0.79250
27.3155,0.27774,7.70238,4.00083
27.3355,1.31685,9.62498,-2.29132
27.3584,1.55628,8.39193,-0.58899
27.3824,2.22428,9.86202,-0.61772
27.3963,1.20671,8.69840,1.08940
27.4171,1.61853,10.25229,-1.42459
27.4351,-0.12450,9.98652,3.00960
27.4551,-0.69195,11.00648,3.16523
27.4788,0.31365,8.65530,3.18678
27.4975,-2.30808,11.59547,1.99683
27.5257,-2.25780,10.37918,2.38949
27.5382,-1.32164,10.15172,1.69515
27.5547,-0.15563,9.24908,0.88828
27.5769,0.84039,9.03839,0.96489
27.5972,0.12450,10.81973,1.12531
27.6150,-0.20830,10.18046,-0.52674
27.6354,-0.15802,9.99610,-0.16042
27.6575,-0.67519,7.85801,2.13330
27.6766,1.16841,9.08627,-0.83321
27.6951,1.09179,7.45338,1.64008
27.7173,-0.06465,10.15412,-1.80768
27.7369,0.33999,9.57471,0.52674
27.7579,0.10056,10.19243,-1.28573
27.7795,0.32083,9.92906,-1.28573
27.7999,-0.22746,10.49889,-0.91701
27.8152,-1.58501,9.27542,1.32882
27.8376,-2.40146,10.86043,-0.77575
27.8541,-1.27136,10.98493,0.85715
27.8766,-0.82124,10.63776,0.84039
27.8977,-0.38069,10.68325,-0.61293
27.9153,1.14925,10.02483,0.32323
27.9441,1.43896,9.82131,0.33280
27.9595,0.96489,8.57390,0.06943
27.9770,-2.28414,11.59068,-0.29689
27.9984,-1.02954,10.87719,1.50600
28.0202,0.65843,7.66647,0.93137
28.0353,1.70472,7.37197,0.73265
28.0588,0.78293,7.33127,1.45332
28.0821,0.42139,9.11740,0.70152
28.0961,2.73187,8.98811,-1.00799
28.1149,2.73187,8.68643,1.39347
28.1374,1.20911,8.85163,1.36474
28.1575,1.02714,9.26105,2.41103
28.1769,-0.19633,10.79818,1.34319
28.2014,-2.79651,11.21718,1.55388
28.2178,-0.32323,10.72635,-1.37910
28.2370,0.77096,11.24351,-2.02556
28.2580,-1.59698,12.10785,-1.78852
28.2758,-3.80929,11.48055,1.46530
28.2972,-1.15165,10.89874,4.10858
28.3196,-1.87711,9.97934,3.21791
28.3380,-2.49723,9.76625,2.80848
28.3731,-1.34319,8.81572,1.15404
28.3790,1.09179,7.02001,2.76778
28.3970,1.22108,9.11500,-2.71990
28.4161,0.34956,7.87956,-1.19953
28.4384,0.61293,9.47175,-1.22826
28.4562,2.47329,5.63612,2.35597
28.4955,1.80528,8.22673,-1.63768
28.5102,0.34238,7.57070,2.97130
28.5206,1.02236,9.48612,0.37830
28.5358,0.06465,10.01525,2.05908
28.5587,-1.97049,10.98014,0.71589
28.5764,-1.16841,9.70878,0.62491
28.5962,0.07422,10.80057,0.32562
28.6187,-2.44934,9.47415,0.88109
28.6390,-0.78293,10.66889,-1.63290
28.6560,1.08461,9.50048,-1.34319
28.6782,-1.48684,11.59308,-1.00081
28.6957,-2.96411,12.18925,0.99362
28.7156,-1.40544,11.17647,1.30249
28.7393,-0.26576,9.71836,-0.31604
28.7582,-1.78613,9.69921,3.00003
28.7879,-1.96091,11.97616,1.55867
28.7982,-0.31126,11.00409,0.61772
28.8158,-0.45491,10.17567,0.84278
28.8358,0.31604,8.29856,0.40942
28.8595,0.63209,9.53879,0.99362
28.8758,0.16999,8.56432,1.09658
28.8958,0.30407,8.57150,-0.40224
28.9271,-0.52913,9.63696,1.83162
28.9360,0.96010,8.52362,-0.61533
28.9558,2.39188,9.19162,-2.45174
28.9800,0.49083,9.69442,-0.73983
28.9980,-1.29291,8.65291,0.38069
29.0193,0.98644,9.29936,-0.98405
29.0581,0.13887,7.74548,0.99602
29.0581,-0.77575,10.70480,-2.40864
29.0788,-0.47167,11.05437,0.39745
29.0981,0.37111,10.93226,-1.92500
29.1156,-1.23305,11.26746,-0.41421
29.1361,-1.59938,10.30735,2.98805
29.1588,-0.59857,11.51646,-0.12929
29.1778,0.29210,9.95061,-0.75180
29.2114,1.55149,10.83888,-3.04791
29.2184,1.87711,6.73031,-1.89148
29.2352,-0.79011,9.28260,-0.25140
29.2552,0.29928,8.77741,1.95852
29.2777,0.67997,9.05036,0.72786
29.2969,0.84518,9.35204,0.49322
29.3174,0.99362,9.60104,-1.01996
29.3492,0.02155,9.37598,-0.16999
29.3573,0.48604,9.78540,-0.33280
29.3786,1.08940,9.60104,-1.31446
29.3974,1.19953,10.34087,-3.52677
29.4165,0.51716,10.89874,-0.13647
29.4354,-0.47167,10.68325,2.31526
29.4590,0.49083,11.52604,-1.05827
29.4865,-0.56744,11.10704,1.57304
29.4957,-0.71349,10.72635,0.71589
29.5178,-1.40544,11.30816,1.64247
29.5357,-1.75979,11.36083,-0.73265
29.5557,0.14845,9.74949,-1.65684
29.5780,1.07742,7.56591,-0.81884
29.5975,0.15084,7.00565,-0.91940
29.6173,1.74303,6.57468,1.75021
29.6385,1.34798,8.34884,1.29051
29.6575,0.75659,8.89473,-0.19872
29.6773,0.62012,9.68724,0.15563
29.6981,0.82363,9.11979,-0.59139
29.7192,1.03672,8.25546,-0.71828
29.7629,0.04789,9.64653,0.21309
29.7630,-0.15323,9.44302,0.37351
29.7760,0.38548,9.62977,-0.60815
29.7954,-0.94574,10.85804,0.89306
29.8178,-2.07105,11.44942,1.00560
29.8354,-1.99204,11.67209,0.88588
29.8566,-0.48125,8.46137,-0.58420
29.8779,-0.37830,8.94262,-0.72068
29.9101,-1.00320,10.05595,0.25140
29.9163,-0.92180,9.81174,-0.68955
29.9381,-0.34956,10.02243,-0.75659
29.9555,1.04151,8.54996,-0.21548
29.9769,1.68557,7.33606,-1.08221
29.9978,2.02316,9.41908,-1.56825
30.0155,0.76138,10.31932,-0.10535
30.0480,-0.54589,10.56354,1.56107
30.0578,-0.03831,9.93385,1.85317
30.0753,0.72786,9.29936,0.76377
30.0954,0.97926,10.64495,0.75659
30.1189,1.06545,10.65931,-0.05507
30.1365,0.76377,10.20440,1.74543
30.1565,1.11813,10.75269,1.99922
30.1785,0.20351,12.13658,1.61853
30.1961,0.81645,8.49010,0.57702
30.2161,0.45731,10.89395,2.37273
30.2393,-0.71349,12.62262,0.13169
30.2569,-1.27615,10.71677,0.72068
30.2772,-2.13809,12.18207,-0.69434
30.2997,-1.84599,9.88836,-0.58660
30.3258,1.05348,7.48929,-0.21070
30.3359,-0.46688,8.42066,1.28094
30.3589,-1.86275,8.99290,0.92898
30.3773,-0.42618,8.98332,1.32403
30.3975,-0.13408,8.52362,1.72148
30.4187,-0.13887,9.07430,-0.08380
30.4375,0.02394,8.18842,0.40942
30.4659,1.54431,8.65770,-0.22267
30.4781,-0.59857,10.02722,0.89067
30.4965,0.15084,10.46059,-1.88429
30.5160,1.57304,10.53720,-2.13330
30.5385,1.44614,8.47334,-0.75180
30.5579,0.83800,6.81889,0.10774
30.5819,2.71990,8.33686,-0.86673
30.6004,-0.12929,8.30813,2.19794
30.6170,-2.50681,13.95862,-1.67839
30.6361,-3.72789,12.35446,4.67841
30.6585,-3.77817,9.97934,1.22347
30.6778,-1.31446,9.01205,3.14129
30.6979,-0.48364,9.61301,4.53476
30.7215,-2.28174,12.09109,2.65286
30.7536,-1.13249,12.03602,1.27615
30.7560,-0.28731,9.36640,2.06386
30.7782,-0.07422,7.79576,-0.27295
30.7962,1.66881,7.64253,2.25062
30.8159,2.14288,7.13015,1.94894
30.8401,2.32484,9.66808,0.16760
30.8580,-0.82363,9.54119,3.45733
30.8888,-0.50280,11.87081,-1.44614
30.9010,-0.49561,11.89236,0.63927
30.9176,-2.04232,7.99688,0.01915
30.9359,1.16122,7.54675,-1.73345
30.9585,1.69994,5.49965,-0.22267
30.9760,-1.79092,7.70956,0.70152
30.9977,-0.76377,10.69044,0.47407
31.0342,-2.20273,9.75428,2.13809
31.0371,-2.93299,10.53960,-1.43656
31.0569,1.23545,10.37679,-3.39987
31.0784,-0.76617,10.25229,-0.54111
31.0963,1.00081,10.23074,-1.60895
31.1162,1.32164,7.93223,-0.00479
31.1404,-1.08940,8.84206,1.16601
31.1614,0.31604,8.20039,-1.50600
31.1761,2.79891,5.37275,0.99602
31.1985,2.96172,7.19480,-0.15563
31.2160,1.56107,8.83009,-0.28731
31.2386,-0.19394,10.75748,3.83084
31.2610,-1.18517,16.15417,0.68237
31.2785,-0.95053,13.21640,3.32565
31.3114,-0.28492,9.22514,2.71990
31.3201,0.22267,9.38556,0.44055
31.3374,0.20591,8.46137,2.63131
31.3575,-0.13887,10.30496,0.37830
31.3796,-0.96489,12.14616,3.31607
31.3986,-0.76856,13.36005,0.46449
31.4185,-1.12052,13.25949,1.15883
31.4505,-1.21150,14.33452,0.62251
31.4597,-1.61853,11.78701,0.94095
31.4783,-1.05348,11.67927,-1.29291
31.4993,-0.35435,9.79737,1.03433
31.5536,-1.08461,8.82769,0.02873
31.5536,-0.57223,8.83248,-0.33999
31.5635,0.59378,8.53559,0.25379
31.5805,-0.23464,8.17166,1.34079
31.6020,-1.00081,9.11500,1.37671
31.6214,0.18196,9.95061,-1.68796
31.6373,1.13489,9.38316,-1.36474
31.6573,1.76937,8.93783,-0.01915
31.6790,1.97528,7.32409,-1.11094
31.6970,2.40864,5.34642,0.11253
31.7164,1.75261,5.36557,-0.09098
31.7390,1.39347,7.62816,0.80926
31.7567,1.57304,8.37757,0.08141
31.7768,-0.17478,10.07271,-0.54111
31.7990,-0.33759,11.97616,-0.77335
31.8168,0.18196,8.47094,2.21231
31.8421,1.39347,10.61382,2.21231
31.8594,-1.87472,10.58988,1.76219
31.8763,-2.82764,11.41111,3.11495
31.8965,-0.22985,10.66410,0.39745
31.9190,-1.04630,11.64096,-0.29210
31.9369,-1.16601,12.22756,2.90186
31.9569,-0.83800,13.26189,3.01200
31.9790,-1.55388,14.30100,2.64328
31.9967,-3.60578,14.64099,1.97528
32.0176,-2.26498,12.86444,4.65208
32.0391,-2.19555,13.17809,2.88031
32.0564,-1.02236,11.60744,4.50363
32.0763,-0.17718,11.26027,-0.69195
32.1044,0.85954,7.07269,3.95055
32.1166,1.12770,8.22194,-0.50759
32.1372,1.88190,8.60023,-0.26816
32.1594,3.48128,8.10462,-1.17080
32.1775,1.20193,6.67284,0.61054
32.1973,0.11971,9.22514,-0.72547
32.2214,3.10059,7.43183,-1.71670
32.2386,3.64169,6.22511,0.83081
32.2638,0.73983,7.16606,2.26738
32.2796,0.77335,8.63854,0.36632
32.2974,0.79969,7.68802,1.41502
32.3174,-0.54589,8.57869,1.52515
32.3398,-0.88109,8.01843,1.56825
32.3575,-0.63688,9.38077,2.87792
32.3792,-1.35755,11.21478,0.39027
32.4048,-2.53793,12.23714,0.14126
32.4174,-1.96091,12.10545,-0.43815
32.4386,-1.62811,10.73114,1.02475
32.4593,-1.73106,11.40393,-0.40942
32.4810,-1.27136,10.85564,-0.53153
32.4978,-0.16520,10.12539,0.37351
32.5198,-0.79011,10.34087,3.29692
32.5460,-1.27854,11.45660,0.38308
32.5579,-0.35675,10.17088,1.96331
32.5808,0.89546,8.64333,1.81725
32.5974,1.70472,7.83167,2.88750
32.6185,2.38949,8.26504,2.19555
32.6398,1.38868,10.10623,1.38389
32.6574,0.83081,10.06553,1.12531
32.6773,1.50600,8.90431,1.01038
32.6998,1.35516,8.63375,2.37033
32.7175,0.00000,12.03602,2.56666
32.7374,-0.54589,11.31534,2.45174
32.7616,-0.45012,10.14933,4.23787
32.7779,-1.15404,9.33288,2.07105
32.7978,-1.01757,9.39035,3.49085
32.8222,0.05986,9.26584,4.22589
32.8373,-0.65124,9.42865,3.90746
32.8577,0.48843,11.58350,-0.34956
32.8813,-2.33202,9.60104,3.18199
32.8980,-1.70712,9.91469,0.73983
32.9211,0.22985,10.40073,0.99123
32.9404,-2.47329,9.76625,1.74782
32.9720,-0.64885,8.87079,0.49083
32.9772,0.31604,9.40711,0.19633
33.0001,-1.88669,9.78540,0.88349
33.0176,-0.41421,10.17806,-0.87870
33.0378,0.29210,8.23870,0.87391
33.0617,0.02155,8.40390,0.77096
33.0787,0.91701,9.05275,2.68638
33.1049,-0.77096,10.51087,2.19794
33.1198,-0.86673,10.81494,2.16442
33.1375,0.00718,8.83727,1.60416
33.1576,0.91940,9.48133,0.66800
33.1800,-1.20193,10.72875,1.06306
33.1977,-0.34956,10.53241,-0.30886
33.2188,1.16841,9.81892,-0.44773
33.2436,-0.13887,8.95938,0.76138
33.2576,0.35675,7.93223,0.44534
33.2778,1.12531,9.05754,-0.12211
33.2999,0.42139,10.25707,2.40864
33.3176,0.70631,12.61065,-0.50519
33.3377,-2.38230,9.55555,4.67602
33.3618,0.40703,10.23553,-0.73504
33.3806,1.14925,8.90191,4.38392
33.3982,-1.40065,10.00807,0.56984
33.4204,-0.04070,9.69202,2.74144
33.4376,0.04789,10.01046,0.57223
33.4580,-1.65923,11.22915,-0.30647
33.4805,-0.29450,12.03602,-2.38949
33.4980,2.26498,9.47415,0.30647
33.5195,1.12052,9.91230,2.42061
33.5399,0.41421,11.83490,-0.67997
33.5576,-1.57783,11.93067,2.33442
33.5799,0.00479,8.74629,-0.16999
33.6004,0.73025,10.21158,0.00239
33.6201,0.63209,8.41827,0.86673
33.6385,1.16841,9.52443,0.86194
33.6715,0.24661,9.69442,-0.51237
33.6776,-0.05507,8.21476,0.01197
33.6979,0.50280,6.86199,2.53554
33.7198,1.13728,10.14454,0.74223
33.7375,0.09098,9.81174,0.71349
33.7576,-0.02394,9.21078,0.70871
33.7816,1.01278,10.13496,1.03193
33.7973,1.18756,8.94022,1.23545
33.8176,1.66402,9.12458,-0.35435
33.8402,2.27217,7.22592,1.13728
33.8577,1.11813,6.83805,2.31048
33.8794,-0.26576,10.82212,2.52835
33.9028,-0.98884,10.80776,1.87472
33.9193,-0.93856,10.79818,3.31128
33.9518,-0.26576,11.84448,-0.46210
33.9608,-2.15485,10.84606,1.26178
33.9777,-1.50600,11.17408,1.19714
33.9978,0.11014,10.27144,2.25301
34.0201,-0.40224,10.09666,1.67360
34.0378,1.04151,9.28021,0.25619
34.0597,0.49322,9.66329,1.37910
34.0954,1.41980,9.63935,0.92898
34.1002,1.40544,9.34725,0.65124
34.1172,1.14925,12.34967,0.49083
34.1397,1.70712,11.42309,1.60416
34.1576,1.56346,10.69283,1.01996
34.1776,-0.19154,11.09746,0.01197
34.2001,1.24742,8.57869,3.48846
34.2185,2.82285,7.66168,1.56107
34.2374,0.92658,7.87238,2.41822
34.2612,0.11253,9.45739,1.41023
34.2774,0.73983,10.36003,2.43977
34.2987,0.11014,10.57312,1.01996
34.3208,0.15084,10.39834,2.51399
34.3478,0.82602,10.19003,0.35196
34.3628,1.89148,8.33926,0.65124
34.3810,2.02316,7.41028,1.01038
34.3980,1.48445,8.10223,1.23305
34.4183,-0.29450,10.84128,1.33122
34.4409,0.09577,9.80216,2.16442
34.4630,0.51956,10.91550,0.09098
34.4817,-0.03352,10.07511,1.48445
34.5024,-0.02634,10.57072,0.44534
34.5200,0.47167,10.41749,0.08141
34.5383,0.53392,10.04398,-0.55787
34.5606,0.27295,9.54119,0.03352
34.5785,0.52674,10.38876,0.88828
34.5995,1.41741,9.68484,1.53952
34.6226,1.03193,9.34246,0.06225
34.6413,1.09418,9.46936,2.54990
34.6600,1.34558,9.55316,2.01119
34.6802,0.53392,9.85005,1.29770
34.6978,0.58660,10.45101,0.67997
34.7183,0.91461,10.07511,-0.06465
34.7418,0.97686,10.01046,-0.32083
34.7595,0.90264,9.55076,0.44055
34.7902,1.20193,8.84206,1.27854
34.8005,1.66163,8.93064,1.14686
34.8183,0.75180,8.96656,1.86753
34.8384,0.59139,9.93863,1.25699
34.8611,0.44534,10.34327,1.72867
34.8784,0.58899,10.35045,0.92898
34.8999,0.97926,10.12539,1.32882
34.9310,0.62251,10.09666,1.12531
34.9412,1.58022,9.59146,0.64406
34.9594,1.62332,9.63217,0.49083
34.9816,0.96250,9.62259,-0.28971
34.9993,2.37273,8.36320,0.13887
35.0193,2.36794,8.46137,-0.11971
35.0419,1.60656,10.13257,2.30808
35.0629,0.78772,10.59706,1.07024
35.0805,1.47966,10.78142,2.71750
35.1040,1.94894,10.99212,1.07503
35.1203,1.07264,10.25468,1.01278
35.1397,0.70631,9.28500,1.53712
35.1629,1.56586,9.95779,1.66163
35.1811,1.86993,8.97614,0.76856
35.1996,1.41980,9.50288,0.20591
35.2219,2.52835,8.75347,1.70472
35.2392,1.89387,11.15493,0.61293
35.2595,1.22108,11.26267,1.04869
35.2819,1.16841,11.21718,0.75899
35.2997,0.56984,10.79100,1.47248
35.3198,0.55308,9.96018,2.65046
35.3530,0.59617,10.15172,2.84200
35.3590,0.79011,9.89075,2.44455
35.3800,1.18038,10.28102,2.13809
35.4014,0.57702,9.59386,1.62811
35.4191,1.38868,9.38316,0.71349
35.4393,1.96809,8.71995,1.44375
35.4641,1.52515,9.24908,0.36154
35.4818,1.79092,9.10782,0.83560
35.4991,1.92739,9.31133,0.72307
35.5212,1.37671,8.69601,0.40463
35.5391,2.45413,8.88276,0.47646
35.5588,3.06467,8.32010,1.01757
35.5824,2.80370,9.98173,-0.15563
35.5991,2.56427,9.76385,1.64008
35.6313,2.77496,9.92427,1.80049
35.6420,3.24424,9.73991,1.54191
35.6591,2.32005,9.54119,2.94496
35.6797,2.60258,8.96177,2.28653
35.7025,2.63131,8.94980,3.79732
35.7203,2.11654,10.50129,0.69913
35.7419,2.15245,9.49569,1.62092
35.7729,2.29372,10.09426,2.17400
35.7811,2.04711,9.33528,1.58501
35.7988,1.89866,9.82850,0.25140
35.8228,1.61135,9.05515,1.01996
35.8409,2.28174,9.84047,0.10774
35.8609,2.85876,9.44541,0.37111
35.8840,1.53712,9.80455,0.16999
35.9083,2.35597,11.46139,-0.22746
35.9195,3.15087,10.75508,1.40305
35.9412,1.97049,11.04958,1.26418
35.9590,2.09260,11.83251,1.63050
35.9793,2.76778,11.15253,3.18917
36.0015,2.59300,10.42228,2.45653
36.0193,2.10936,10.30735,1.07982
36.0489,2.34878,8.81333,1.70951
36.0609,2.61934,9.75428,0.53632
36.0791,2.66722,8.41348,1.84599
36.0991,2.30329,8.93783,1.68078
36.1215,2.19316,8.56911,1.70951
36.1394,1.60177,8.72474,-0.17239
36.1608,2.64328,8.77023,-0.11014
36.1990,3.02397,9.09346,1.82923
36.1991,3.37114,9.31612,1.32882
36.2201,3.51958,8.93304,1.65923
36.2416,3.34001,9.32331,1.52276
36.2593,3.33044,9.39035,0.88588
36.2794,2.83722,9.32331,0.99602
36.3018,2.83243,9.13176,1.41502
36.3302,3.25382,8.42545,1.10137
36.3409,2.44695,8.59066,0.84518
36.3632,1.95133,10.06314,0.43576
36.3791,2.53075,9.21796,0.60336
36.3994,2.59300,9.72794,1.11094
36.4217,1.66402,10.30017,0.52913
36.4656,1.07982,10.46777,0.83081
36.4657,1.01757,10.14933,0.86673
36.4820,1.65444,9.58428,0.02155
36.4986,2.49244,10.18285,0.29210
36.5200,1.79571,9.76625,0.12690
36.5422,1.67599,9.54119,0.83800
36.5595,1.81725,9.31612,1.13010
36.5824,2.21231,9.13655,0.88828
36.6037,2.21949,9.07670,2.26259
36.6203,3.14847,9.19162,1.54670
36.6410,2.97369,8.98811,2.09738
36.6635,2.83482,9.66090,2.04950
36.6810,2.56427,9.87878,1.57064
36.7014,2.32724,10.02722,2.61694
36.7235,2.46610,10.23553,1.44614
36.7504,2.06626,10.16609,0.77335
36.7630,2.15964,10.60185,-0.55308
36.7831,2.03274,9.58907,-0.42618
36.8011,1.58022,9.32809,-0.72547
36.8208,1.39107,9.82850,-1.10855
36.8451,0.59139,9.70400,-0.52913
36.8622,-0.19872,10.26904,-0.29210
36.8916,0.04789,9.96018,-0.80687
36.9055,0.63209,8.77502,1.05827
36.9221,0.39027,9.61780,1.72148
36.9433,0.73983,10.39594,2.01837
36.9665,-0.06943,10.41749,1.32164
36.9845,0.40942,10.99212,1.86753
37.0223,1.17559,10.83888,1.54191
37.0368,2.00401,9.85723,1.26418
37.0467,2.12372,9.45020,1.81007
37.0634,1.92979,9.03120,0.59139
37.0862,2.08302,8.44221,0.13887
37.1054,1.85796,9.14374,0.49801
37.1239,2.08062,9.94342,1.62092
37.1461,2.05908,10.14933,2.01598
37.1678,2.49005,9.87638,1.79810
37.1845,2.11414,9.86920,0.92658
37.2058,2.06147,9.32091,0.72547
37.2238,3.29931,8.59305,2.22907
37.2451,2.98087,9.08867,1.96809
37.2661,2.70074,9.44541,1.86275
37.3003,3.07185,9.30894,1.74064
37.3150,2.92102,9.79019,1.60177
37.3258,2.56666,9.51964,2.14527
37.3436,2.51159,9.43105,1.47487
37.3638,2.11654,9.24430,1.81486
37.3859,1.88908,8.26504,0.90982
37.4044,2.07584,8.56193,-0.19394
37.4250,1.85077,9.17247,-0.75899
37.4603,0.96489,10.27144,-1.49642
37.4643,1.67120,9.73033,-1.80289
37.4836,2.08781,9.57949,-1.60895
37.5077,1.01278,8.93543,0.36393
37.5250,1.94655,8.94262,0.30886
37.5465,2.07105,10.64255,1.00081
37.5923,0.19633,11.47815,0.56265
37.5924,0.27774,12.04320,0.91461
37.6075,0.55308,10.71917,1.92500
37.6256,2.27935,11.58111,-1.38629
37.6432,0.90264,11.48773,-0.97208
37.6634,2.15724,10.34806,-1.59938
37.6890,3.05988,8.83727,0.53153
37.7043,2.97130,9.06951,0.06704
37.7308,2.84919,9.51724,0.54111
37.7470,0.60336,10.75029,3.95534
37.7645,2.12133,10.93944,-0.31365
37.7854,3.45733,10.70241,-0.54829
37.8069,1.49403,9.75428,-2.36075
37.8244,3.66803,10.03201,-2.11414
37.8463,3.51240,9.35922,-2.44216
37.8669,3.33283,8.66488,-3.80211
37.8848,4.24026,8.07349,-1.97288
37.9064,3.27776,8.00406,-0.19394
37.9285,1.34798,9.64414,-0.11253
37.9463,1.73106,8.99050,-0.40224
37.9646,2.02077,8.61699,-0.88109
37.9895,0.13647,8.89473,-1.22826
38.0078,-0.02873,9.20359,-1.95373
38.0246,1.88429,10.02243,-1.54191
38.0468,0.53871,10.64973,-1.63290
38.0643,1.75500,9.25148,-1.50600
38.0841,2.16203,10.10145,-0.48604
38.1091,-1.45572,10.17567,1.75979
38.1259,-0.35914,11.83011,0.23464
38.1588,-0.09098,10.61382,1.79571
38.1673,0.42139,9.41668,-2.59779
38.1855,1.47487,7.73590,-1.49163
38.2042,2.32245,5.63373,-1.47727
38.2266,2.49483,5.09981,-1.79092
38.2444,3.05270,9.36640,-1.99204
38.2675,1.73585,10.14454,-0.64167
38.2978,0.69434,10.97536,-1.15165
38.3043,0.68476,10.58270,0.32562
38.3245,0.10535,10.57072,0.31365
38.3468,0.80208,9.39274,-1.10855
38.3644,1.01278,9.98652,-0.87870
38.3845,0.75659,10.56354,-1.27136
38.4081,0.92658,10.79339,-1.68796
38.4401,-0.11732,11.05916,-0.96489
38.4459,-0.53871,10.90832,0.08380
38.4665,-1.20671,11.84927,-0.54829
38.4844,-1.03672,11.30337,-0.60336
38.5041,-0.10535,9.88836,-0.86673
38.5310,0.19394,10.81733,-1.19235
38.5641,-0.41660,9.75667,-2.19316
38.5788,1.51797,9.85484,-2.29372
38.5879,1.56825,9.17965,0.63209
38.6041,0.33280,9.10782,0.05028
38.6244,1.05348,10.14694,-1.28573
38.6466,1.01996,9.43584,-0.74941
38.6643,1.03433,9.83568,-2.20752
38.6854,2.27456,9.06233,-2.23625
38.7130,3.15805,8.48770,-1.33840
38.7256,2.35836,8.83009,-0.68716
38.7442,0.67997,9.49091,0.80926
38.7664,0.58899,10.62340,-0.84278
38.7842,0.62730,9.71597,0.25619
38.8043,0.67758,9.71118,-0.00479
38.8270,1.13010,9.00966,-0.18675
38.8458,1.85796,8.63136,-0.09338
38.8644,1.50121,9.51724,0.99602
38.8864,-0.02634,11.84927,-1.80528
38.9057,0.02634,10.64734,-0.44773
38.9243,1.67360,9.48133,-0.88828
38.9481,0.97926,9.08867,-1.06306
38.9678,0.63448,11.53801,-1.51079
38.9856,0.56265,13.90355,-0.55547
39.0085,-1.22587,13.36963,-0.54829
39.0242,0.54829,11.14535,-1.73345
39.0443,2.17400,7.98012,-0.77814
39.0678,1.66642,7.59703,-2.84200
39.0842,0.54829,8.17405,-0.96250
39.1043,1.94655,8.95219,0.00000
39.1338,2.92341,6.78059,-0.74941
39.1441,2.75102,7.47732,0.08859
39.1643,1.98007,7.96575,0.33759
39.1863,2.62891,9.95779,-1.81486
39.2042,2.41822,10.47016,-0.62730
39.2244,1.79092,9.63935,-0.49083
39.2483,0.54111,9.31852,1.72867
39.2688,1.20432,9.47654,0.63209
39.2844,1.27615,7.69041,0.11253
39.3059,1.31925,8.40630,-1.29051
39.3239,-0.47407,9.71597,-2.11893
39.3442,-0.12690,10.04398,-1.38150
39.3689,-0.02155,9.77104,-0.57463
39.3863,-1.64008,10.73114,-0.32562
39.4216,0.80687,11.61463,-0.69673
39.4270,0.29210,11.16450,-2.37033
39.4441,-2.46610,10.83649,-3.05988
39.4639,-0.86912,10.24989,-1.70233
39.4864,-2.24104,11.44463,-0.76617
39.5042,-1.50600,11.94504,-0.15323
39.5238,0.05986,12.21320,-2.40385
39.5526,-0.83800,10.05117,0.45252
39.5652,-0.83560,10.25229,-0.82602
39.5857,-1.00560,9.87399,2.82764
39.6061,-0.08380,10.40791,-0.46688
39.6239,0.40942,10.51326,-0.33520
39.6440,0.90264,10.19722,-1.64726
39.6668,1.32643,8.49968,-1.01278
39.7093,2.41103,7.81731,-0.24422
39.7098,2.09978,7.05832,-1.90584
39.7268,1.74543,7.11578,0.12450
39.7451,1.00320,9.00008,-2.14766
39.7645,1.01278,8.84206,-0.06704
39.7868,1.47008,9.22754,-0.02394
39.8045,0.32083,7.67844,2.41822
39.8256,1.00320,11.70322,-3.38072
39.8468,-0.56505,8.55953,1.30488
39.8641,-1.17080,11.12141,-0.78053
39.8849,-0.02873,10.66889,1.66881
39.9071,-2.20752,11.74871,-1.30967
39.9248,-1.79571,9.34964,-3.17720
39.9449,-1.00081,8.39672,-0.69434
39.9668,-2.13330,9.91948,-0.83321
39.9849,0.46449,10.21158,-2.87074
40.0051,0.89067,10.89395,-2.78215
40.0273,-0.41421,10.93944,-2.22189
40.0451,-1.07503,11.24112,-2.57624
40.0678,-1.84599,12.02644,-2.00161
40.0910,-0.48843,10.75748,0.63927
40.1141,0.20351,8.95698,2.30808
40.1252,-0.74223,11.37759,-2.99284
40.1473,1.60416,8.52841,0.57463
40.1651,1.46530,7.97294,-1.93457
40.1856,0.07662,9.37837,0.53153
40.2089,0.38069,11.49012,-0.19633
40.2263,0.34478,9.90751,0.96250
40.2582,1.30009,11.64575,-2.05908
40.2683,1.35995,7.31451,0.01676
40.2848,0.70392,9.25148,-3.45494
40.3050,1.29291,8.51883,0.66321
40.3277,-0.06943,9.90990,-1.64726
40.3449,-0.83321,10.54918,-0.08619
40.3669,-0.57941,11.30098,-2.65286
40.3883,-0.74701,9.11740,0.91461
40.4058,-0.71828,10.32890,-2.09738
40.4244,-0.12929,9.05275,0.46449
40.4470,-0.01197,10.01525,-3.17241
40.4660,1.35037,8.87558,-0.73025
40.4886,-0.56744,12.04320,-1.65205
40.5266,-2.86116,12.56515,-2.63849
40.5267,0.12690,9.39992,-5.76541
40.5451,2.01837,6.84044,1.70233
40.5691,-1.30967,10.19961,-2.85637
40.5844,1.84599,7.66168,-4.17801
40.6046,3.96731,8.67446,-2.62173
40.6273,0.59139,10.25947,-0.72547
40.6637,-0.98644,12.32812,1.88429
40.6783,-0.86912,11.71279,-3.15326
40.6888,0.92419,7.72633,1.06306
40.7049,2.36075,6.63454,-0.02873
40.7248,0.12929,10.68086,-2.81806
40.7484,0.56026,11.26985,-1.74782
40.7661,1.57543,8.34405,-0.99841
40.7864,0.81645,9.20359,-2.76778
40.8243,0.61772,9.62977,-2.03513
40.8276,-0.50040,11.96419,-1.37910
40.8446,-0.69913,11.31534,0.34717
40.8671,-0.28971,10.82930,-0.92898
40.8860,1.00560,7.66168,-1.67120
40.9057,0.24900,9.25148,0.25140
40.9304,-1.74303,9.90751,-1.99683
40.9456,0.84518,9.08627,-1.53473
40.9657,1.50600,8.07110,0.26816
40.9888,-0.98884,7.13494,-2.09978
41.0056,1.98485,7.64731,-1.75740
41.0266,2.35118,10.12060,2.53554
41.0505,-0.86433,10.63776,1.63529
41.0692,-1.53473,12.90514,1.23784
41.0881,-0.19633,11.72955,0.72786
41.1094,-0.94813,9.58428,3.74704
41.1263,-0.35435,9.27542,0.40463
41.1472,-0.55787,10.02962,-1.70712
41.1695,-0.51477,8.42545,-0.38787
41.1902,0.35196,10.36003,-1.60895
41.2099,-1.09179,11.10465,-2.78933
41.2445,-0.10295,10.07990,-2.65764
41.2468,1.26657,10.47495,-2.30329
41.2663,-0.49801,10.45101,-0.97686
41.2885,-0.32323,11.23873,-2.77257
41.3081,-0.02873,10.29538,0.20351
41.3284,-0.39745,10.35763,-0.35196
41.3508,0.15802,7.96336,1.10855
41.3686,0.61533,9.30655,-0.08619
41.3955,0.11253,9.81892,0.47646
41.4132,0.60575,8.67925,0.08619
41.4284,2.77257,8.42545,-1.80049
41.4463,0.73744,10.45580,2.00161
41.4692,-0.83081,12.99612,-2.62891
41.4874,-0.27295,10.47495,0.97686
41.5183,0.82842,8.91389,-2.17640
41.5284,-1.25221,9.59625,0.55547
41.5465,-1.70472,12.13658,-2.06865
41.5664,-0.43336,9.01205,1.26418
41.5888,0.21070,7.54915,0.88588
41.6062,-0.73265,10.51087,-0.55787
41.6283,-1.85556,12.51966,0.58899
41.6512,-0.86673,10.55396,0.00479
41.6681,0.07901,9.42865,0.30886
41.6884,-0.40224,9.16528,0.49801
41.7107,-0.83560,11.64575,1.01996
41.7284,0.53871,11.03042,0.51716
41.7467,-0.53632,8.79896,-0.49322
41.7701,-0.20112,10.52523,-0.91701
41.7902,0.64167,10.89874,-0.26576
41.8066,-0.68716,9.52443,-1.22347
41.8286,0.59378,9.46936,-2.03274
41.8466,2.26020,8.90910,-2.19316
41.8689,-0.01915,10.04398,-2.81327
41.8894,-0.41421,12.27066,-0.89546
41.9070,1.17080,7.57070,0.85954
41.9423,0.70152,7.75984,-1.38150
41.9507,1.00081,7.46774,-0.65124
41.9681,0.93856,9.58189,1.17080
41.9868,0.24182,8.86121,-0.81405
42.0095,1.09658,9.35922,0.01197
42.0268,0.59139,10.17088,2.06626
42.0475,-0.81645,10.91071,-1.92500
42.0810,1.03912,7.74548,-2.15245
42.0958,2.15485,7.94899,-0.73744
42.1078,-0.10774,9.71597,-0.39266
42.1309,0.27055,11.87560,-2.63610
42.1466,-0.40942,11.44942,0.50998
42.1659,-1.31446,11.66491,-1.92979
42.1878,0.19394,7.52999,-0.06704
42.2052,-0.29928,9.94582,-0.66082
42.2297,-0.69434,10.01286,0.09577
42.2484,-0.40463,6.91706,-1.01757
42.2672,0.06465,7.80294,2.90426
42.2873,-0.35435,10.51565,0.09577
42.3098,-0.37590,10.69044,-1.30967
42.3273,0.44055,10.12299,-2.69116
42.3490,1.45093,7.11100,0.76377
42.3695,1.59459,7.84364,-0.38069
42.3873,1.95133,9.17007,-0.15802
42.4073,1.67599,10.59227,-0.51956
42.4298,0.78053,8.44461,2.44695
42.4491,0.45970,9.23472,-0.54589
42.4699,0.38548,9.73752,-0.08619
42.5015,-0.64885,10.76227,0.08619
42.5100,-0.52195,11.34407,-0.27534
42.5272,-0.70871,11.69364,-2.00161
42.5497,0.65843,8.57869,-1.47966
42.5691,-0.26816,11.02085,-1.94894
42.5906,0.86433,12.08151,-2.27217
42.6125,2.11414,7.74069,-0.94334
42.6528,0.36154,9.79019,-1.63290
42.6529,-0.11732,10.11581,-1.07982
42.6699,2.75102,9.00008,-1.04869
42.6893,0.10056,11.85645,1.04151
42.7093,-1.38150,9.92188,0.90743
42.7313,0.94095,10.22834,-0.28013
42.7572,0.39745,8.90191,1.92739
42.7674,0.09577,8.43264,0.81645
42.7896,0.50759,8.18842,1.43656
42.8088,-0.43815,9.42626,1.25699
42.8271,-0.88588,12.65135,-0.88349
42.8495,-1.26418,10.60903,0.47885
42.8672,-0.18196,10.91550,-2.23386
42.8891,-0.21309,9.46696,1.20671
42.9198,0.15084,10.50368,0.56744
42.9269,-2.41582,13.10147,-0.44773
42.9475,-1.35755,11.89236,-1.60895
42.9698,-1.15643,8.93064,4.12294
42.9875,-0.19872,7.95378,2.44934
43.0106,0.18436,12.55079,-2.34400
43.0318,-0.59139,9.71836,2.50441
43.0497,-0.14605,9.36161,-2.14048
43.0685,1.99204,9.54358,-1.37431
43.0980,-0.22506,9.47175,-1.64247
43.1072,-1.07742,12.52206,-0.53871
43.1273,1.69994,10.73114,0.09817
43.1544,1.26897,6.97931,-1.02954
43.1939,0.53392,8.07828,-1.97767
43.1940,0.03352,7.43422,-1.31446
43.2119,0.34238,10.85085,1.23305
43.2271,-0.20112,10.54199,-0.74941
43.2470,-0.98884,11.79180,-1.70233
43.2695,0.76856,10.91550,0.69913
43.2878,0.49083,9.52443,0.78293
43.3094,-0.56265,9.81174,1.13728
43.3311,-1.00799,10.72396,-1.76697
43.3490,-1.01517,10.30256,0.84518
43.3673,1.03433,10.40073,-1.37671
43.3898,0.14605,9.17247,0.31844
43.4074,-0.23943,11.13338,0.97208
43.4278,-0.42858,11.77504,1.23784
43.4500,-1.46530,11.45421,0.26576
43.4732,-0.64645,11.65054,0.71828
43.4874,0.28252,9.16768,0.95053
43.5112,1.64247,8.71277,-0.49083
43.5289,-0.15802,11.10225,-1.25699
43.5472,-1.11094,8.93783,2.45174
43.5724,-0.21070,9.19641,0.46210
43.6082,0.18436,7.83646,1.79810
43.6083,0.14126,9.52443,-0.81645
43.6295,0.10295,10.51565,-0.82842
43.6468,0.61293,9.86441,-0.08380
43.6670,0.48364,9.54837,0.69434
43.6907,0.25858,9.18204,0.68476
43.7089,0.62730,10.96099,-2.51638
43.7308,-0.80448,9.62259,2.68159
43.7665,0.39745,10.22595,-0.82842
43.7675,-0.34717,10.14694,0.47885
43.7871,-0.36154,10.56833,-0.81645
43.8098,-0.16999,9.69681,3.15326
43.8274,-0.76377,11.75589,-0.21309
43.8474,-1.07024,10.95381,0.41421
43.8707,-1.47008,9.54597,1.92739
43.8882,0.36393,9.39992,-0.16042
43.9086,-0.12211,8.15969,1.27136
43.9292,-0.36393,9.80216,-0.82602
43.9470,-0.07901,9.87878,1.01757
43.9670,-0.12929,9.30176,1.98007
43.9890,-0.73983,9.02402,1.43417
44.0070,-0.40942,9.48851,2.12372
44.0325,-0.09577,10.17088,-0.91701
44.0484,-0.83560,9.70878,-0.06943
44.0667,-0.21309,9.25627,-0.79011
44.0861,1.02954,8.80375,0.38069
44.1085,0.20830,8.79896,-0.28731
44.1262,-0.28731,9.09824,0.59617
44.1467,-0.28492,9.98891,0.51956
44.1762,0.15323,10.08947,-0.75180
44.1867,-0.29689,10.51565,-0.14605
44.2059,-0.42139,10.21877,0.16281
44.2286,-0.50759,9.94582,0.70152
44.2465,-0.23703,9.99610,0.59857
44.2666,-0.19394,9.58428,-0.69913
44.3010,0.75420,9.48851,-1.25221
44.3061,0.98884,9.22275,-1.20193
44.3254,0.72068,9.21796,-0.29928
44.3477,0.26816,9.94342,-0.42139
44.3658,-0.31365,9.98891,0.11493
44.3864,-0.56505,9.92188,-0.50519
44.4131,-0.27295,9.49091,-0.45731
44.4301,0.06704,9.54358,-0.92898
44.4477,0.19394,9.77582,-0.35675
44.4695,-0.63209,9.61062,-0.59139
44.4871,-0.33759,9.08148,-0.43097
44.5069,-0.39984,8.90191,-0.69195
44.5293,0.67758,9.69921,-0.49801
44.5549,-0.14366,10.25468,0.49561
44.5673,-0.78053,11.12380,-0.16520
44.5890,-0.64885,10.19243,-1.20432
44.6067,0.15563,9.35204,-1.61374
44.6268,0.88828,9.51964,-0.73265
44.6489,1.30967,9.08388,0.86912
44.6665,0.38069,9.28979,1.48445
44.6957,-0.50759,9.58428,0.89785
44.7162,-0.29210,10.13736,0.00958
44.7265,0.62251,10.17327,-1.64247
44.7466,0.79969,10.15172,-0.91701
44.7685,0.10535,9.81174,-0.54829
44.7864,0.49083,8.77023,-0.30647
44.8063,1.21629,8.10223,-0.98644
44.8285,0.83800,8.35841,-1.58262
44.8464,0.80926,8.73192,-0.39745
44.8681,0.77335,8.34405,2.20513
44.8889,-0.33999,10.39834,0.83800
44.9086,-1.56586,10.76945,-0.99602
44.9269,0.72068,11.31295,-2.82524
44.9492,-0.14366,11.71279,-1.48206
44.9671,1.44135,10.47735,-1.03912
44.9886,0.89067,9.63935,-0.17718
45.0111,0.84278,9.19880,-1.47248
45.0264,0.05028,8.76065,-1.17319
45.0470,-1.09418,9.61062,-1.72148
45.0705,-1.02475,10.97296,-0.19872
45.0889,-0.24900,10.82212,-0.25379
45.1086,-0.90982,10.22834,-1.53712
45.1307,-0.94574,10.70241,-1.40544
45.1486,-0.81405,10.28580,-0.79729
45.1663,0.51956,8.95938,-0.28492
45.1890,0.84278,9.38077,0.29450
45.2065,-0.35435,8.55474,-0.01676
45.2289,0.44055,9.59386,0.95771
45.2498,-1.61614,10.85325,0.30647
45.2701,-0.20351,11.67688,-1.37431
45.2870,1.74064,11.66251,-2.70553
45.3099,1.28094,6.96255,-1.84599
45.3289,1.60177,9.99131,-4.05830
45.3483,1.64487,8.24588,-0.79250
45.3712,0.45012,9.70400,-0.68716
45.4159,-0.34478,9.99370,1.71909
45.4159,-0.42139,9.28021,0.85476
45.4316,0.62491,8.30813,-0.24661
45.4481,0.42379,9.54358,-1.90345
45.4669,0.04789,9.49091,-1.55149
45.4893,0.11971,10.63776,-0.80448
45.5072,0.07183,11.12859,0.68237
45.5274,0.07183,10.23313,-1.30249
45.5585,0.41182,10.20919,-1.61614
45.5676,0.57702,10.09905,0.58899
45.5863,1.02475,9.53640,0.59139
45.6097,1.08940,9.16289,-0.50998
45.6266,0.43336,10.32890,-2.01119
45.6484,0.48364,9.96258,-0.84039
45.6786,1.25939,10.22355,0.07662
45.6943,0.13647,10.01765,0.84278
45.7071,-0.51237,10.77663,1.14207
45.7289,-0.70631,10.21877,0.88828
45.7466,-0.97447,10.49650,-0.49083
45.7667,-0.17478,11.23154,-0.48604
45.7885,0.02394,10.64495,-1.78852
45.8096,0.33041,8.62657,0.43815
45.8431,-0.46688,11.28901,-0.24182
45.8489,-0.25140,10.55157,-0.53871
45.8666,0.90025,10.26904,-0.95292
45.8874,0.22027,10.68804,1.89866
45.9115,-0.38069,11.04958,-1.76937
45.9276,1.24263,7.85562,-1.38629
45.9634,0.88349,8.62418,-1.28573
45.9815,0.47885,7.06072,-0.39027
45.9895,-0.27534,9.59865,-0.78532
46.0089,-0.19633,8.68643,-1.49882
46.0297,-0.09817,9.73033,-0.20591
46.0475,0.35196,9.47893,-0.29689
46.0685,0.48364,8.81093,-0.11014
46.0916,0.96489,9.26105,0.23224
46.1115,0.23464,8.75586,-0.09577
46.1274,0.60815,8.86361,-0.63448
46.1496,0.90264,9.73033,-0.71828
46.1684,1.75740,8.12138,-0.15084
46.1889,1.74543,8.11659,-1.79810
46.2109,1.29530,9.39753,-0.90264
46.2292,0.35914,9.62498,0.95771
46.2632,0.87391,9.04796,0.47646
46.2701,-0.46928,11.18845,0.41421
46.2880,-0.32323,10.46777,-1.46769
46.3089,0.83800,8.61699,0.39506
46.3313,-0.53392,10.07990,0.86433
46.3491,-0.79490,11.06634,0.50040
46.3691,0.29928,10.85564,0.24182
46.3990,-0.49083,11.20521,-1.34798
46.4081,-0.66800,10.87240,-0.61293
46.4274,-0.06225,10.09666,0.49322
46.4495,0.04070,10.76466,-1.90584
46.4679,0.51477,9.98652,-0.78532
46.4891,-0.57702,11.25788,-0.81884
46.5100,2.39667,10.17806,0.23464
46.5388,2.03274,6.66806,-1.09179
46.5568,-0.14126,8.63136,0.10056
46.5696,0.39266,9.34246,-2.43977
46.5873,-0.40224,8.80614,-0.58660
46.6075,-0.51477,10.92268,1.61135
46.6308,-1.36474,10.46537,-0.59857
46.6490,1.32882,8.12856,-4.13012
46.6820,0.84757,9.98413,-3.01679
46.6921,-0.25858,11.32013,2.02316
46.7105,-0.59139,10.91789,-0.33759
46.7298,0.30886,8.85403,0.83800
46.7529,0.36872,9.42626,0.53632
46.7718,-0.55547,8.74629,1.93218
46.7903,0.57463,9.50288,2.53075
46.8245,0.94813,8.98811,-0.72068
46.8285,0.24661,7.57788,-0.25858
46.8480,1.62092,11.01845,-2.28414
46.8703,0.28252,10.48932,-0.76617
46.8918,-0.38548,7.63295,-0.44534
46.9122,0.51956,9.42865,-1.26897
46.9315,0.88109,6.08625,-0.18915
46.9648,-0.70152,9.29936,-0.07422
46.9684,-1.40783,9.86202,2.49244
46.9907,-0.84757,10.53002,-1.93457
47.0081,0.68476,9.02163,1.66881
47.0294,0.22027,9.80216,4.07984
47.0519,0.55308,13.06316,-1.95852
47.0696,-3.48367,11.47815,0.74701
47.1060,-0.31604,10.02962,4.54194
47.1107,-1.22826,10.42467,3.81887
47.1281,-1.40544,10.82212,0.16042
47.1480,0.78053,10.89156,-1.62571
47.1719,0.66082,9.36880,-0.01437
47.1896,0.69673,10.46537,0.83081
47.2099,0.52195,9.63935,0.11732
47.2434,0.00000,10.75269,-1.59938
47.2488,0.04549,8.82051,0.68955
47.2685,-0.15323,8.08786,2.78454
47.2905,0.04549,9.45499,0.21788
47.3082,-0.49083,10.13975,-0.80448
47.3282,-0.06225,9.43823,0.26816
47.3504,-0.11493,9.63935,1.45811
47.3712,-0.06704,8.84206,-1.08940
47.3881,-0.29210,10.85564,-2.27696
47.4101,1.19235,9.13895,1.59938
47.4280,0.77096,9.46217,-0.86673
47.4482,-0.80687,9.43344,1.07982
47.4718,-0.67758,11.71998,-2.32484
47.4897,-0.49561,9.64653,2.53554
47.5094,-0.67519,11.13577,-0.10535
47.5306,-0.50998,9.13655,-0.42618
47.5488,-0.09338,11.75110,-1.41741
47.5698,0.20351,10.31932,-0.46688
47.5905,0.64167,9.98652,-0.25379
47.6101,-0.22746,10.40791,0.14605
47.6562,0.00958,10.98254,-1.86035
47.6562,0.95053,9.60344,-0.30647
47.6718,0.15563,10.42946,-0.18196
47.6876,-0.05028,9.08867,0.62730
47.7119,0.21788,8.93783,-1.09897
47.7279,0.03352,9.53640,-0.48604
47.7491,0.39745,9.99370,-0.23703
47.7717,-0.27774,10.14454,-1.33840
47.7891,-0.18915,8.97853,-0.90743
47.8094,-0.00718,10.91550,-0.81166
47.8315,-0.11253,10.02483,-0.20351
47.8499,-0.38548,9.65611,0.45970
47.8683,0.37111,8.31532,0.03113
47.8908,0.67758,8.87558,0.15084
47.9083,0.29689,10.77663,1.47487
47.9393,-0.36872,10.97296,0.44773
47.9508,-0.31365,10.23313,0.19154
47.9681,0.22267,9.47654,0.61293
47.9910,0.09577,10.00328,0.97208
48.0147,-0.59857,9.39035,0.33280
48.0319,0.22985,9.28260,-1.50600
48.0492,1.24981,9.05515,0.17478
48.0798,0.32802,10.94902,-2.26498
48.0896,0.02155,9.89075,-0.45731
48.1081,-0.86433,10.89156,-0.80926
48.1298,-0.52913,10.63776,-0.53632
48.1490,-0.13887,11.51167,-0.08380
48.1704,0.04070,9.02163,-1.01038
48.1940,0.85476,8.51404,-0.07901
48.2133,0.61772,8.50925,1.05827
48.2305,0.82842,9.34964,-1.49403
48.2516,1.30967,8.25546,-0.18675
48.2705,1.85317,8.25785,-0.92658
48.2896,2.03992,7.74069,1.59219
48.3118,0.02634,11.20281,-1.69036
48.3295,-1.43178,11.20521,2.22907
48.3564,1.19474,10.05835,-0.45252
48.3712,1.22108,10.11581,-0.77575
48.3889,0.57941,9.94103,0.54111
48.4095,0.39266,9.10543,0.96729
48.4340,0.10295,9.37359,-0.16520
48.4496,-0.10774,9.35922,1.43656
48.4865,-0.46928,10.27623,1.45572
48.5012,-0.70152,10.69044,-0.67997
48.5089,-0.40463,10.51326,-1.05588
48.5300,-0.11732,10.16848,-0.26576
48.5518,-0.46928,9.85484,1.53234
48.5716,-0.51237,9.73512,-0.34238
48.5918,-0.17239,8.52841,-0.34717
48.6304,0.28971,8.82530,0.03831
48.6530,0.08619,8.72234,0.16760
48.6531,1.46769,9.03360,0.21309
48.6723,2.65764,7.50845,-0.65603
48.6897,1.63529,8.40869,-2.03992
48.7096,0.80208,8.89473,-0.69913
48.7344,0.16281,11.02564,0.04549
48.7501,-0.62969,10.54439,0.88828
48.7707,-0.10295,10.35284,1.96570
48.7925,-0.49322,11.35126,-1.15883
48.8126,-0.31844,12.00250,-0.51956
48.8307,-0.69434,11.14535,-2.32963
48.8533,1.34319,8.38236,-0.53392
48.8726,0.44294,9.76625,1.07982
48.8996,-1.21390,11.64815,1.64966
48.9179,1.50839,7.45338,-0.59139
48.9309,1.87711,8.82051,0.52195
48.9510,-0.21548,9.40471,-1.03912
48.9745,-0.12450,11.04718,-1.02475
48.9931,2.28174,9.10303,-0.96489
49.0120,2.63131,9.41668,-4.70954
49.0359,1.26657,8.61221,-1.25699
49.0543,0.70392,9.61541,-0.21309
49.0748,-0.25619,10.50847,0.68716
49.0925,0.38069,10.05117,0.33280
49.1105,0.09098,8.31771,0.59378
49.1341,-0.68476,8.97135,2.50202
49.1570,-1.15165,10.19961,0.41421
49.1923,-0.23464,12.52924,-0.57941
49.1923,0.22746,8.85403,1.03912
49.2142,-0.92419,9.25866,2.35118
49.2305,-0.43815,10.97775,-1.35277
49.2509,0.07422,9.91709,1.60416
49.2733,-1.20671,10.39834,-0.79729
49.2908,1.03433,10.17806,0.32083
49.3145,2.27696,9.71357,-0.00718
49.3460,1.24502,9.04796,-0.74462
49.3514,0.11253,10.37439,0.95292
49.3706,-1.04630,10.53241,2.84440
49.3929,-1.58740,10.08708,1.81007
49.4131,-0.49083,9.68484,0.41421
49.4326,-0.22506,10.60185,-0.30886
49.4548,-0.80208,9.59865,-0.11971
49.4718,0.87152,10.91311,-0.41900
49.4905,1.13728,9.91469,-0.34956
49.5129,0.76856,9.25866,-1.69515
49.5321,0.84278,8.85642,-0.21548
49.5521,0.57463,8.00406,0.39745
49.5741,0.37351,7.91547,-0.59617
49.5917,0.02873,9.51245,0.93377
49.6244,-0.00958,9.56034,0.56026
49.6335,-0.54111,8.96656,2.03513
49.6503,0.70871,8.43742,2.33442
49.6707,0.04070,9.49330,0.55787
49.6930,0.33041,9.51964,2.14048
49.7123,-0.32562,9.40232,0.30886
49.7470,-0.78053,9.48133,0.65843
49.7621,-0.92658,7.97054,0.16760
49.7706,-1.68318,9.77582,1.16362
49.7904,0.03591,10.13257,0.20591
49.8129,0.11253,9.04078,1.53952
49.8306,-0.08380,10.15412,-0.47167
49.8505,0.09098,9.54119,1.00799
49.8734,0.73025,9.28021,0.33999
49.9017,0.03352,9.67526,1.38868
49.9153,0.71589,10.74311,-2.10217
49.9326,0.18436,9.33767,1.50600
49.9519,1.31206,11.86842,-1.33361
49.9728,1.58262,10.32411,1.62811
49.9934,0.10774,11.43027,-0.41660
50.0319,-0.39745,10.47735,0.33520
50.0467,-0.11253,11.19802,-0.05507
50.0530,-0.19394,8.21476,0.86912
50.0700,-0.02155,8.81333,0.70631
50.0903,-0.17478,10.24031,0.75180
50.1128,0.83321,8.81093,0.62730
50.1322,1.07982,9.02402,1.75740
50.1521,0.11253,10.18524,1.56346
50.1893,0.20830,10.73832,0.04070
50.1908,0.16042,9.67287,2.17400
50.2101,0.18196,10.17806,0.95292
50.2325,0.41421,8.64573,1.41980
50.2518,0.36632,10.16848,-0.97208
50.2755,0.21548,9.81653,-0.87391
50.2943,0.52435,9.28979,-0.87152
50.3278,0.18675,9.01205,0.22506
50.3314,-0.09338,10.29538,0.35196
50.3539,-0.38069,9.69442,1.31685
50.3701,-0.39266,11.80377,-0.32802
50.3913,0.32562,9.50048,1.16601
50.4126,-0.22985,9.08627,-0.42139
50.4303,0.52195,9.16050,0.52195
50.4514,0.96729,9.84526,-0.92419
50.4726,0.49561,9.51485,-1.34079
50.4926,0.70871,10.65692,-3.34959
50.5131,0.52435,8.60981,0.39745
50.5365,0.41900,7.63295,1.02475
50.5521,-1.05827,9.10782,0.46928
50.5721,-0.50759,9.31612,1.32403
50.6049,-0.21309,9.04078,1.01996
50.6101,0.09338,10.31214,0.68716
50.6305,0.31365,10.28102,0.82602
50.6528,0.09577,9.95779,1.39347
50.6713,0.33999,10.68565,0.48125
50.6920,0.33759,9.60104,0.40942
50.7139,0.02394,9.43584,1.39586
50.7322,1.01278,9.87878,-0.46688
50.7518,1.30967,10.01765,-0.49083
50.7726,1.13010,9.43823,1.09179
50.7904,0.50040,10.73114,0.03113
50.8139,-0.82602,10.28102,1.40783
50.8373,-1.30727,10.51565,0.10295
50.8543,-0.02634,10.42228,1.16601
50.8738,-0.34956,9.04557,0.61293
50.8983,-0.17718,8.73910,-0.37111
50.9126,-1.47008,9.07191,1.59698
50.9317,-1.29770,7.67126,1.45332
50.9552,-0.30407,7.30733,0.74701
50.9716,0.10295,7.79336,0.53871
50.9917,-1.05348,10.21637,1.14207
51.0270,-1.61853,10.41749,1.19714
51.0314,-0.32083,9.71118,0.89546
51.0509,-0.09577,11.31055,0.87630
51.0736,-0.15323,10.85564,1.37671
51.0911,0.06943,11.60744,-1.17798
51.1140,-0.84278,10.75987,-1.22347
51.1376,-0.26337,10.63058,0.11014
51.1748,-0.40942,9.29697,2.08302
51.1750,-1.29770,10.87001,1.62332
51.1958,-1.42459,10.86522,0.49801
51.2130,-1.02236,9.43823,-0.96968
51.2317,0.23943,10.83409,-0.55547
51.2538,1.27375,10.88916,-0.33041
51.2850,1.46769,10.29538,-0.10535
51.2965,0.56505,8.10941,0.94813
51.3142,0.18196,10.12539,0.97686
51.3313,-0.63209,9.13655,3.33044
51.3517,-0.23943,10.11342,0.57941
51.3734,-0.14845,9.62259,0.73265
51.3913,0.11014,8.60263,0.65843
51.4128,0.01197,7.78379,1.39347
51.4508,-0.36872,10.21398,-3.18678
51.4510,0.23224,9.53400,-0.53632
51.4711,-0.45252,9.58428,1.03193
51.4938,-0.45491,7.61858,3.52198
51.5125,-0.96489,9.53161,-1.47727
51.5339,-0.59857,9.22514,2.17879
51.5547,-1.37910,10.85325,1.22826
51.5740,-0.03352,9.15092,0.39506
51.5929,1.00320,8.84685,-1.74064
51.6135,1.41980,9.43823,-1.56825
51.6310,0.86912,8.17166,2.42301
51.6526,-0.91940,8.94022,2.57624
51.6745,0.12929,9.46457,1.39347
51.6928,-0.91222,9.71597,2.32963
51.7237,-0.69913,10.01525,1.16841
51.7358,-0.18436,9.59146,2.64567
51.7510,-0.55787,10.31693,0.21788
51.7707,0.20351,10.85085,-2.04950
51.7957,1.04390,9.83089,0.17957
51.8121,0.77814,9.70878,0.27534
51.8348,-1.19474,10.21398,-0.12450
51.8707,-0.23224,9.40232,1.45811
51.8739,-0.13887,9.40711,1.02954
51.8912,-1.07742,9.36880,-0.66082
51.9135,-0.59617,8.82530,-0.28492
51.9312,0.96729,8.33686,-1.72867
51.9511,0.84039,8.54996,-0.78772
51.9735,0.04789,9.65850,-1.63529
52.0134,-0.66082,9.85005,0.19154
52.0134,-1.35516,9.61062,1.66881
52.0333,-1.05348,10.36960,-0.07422
52.0512,0.97686,9.16289,0.02634
52.0714,0.16520,10.75269,-1.42699
52.0937,0.39266,10.35763,-0.19394
52.1113,0.17957,10.97775,0.22746
52.1344,-0.37351,10.16609,2.24104
52.1532,-0.27534,10.95860,1.47008
52.1726,-1.13489,10.75269,2.30329
52.1932,-0.92658,10.21877,2.20752
52.2134,0.15084,9.36640,1.72627
52.2310,-0.52674,9.66329,2.07105
52.2519,-0.49322,10.57072,1.13967
52.2809,-0.22746,9.90033,0.15323
52.2911,-0.04070,9.66329,0.42618
52.3107,-0.44773,9.91709,0.17239
52.3333,-0.05267,8.90191,0.90025
52.3509,-0.52195,10.43425,-0.00239
52.3710,-0.39027,8.44221,2.15724
52.3946,0.15802,8.77262,0.37111
52.4260,-0.39506,8.49489,3.61057
52.4311,-0.82602,10.80536,2.74384
52.4535,-0.06465,7.70238,2.04711
52.4717,0.89785,7.94181,1.17559
52.4905,0.98644,8.60981,1.48206
52.5133,0.63448,7.58985,-0.26098
52.5330,1.29770,7.19001,0.13647
52.5641,1.63529,9.61062,1.94894
52.5736,-0.36393,10.09905,0.85476
52.5909,-0.52435,11.08310,2.90426
52.6107,0.16281,11.23394,2.53075
52.6332,-1.69754,10.76705,0.00000
52.6515,-0.81645,11.39914,0.80926
52.6900,1.14446,10.29059,2.20513
52.7090,-0.60575,10.50608,0.49801
52.7117,-0.89546,10.60664,0.50040
52.7306,-0.61054,11.46858,1.56107
52.7533,-1.65205,12.20601,-0.18436
52.7708,0.03352,10.39594,1.29530
52.7909,-0.50759,11.25070,1.29291
52.8140,-1.51318,11.68646,1.60416
52.8463,0.03113,9.95779,1.01038
52.8524,0.39984,9.00966,3.19396
52.8732,-0.89306,9.64893,-0.03591
52.8910,0.75899,8.10701,0.99602
52.9108,1.57543,6.98171,1.64726
52.9333,0.44294,7.94420,0.52435
52.9523,1.25460,8.07589,-0.63448
52.9875,2.28893,6.45975,2.40625
52.9952,0.25379,9.96976,-0.17718
53.0104,0.47167,10.07271,0.45731
53.0305,0.37111,9.35443,-0.68476
53.0529,0.12211,8.77502,2.12133
53.0707,0.33759,9.99131,0.11732
53.0906,0.25379,10.36482,1.30488
53.1214,-1.35516,12.55079,0.49322
53.1325,-1.63290,9.48133,2.77496
53.1505,-1.50360,9.84047,1.20432
53.1730,-1.67839,11.14056,1.64247
53.1918,-2.40625,11.35605,0.57223
53.2107,-0.89546,9.67526,0.44773
53.2336,-0.87630,8.86600,1.39586
53.2590,-0.53392,9.65611,1.76219
53.2766,0.95771,10.44143,-1.01517
53.2926,2.31287,8.23152,-0.51956
53.3107,0.46688,10.57551,1.38629
53.3309,-0.63927,9.55795,1.19235
53.3530,1.31685,9.55555,1.13249
53.3707,1.23305,8.40869,2.15964
53.3905,-0.11014,9.87878,2.64807
53.4151,-0.36872,10.88437,2.97130
53.4314,-0.09098,10.26426,3.23706
53.4505,0.29450,8.35123,1.33601
53.4729,-0.82842,8.64333,1.59698
53.4906,-0.35196,9.39274,0.47167
53.5115,-0.34478,9.93385,0.71110
53.5380,-0.97208,9.48372,1.01038
53.5501,-0.86673,8.88515,1.03672
53.5718,-1.33601,9.08627,1.05109
53.5940,-1.60416,9.64653,1.77416
53.6118,-0.36154,10.58270,0.48125
53.6319,-0.13647,9.85962,0.22746
53.6559,-1.14925,10.00328,3.69676
53.6743,-0.69913,11.51646,0.44055
53.6932,-0.19154,7.51563,0.59378
53.7152,0.77096,10.35763,-0.39506
53.7323,-1.29051,9.20359,1.37671
53.7530,-0.87391,10.65452,-0.83321
53.7734,-0.32562,9.47175,0.85236
53.8031,0.33999,8.34405,-0.28731
53.8241,0.15323,8.63375,-0.23224
53.8333,-0.10056,10.05117,-0.58899
53.8508,0.11732,10.26904,1.24502
53.8710,-0.74701,10.74072,2.04711
53.8935,-0.59857,9.99610,2.36794
53.9107,-0.21548,9.47175,2.09738
53.9307,-0.59139,11.33689,2.08062
53.9577,-0.71349,10.43904,1.69036
53.9709,-0.01915,8.96895,2.39906
53.9917,-0.06465,9.14134,1.95373
54.0130,-0.41421,9.11022,1.67120
54.0320,-0.02634,8.65051,1.68557
54.0521,-0.36872,9.32091,1.51797
54.0741,-0.34717,9.49330,0.79729
54.0934,-0.88588,9.45739,1.86514
54.1181,-0.75659,9.73991,1.11094
54.1325,-1.00320,10.47735,1.97528
54.1505,-0.79490,8.52841,2.09020
54.1705,-1.24742,9.27063,1.12052
54.1942,-0.67758,8.53798,2.46610
54.2121,-1.09897,9.43344,2.28174
54.2433,-0.45491,10.28341,1.83162
54.2525,-0.14845,9.42626,2.07105
54.2702,-0.48604,9.74230,1.99922
54.2903,-1.05827,10.48213,2.43498
54.3129,-1.97288,11.34407,2.70553
54.3305,-1.96331,11.94743,1.42459
54.3522,-1.63529,10.09905,1.42220
54.3766,-2.66962,11.37281,0.84997
54.3908,-1.40783,10.58030,1.16841
54.4102,-1.58262,10.46777,1.45811
54.4327,-2.69356,10.07032,0.52674
54.4518,-2.45174,8.81572,1.72148
54.4707,-1.77176,8.34884,1.92739
54.4933,-1.37192,8.12377,1.49882
54.5115,-0.28013,8.21955,0.56744
54.5301,0.06704,7.87956,1.12052
54.5524,0.83081,7.93942,1.15643
54.5701,1.04869,8.28898,2.36794
54.5904,1.69275,9.15092,1.47966
54.6126,0.38787,9.05275,1.69036
54.6332,-1.73345,11.15732,2.94975
54.6546,0.67279,10.42946,3.46212
54.6725,-0.14366,10.60424,2.82524
54.6903,-1.24023,9.83808,2.05668
54.7101,-2.52117,9.56034,2.57385
54.7328,-0.93856,10.80297,0.35196
54.7521,-0.08380,9.44063,-0.11014
54.7740,-1.67120,10.65213,-1.02236
54.7965,-1.17319,11.14295,1.22347
54.8102,-0.60096,9.55555,0.59857
54.8302,-0.86912,10.02004,0.25858
54.8525,-1.56346,11.23154,0.19633
54.8717,-3.13650,10.44383,2.60976
54.8918,-2.62891,10.44383,0.86194
54.9142,-2.03753,9.33049,1.06545
54.9332,-1.30009,9.38316,-0.54589
54.9502,-1.18995,9.06712,0.51956
54.9724,-0.91940,8.23391,0.17957
54.9900,-0.95532,8.39672,1.21150
55.0120,-1.71430,8.71756,1.10376
55.0341,-0.59139,8.83487,1.04390
55.0541,-1.64247,9.24908,2.09020
55.0713,-1.21390,9.61780,1.34319
55.0950,-0.48843,9.03599,1.25939
55.1101,-0.28731,8.54277,0.67758
55.1297,0.37351,7.82449,0.57702
55.1526,-0.48364,8.88994,0.60575
55.1705,-1.40065,9.62020,2.01359
55.1904,-1.83880,10.00328,1.78373
55.2248,-0.19633,8.52601,2.11654
55.2300,-0.16999,10.51326,-1.94415
55.2503,-1.82204,10.33130,0.13887
55.2726,-2.03992,9.89314,0.67519
55.2900,-1.70712,10.86522,-0.83081
55.3100,-0.72547,10.77663,-0.66561
55.3334,-4.25702,12.38080,-1.57064
55.3556,-3.37353,8.73910,0.60815
55.3697,-1.94894,9.13176,3.46452
55.3925,-2.91862,11.15253,-0.68716
55.4111,-4.24026,10.73593,1.69515
55.4312,-0.61293,10.12060,-2.76060
55.4539,-0.25140,9.23472,-0.49083
55.4738,-4.09421,10.51087,1.61135
55.5036,-1.35755,10.80297,-0.27055
55.5185,-2.29611,10.20679,2.17161
55.5296,-3.18678,10.05835,3.14847
55.5497,-2.36315,9.36640,-0.09577
55.5734,-2.33681,9.31612,-0.52913
55.5914,-1.06545,9.19880,0.13169
55.6115,-1.44854,9.46457,-0.00239
55.6409,-1.54431,9.38316,-1.02236
55.6510,-0.86912,9.87399,-1.24502
55.6707,-1.02236,9.38077,0.42139
55.6922,-1.47966,8.89713,-1.65205
55.7103,-1.14925,8.27461,-0.04070
55.7314,-0.78532,8.10941,0.28013
55.7552,-1.81725,8.56193,0.16042
55.7741,-1.76458,9.73033,-0.50280
55.7899,-0.68716,8.76783,-0.11493
55.8143,-2.02795,9.53400,-0.25140
55.8315,-2.12372,9.05515,-0.78293
55.8518,-1.20432,8.83727,-1.11813
55.8722,-1.80528,8.77741,0.66321
55.8914,-2.44216,9.50288,0.03352
55.9115,-2.82046,10.02962,0.17478
55.9323,-3.28973,9.69202,0.62969
55.9502,-2.02795,8.54517,2.52117
55.9703,-2.95932,9.76385,-0.12929
55.9925,-3.28734,10.03919,1.11334
56.0104,-2.49005,10.13736,-0.35435
56.0320,-3.51240,10.01046,1.34079
56.0659,-2.64807,10.31454,0.71589
56.0700,-3.64169,9.90751,0.11971
56.0898,-2.98087,11.56195,-0.35435
56.1125,-3.24903,11.33929,0.04549
56.1313,-4.36716,11.23873,-0.03352
56.1501,-3.52437,10.67368,1.07024
56.1731,-2.69595,8.61460,2.49483
56.2110,-2.81327,8.43503,0.67519
56.2112,-1.29291,7.16846,1.02714
56.2324,-0.26816,7.78139,0.91461
56.2498,-2.23625,10.53241,1.00560
56.2698,-3.22509,11.76068,-0.25619
56.2936,-1.71191,8.95698,3.12213
56.3110,-1.90824,11.26746,0.11253
56.3475,-1.13967,9.39035,1.43896
56.3526,-0.27295,8.64573,1.20671
56.3713,-1.22587,9.64174,3.51719
56.3899,-2.03992,9.29936,1.29291
56.4153,-1.74064,9.39753,1.69994
56.4338,-2.59300,9.54119,1.69754
56.4712,-2.04950,9.10543,2.32005
56.4829,-1.86993,9.25387,1.97288
56.4903,-1.58262,9.54119,0.45012
56.5097,-1.05348,8.15729,0.22506
56.5323,-1.01757,8.10701,0.27295
56.5499,-0.94095,8.68643,0.19154
56.5708,-1.32882,8.54517,1.18756
56.5957,-0.90504,9.45978,0.08619
56.6223,-1.71430,9.50767,0.78532
56.6398,-2.09260,9.48133,0.41182
56.6534,-1.84599,8.72953,0.69195
56.6695,-2.00161,9.71118,1.01757
56.6900,-2.97130,11.41111,1.56825
56.7128,-2.93299,10.62100,1.88429
56.7302,-3.06228,11.09507,1.39347
56.7601,-3.51480,11.08310,0.90982
56.7726,-3.05031,9.99131,1.67839
56.7896,-3.42381,10.16370,0.32083
56.8096,-3.42621,10.67128,0.42858
56.8338,-2.61694,10.02004,1.17319
56.8514,-3.41184,10.78381,2.04232
56.8728,-3.34480,11.02564,0.11732
56.9051,-3.24424,9.62020,-0.09338
56.9098,-2.51878,10.07271,0.85954
56.9298,-3.09101,11.81814,2.66243
56.9537,-3.87154,11.18845,0.94334
56.9710,-2.48765,10.17806,2.58821
56.9904,-3.13889,9.64893,2.47807
57.0136,-3.27297,11.09028,1.40544
57.0470,-3.44776,10.39115,1.56825
57.0498,-1.93697,8.04955,-1.24023
57.0759,-0.42379,6.41426,0.50998
57.0895,-0.90025,7.64013,1.28812
57.1110,-2.23865,9.33767,-1.75500
57.1337,-0.79729,9.64174,1.83401
57.1517,-1.31685,10.16370,2.00401
57.1882,-3.11974,10.40791,0.05746
57.1923,0.00718,9.45020,0.96250
57.2100,-2.19555,8.26025,1.45093
57.2297,-2.80848,8.21476,1.10855
57.2523,-1.60656,9.03360,0.90982
57.2699,-2.05189,8.92346,0.55068
57.3003,-2.55709,9.97455,-0.56505
57.3139,-2.55469,9.45499,1.78134
57.3294,-2.80130,10.83888,0.97208
57.3495,-2.62173,10.58270,1.26897
57.3721,-2.01598,9.96737,1.33601
57.3901,-1.90345,9.20359,1.57543
57.4097,-2.04471,9.37837,1.34319
57.4319,-1.63529,9.85962,0.53392
57.4564,-1.42220,9.31373,0.60336
57.4692,-1.24023,9.40471,0.51716
57.4917,-1.14925,9.81892,1.17080
57.5104,-1.21150,9.60822,0.00239
57.5307,-0.44055,9.02402,0.70871
57.5536,-0.34717,10.03680,0.13887
57.5898,-0.38069,9.18683,-0.05267
57.6019,0.59857,8.57869,-0.31126
57.6131,0.21070,8.88037,2.04711
57.6312,0.06465,10.82212,-0.13169
57.6518,0.06704,9.44781,1.56107
57.6730,0.05028,10.27623,-0.94334
57.6924,0.03831,9.01444,1.31206
57.7393,-0.79011,9.47654,1.52755
57.7394,-0.63688,9.55555,1.19235
57.7543,-0.67279,9.90990,0.36632
57.7716,-0.96729,9.41189,1.16601
57.7929,-1.03672,9.17486,0.33280
57.8104,-0.41900,9.60344,1.06306
57.8315,-0.69913,9.62498,0.86912
57.8555,-0.68237,9.62498,1.52036
57.8731,-0.74462,10.39594,0.68716
57.8925,-0.87870,9.28260,0.43815
57.9129,-0.58181,9.94103,0.51956
57.9314,-0.49561,9.46936,-0.05746
57.9506,-0.24422,9.47893,-0.01676
57.9744,-0.07422,10.13018,-0.11253
57.9918,-0.92898,9.81413,1.12291
58.0118,-0.95292,9.72554,-0.76617
58.0338,-0.69195,9.71357,0.52435
58.0530,0.44773,9.47654,0.42379
58.0707,-0.74701,8.76783,-0.33999
58.0934,-0.06465,9.44063,1.18756
58.1109,-1.10376,11.14295,1.44375
58.1311,-1.13967,9.49569,0.39506
58.1677,-0.33759,9.77343,1.17080
58.1718,-0.47167,10.16130,0.17478
58.1905,-1.31206,9.48133,-0.13647
58.2128,-0.63209,9.78301,0.92898
58.2324,-0.97208,10.37679,0.31126
58.2527,-1.70233,9.50767,0.42139
58.2732,-1.42459,10.84606,-0.23224
58.3090,-1.36474,10.03201,0.83321
58.3137,-1.01278,9.98652,0.61293
58.3334,-0.17957,9.81653,0.62730
58.3498,-0.64406,9.88836,-0.18436
58.3702,-1.04390,10.46777,-0.20351
58.3924,-1.26418,10.40552,-0.93137
58.4104,-1.36953,10.57791,0.55068
58.4368,-1.05588,10.19482,0.89785
58.4523,-1.06066,10.02483,-0.46688
58.4694,-0.99841,9.74709,-0.28731
58.4889,-1.07742,9.62498,-0.56026
58.5116,-1.35755,9.58428,-0.32802
58.5293,-1.21150,9.79737,-0.29210
58.5492,-1.07503,9.58907,-0.27534
58.5777,-0.80208,9.60822,-0.31844
58.5910,-0.93856,9.50527,-0.61533
58.6092,-1.33361,10.00328,0.35675
58.6314,-1.24742,9.74230,0.13887
58.6491,-1.42699,9.33528,0.10056
58.6712,-1.33840,9.39274,0.95292
58.6928,-1.14207,9.09824,-0.05028
58.7193,-0.93856,9.00008,-0.63448
58.7300,-0.65364,9.53161,-0.19633
58.7521,-0.84278,9.78301,0.44773
58.7702,-0.89306,10.12060,0.77335
58.7900,-0.78053,10.54199,0.71110
58.8139,-1.11334,10.18764,0.25379
58.8331,-1.21390,9.68724,0.90264
58.8570,-0.88828,9.33528,1.31925
58.8725,-0.99123,8.85163,1.39586
58.8896,-1.55628,9.61062,0.64167
58.9099,-1.12291,9.75188,0.75899
58.9324,-1.46051,9.37119,1.38868
58.9499,-1.40065,9.74949,-0.31365
58.9720,-1.30967,9.87638,-1.07503
58.9936,-1.33601,9.22275,0.73983
59.0102,-0.99362,9.75906,-1.51079
59.0302,-0.81166,8.88994,-1.00799
59.0529,-1.21869,9.51724,-0.22027
59.0707,-0.53392,8.98571,-1.79092
59.0929,-0.73744,9.97694,-1.40783
59.1149,-0.90025,9.73991,-0.57463
59.1330,-0.23703,9.51724,-2.28414
59.1502,-0.29210,9.94342,-2.21710
59.1726,-0.65124,10.19961,-1.25699
59.1900,-0.44773,9.87638,-1.33840
59.2101,-0.74462,10.57791,-1.21629
59.2326,-0.81405,10.72156,0.09098
59.2534,-0.37351,10.18046,-1.13489
59.2849,-0.63927,10.19482,-1.97767
59.2926,-0.61533,10.05117,0.59139
59.3098,-1.03433,10.65213,-0.52435
59.3299,-1.22108,10.81254,-0.29450
59.3535,-1.50839,10.51805,1.80289
59.3725,-0.63209,10.28820,0.11493
59.3906,-0.31365,10.10384,0.32323
59.4221,-0.36154,10.08708,0.13647
59.4306,2.21949,9.05275,3.82845
59.4498,-2.37033,8.62657,1.00320
59.4720,-1.52994,7.71196,2.74863
59.4913,-1.70951,8.66249,1.58501
59.5113,-1.62571,8.44461,1.06306
59.5330,-0.24661,8.24109,3.25861
59.5570,0.55308,10.18046,0.09338
59.5710,-0.97208,10.13257,0.00718
59.5920,-0.51477,9.25387,1.62092
59.6099,-1.39586,9.15092,1.77895
59.6319,-1.97288,10.05117,1.84599
59.6544,-1.34319,9.92427,0.55547
59.6845,-0.93856,9.91709,-0.92180
59.7038,-1.29291,10.24271,-1.12770
59.7129,-1.31446,10.43186,-2.42061
59.7299,-1.05348,10.89874,-1.86035
59.7501,-1.43417,10.96817,-1.44614
59.7729,-1.27375,11.12859,-2.32963
59.7901,-1.63529,10.18046,0.09338
59.8117,-1.47727,10.42707,-2.82046
59.8442,-1.21150,9.47415,0.36393
59.8498,-0.56026,10.40312,-0.01437
59.8699,-0.06943,10.08947,-0.40224
59.8945,0.76856,10.30975,2.44934
59.9121,-2.70074,10.29778,2.55469
59.9304,-2.30569,9.51245,1.53473
59.9857,-1.23305,9.86441,3.19157
59.9859,-1.77655,11.81096,0.52674
59.9988,-1.43178,10.20919,2.55469
60.0128,-0.41182,9.56034,0.73983
60.0306,-1.10137,8.10941,2.58582
60.0496,-0.88588,9.62020,0.01197
60.0722,-0.85715,9.29218,0.29689
60.0899,-0.33520,9.22754,-0.87870
60.1106,-0.30886,8.76544,-0.80208
60.1320,-1.38389,10.50129,-0.80208
60.1517,-0.83800,9.75428,-0.80926
60.1694,-1.20671,10.14454,-1.00081
60.1921,-1.71430,9.75188,-0.26337
60.2095,-0.91701,9.79977,-1.51797
60.2307,-1.40783,8.19560,-0.98644
60.2554,-2.09738,8.94740,-1.23784
60.2696,0.17957,7.24747,-0.58181
60.2897,0.45491,10.95620,-1.49163
60.3124,0.00000,12.14137,-0.77814
60.3300,0.04789,12.51248,0.61054
60.3509,-2.80130,9.90033,-3.86197
60.3818,-1.36713,9.99370,2.67680
60.3922,-1.49882,11.25070,4.35997
60.4097,-1.21629,10.41270,1.87232
60.4318,-2.11893,10.45101,2.15485
60.4494,0.36393,10.13736,0.68237
60.4717,-0.56744,9.45020,1.58740
60.4939,-1.40783,11.69364,0.57702
60.5119,-0.70871,10.11342,2.09978
60.5448,-0.43576,10.73353,1.61853
60.5529,-1.06785,10.15891,0.42379
60.5698,0.32562,8.69840,0.57702
60.5895,-0.33999,9.11740,1.70472
60.6136,-0.69195,9.72315,0.62251
60.6315,-0.77096,8.97135,-0.16760
60.6514,0.37830,6.95537,0.66800
60.6789,0.90504,8.21476,-2.10217
60.6901,0.91222,8.51165,0.92180
60.7098,0.54350,12.00489,-2.41822
60.7322,-0.97926,10.26904,-2.03034
60.7498,0.02873,7.52042,3.94576
60.7715,-0.23464,8.78459,0.33520
60.7955,-3.00242,8.43503,4.10379
60.8150,-0.95532,10.96099,-3.02636
60.8294,0.16520,10.49411,-3.95295
60.8519,-0.10056,8.75347,-0.07422
60.8694,0.22746,9.77822,-2.54272
60.8895,0.18436,10.62100,-1.59698
60.9134,-0.83081,10.51087,-0.65124
60.9317,-0.37830,9.60583,0.30647
60.9511,-0.50280,10.14454,1.27375
60.9722,-0.82842,10.60424,1.50839
60.9894,-1.37192,10.69044,2.34160
61.0095,-1.09179,10.78621,1.98007
61.0357,-1.15165,10.94184,1.82204
61.0534,-0.33759,9.96737,2.20273
61.1003,-0.88109,10.90592,2.14766
61.1003,-0.91940,9.65850,-0.00718
61.1150,0.11732,9.60822,0.84997
61.1303,-0.06225,9.86681,0.41660
61.1529,-0.22267,9.09346,0.10295
61.1706,-0.10295,9.70400,1.11334
61.1911,-0.42379,9.26824,1.92500
61.2134,-0.36154,8.69122,0.51237
61.2321,-0.22267,8.68643,1.08461
61.2507,-0.18436,9.20838,1.24981
61.2730,0.33999,8.80375,-0.60815
61.2930,0.57463,9.00726,-0.60336
61.3129,0.23943,8.93304,-0.92898
61.3344,-0.01676,9.10543,-1.01517
61.3698,-0.29928,9.44781,-0.19154
61.3852,-0.67519,10.91071,1.19714
61.3955,-0.75659,10.26665,0.77335
61.4129,-0.46449,11.51407,-0.27774
61.4328,-0.24182,10.53241,2.15485
61.4535,-0.64167,11.23394,1.14446
61.4729,-0.06943,10.88916,2.80848
61.5033,0.24182,9.51964,2.76778
61.5170,0.37590,9.82371,0.42379
61.5345,0.33280,8.98092,1.58980
61.5504,0.31844,8.70319,2.24583
61.5729,-0.32562,11.56435,4.52997
61.5905,-1.70233,11.33450,2.48526
61.6116,-1.21869,10.95141,2.61455
61.6437,-0.56265,9.69202,3.32804
61.6602,-1.17319,9.89075,2.79412
61.6720,-1.57064,10.86043,0.99123
61.6930,-0.83321,10.17327,1.91063
61.7106,-1.47008,9.75188,-0.00239
61.7353,-0.89067,9.14134,0.39027
61.7565,-1.27375,10.59467,0.74462
61.7909,-0.62251,12.24193,-0.27055
61.8091,0.68716,9.86920,0.05507
61.8135,0.47885,9.45499,-0.66082
61.8306,0.31844,9.48851,-0.98884
61.8517,0.57223,10.11581,-0.69673
61.8764,-0.75899,9.18923,2.15724
61.8942,-1.43656,10.75748,-1.15165
61.9122,-0.05507,8.45658,0.99362
61.9486,0.09817,10.02722,0.07422
61.9511,-1.03912,12.08630,-0.65364
61.9702,-1.92260,11.10704,0.95771
61.9931,-0.71589,11.01606,0.87870
62.0105,-0.34238,10.43425,-0.21788
62.0307,-0.15323,10.35284,-1.12531
62.0529,0.05267,10.00567,0.33041
62.0757,-0.87870,11.00888,0.71589
62.0901,-0.68237,9.90033,0.93616
62.1126,-0.78532,9.69681,0.80448
62.1303,-0.56026,9.99131,-0.98405
62.1518,-0.65364,10.25468,-1.15165
62.1741,-0.45252,10.07990,0.79490
62.1926,-0.35435,9.79019,0.61533
62.2175,-0.05746,9.31612,1.42699
62.2338,0.00718,8.98332,0.06943
62.2549,-0.42618,9.43823,0.14126
62.2714,-0.75659,9.94821,1.18517
62.2936,-0.61293,9.54837,2.20273
62.3126,-0.84039,9.38556,1.64487
62.3314,-0.74462,10.20679,0.43815
62.3595,-0.69913,9.93145,-0.15802
62.3712,-0.56744,10.19961,0.40942
62.3914,-0.99602,10.21877,1.17080
62.4155,-1.27615,10.10623,0.20351
62.4318,-0.54350,9.70400,-0.18436
62.4530,-0.40703,9.42865,0.40703
62.4757,-0.64885,8.60742,0.82602
62.4937,-0.38069,9.17247,0.04549
62.5116,0.20830,8.85403,0.60096
62.5338,-0.10774,9.29457,-0.37590
62.5512,-0.00479,8.70319,-0.45491
62.5730,0.76377,8.68164,0.19394
62.5949,1.98246,5.13333,-1.88190
62.6131,0.60336,8.03040,-0.61533
62.6458,0.84997,9.26584,4.22350
62.6547,-3.89549,17.41356,-11.15732
62.6713,7.67844,4.58504,7.69280
62.6913,0.75659,9.98891,3.90027
62.7160,-4.96573,15.11027,0.93377
62.7330,4.01041,10.87240,3.50043
62.7717,2.55948,11.32013,10.77663
62.7885,-5.97132,19.11349,-7.29536
62.7913,-4.98967,11.11183,7.93942
62.8113,0.17957,11.33689,13.60188
62.8364,-4.38392,13.36963,2.28653
62.8529,-5.01840,11.63378,4.15886
62.8725,-0.48843,10.73353,6.51961
62.9123,-2.28893,10.10384,-0.80687
62.9123,1.52755,7.05593,2.35357
62.9328,0.52674,9.49091,-2.21470
62.9546,-0.06943,9.65372,0.87630
62.9710,3.40945,4.61377,2.88031
62.9921,4.81728,4.90347,-0.80926
63.0143,-0.86912,7.41986,7.67604
63.0324,-1.25221,17.94270,-5.58345
63.0616,-0.07422,7.59464,4.09421
63.0741,1.57783,8.97614,-5.20515
63.0914,0.22985,5.68640,5.79175
63.1126,0.73983,14.15495,-3.13889
63.1354,0.68237,8.21236,5.46852
63.1528,-3.35917,5.29614,4.41265
63.1731,-2.29372,16.07516,-9.93624
63.2044,0.44534,1.65684,8.55235
63.2131,0.10056,14.41593,-10.49650
63.2323,-3.55550,5.08544,3.05509
63.2554,0.41900,14.14298,-3.30649
63.2723,-1.48684,6.89791,6.10540
63.2920,0.64885,14.44705,-5.50204
63.3149,0.72068,7.26662,3.45973
63.3400,0.50040,12.17010,1.03912
63.3553,-0.86912,6.61778,4.08224
63.3742,0.33280,11.04479,-4.06787
63.3920,2.24583,9.74230,3.12453
63.4132,-0.43336,9.20359,3.55789
63.4345,-1.10855,10.47974,1.99204
63.4529,-0.06704,8.61221,2.09260
63.4846,-0.70631,10.26186,0.35196
63.4934,-0.71589,8.77262,1.05109
63.5109,0.13408,10.59467,-0.81405
63.5309,-1.64008,7.91308,1.32164
63.5536,-1.33840,9.82610,0.33759
63.5708,-1.45093,10.18764,1.95373
63.5920,-0.70152,11.26506,0.63688
63.6209,-0.89306,11.90912,0.15084
63.6311,-1.39107,10.60664,2.13330
63.6509,-0.40463,10.02483,3.07664
63.6748,-1.26418,11.04479,1.05588
63.6934,-0.22267,9.65132,1.30488
63.7148,0.65603,10.81733,0.75659
63.7354,-0.07183,9.85723,1.56346
63.7531,0.01915,9.75667,1.30727
63.7707,0.23703,9.84526,1.48924
63.7931,-0.14126,9.38795,1.39826
63.8110,-0.84039,9.51245,1.62811
63.8330,0.14605,8.98571,1.22347
63.8551,0.15084,8.56911,0.96729
63.8911,-0.38069,9.15092,1.28573
63.9076,-0.38069,9.26105,0.49801
63.9159,-0.14605,8.94022,0.76617
63.9312,0.01437,9.39753,0.06704
63.9515,-0.02394,9.05754,-0.17957
63.9748,-0.09817,9.65132,0.28731
63.9926,-0.34478,9.72794,0.24182
64.0125,-0.13887,10.29059,1.32164
64.0353,-1.08221,10.25707,0.90264
64.0507,-0.99841,10.10384,1.57783
64.0709,0.04789,10.72396,0.68955
64.0933,-0.17478,9.68484,1.35516
64.1109,-0.40703,10.66410,-0.00239
64.1309,-0.51237,10.11821,1.28094
64.1542,-0.16999,10.04638,0.28252
64.1785,-0.23464,9.74230,1.10615
64.1906,-0.17718,10.04159,0.94813
64.2129,0.42139,9.82850,1.40065
64.2307,-0.02155,9.66090,1.68557
64.2509,-0.05507,9.57710,1.48684
64.2732,0.21548,9.53640,2.04711
64.2935,0.01197,9.32570,2.20992
64.3259,-0.14845,9.75906,2.10457
64.3332,-0.07183,9.40232,2.16921
64.3511,0.48364,8.98092,2.27217
64.3721,0.21309,9.20599,1.79331
64.3933,-0.02155,9.54597,1.79092
64.4128,0.14605,9.79737,1.58022
64.4323,0.30886,9.55795,2.27456
64.4586,0.00239,10.07750,0.90504
64.4712,0.03352,9.54358,1.92260
64.4909,-0.04310,10.17806,1.58501
64.5125,-0.35435,9.94821,1.67839
64.5306,-0.31844,9.85484,1.72867
64.5518,-0.56505,9.84765,1.41741
64.5816,-0.47646,10.14215,1.20432
64.5937,-0.09577,9.17247,0.81884
64.6115,-0.40224,9.17965,1.77176
64.6338,-0.73025,10.45101,1.46769
64.6513,-0.61054,9.99849,1.24502
64.6724,-0.19633,9.44063,1.13010
64.6937,-0.62491,9.77104,0.74701
64.7111,0.01915,9.45260,0.64406
64.7306,-0.12690,9.84286,0.70392
64.7526,-0.46449,10.02243,0.95292
64.7704,-0.27534,9.87638,1.38150
64.7910,-0.13647,9.79977,1.21390
64.8154,0.01197,9.75667,1.42459
64.8332,0.08859,10.19482,1.26418
64.8681,0.16042,10.02243,1.15883
64.8809,0.17478,9.47893,1.08700
64.8922,0.08859,9.71597,1.55628
64.9128,-0.06943,9.51006,1.65205
64.9338,-0.09338,9.52682,1.57064
64.9516,0.12929,9.76146,1.35755
64.9742,-0.13408,9.35683,1.17559
64.9954,0.06465,8.77741,0.85715
65.0276,0.10056,8.76065,0.83800
65.0324,0.14126,8.43982,0.10774
65.0551,0.52674,8.15251,0.04549
65.0728,-0.12929,9.45020,1.27136
65.0926,-0.71349,10.84367,0.16760
65.1152,-0.47407,9.71597,-0.50998
65.1329,-0.09577,9.69202,0.05507
65.1637,0.02394,10.22355,0.11971
65.1756,-0.47885,11.12380,0.67997
65.1926,-0.37111,11.28901,-0.16999
65.2154,-0.22506,10.59706,0.59617
65.2382,-0.45252,10.74311,0.89306
65.2544,-0.95532,10.81015,0.10535
65.2754,-0.70871,11.53083,0.13408
65.3050,-0.55787,10.55636,0.85715
65.3143,-0.54829,10.18764,0.52195
65.3326,-0.41182,9.93624,0.07662
65.3549,-0.13887,9.85962,0.22506
65.3725,-0.10774,9.63217,-0.17957
65.3946,-0.32562,9.85005,0.24422
65.4183,-0.40942,11.92588,0.73504
65.4358,-0.36632,11.33210,0.96968
65.4525,-0.28013,11.57871,0.95532
65.4750,-0.08141,11.90433,1.92500
65.4928,-0.30407,12.09348,2.19794
65.5138,-0.92658,13.08471,1.86753
65.5371,-0.74223,12.91472,1.83162
65.5541,0.71589,11.39435,0.47167
65.5825,0.35435,10.16848,-0.61772
65.5973,0.58420,9.34485,-0.57223
65.6129,1.02475,8.87797,-0.17718
65.6326,0.83800,8.25307,-0.57223
65.6551,0.94813,8.17166,-0.02873
65.6737,0.86194,9.16528,-1.16601
65.6940,0.43576,8.31532,0.19154
65.7313,1.01517,7.94660,-0.09577
65.7348,0.79490,7.81252,0.29210
65.7526,0.59378,8.22433,-0.68237
65.7748,0.55787,8.00646,-0.76856
65.7940,0.11493,8.09983,-1.31446
65.8140,0.00239,7.72393,0.02394
65.8371,-0.37111,8.92825,-1.24502
65.8551,-0.39745,8.85403,-0.15084
65.8728,-0.16520,9.28500,-0.54111
65.8947,-0.11493,8.38715,-0.96968
65.9123,-0.07422,9.16768,-0.77335
65.9324,-0.10295,8.75347,0.04549
65.9554,-0.01197,9.34007,-0.73744
65.9762,-0.01197,9.35922,-0.24422
65.9938,-0.35675,9.57231,-0.39984
66.0153,-0.21548,9.43584,0.38787
66.0323,-0.45012,10.01046,0.22506
66.0523,-0.39027,10.22595,-0.23224
66.0752,0.39745,10.33608,-0.12211
66.0939,0.08141,10.48932,0.57702
66.1140,0.05028,10.65692,-0.13887
66.1484,0.37830,10.43186,-0.28252
66.1522,0.37351,10.40552,-0.02394
66.1721,0.44534,9.06712,0.24182
66.1969,0.54111,9.44541,-0.01915
66.2146,0.98884,9.31133,0.36872
66.2348,0.79969,9.03839,0.22267
66.2749,0.64645,9.31133,0.87152
66.2886,1.05827,9.13895,0.39745
66.2929,1.24263,9.11740,1.06306
66.3149,-0.14845,10.38636,1.41741
66.3328,-0.83321,11.76068,2.74384
66.3561,-0.24900,11.17169,2.76299
66.3787,0.33759,10.21877,2.17400
66.4133,0.16520,10.60664,1.37910
66.4134,-0.39506,10.55636,2.26020
66.4370,-0.14126,11.37759,1.36953
66.4546,-0.40942,10.14933,1.47727
66.4733,-0.48604,10.70959,1.10137
66.4980,-0.45731,10.28341,1.25939
66.5144,-0.14605,10.45819,0.07901
66.5349,0.16520,10.07271,-0.64167
66.5642,-0.08141,10.02722,-0.12450
66.5736,-0.10774,9.75906,-0.06704
66.5954,0.11732,9.46936,-0.10295
66.6156,0.21070,9.01923,-0.04789
66.6331,0.05507,9.07909,-0.00958
66.6535,0.03352,9.25866,-0.16520
66.6773,0.04789,9.37359,-0.08859
66.7042,0.82602,9.22754,0.33759
66.7185,1.06545,8.80375,0.08380
66.7371,1.13728,9.01923,-0.36393
66.7532,0.48604,9.39035,-0.19154
66.7755,0.24422,9.98652,-0.20351
66.7978,0.26098,9.76385,-0.35675
66.8312,0.31365,10.54199,-0.71110
66.8348,0.29450,10.13018,-1.72388
66.8555,1.90824,8.50446,-1.82444
66.8733,1.44614,8.76783,0.22027
66.8932,1.02475,8.77262,-1.05109
66.9175,1.61374,8.94740,-0.88828
66.9343,1.61614,10.35763,-0.33999
66.9579,0.73744,10.64016,-1.21150
66.9925,0.65364,10.73353,-1.48445
66.9950,0.21070,11.86363,-0.13408
67.0140,-0.88109,10.41988,1.96809
67.0360,-0.48125,11.81575,-0.12450
67.0555,-0.77575,12.32333,1.59219
67.0755,-1.25939,12.29939,1.17319
67.0982,-0.13169,10.28341,-0.23224
67.1156,-0.64167,10.37679,1.76697
67.1345,-0.14366,9.68724,1.30727
67.1564,0.62491,8.54038,0.40703
67.1739,0.54111,8.68164,0.75180
67.1939,0.70631,8.81333,1.17559
67.2178,0.93616,10.02962,-0.43097
67.2341,0.42618,10.37200,1.30488
67.2616,0.71828,9.70639,1.63768
67.2768,1.17798,9.40711,-0.18915
67.2938,1.19953,8.89713,0.73265
67.3138,1.14446,8.96895,0.76617
67.3365,1.43417,9.04078,-0.99362
67.3558,0.47885,8.96895,0.80687
67.3760,0.31604,10.15172,-0.47167
67.4045,0.62491,10.14933,-0.70631
67.4136,-0.64645,10.79100,0.31126
67.4338,-0.66321,11.52364,-1.03672
67.4571,0.13169,9.72076,0.35675
67.4753,0.28492,10.45101,-0.34956
67.4956,0.55308,10.45101,-0.97926
67.5371,0.83321,10.84606,-2.55709
67.5374,1.22587,9.48851,-2.22189
67.5541,0.63688,10.04877,-1.26897
67.5773,0.49801,9.58189,-2.40864
67.5948,0.97926,8.64812,-1.86993
67.6149,1.25221,9.08627,-2.39188
67.6373,0.40703,9.21317,-0.87630
67.6555,0.94813,9.53879,-1.30488
67.6790,0.93137,8.90670,-0.81166
67.6974,0.71349,8.26264,-0.38548
67.7166,1.34798,7.61379,-0.51237
67.7390,1.40544,8.05195,-0.90504
67.7614,1.87711,7.77660,-1.38629
67.7801,1.87232,8.10223,-0.88828
67.8267,1.08461,8.80614,-0.04310
67.8268,1.08221,10.81494,-0.80208
67.8405,1.22347,10.99930,-0.32323
67.8556,1.05827,10.17327,-0.69434
67.8788,0.14366,10.35284,1.02954
67.8951,0.10535,10.62579,1.17319
67.9151,-0.67040,11.16211,1.73824
67.9391,-0.50040,10.97536,0.46449
67.9616,-0.19154,10.65452,0.54111
67.9748,0.15802,10.26904,-1.92739
67.9974,0.20351,11.01366,-1.80049
68.0152,-0.32323,12.28502,-1.21390
68.0350,-1.19474,12.09827,-0.02873
68.0589,-1.83401,13.00570,-0.15563
68.0782,-1.25460,11.65533,-0.54111
68.0965,-1.10137,10.96817,-0.79729
68.1174,-0.59857,10.10623,-1.42220
68.1351,-0.17239,9.35443,-0.91461
68.1560,0.51237,8.92586,-0.24182
68.1773,1.11573,8.26025,0.36154
68.1949,1.44614,8.50686,0.42858
68.2161,1.06545,9.86681,-0.06704
68.2412,0.95053,9.33767,-1.09897
68.2553,1.53234,8.77023,-1.48924
68.2749,1.93697,8.19560,-1.26418
68.2974,1.80049,8.15251,-0.09098
68.3152,1.61374,8.43742,-0.48125
68.3353,1.49163,8.37278,0.53871
68.3583,1.54191,7.85562,-1.02714
68.3769,0.47167,10.79339,-1.74543
68.3950,0.43576,10.19961,-1.74782
68.4173,-0.16760,10.80776,0.33280
68.4346,0.05746,10.13975,-0.74462
68.4552,0.20591,10.43904,-1.47008
68.4775,1.12052,9.65611,-1.07503
68.4951,0.92180,9.93145,-2.47568
68.5256,1.10855,10.71917,-1.86993
68.5371,0.16999,10.99930,-0.29689
68.5549,0.16520,12.08869,-0.95771
68.5748,-0.27774,11.77026,-2.18118
68.5974,-0.04310,11.02564,-1.99922
68.6166,-0.01437,10.02243,-1.41502
68.6370,0.07662,9.12458,-0.45491
68.6675,1.09658,9.00726,-0.94813
68.6745,0.00479,10.40552,-1.16841
68.6947,-1.02714,10.41510,-1.76458
68.7173,0.88828,9.76864,-1.59219
68.7349,0.76138,9.97694,-1.51079
68.7549,1.00799,9.98891,-1.25221
68.7776,1.07742,9.26345,-0.90264
68.7987,1.38868,10.91071,-1.70233
68.8149,1.25699,11.32731,-1.89866
68.8396,0.62969,11.18126,-0.78053
68.8586,2.10696,7.49647,-1.07024
68.8787,2.37751,6.45018,-0.21788
68.9009,0.50280,10.04398,-1.93697
68.9181,0.09817,10.05356,-2.37991
68.9451,1.35995,8.23391,-0.59857
68.9605,1.52755,8.52601,-1.71430
68.9745,1.95612,8.16687,-1.34319
68.9961,1.96809,9.75188,-1.84120
69.0165,1.93936,9.60344,-2.02556
69.0348,0.88109,9.44302,0.92658
69.0653,0.83321,10.22595,-0.39506
69.0814,-0.21788,10.19003,-0.97208
69.0953,-0.80687,10.06314,-0.04070
69.1148,-0.76138,10.23313,-1.04151
69.1374,0.60096,8.74150,1.35037
69.1561,-0.65603,10.21158,-1.40783
69.1761,-1.22108,10.93705,-0.19154
69.1988,-0.99362,10.43664,-1.67120
69.2173,-0.31844,10.16370,-1.61853
69.2364,-0.08141,10.82691,-1.89627
69.2570,0.11732,10.41749,-0.95771
69.2747,-0.01676,11.25309,-0.13647
69.2956,-1.12052,10.36242,-0.05267
69.3172,-0.87630,11.01127,-1.09418
69.3347,1.82204,7.94420,-0.60575
69.3667,0.55308,8.52122,2.24822
69.3769,-0.46210,11.83490,-3.34241
69.3962,0.91940,10.07032,1.68078
69.4146,-0.35675,11.76068,-1.98007
69.4369,-0.37830,7.98491,1.01757
69.4554,0.56744,9.79498,-1.89148
69.4933,0.74941,8.82530,-0.07901
69.5071,0.83800,10.13736,-3.41902
69.5148,0.74941,9.12458,-0.76138
69.5344,0.46210,10.36482,-1.62092
69.5569,0.46928,10.02962,-0.54350
69.5745,0.07662,9.84526,-0.49083
69.5976,-0.17957,9.51724,0.32083
69.6211,0.24900,10.15891,-0.53871
69.6382,-0.27295,9.61301,1.16841
69.6597,-0.09817,9.67048,0.20830
69.6765,0.00239,9.06233,-0.71349
69.6944,0.13887,9.71118,-1.35277
69.7145,-0.01676,10.15891,-0.67758
69.7418,0.35914,10.19722,-2.44695
69.7557,0.38069,10.01525,0.48125
69.7859,0.26816,9.55555,-1.08221
69.7978,0.23464,10.16130,-1.41980
69.8163,-0.88349,10.32651,0.05028
69.8347,-0.35914,9.84765,-1.08221
69.8570,-0.46928,9.72076,-0.70392
69.8747,0.19633,9.77343,-1.83880
69.8972,0.15323,9.42626,-1.47248
69.9286,0.79729,9.98652,-2.00880
69.9355,0.67758,9.62259,-0.14845
69.9542,1.32643,9.79737,-0.36872
69.9765,1.28333,9.46936,0.18196
69.9943,1.09897,10.14215,-0.99602
70.0145,1.93218,10.20440,-1.22587
70.0378,1.53712,10.40073,-0.21548
70.0635,0.67519,10.54918,0.80687
70.0804,0.08859,10.29059,1.41502
70.0969,-0.14126,9.95061,0.03591
70.1148,-0.20591,10.14694,-1.43178
70.1346,-0.75180,10.04159,-1.18517
70.1569,-1.00081,9.69202,-0.02634
70.1745,-0.19394,9.33767,-0.25858
70.1950,-1.26178,9.69442,-1.32882
70.2168,-1.51079,9.57949,-1.28333
70.2341,-1.12531,10.30017,-1.45332
70.2542,-0.33280,9.81413,-2.04471
70.2780,-0.90264,9.75906,-0.14845
70.2959,-0.91222,9.38077,-1.50360
70.3176,-0.15084,10.06793,-2.50681
70.3496,-0.01676,9.17247,-2.69835
70.3547,0.47167,9.79498,-2.70314
70.3744,1.06545,8.66009,-0.95771
70.3972,0.96968,9.87160,-1.62571
70.4141,0.80687,9.40950,0.80926
70.4347,0.50280,10.41988,-1.07503
70.4574,0.40224,9.67048,-0.04070
70.4810,0.93137,10.15172,-1.48684
70.4941,1.05588,9.35443,0.11014
70.5165,0.67997,9.98891,-0.40942
70.5339,0.55787,9.86441,0.08619
70.5545,-0.25858,10.48213,-0.03113
70.5779,0.24900,10.03201,-0.66800
70.5982,0.55547,9.98652,-0.67519
70.6154,0.64167,10.09426,-0.66800
70.6395,0.08141,9.63456,1.32164
70.6538,0.37830,9.94582,0.11253
70.6742,0.09577,9.61062,-1.08940
70.6967,-0.43097,9.97455,-1.60416
70.7158,-0.37590,10.02483,-0.41900
70.7359,0.11014,9.68484,-0.70392
70.7705,0.07662,8.78459,0.28252
70.7753,0.39984,9.44541,1.41023
70.7952,0.42139,9.83329,0.78053
70.8178,-1.56825,10.27144,-0.69195
70.8353,-0.93616,10.75748,-1.17080
70.8553,-0.32562,10.75508,-0.81166
70.8878,-0.71589,10.25707,0.51477
70.8995,-0.66800,9.88596,-0.50280
70.9150,-0.26337,9.03599,-0.11493
70.9375,-0.28731,9.11500,-0.73265
70.9550,-0.26337,9.36640,0.16760
70.9753,0.32323,9.19402,-1.09179
70.9989,1.82923,9.72794,-2.24583
71.0189,1.27854,9.66808,-1.68557
71.0372,0.45731,9.73752,-1.11094
71.0571,0.22506,9.86920,0.17239
71.0753,0.97208,9.81413,-0.14126
71.0952,0.11253,10.39115,0.05507
71.1175,-0.03831,9.28260,1.23066
71.1404,0.56265,10.00328,0.59617
71.1569,0.67040,9.83089,1.14446
71.1828,0.29689,9.31133,0.06225
71.1963,0.70392,10.75269,-0.11971
71.2150,1.04390,10.33130,0.35675
71.2372,-0.15563,11.37281,-1.29291
71.2548,-0.67519,10.96817,1.35277
71.2753,-0.30647,8.79896,1.40544
71.2976,-0.28971,9.59625,0.61533
71.3163,-0.70152,9.49091,0.55068
71.3352,0.00718,9.43105,1.39347
71.3584,0.76138,9.12698,-1.69275
71.3752,1.29291,8.48292,0.54111
71.3969,0.94813,9.51006,-0.41660
71.4193,1.37910,9.14852,-1.21869
71.4392,1.29051,9.87160,-0.05746
71.4723,0.00239,12.37601,1.66642
71.4775,-0.01197,12.27305,1.35037
71.4949,-0.82124,12.16770,1.73106
71.5146,0.62969,7.25944,-0.54350
71.5375,1.38150,7.81491,0.82842
71.5552,-0.44773,9.34007,1.72627
71.5755,0.13887,10.86522,0.47407
71.5985,0.68237,10.37200,0.54350
71.6170,-1.02475,11.88039,-1.18038
71.6359,-0.74462,11.43745,-0.93137
71.6584,-0.30407,10.80536,0.43576
71.6760,-0.09817,10.21158,-0.94334
71.6978,-0.24422,9.22514,0.00239
71.7204,0.45731,8.71995,0.76377
71.7518,0.62012,8.24828,0.26098
71.7574,0.67758,8.71277,-0.14366
71.7780,0.50040,9.07191,-0.44773
71.7959,0.62730,8.61221,0.48125
71.8161,1.59459,9.39035,-0.42139
71.8387,1.11813,8.66009,-0.39266
71.8575,0.28971,8.21476,0.40224
71.8850,0.82363,8.43982,-0.50040
71.8983,0.13169,9.75188,0.43576
71.9160,-1.03193,11.25549,-0.55308
71.9361,-0.30168,10.66171,-0.21788
71.9602,0.79729,8.15490,1.53952
71.9774,-0.00958,9.72076,0.11253
71.9987,-0.45731,9.34964,0.35196
72.0335,0.04549,11.18366,-0.68476
72.0364,-0.72547,11.63378,0.00958
72.0560,-0.89067,10.24031,0.56505
72.0781,-0.05028,10.14215,0.72307
72.0958,0.05746,10.67607,0.47407
72.1159,0.19154,9.55795,1.15404
72.1382,0.10056,9.53879,1.49642
72.1669,-0.10056,10.40073,1.27854
72.1762,0.01437,10.17327,1.17319
72.2014,-0.33280,8.98811,2.00161
72.2166,-0.33520,9.84765,0.52674
72.2526,0.29928,9.00247,0.99841
72.2615,0.43097,9.05515,0.51237
72.2764,0.56265,9.38795,0.77335
72.3046,-0.05267,9.45978,0.20351
72.3302,-0.11971,9.27303,-0.71589
72.3374,-0.62969,9.51964,0.35675
72.3566,-0.00239,8.67925,1.38629
72.3806,0.46928,8.99529,1.23066
72.3960,0.20830,9.36880,0.51956
72.4189,-0.11014,9.58428,-0.60096
72.4445,0.41660,9.35204,-0.96729
72.4586,0.78293,9.61062,0.31126
72.4763,-0.16999,9.69442,0.71589
72.4988,0.27774,9.59625,0.16520
72.5163,1.07982,9.61062,0.12690
72.5364,0.12929,9.53161,-0.54589
72.5656,0.26337,10.01286,-0.62251
72.5785,-0.13408,10.34806,0.55308
72.5998,-0.15084,10.82452,-0.68476
72.6190,-0.41421,9.91948,1.68557
72.6396,0.00239,10.64495,-1.81486
72.6617,0.19154,10.38876,0.22027
72.6828,0.14605,10.56833,-0.25619
72.7158,-0.22506,9.76385,0.98884
72.7298,0.80448,10.14933,-0.09098
72.7391,0.43576,9.30415,-0.20351
72.7659,0.05267,9.86441,-0.20351
72.7783,0.09577,9.13416,0.86912
72.8005,0.26337,9.01205,1.12052
72.8179,0.41900,9.76385,1.04869
72.8533,0.18915,9.45020,-0.02155
72.8671,0.34478,9.71836,0.06943
72.8773,0.29450,9.64893,1.80768
72.8965,-0.11971,8.67925,1.26897
72.9191,0.15563,8.83727,1.28573
72.9379,0.23464,9.68724,1.30009
72.9569,-0.08141,8.83487,2.18837
72.9794,-0.02634,9.41668,1.27854
73.0097,0.57941,9.74470,0.30407
73.0170,0.36393,9.50288,0.46688
73.0383,-0.35914,10.22595,0.96968
73.0566,0.14605,10.06074,0.84518
73.0765,-0.06465,9.62977,0.99362
73.1006,0.17718,10.14933,0.05028
73.1182,0.62012,9.89793,0.54829
73.1382,0.01197,10.52284,-0.19154
73.1587,-0.10774,10.86761,-0.16042
73.1768,0.38308,9.97934,0.54829
73.1966,-0.14605,9.68963,0.56026
73.2204,0.16520,9.28739,0.80687
73.2380,-0.01197,10.06314,0.86433
73.2585,0.19394,9.76864,0.76617
73.2886,-0.28971,10.15172,0.31365
73.2971,-0.30647,10.12778,0.10774
73.3170,-0.19154,10.39355,-0.46449
73.3398,-0.51477,9.96258,-0.01676
73.3569,0.08619,9.92427,-0.39745
73.3769,0.19872,10.12778,-0.17478
73.4011,0.00958,9.95300,-0.29928
73.4296,-0.00958,10.15172,-0.21548
73.4451,-0.36393,10.13736,-0.12211
73.4596,-0.10535,10.01286,-0.03591
73.4803,0.12929,8.89234,0.25140
73.4962,0.48843,9.21317,-0.32323
73.5182,0.34238,9.51245,0.04549
73.5421,0.61772,9.87399,0.43097
73.5572,0.65843,8.63136,-0.10295
73.5777,1.29770,8.06871,-0.86433
73.5954,2.05429,7.52999,1.35995
73.6155,0.98165,9.06712,1.42459
73.6396,0.45252,10.87240,0.52435
73.6571,0.21309,11.51646,-0.23943
73.6781,0.16281,10.99451,-0.17239
73.7117,0.02394,10.96099,0.64885
73.7194,0.41182,10.48453,-0.36154
73.7364,-0.04070,9.73033,-1.59219
73.7586,-0.13647,11.34168,2.36315
73.7777,-0.30407,10.22116,0.22985
73.7968,-1.02236,9.98652,-2.08781
73.8189,0.00239,10.00089,-0.07662
73.8375,-0.01437,8.99050,0.87391
73.8585,0.00239,9.98891,-0.18675
73.8809,0.69195,9.42626,1.26657
73.8987,-0.14845,9.26584,0.10295
73.9170,-0.27774,11.26985,0.50040
73.9412,-0.34717,10.79100,0.72068
73.9676,0.29689,9.74470,0.34478
73.9866,0.56984,10.03919,0.34956
74.0034,0.63209,9.46457,-0.40942
74.0165,1.11094,8.79896,0.33999
74.0368,0.96968,9.09824,0.64167
74.0592,0.72547,9.85484,-0.17478
74.0775,0.62730,9.70400,0.81166
74.0975,0.45012,9.46217,0.48843
74.1208,0.91940,9.13176,0.64885
74.1373,0.50519,8.37039,2.11893
74.1573,-0.24182,10.50847,0.60336
74.1796,-0.16281,10.16609,0.33759
74.1986,-0.16281,9.86920,-0.25140
74.2174,-0.19394,9.77104,-0.62012
74.2414,-0.28492,9.34725,0.19633
74.2664,-0.48604,9.81892,-0.29450
74.2798,-0.51477,10.19722,0.01915
74.3010,-0.81884,9.44781,0.85236
74.3188,-0.63688,10.64973,-1.05348
74.3374,-0.57463,10.21637,-0.27534
74.3614,-0.34238,10.46537,-0.69195
74.3897,-0.30647,9.89314,0.21788
74.4068,0.37351,9.71597,-0.55068
74.4205,0.69913,9.28739,0.03591
74.4383,0.72068,10.14694,-0.44534
74.4579,0.43336,9.66569,-0.28731
74.4805,0.33759,9.83808,0.00239
74.4981,0.34478,9.15810,-0.03591
74.5196,0.33041,8.94740,0.20351
74.5483,0.41421,9.00247,-0.00239
74.5618,0.91461,8.94740,0.55547
74.5793,0.39745,8.50925,3.62493
74.6003,0.55308,9.27303,1.15643
74.6181,2.57624,10.93465,-1.84120
74.6384,1.99922,7.33845,1.86035
74.6804,6.09103,10.77663,-3.32804
74.6805,-3.15805,9.91230,1.58501
74.7004,-2.95932,10.06074,5.39430
74.7206,-0.99602,9.90990,2.64567
74.7384,0.00000,10.04398,1.87232
74.7592,-0.88349,10.22116,0.73744
74.7818,-0.11732,11.22197,0.76856
74.7997,-1.24502,10.35045,2.77018
74.8213,-2.51159,10.58509,2.32245
74.8415,-0.40942,10.76705,1.57064
74.8592,-1.12052,10.70720,4.61137
74.8812,-2.41343,11.54519,2.79651
74.9016,-0.75659,12.09588,3.34241
74.9230,0.67040,11.52364,0.78053
74.9576,0.07901,11.47576,-0.94574
74.9719,0.30647,10.60424,0.60575
74.9790,0.08380,10.69762,-0.38069
74.9991,-0.00239,10.24510,0.15084
75.0224,0.77096,9.17247,-0.09338
75.0390,0.59857,8.62418,0.89306
75.0593,0.42139,8.55953,0.93616
75.0902,0.92898,8.00167,0.24661
75.1010,0.80448,8.43503,0.61054
75.1193,0.90025,9.21317,0.17718
75.1413,0.95771,8.77262,-0.17239
75.1603,0.97926,8.46137,0.15084
75.1804,1.34079,7.67126,1.62092
75.2027,0.85954,7.03917,-0.65843
75.2374,1.09897,9.56273,-4.35997
75.2554,1.46769,3.77098,1.93218
75.2628,2.88510,10.66649,-6.10780
75.2791,1.24981,6.60102,1.28812
75.3004,1.27136,9.81653,-1.95852
75.3223,-0.06704,8.53080,1.93218
75.3390,-1.98007,9.85484,0.89067
75.3594,-1.50360,8.93304,1.67120
75.3834,-1.65923,8.98332,0.62491
75.3989,-0.81884,8.70798,-0.49561
75.4187,-0.29689,10.50847,-0.95771
75.4405,-0.13887,8.51644,0.32562
75.4590,0.32802,9.82131,-2.28893
75.4781,1.22347,10.69762,-1.13728
75.5076,0.17718,10.14215,-1.24742
75.5181,0.83800,9.94103,-1.09897
75.5379,1.63050,8.89713,-1.12291
75.5618,0.89306,8.88994,-0.89785
75.5808,1.34798,9.16768,-0.02634
75.6045,1.41741,9.23711,-0.78053
75.6259,0.89546,9.27063,-1.22826
75.6686,0.59139,9.41429,-0.25858
75.6688,0.51237,8.84924,0.48364
75.6827,0.69195,9.56034,1.16601
75.6989,0.72786,9.37598,0.24182
75.7201,0.87630,10.51087,1.55867
75.7424,1.04869,10.99690,1.64008
75.7588,-0.33041,11.58350,1.72148
75.7790,0.27055,11.54040,1.18756
75.8012,0.58660,11.98095,1.41741
75.8190,1.01038,12.08391,1.23305
75.8390,0.56744,11.56435,1.66642
75.8614,0.64645,10.76705,2.08302
75.8790,0.50040,11.22436,2.03753
75.8992,1.01517,10.23553,0.86433
75.9227,0.33759,10.64734,-1.34079
75.9444,-0.11732,10.44622,-0.67997
75.9588,-0.09338,10.64495,-1.06545
75.9811,1.18517,9.98652,-2.81567
75.9987,0.55068,9.08627,-0.55308
76.0200,0.10535,9.21556,-1.65923
76.0411,0.28252,9.11740,-2.37751
76.0763,-0.07901,8.87318,-1.14446
76.0918,0.03831,8.87558,-1.89627
76.1012,1.15643,8.39672,-1.86514
76.1218,0.97447,8.44461,-1.89148
76.1408,0.90264,8.43742,-2.05189
76.1621,0.74462,8.33686,-0.92180
76.1803,0.57223,8.39912,-0.28013
76.2001,0.32562,8.71756,0.67040
76.2332,0.45970,8.83727,-1.22108
76.2384,0.47646,8.77981,-1.38389
76.2585,0.39266,8.95219,-1.82204
76.2813,1.02236,8.95938,-1.67360
76.2989,1.16841,8.93304,-1.47008
76.3188,0.65364,8.80135,-0.86912
76.3409,0.08859,10.93465,-0.04070
76.3690,-1.01517,10.02962,0.65843
76.3821,-0.30407,10.98254,-1.23545
76.4014,-0.03591,10.17567,-0.66082
76.4186,0.04549,10.02243,-0.62012
76.4401,-0.42379,10.24750,-0.86194
76.4635,-0.02634,11.36083,-0.64645
76.4846,-0.16760,10.43904,-2.22428
76.5049,0.49801,11.57871,-3.07904
76.5248,1.54910,10.90832,-3.25143
76.5387,1.73585,11.63618,-1.23545
76.5582,-1.11094,9.35443,0.82842
76.5801,0.16760,11.40633,0.03113
76.5995,0.27295,10.58988,1.03672
76.6189,-1.36474,9.99370,-0.42618
76.6489,-0.24422,10.88916,0.72068
76.6608,1.35277,10.03919,0.63688
76.6812,1.48206,9.95779,-1.68078
76.7043,0.71828,9.62259,-0.62730
76.7202,1.70472,8.86121,-0.01437
76.7422,1.21150,9.08627,-0.94813
76.7870,1.61853,8.50925,-0.88109
76.7871,1.35277,8.86121,-0.64645
76.8008,1.41502,8.51404,-0.18915
76.8206,0.78532,9.23232,-0.73504
76.8387,0.56026,9.62977,-1.21150
76.8585,0.57463,10.05835,-0.21548
76.8811,-0.08380,10.64495,-0.36393
76.8988,-0.84039,10.67847,-0.60575
76.9209,-0.73025,11.01127,-1.44854
76.9410,-0.28013,9.65372,-1.13249
76.9583,0.44294,10.16609,-1.94176
76.9789,0.59378,9.26345,-0.67997
77.0009,0.51716,10.38636,-0.26337
77.0185,-1.50600,10.83649,0.56505
77.0401,-1.66402,10.22355,0.47407
77.0696,-0.74941,9.73273,1.31446
77.0791,-0.52195,9.62259,-0.69673
77.0982,0.06704,9.08627,-1.05109
77.1220,0.27055,9.11979,-0.33280
77.1387,-0.06465,9.38556,-1.67599
77.1604,0.68716,10.33369,-2.28414
77.1895,0.44534,9.86681,-1.87232
77.1996,0.94334,9.26584,-1.28333
77.2184,1.18756,9.11979,-0.53153
77.2433,0.97926,9.32091,-2.74384
77.2602,0.71828,9.58907,-1.52515
77.2825,1.12531,9.50048,-2.38470
77.3046,1.45572,8.87558,-0.96489
77.3374,1.97767,9.78780,-2.20513
77.3404,1.24502,9.39035,-1.73824
77.3620,0.94334,10.19003,-2.98805
77.3795,0.73265,10.17567,-2.34160
77.3991,1.13249,10.14933,-1.19953
77.4209,0.31365,10.54918,-0.55787
77.4387,-0.00239,10.43425,-0.28971
77.4594,-0.70152,9.79498,-0.97447
77.4889,-0.35435,9.44063,-0.35675
77.4986,-0.61054,10.48932,0.22746
77.5181,-0.91222,10.53720,-0.73025
77.5418,-1.00320,9.45020,-1.01278
77.5601,0.38548,9.31852,-2.20034
77.5787,0.72068,9.11979,-0.45491
77.6009,0.70631,9.65372,-1.06066
77.6203,1.02714,9.07909,-0.34956
77.6383,0.27774,9.34964,-1.07264
77.6618,1.02954,9.30176,0.73983
77.6778,0.85476,9.09346,1.14925
77.6981,0.27534,8.97614,0.29210
77.7204,0.11253,9.70639,-0.78772
77.7398,0.42379,9.17486,-0.69195
77.7634,1.23784,9.83808,0.06704
77.7804,0.18915,10.29538,-1.56107
77.7981,-0.15802,10.79100,-1.86993
77.8181,0.49801,9.72794,-0.96729
77.8406,-0.00958,10.21877,-0.93137
77.8598,-0.03831,10.93705,-0.25140
77.8817,0.11493,10.93465,-1.80768
77.9112,0.22506,9.32091,-1.58022
77.9239,0.98165,9.24190,-1.32643
77.9383,0.71828,9.33528,-0.85715
77.9608,0.41421,9.95061,-2.38709
77.9784,0.64167,9.68724,-0.97447
77.9995,1.13010,9.61541,0.01437
78.0206,0.24422,11.14535,-1.98725
78.0405,-0.18436,10.26186,0.52674
78.0587,0.58899,9.64174,0.03591
78.0806,0.50040,9.33528,0.14605
78.0982,0.72307,9.22754,0.47167
78.1182,0.96968,8.67206,-1.13489
78.1419,0.84278,10.01525,-1.00320
78.1597,0.79729,9.33767,-0.55068
78.1922,0.76377,10.23553,-0.88109
78.2018,0.46210,9.19402,-1.80289
78.2185,0.44055,10.58988,-0.45252
78.2395,0.57702,9.97215,-0.12690
78.2606,0.21548,10.49411,-2.33202
78.2781,0.85476,9.44541,-1.58980
78.2979,0.35196,9.64174,-1.72627
78.3203,-0.59617,9.92188,-0.68476
78.3384,-0.98884,10.71677,-0.90025
78.3579,-1.07503,9.92666,-0.90743
78.3814,-0.94574,10.36003,0.31604
78.3994,-0.15323,10.70001,-1.71191
78.4196,-0.07662,8.77741,-2.57624
78.4423,0.07183,9.52682,-0.38548
78.4600,0.80448,10.20919,-2.05908
78.4804,0.77096,10.51805,-2.89707
78.5023,0.82842,9.74949,-2.63370
78.5208,0.11493,10.19482,-0.93137
78.5398,0.12450,10.57551,-1.70472
78.5641,0.64885,9.35922,-1.03193
78.5834,0.64167,8.88994,-1.63290
78.6056,1.46290,9.26584,-1.18756
78.6210,0.51716,10.09187,-2.62891
78.6381,0.67040,8.84924,-2.02556
78.6592,1.05827,9.79258,-1.21869
78.6819,0.11014,10.00567,-1.64487
78.6996,-0.12211,10.55636,-2.51638
78.7192,0.99602,9.71118,-1.43417
78.7409,0.75180,10.12539,-1.60656
78.7586,1.19714,10.03680,-0.06225
78.7780,-0.01437,10.34806,-1.92260
78.8009,0.29450,10.77184,-1.29530
78.8185,0.05986,9.60583,-0.92419
78.8384,0.76617,10.17088,-1.08940
78.8609,1.51318,9.22993,-0.34956
78.8879,0.19872,7.81970,1.34079
78.8980,-0.39027,10.04398,0.67997
78.9204,-0.49322,9.25627,0.01915
78.9385,0.46688,9.10303,-0.01437
78.9586,1.10376,10.34327,1.52276
78.9810,1.52515,9.37359,-2.91144
78.9995,0.59378,9.45260,-2.38709
79.0256,0.16999,9.12458,-1.52755
79.0406,0.10774,8.75347,-0.83560
79.0578,-0.12211,11.05916,-2.21231
79.0793,-0.63209,10.42707,-1.27615
79.1004,-1.07742,8.61939,-1.77655
79.1201,-1.94415,9.91948,-0.71110
79.1489,-2.88031,11.03761,-1.07503
79.1680,-1.12291,10.61382,-1.12531
79.1780,-0.91461,8.75347,1.84838
79.1976,-2.25541,10.39594,-0.39745
79.2203,-2.45892,10.06074,1.07024
79.2393,0.21309,9.69442,-1.34079
79.2597,1.41502,9.49330,-0.40703
79.3029,0.83560,10.22595,-0.72547
79.3032,0.98405,10.84846,-1.34558
79.3187,1.28094,9.62498,0.87630
79.3411,1.78134,9.42387,1.06545
79.3580,0.50759,8.45658,0.15323
79.3780,1.33601,9.15331,1.42699
79.4005,2.09499,9.82371,-1.95612
79.4183,1.26897,9.79498,-2.22668
79.4440,0.54829,10.59706,-2.87552
79.4613,0.80208,9.04078,-0.76377
79.4789,0.34717,9.92906,-0.51237
79.4996,0.16281,10.10384,-1.72148
79.5213,0.69673,9.23711,0.15802
79.5391,-1.75021,9.65611,1.60656
79.5587,-2.37991,9.04796,1.49642
79.5811,-0.84997,9.48133,1.37671
79.5985,-1.18038,9.74709,1.28094
79.6189,-0.25379,9.05275,-0.55308
79.6397,-0.31844,11.22915,0.20591
79.6574,0.12690,10.91071,-2.83722
79.6790,0.17957,10.09426,-3.22748
79.7020,0.56026,10.07511,-0.68237
79.7304,1.11813,10.26426,-0.46688
79.7379,0.61772,10.78381,-0.64885
79.7605,0.07183,9.15331,-1.58980
79.7796,0.24422,8.54996,0.55068
79.7984,0.26098,8.59784,-1.13967
79.8209,0.85954,9.05036,-0.42139
79.8544,0.85476,10.24510,-2.17879
79.8720,0.63209,11.20999,-1.59698
79.8810,0.64167,10.35763,-3.00003
79.9006,0.98644,9.82131,1.16122
79.9189,-0.04070,8.62657,1.62092
79.9449,0.16520,8.58108,2.78933
79.9597,0.32083,9.37598,2.93538
79.9786,-0.42618,8.65770,0.30647
80.0005,0.17478,9.19880,1.74782
80.0186,0.86194,10.51805,-1.87472
80.0397,1.19714,7.94660,1.10376
80.0608,0.29928,10.91311,-0.73983
80.0785,0.70152,7.90350,-0.30647
80.1005,0.66082,9.10543,0.57702
80.1226,1.06545,8.62897,1.81007
80.1497,-0.31365,11.08789,0.95771
80.1625,-1.12531,10.39355,1.89387
80.1813,-0.81405,10.78860,0.02394
80.1985,-1.40783,9.37359,-0.49083
80.2520,-1.80528,9.98652,-0.27055
80.2605,-0.75180,8.99768,-0.35196
80.2719,0.35435,9.05036,0.85954
80.2793,0.69434,9.86441,-1.58980
80.3004,-0.46210,10.13736,0.34717
80.3189,-0.88109,9.80934,0.90743
80.3379,0.32802,10.65692,1.32403
80.3614,-0.61054,10.54678,-1.12291
80.3781,-1.01038,8.82290,-0.02155
80.3984,0.21070,9.28260,1.35037
80.4221,-0.31604,8.33926,0.67279
80.4400,0.49561,8.73671,-1.16362
80.4580,0.42379,9.45978,-0.43576
80.4806,0.08619,9.31612,-0.37590
80.4982,-0.59139,9.79977,1.23784
80.5193,-1.11334,9.64653,2.15245
80.5414,-0.73265,9.05994,0.66082
80.5584,-0.22267,7.91787,0.98405
80.5777,-0.03831,9.07670,-1.51079
80.6002,-0.97686,10.47495,-0.41182
80.6181,0.62251,10.03441,-2.56906
80.6384,1.07503,9.42865,0.03352
80.6608,0.18675,9.47415,2.22668
80.6876,-0.15802,10.80776,1.18995
80.6986,1.38150,11.11422,0.22985
80.7223,-1.13967,11.59068,-1.63768
80.7384,-0.63209,12.58431,-1.59219
80.7586,-0.07183,14.65536,-0.94095
80.7808,-0.53392,12.66571,1.43178
80.7986,-0.53871,11.40154,2.51638
80.8216,-0.06704,9.89314,0.20112
80.8407,-2.57385,10.26186,1.65923
80.8582,0.28492,10.24750,-0.19154
80.8782,0.00479,9.87878,-1.52755
80.9006,-0.74462,9.25387,-0.52435
80.9183,1.04390,8.88755,-2.14527
80.9387,0.81405,8.20039,0.98165
80.9744,-1.02475,9.80934,-1.44854
80.9795,-0.42139,9.12219,-0.01915
80.9983,-0.39506,9.31852,-1.62332
81.0218,-0.73265,7.94899,0.51237
81.0384,-0.02873,8.37039,-2.24583
81.0589,2.35357,8.13814,-2.25780
81.0803,1.12531,9.53400,-1.66163
81.1002,-1.81247,10.56594,-1.27615
81.1178,-0.85236,9.87638,-0.98405
81.1403,0.46449,8.93543,0.72307
81.1577,-1.33122,9.09346,1.48684
81.1777,0.64885,10.41270,0.60096
81.2001,-0.79011,10.36242,1.63290
81.2176,-1.56107,9.30176,-1.15404
81.2398,1.77176,9.52682,-1.58740
81.2602,0.45491,8.48292,0.00718
81.2775,1.59938,10.64255,-3.71591
81.2978,1.77416,9.79258,-1.05827
81.3199,0.86912,10.59706,-2.74144
81.3378,1.28333,9.67287,0.11732
81.3578,1.16122,9.79019,-0.46928
81.3806,0.81884,8.70798,-1.19235
81.3984,0.63927,9.79737,-0.03352
81.4176,0.51477,9.76625,0.50998
81.4403,0.17957,10.17567,0.11732
81.4580,-0.57702,9.37837,1.39826
81.4800,-0.91461,9.32570,0.51956
81.5009,0.05746,9.14852,0.85715
81.5249,-0.47885,8.96656,0.32323
81.5381,-0.55068,9.93863,-0.16999
81.5628,0.39506,9.81653,-2.20273
81.5803,-0.08380,9.65611,0.49322
81.5993,-0.02634,10.34087,0.52674
81.6223,0.37830,8.74629,0.66082
81.6378,-0.53153,10.39594,-0.30647
81.6575,-0.25379,10.15172,-0.65843
81.6799,-0.04070,10.07750,-0.22267
81.6976,-0.23464,10.08947,-1.48684
81.7175,0.00239,9.84047,-1.58262
81.7401,0.68955,9.45260,0.04549
81.7574,-0.30647,10.14454,0.15563
81.7775,0.09577,10.03919,1.34798
81.8011,-0.03831,9.37598,-0.49322
81.8186,0.62730,9.07670,1.18995
81.8374,-0.04789,9.39274,1.48445
81.8600,0.57941,9.20120,-0.79729
81.8788,-0.05746,9.67287,-0.83560
81.8991,-0.24182,9.46936,0.59617
81.9258,-0.05507,10.33608,0.07422
81.9387,0.49801,10.55875,-0.32083
81.9579,-0.18915,11.59068,-0.57702
81.9811,0.34717,10.53241,0.37590
81.9976,0.29928,9.70400,1.28573
82.0183,-0.85476,9.26824,0.18915
82.0408,-0.56265,8.80135,-0.36393
82.0709,-0.19872,9.42387,-0.66321
82.0882,0.81645,9.31373,-1.62571
82.1000,0.60096,9.41908,-0.19872
82.1177,-0.39506,11.44703,-2.79172
82.1384,-0.19633,10.13975,0.33759
82.1599,0.96250,10.47495,-1.04630
82.1774,-0.07662,9.36401,0.92658
82.1974,-0.51716,10.65213,-1.34079
82.2200,0.42858,9.71118,-0.70631
82.2374,1.02236,9.45739,1.17080
82.2588,1.07024,10.67847,-1.57304
82.2811,1.05109,9.11500,-1.86753
82.2975,0.73504,9.65372,-1.23784
82.3176,0.44055,10.53960,-0.20830
82.3399,0.08380,10.65931,-1.75740
82.3575,-0.31844,10.01525,0.29210
82.3791,0.67758,9.35683,-1.13967
82.3999,0.42618,8.73671,0.83321
82.4191,-0.82124,9.49091,-0.39027
82.4393,0.05986,8.77262,-0.41660
82.4616,0.35675,8.24349,0.04789
82.4852,0.29210,9.25627,-0.43815
82.4992,-0.11253,10.18046,-1.39347
82.5201,-0.30168,9.05754,0.03831
82.5375,-1.11573,10.89395,0.87630
82.5575,-0.67758,10.25947,1.81725
82.5798,-1.19714,10.05595,1.72627
82.5976,-0.77335,10.00807,-0.82602
82.6179,-0.44773,8.75586,-1.00799
82.6450,-0.43097,9.73033,1.72148
82.6577,-0.13647,10.91311,-1.22826
82.6775,0.22027,9.35683,-1.91063
82.7001,0.33520,9.24190,-0.39745
82.7178,0.63927,10.23313,-0.39266
82.7384,-0.35196,10.13736,0.32562
82.7606,-0.50998,10.47974,0.42379
82.7864,-1.20193,9.78780,0.97926
82.7975,-1.20432,9.80695,0.95292
82.8200,-1.29530,9.98413,1.36234
82.8375,-0.69673,9.75428,-0.59617
82.8579,-0.44294,9.40471,-1.49403
82.8803,-0.97686,9.95539,0.83321
82.8979,0.15323,11.24591,-1.28333
82.9204,-1.37431,10.13975,-1.47966
82.9404,-1.17319,10.09187,0.28013
82.9581,-0.12211,9.31612,0.27295
82.9794,-0.27534,9.44541,0.31126
83.0004,-0.75659,9.61301,0.45252
83.0182,-0.71349,8.89234,-0.39027
83.0380,0.16999,8.83487,0.16520
83.0622,-0.87152,10.36003,0.58899
83.0775,-0.91940,11.04958,0.03831
83.0975,-0.57223,10.45340,0.37590
83.1202,-0.30407,10.19003,1.76697
83.1379,-0.26816,10.43664,1.59698
83.1579,0.07901,9.14613,0.85715
83.1800,0.29210,8.93783,0.61533
83.2032,0.48125,9.40471,0.75899
83.2175,0.32562,9.92666,0.40463
83.2399,-0.02155,9.59386,-1.15404
83.2589,0.23943,9.95539,0.58899
83.2793,-0.96729,10.66410,0.79969
83.3015,-0.74701,9.36161,0.50280
83.3312,-0.73983,9.28979,-1.16362
83.3459,-0.31604,9.59146,-0.60815
83.3604,0.06704,9.57471,-1.10615
83.3776,-0.31365,9.88117,-0.39266
83.3975,-0.37830,10.07271,-2.12133
83.4201,0.05267,9.27303,-0.14845
83.4395,-0.12929,10.19722,0.04310
83.4589,-0.77096,10.02962,-0.80926
83.4800,-0.53871,10.16130,0.58420
83.4987,0.06225,10.81973,0.82842
83.5172,-0.26816,10.06074,-0.29689
83.5398,0.33280,9.85244,-1.47248
83.5575,0.62730,10.88198,-1.25699
83.5794,-0.41660,10.61621,-0.07183
83.6147,-0.13169,9.68724,-1.78613
83.6277,0.28013,9.39274,-1.76219
83.6371,0.69195,7.70956,-0.59617
83.6596,-0.02155,9.49569,-1.33840
83.6775,0.67758,9.78780,-3.13411
83.6974,1.22108,8.86839,-3.01439
83.7194,0.30168,10.78381,-2.61215
83.7374,0.56984,9.67287,-0.27295
83.7602,0.05028,8.81811,-0.25858
83.7796,0.10295,8.91149,-0.18196
83.7972,0.02634,9.87638,-1.22587
83.8232,-0.13887,9.80216,-1.52036
83.8396,0.01197,9.24430,-0.24900
83.8574,-0.21788,9.34007,-0.94095
83.8777,-0.24661,8.85882,1.10137
83.9011,-0.06704,9.48612,-1.07024
83.9171,-0.04310,9.19402,0.43097
83.9373,-0.53871,9.73273,1.17080
83.9598,-0.59857,10.70720,1.62811
83.9774,-0.75659,11.92588,0.47407
83.9990,-0.78293,10.82212,0.84997
84.0197,-1.16362,11.61223,0.73744
84.0427,-1.16122,11.88518,1.33122
84.0572,-1.11813,12.06475,0.38069
84.0795,-0.77335,10.91311,-0.14366
84.0973,-0.03352,10.81254,-0.66082
84.1178,0.41900,9.78301,0.31365
84.1401,0.15563,10.07750,-0.78293
84.1578,-0.61054,9.69921,0.72786
84.1894,-0.91222,9.48612,-0.00958
84.2008,-0.11253,9.42626,-0.42139
84.2177,0.00958,9.88596,-1.20911
84.2391,-0.29450,9.30176,-0.52435
84.2598,-0.67519,9.22754,-0.03591
84.2776,-0.46688,9.44541,0.08619
84.2998,-0.14126,9.04318,1.22108
84.3260,-0.51237,8.83487,1.93218
84.3370,-0.35196,9.16289,0.68955
84.3573,-0.22506,9.78540,1.82683
84.3795,-0.58181,10.10145,1.43417
84.3977,0.29928,9.91230,1.27615
84.4177,1.05588,10.25947,1.82923
84.4420,1.12291,9.41668,0.12211
84.4575,1.10376,9.68484,0.15563
84.4777,1.20671,9.97455,1.48206
84.5000,0.16520,9.81413,-1.06785
84.5174,0.60096,9.40471,0.10774
84.5378,0.02394,9.94342,0.36154
84.5599,-0.40942,9.94342,-2.12851
84.5774,0.01915,10.29299,-0.41660
84.5979,-0.45012,10.20919,-0.70631
84.6239,0.11253,9.17247,-1.45811
84.6368,0.24422,9.08627,-1.35755
84.6572,0.33520,9.76625,-3.19157
84.6795,0.75180,9.63456,-3.15805
84.6974,-0.22746,9.76146,-1.87951
84.7178,-0.56265,9.13176,-1.70712
84.7390,0.15802,9.11740,-2.22907
84.7573,0.03113,8.81333,-1.89627
84.7770,0.26816,9.61780,-3.84999
84.7995,0.05746,9.92666,-1.23305
84.8171,0.61533,9.85484,-2.26738
84.8378,0.47167,8.97135,-0.87870
84.8612,-0.16760,8.94740,1.15883
84.8883,-0.09577,9.58189,0.17478
84.8975,0.17957,9.76146,0.25140
84.9204,-0.04789,9.98652,1.99683
84.9380,0.17957,9.30415,0.48604
84.9585,-0.35196,9.41668,2.45174
84.9809,-1.11334,9.97215,2.58342
84.9990,-0.92658,11.06873,1.44375
85.0239,-1.21869,10.13496,1.03193
85.0402,-0.17478,9.72315,0.50280
85.0591,-0.67997,10.70241,1.87951
85.0776,-0.70631,10.13257,1.31446
85.1010,0.43336,9.86681,0.69673
85.1184,-0.07662,10.09187,2.41822
85.1387,-0.36393,10.10384,1.99922
85.1664,0.40224,10.19243,0.39984
85.1829,0.11732,10.58988,0.63688
85.1995,0.38069,10.64016,-0.68237
85.2218,1.50121,9.71118,-3.02876
85.2397,0.48604,9.48612,-1.05348
85.2602,0.57941,9.03360,-2.01837
85.2944,1.67839,9.62498,-3.21312
85.3072,0.95771,9.17486,-2.95932
85.3187,0.54350,9.43105,-2.90186
85.3402,0.49083,9.84765,-2.94496
85.3595,-0.12450,9.49091,-1.31206
85.3798,-0.62730,9.11740,-1.99443
85.4027,-0.06943,9.81413,-2.19316
85.4310,0.02873,10.52284,-2.08781
85.4460,-0.06704,10.17327,-2.20992
85.4601,0.34478,8.79657,-2.76060
85.4791,0.88588,10.04398,-2.24583
85.4980,0.46449,10.52523,-2.09738
85.5208,0.36393,10.53720,-1.14446
85.5385,0.28252,10.39355,-2.34400
85.5598,0.29689,8.20279,-0.39745
85.5905,0.82842,8.53798,2.07105
85.5985,0.21309,9.11261,1.41502
85.6184,-0.04310,7.74787,0.66561
85.6409,0.40703,8.65051,1.09658
85.6585,0.47885,9.77343,1.70712
85.6785,-0.04070,9.17007,1.56346
85.7029,0.21548,8.73192,2.97848
85.7220,0.32083,9.03839,4.92263
85.7377,-0.84278,8.68882,3.80929
85.7599,-1.15404,9.09585,2.88989
85.7777,-0.70392,9.68484,2.19555
85.7984,-0.68955,9.87160,2.18597
85.8208,0.01915,10.53481,2.68159
85.8397,-2.01837,11.32013,2.27456
85.8602,-2.30329,11.13338,2.18358
85.8816,-2.11654,11.39914,1.07982
85.8984,-0.84757,11.03042,1.54191
85.9185,0.46210,10.20679,0.12450
85.9429,0.62969,11.04000,-1.02236
85.9595,0.68476,11.06873,0.65603
85.9795,0.48604,10.36960,1.40783
86.0156,1.54670,10.55157,-0.94574
86.0183,1.92260,10.41749,0.34717
86.0385,1.28812,10.73353,0.28492
86.0610,1.29770,9.63696,-1.73345
86.0782,0.98165,10.23792,0.36393
86.1000,0.74223,10.32411,-0.48364
86.1233,0.45012,9.91948,-2.30090
86.1417,0.16760,7.99688,0.27055
86.1614,1.46051,8.66967,-1.81247
86.1808,0.92898,10.69523,-1.46769
86.1983,-0.12690,10.77424,-0.29450
86.2188,-0.02155,9.04318,-0.88349
86.2421,1.38629,8.20518,-2.36554
86.2596,0.13647,8.15490,1.16362
86.2904,-0.57941,10.56833,-0.71349
86.3003,0.83560,10.30256,-1.62811
86.3180,1.56346,9.38077,-2.03274
86.3385,1.13010,9.15571,-1.98485
86.3610,0.79490,8.97135,-3.07185
86.3784,1.59219,10.33130,-1.35995
86.4015,1.67360,10.05595,-1.50360
86.4228,1.86275,7.88674,-1.16362
86.4400,1.72627,8.89952,-1.58501
86.4584,1.47008,9.37119,-0.27055
86.4806,1.40783,10.30017,-3.58662
86.4980,-0.15802,9.72076,0.91701
86.5198,0.43576,10.14454,-0.87152
86.5419,2.13809,8.49968,-2.11654
86.5789,1.39107,9.22514,-1.12770
86.5793,-0.14126,8.24349,0.44773
86.6001,-0.16760,9.88836,-1.64008
86.6191,1.03193,9.65611,-2.12133
86.6376,1.15404,8.91628,-1.70233
86.6598,-0.17718,9.37598,-3.01679
86.6782,0.74462,9.84765,-2.22428
86.7100,1.63768,9.64893,-2.49005
86.7198,0.79490,9.54597,-4.59461
86.7372,-0.29210,10.44383,0.07901
86.7574,-0.33520,10.55396,0.69195
86.7799,-1.64008,11.07592,-1.56586
86.7974,0.03591,10.28820,-0.69673
86.8174,1.61374,7.98251,-1.46051
86.8404,1.65923,9.79737,-2.13330
86.8573,0.79729,9.69921,-1.64726
86.8771,0.77096,10.04877,-1.95852
86.8994,1.21629,11.18126,-2.57624
86.9172,2.18358,8.61221,-0.46688
86.9374,1.28573,9.18683,-2.39667
86.9788,-0.10535,9.95300,-1.22587
86.9788,0.62730,11.26985,-1.75979
86.9981,1.55628,8.66488,-0.14126
87.0196,1.27136,8.68882,-3.82605
87.0372,1.22587,8.35602,-0.69913
87.0573,1.47487,9.74949,-3.01679
87.0798,-0.34238,12.05757,-1.01996
87.0973,-0.10056,11.37999,-3.02876
87.1272,2.16921,8.60023,-2.60976
87.1404,1.83401,9.76864,-3.10537
87.1568,-0.14366,9.24430,-0.91222
87.1778,-0.87870,10.62340,-0.62969
87.1993,0.00479,10.30496,-1.11094
87.2169,0.71589,8.35841,-0.32083
87.2369,0.53153,10.85804,-3.28016
87.2594,-0.40224,9.91709,-0.93137
87.2764,1.17798,10.42707,-2.24344
87.2970,0.66082,8.67685,-0.22267
87.3199,0.14126,8.58587,-0.90982
87.3374,1.42220,8.43264,-0.20830
87.3576,1.20193,8.71995,-1.06785
87.3917,-0.08859,9.45499,-1.80768
87.4061,0.19154,8.70558,-1.14446
87.4199,1.06306,10.25947,-1.02475
87.4394,1.57064,11.06634,-3.50761
87.4587,0.74701,9.13895,0.09338
87.4775,0.33520,10.39594,-1.08700
87.4998,0.66082,9.82131,-0.43815
87.5174,-0.92180,10.27383,-0.21548
87.5417,-0.58899,9.17247,0.58899
87.5596,0.62969,9.51485,-1.28812
87.5774,0.66561,9.60104,-1.46530
87.5973,0.38069,9.45020,-2.18118
87.6220,0.79729,9.37598,-0.38548
87.6394,1.06306,9.69442,-2.11893
87.6705,0.88349,9.72554,-2.41343
87.6936,-0.05028,10.16848,-2.70553
87.6976,0.98884,9.36880,-2.33202
87.7176,1.23784,9.74709,-2.26498
87.7415,0.64406,9.45499,-4.00802
87.7575,0.07901,10.22355,-1.03433
87.7790,0.85715,10.03919,-1.03193
87.8020,1.44135,8.99050,-1.76697
87.8278,1.83880,9.49330,-2.57624
87.8373,0.89067,9.22993,-0.44773
87.8596,0.84997,10.34566,-1.38868
87.8772,0.53871,9.82131,-0.30886
87.8974,0.81645,9.72794,-1.35037
87.9209,1.04151,9.07191,-2.08541
87.9392,1.32882,9.15331,-1.02236
87.9701,0.84518,9.12937,-0.49322
87.9795,1.14446,9.56273,-2.09738
87.9973,0.73265,8.78938,0.37111
88.0188,0.10774,9.87638,-0.17239
88.0413,0.17478,9.99610,-1.51318
88.0589,1.13728,10.20919,1.03672
88.0926,0.08619,10.24271,0.19872
88.1079,-0.22506,10.24271,-0.49801
88.1176,1.75740,10.51805,-0.93616
88.1390,1.29530,10.98972,-1.18038
88.1599,1.19474,10.84128,-3.59141
88.1777,1.98485,9.76146,-0.52195
88.1975,1.00799,10.64255,0.06943
88.2210,0.22267,10.15891,-0.24422
88.2479,-0.52913,9.91948,1.91063
88.2577,0.19872,9.50527,2.52596
88.2805,1.63290,8.45897,-0.40463
88.2972,0.82602,9.18204,1.75021
88.3174,-0.16999,9.91469,1.91063
88.3408,0.32323,9.18683,2.93778
88.3582,-0.75180,11.52604,1.50360
88.3860,-1.03433,10.52763,1.74782
88.4005,-0.06465,10.86761,1.41502
88.4197,-0.23943,10.50368,1.40305
88.4386,-0.58899,10.53720,1.38868
88.4633,-0.11493,10.37679,1.31925
88.4799,-0.05507,9.20599,1.45572
88.5100,-0.60096,9.39992,1.39347
88.5240,-0.88349,9.73991,0.79490
88.5381,0.39027,9.69442,0.06465
88.5581,0.78772,9.24908,1.65205
88.5804,1.27615,9.49569,-0.18436
88.5984,0.40463,9.34964,1.19953
88.6197,0.56026,9.49809,-0.51716
88.6410,0.84039,9.36401,2.28653
88.6588,-0.52674,9.28021,3.00960
88.6805,-0.67758,9.69681,1.47727
88.7018,-1.70233,10.01525,4.43899
88.7188,-0.62251,11.46139,-1.60656
88.7385,0.81166,10.91789,-1.58501
88.7604,0.86673,10.94184,-3.44057
88.7786,0.24661,9.65372,-0.84518
88.8028,0.01197,9.75428,0.11253
88.8202,-0.46688,9.57949,-1.99204
88.8379,0.96489,9.69202,-2.31526
88.8577,0.48364,9.53400,-2.74623
88.8814,0.33520,10.78860,-4.16843
88.8979,0.94334,9.42387,0.20830
88.9179,1.16601,9.49330,-1.25699
88.9408,1.07503,9.33528,-1.09897
88.9577,0.93137,9.24908,-1.09897
88.9776,1.60895,9.55555,0.59857
89.0003,1.18756,9.32091,1.31206
89.0179,-1.14925,10.37200,3.38790
89.0379,-0.53632,10.35045,-0.01915
89.0618,-1.49163,9.48372,3.38790
89.0881,-0.45970,11.15253,1.08461
89.0975,0.69195,10.44622,-0.70392
89.1199,-0.43576,10.50368,1.10376
89.1371,0.50280,11.37281,-1.83641
89.1580,0.04789,9.66329,-0.28252
89.1796,0.55068,11.00169,-0.01915
89.1980,-0.92898,9.08867,1.18756
89.2176,-1.10137,10.09426,-0.07662
89.2400,-1.78613,10.25229,1.32882
89.2577,-0.34478,9.43823,-1.40544
89.2776,0.35435,8.90431,-0.72786
89.3001,-0.49801,9.50048,-1.05109
89.3190,-0.51956,10.18046,-1.23066
89.3377,0.81405,9.02402,-0.12450
89.3598,0.28731,7.50845,-0.01676
89.3776,0.79490,8.61699,-0.88588
89.3985,1.20432,9.11740,0.66321
89.4213,1.64487,9.02163,-1.57304
89.4378,0.59139,9.26345,0.56505
89.4615,1.48206,9.70639,0.06465
89.4814,2.31287,9.00008,1.41741
89.5095,1.27136,10.39115,1.25699
89.5182,-1.33840,10.18046,2.00161
89.5401,-1.16841,10.70001,1.38868
89.5576,0.01197,9.26105,-0.66321
89.5795,-1.27615,9.78780,1.10376
89.6003,-0.84518,9.40232,1.18517
89.6180,-0.35675,9.73512,1.06306
89.6430,-1.90345,9.29936,0.59857
89.6604,-2.18118,8.89952,1.97288
89.6790,-1.12531,10.38876,-0.49561
89.7015,-0.60336,9.60104,0.18196
89.7210,-0.40463,9.37359,-1.05109
89.7386,0.10774,8.99768,-1.17319
89.7599,0.58660,9.96737,-2.23865
89.7845,2.51399,6.08625,-0.65124
89.7975,2.53554,8.37517,0.04789
89.8177,0.00958,9.90033,2.93538
89.8400,-0.13169,9.78061,3.86197
89.8588,-1.10615,11.39914,3.58662
89.8775,-0.95053,11.33450,2.18837
89.8999,-0.25379,9.96737,3.51958
89.9190,-1.01038,10.89634,1.03672
89.9374,0.20591,12.48375,-0.83800
89.9599,0.97686,10.31693,0.88109
89.9774,-0.40703,10.31214,0.79011
89.9976,-0.66561,10.47974,-0.29450
90.0200,-1.16362,9.69202,0.71589
90.0374,-1.64966,9.66808,0.15323
90.0575,-0.53392,9.95061,-1.19235
90.0800,-0.64167,7.33127,-1.96809
90.0979,2.00401,8.36320,-0.93616
90.1176,2.41103,10.29299,-1.71430
90.1400,0.70152,7.67844,2.76778
90.1577,-0.51477,12.07193,0.31844
90.1788,-0.21548,8.80375,3.29692
90.2031,-1.46290,9.51485,2.65764
90.2166,-0.63927,9.57231,2.31048
90.2374,0.32083,9.85723,0.89306
90.2599,-0.48604,9.25148,2.95693
90.2776,-0.51477,10.84128,-0.81645
90.2981,-0.44534,9.71597,-0.23943
90.3230,0.01197,9.69921,-0.12690
90.3455,0.00239,9.81892,-0.72068
90.3591,-0.15563,10.10384,-0.71828
90.3804,-0.16760,9.58189,-0.84039
90.3977,-0.13408,10.11821,-0.05267
90.4191,-0.47407,9.70639,-0.08141
90.4402,0.06465,9.50288,0.30168
90.4603,0.11971,10.36242,0.07662
90.4886,-0.49801,10.36721,1.53712
90.4997,0.46928,9.14613,1.26178
90.5177,0.11732,9.47654,1.75500
90.5387,0.06465,9.61062,1.96331
90.5600,-0.34478,9.30655,2.77736
90.5777,-0.24182,9.92188,-0.38308
90.5992,0.28971,8.86121,0.06465
90.6214,-0.12690,9.87160,-0.25619
90.6377,0.53871,9.12698,1.13249
90.6590,0.53392,9.14613,0.86194
90.6800,0.35914,9.27063,1.15643
90.6990,-0.28731,9.59865,0.98884
90.7177,0.32323,10.42946,0.06465
90.7401,0.15084,10.29538,1.58980
90.7631,0.30168,10.16370,0.80208
90.7773,0.54829,9.43584,0.58181
90.7998,1.04630,9.86920,0.10295
90.8175,1.04869,9.00008,-0.14126
90.8375,1.01517,9.86920,1.53473
90.8600,0.19872,9.66808,1.53712
90.8788,-0.65364,9.88836,2.00161
90.9057,-0.74462,10.31214,1.88669
90.9200,-1.86514,10.11342,2.87552
90.9374,0.43336,10.80057,-2.08781
90.9578,0.87870,9.78301,-1.88429
90.9802,-0.26337,10.17327,-0.70392
90.9980,1.01278,11.27464,-1.47008
91.0188,0.59857,9.77343,0.53871
91.0436,0.57941,9.17726,-0.39984
91.0600,0.01197,10.29778,0.93377
91.0801,0.74462,8.90670,2.49962
91.1015,0.47407,9.52682,2.15006
91.1193,-0.02394,9.59146,1.76219
91.1406,-0.81405,9.51724,0.67040
91.1629,-1.29051,9.14613,1.04151
91.1934,0.05507,11.25070,-1.69515
91.1988,0.29210,9.57710,0.07662
91.2226,0.39266,10.92268,-2.63131
91.2409,1.35995,8.99050,0.03113
91.2606,0.86673,9.52921,0.19154
91.2829,0.13169,8.75107,-0.33520
91.3213,-0.25619,11.08789,1.42459
91.3215,-0.34478,10.63297,1.24981
91.3424,-0.09338,9.36640,-0.13408
91.3584,-0.01437,9.68724,-0.56265
91.3786,0.50759,9.46217,-0.78053
91.4008,0.86912,9.81174,0.92180
91.4186,-0.06225,9.87160,1.03672
91.4409,-0.12450,8.95219,1.54191
91.4742,-0.62969,9.84286,0.84278
91.4812,-0.85236,10.33130,-0.16999
91.4997,-0.10056,10.24510,-1.23784
91.5218,0.81405,10.51565,-3.09819
91.5397,1.28812,10.39355,-1.10855
91.5598,1.55867,10.24510,-1.50360
91.5834,1.62332,10.00328,-0.90743
91.6086,-0.11253,9.57231,1.36234
91.6194,-0.19633,10.45580,0.61772
91.6420,-0.06943,10.09666,1.59459
91.6594,0.67519,9.22035,1.88190
91.6795,1.09658,9.83808,0.39984
91.7017,-0.57941,10.03441,1.64726
91.7200,-0.34478,9.55555,0.71349
91.7456,-0.05986,9.61780,-0.62251
91.7616,-0.85236,10.17806,0.92419
91.7792,0.22985,9.61062,-0.24182
91.7994,1.00560,9.18683,0.39027
91.8218,0.77575,9.56992,0.03591
91.8404,-0.45252,9.42387,1.78134
91.8611,0.23224,9.02163,1.19714
91.8935,0.94574,7.79815,0.30647
91.9013,0.17478,9.72554,1.51318
91.9195,0.27055,9.45260,1.58980
91.9418,0.18196,10.78860,0.82842
91.9601,0.86673,10.64495,2.96411
91.9813,-0.84997,12.20122,-0.88828
92.0034,0.53632,8.82769,1.34079
92.0275,-0.05507,11.05197,1.66163
92.0393,-1.49642,10.88677,2.78454
92.0615,-0.39506,9.87878,1.05588
92.0794,1.88908,10.02962,0.50998
92.1005,0.88109,8.93064,-0.29210
92.1230,1.38389,9.69442,-1.20671
92.1411,1.03912,9.82610,0.73025
92.1618,0.05746,9.83329,0.69434
92.1820,0.75899,8.16448,-0.36872
92.1994,2.16442,9.54119,0.78053
92.2199,1.93218,9.68005,0.33759
92.2419,0.78772,10.84128,0.61533
92.2597,0.15802,10.09905,1.42699
92.2797,-0.45970,9.54837,2.34639
92.3088,-0.07183,11.68406,1.19714
92.3206,-1.24023,10.33608,1.43656
92.3404,-0.29928,10.39355,-2.97130
92.3634,-0.03831,9.55316,1.00081
92.3794,1.47008,9.04318,-2.30808
92.3995,1.72388,9.75906,-1.73585
92.4216,1.79810,10.68325,-1.91781
92.4436,-0.87630,9.39513,1.24742
92.4588,-0.62969,9.09346,2.15724
92.4806,0.52674,9.57471,1.61853
92.4984,0.17957,8.93543,1.58740
92.5184,0.13647,10.23074,1.32643
92.5414,0.06465,9.01205,1.71909
92.5592,0.24422,9.46217,0.78532
92.5796,0.02155,9.56992,1.92260
92.6014,1.16362,7.45817,1.68078
92.6195,0.47646,9.07191,0.38069
92.6397,0.50040,8.88515,-0.14366
92.6617,-0.70152,11.04479,0.91461
92.6796,-1.53234,11.79180,-0.01437
92.7012,-0.44534,10.81494,-1.39347
92.7330,-0.55787,9.79737,-0.68237
92.7413,0.81405,10.85564,-0.17478
92.7613,0.91222,7.52521,0.89785
92.7833,0.86912,12.44305,2.71990
92.8012,-2.24104,11.22675,3.12692
92.8214,-3.39748,10.81254,3.19157
92.8457,-1.67839,10.91311,3.60099
92.8625,-0.30647,9.77343,0.62012
92.8800,1.50839,8.23391,-2.34878
92.9049,1.69036,8.13814,1.08700
92.9210,1.17080,7.79097,-1.32882
92.9454,1.76219,10.52523,1.49403
92.9653,0.93377,11.36562,0.06225
92.9984,-1.76219,10.95620,-0.57702
93.0164,0.31126,9.52682,0.27774
93.0261,-0.17718,9.17247,1.41262
93.0405,0.12450,9.11022,-1.53234
93.0606,0.77814,8.78699,0.67040
93.0829,-0.10295,10.53481,-0.21070
93.1006,-1.80049,10.58509,1.49403
93.1215,-1.48924,10.61621,1.07503
93.1508,-1.30967,8.89952,2.89947
93.1610,1.45572,8.33926,0.31365
93.1816,1.10855,9.59386,0.54350
93.2031,-0.76138,11.22915,-1.80528
93.2199,1.77655,10.70480,-0.33759
93.2408,2.07584,8.98811,0.35196
93.2638,0.91940,9.87160,-0.76377
93.2893,1.52755,9.17726,0.81405
93.2993,1.10615,10.12299,-0.01915
93.3214,-0.14366,10.55636,-0.67040
93.3394,0.70871,9.16768,-0.38787
93.3595,1.63050,9.12219,-0.31844
93.3815,0.99841,9.25866,-0.30647
93.3998,0.36393,9.31852,-0.63209
93.4197,1.08940,9.06712,-0.11493
93.4417,0.96968,9.44302,-1.54670
93.4593,0.10535,9.53879,0.25140
93.4792,-0.55787,10.25947,-0.16999
93.5013,-0.19154,9.56752,-0.57463
93.5194,0.54350,9.72554,0.21788
93.5395,-0.15084,10.30496,-1.09897
93.5719,0.15802,9.30176,0.65364
93.5796,-0.36632,10.18046,0.22985
93.6003,-0.71828,8.43264,0.90025
93.6237,-0.84278,10.35763,0.40942
93.6397,0.72068,9.84765,0.09098
93.6595,0.95532,11.32971,1.67839
93.6826,-0.44773,9.75906,1.25699
93.7073,-0.60575,9.75906,2.54990
93.7225,-0.04549,9.57231,2.59300
93.7425,-0.51477,8.62178,1.39107
93.7611,0.08619,9.27542,1.21150
93.7801,0.59617,9.60583,0.95292
93.8026,-0.43097,9.97694,-0.41660
93.8202,0.77814,9.99131,-1.51318
93.8424,0.46210,10.23553,-1.03672
93.8645,0.10774,10.58509,-2.24822
93.8821,-0.12211,11.24830,0.38548
93.9003,-0.69195,10.76705,-0.57941
93.9244,1.14446,8.49010,0.05507
93.9420,0.43097,9.97694,-0.95771
93.9781,-1.36474,9.03839,-0.95053
94.0035,-0.45731,9.16528,2.86595
94.0037,1.00081,9.10782,1.20911
94.0200,-0.44534,8.72474,3.09819
94.0427,-0.03591,8.55474,0.51956
94.0601,1.76458,8.00167,2.40864
94.0808,0.65364,9.96258,1.20432
94.1032,0.50998,9.61780,3.03355
94.1271,0.54111,10.01765,0.97208
94.1401,-0.51237,9.04318,2.12133
94.1646,-1.44614,10.75748,2.15724
94.1803,-1.06306,10.68325,2.17640
94.2018,-1.51558,11.40393,0.70392
94.2224,-0.29450,9.75906,2.37751
94.2402,-0.17957,8.73431,-0.23943
94.2596,-0.79729,9.66329,0.41182
94.2819,-0.64645,9.10064,1.87232
94.3008,1.36713,8.85642,0.47167
94.3199,1.61135,9.03120,0.80687
94.3421,0.06465,10.41749,0.27774
94.3600,-0.63448,9.03839,2.37273
94.3819,-0.14605,9.34725,2.42061
94.4034,0.76138,10.27144,3.02157
94.4207,1.02236,9.42147,0.23464
94.4419,0.18675,10.62100,1.13967
94.4633,-0.49801,10.99690,1.85556
94.4809,-1.58262,11.30816,3.74704
94.5051,-1.46051,9.40471,2.19794
94.5424,-0.04549,8.57150,1.92021
94.5581,0.08619,9.61541,2.43498
94.5631,-0.74701,10.36482,2.96172
94.5837,-0.10774,10.36960,0.58181
94.6009,-0.73025,8.32250,1.41741
94.6224,-0.69673,10.10145,0.18915
94.6451,-0.21309,10.10145,-0.12211
94.6628,-0.69434,10.31693,0.71828
94.6916,1.13249,8.82530,0.70871
94.7083,0.64645,7.70956,1.27615
94.7210,-0.58660,9.18923,0.73744
94.7412,0.58420,9.07191,1.89387
94.7634,-0.10295,11.32492,1.77655
94.7812,-0.17718,11.41830,0.86673
94.8013,-0.29450,10.97536,1.74303
94.8234,0.40942,9.45739,1.52515
94.8409,0.49801,9.00966,2.61934
94.8610,-0.00239,9.79737,2.76299
94.8831,0.03591,10.04159,3.18678
94.9010,-0.38787,9.70878,2.91383
94.9211,-0.60575,8.74150,2.70074
94.9434,-0.51477,8.78459,1.46530
94.9747,-0.22746,10.00807,0.57941
94.9812,0.31365,10.15172,0.25619
95.0045,0.28013,9.01444,0.23224
95.0209,0.40224,9.62498,2.54990
95.0424,-0.36393,9.64174,3.27537
95.0650,0.20591,9.85484,3.11016
95.1030,0.40224,10.48453,3.05749
95.1032,-0.98644,10.36242,1.95612
95.1234,-1.28573,10.99212,1.95373
95.1409,-0.11732,10.74311,0.61533
95.1616,-0.09577,9.55076,1.95373
95.1836,0.00958,8.43982,1.92979
95.2016,0.65603,8.92825,0.94095
95.2224,0.67279,9.15331,0.51716
95.2585,0.94813,10.08708,2.44455
95.2617,-0.12211,10.68804,1.18517
95.2809,-0.50519,11.11183,0.72547
95.3032,-0.06225,10.78381,1.55867
95.3209,-0.25140,10.03201,1.24502
95.3411,-0.08859,11.14295,-0.45970
95.3636,0.37590,10.79339,2.42540
95.3944,-0.17957,10.57551,1.94415
95.4011,0.60096,7.87238,1.09418
95.4241,1.01038,7.97054,0.53871
95.4408,0.31126,8.87318,1.35516
95.4609,0.16520,9.42387,0.11493
95.4832,1.06545,7.91547,-0.07422
95.5009,1.88908,8.26264,-0.12929
95.5224,1.11334,7.41507,-0.11253
95.5432,-0.42858,11.50449,1.71191
95.5609,0.01676,10.98733,1.67599
95.5805,0.28252,10.90832,1.72627
95.6038,0.34956,10.28820,1.71909
95.6227,-0.65843,9.96258,1.63050
95.6423,-0.08619,8.65051,2.15964
95.6757,-0.17718,8.91389,1.92021
95.6812,-0.29450,9.08148,1.89866
95.7094,-0.41182,12.16770,3.01200
95.7255,-1.39826,10.64734,1.80289
95.7428,-1.08940,10.32651,2.26738
95.7632,-0.28492,10.07032,1.83401
95.8089,-0.23703,10.10863,2.39906
95.8091,-0.56744,10.35763,2.27456
95.8242,-0.63448,10.14215,1.10137
95.8433,-0.20830,10.02243,2.10217
95.8609,-0.05267,10.39594,0.84039
95.8814,-0.24900,11.89236,0.44055
95.9049,-0.52195,10.77424,1.69754
95.9226,-0.15323,9.52921,0.56265
95.9566,0.16042,8.42785,1.02954
95.9630,-0.31604,8.63854,0.51716
95.9809,-0.08619,10.03201,0.46688
96.0008,0.54829,8.66009,0.49801
96.0230,0.30407,7.92026,1.18756
96.0408,0.23224,9.35204,-0.66800
96.0623,-0.41900,10.53002,1.23784
96.1016,-0.42618,9.25627,0.60096
96.1019,0.19872,9.00726,0.31365
96.1212,0.39266,8.43742,-0.26816
96.1434,0.19394,9.03839,0.58420
96.1620,-0.66800,10.46298,0.10774
96.1822,-0.55068,10.59945,3.57705
96.2064,0.16999,10.51805,-0.38787
96.2322,0.17718,8.29377,0.27774
96.2433,0.14366,9.60822,1.07982
96.2648,-0.02155,10.07271,-0.62491
96.2816,1.74782,8.88037,0.74462
96.3018,1.16601,9.38556,1.56825
96.3241,1.00320,10.13257,-1.17798
96.3429,0.39266,10.34566,-0.04549
96.3659,0.91222,10.18764,-0.04789
96.3840,0.67997,9.21078,0.91701
96.4016,0.32562,10.77424,-0.85954
96.4215,0.18196,11.00888,0.12929
96.4439,-0.57702,10.51805,0.81405
96.4616,-1.41502,10.73593,0.14845
96.4838,-0.25858,9.11979,-0.59378
96.5082,0.08380,9.05036,1.05109
96.5214,0.37351,9.78540,-0.23703
96.5420,0.39266,9.05754,1.08461
96.5639,0.10056,11.09507,-1.88908
96.5820,-1.17798,8.25307,1.07742
96.6024,-0.21070,8.26504,0.83560
96.6268,-0.10535,8.81811,1.39107
96.6465,0.81645,9.96018,0.11014
96.6622,1.43896,8.79417,-1.18756
96.6844,1.12531,9.99131,-0.49083
96.7015,0.14126,9.75667,0.25379
96.7230,0.14845,8.95219,1.39107
96.7445,0.47885,9.39753,1.07982
96.7622,-0.04310,9.39035,0.27295
96.7984,1.07742,9.36640,-1.04869
96.8043,1.55388,9.35922,-0.37111
96.8223,0.31604,8.70319,1.89148
96.8431,0.24900,9.20838,0.44773
96.8651,0.11732,10.27383,2.10696
96.8834,-0.75180,10.40791,1.05109
96.9071,-0.85954,10.25947,0.18915
96.9380,-1.02475,10.38158,1.24263
96.9519,-0.39984,9.72554,-0.18915
96.9625,0.39266,9.76864,0.15802
96.9850,0.04789,10.02722,-0.12450
97.0045,0.16520,10.02004,0.31126
97.0245,1.34798,10.00567,0.05986
97.0661,0.91222,10.06074,-0.17478
97.0664,0.55787,11.24830,1.11094
97.0861,0.54589,11.24591,0.81166
97.1049,0.34717,10.57551,2.37273
97.1244,1.05109,9.56034,0.81884
97.1427,0.51956,9.96737,1.81965
97.1677,0.99602,10.86282,1.38629
97.1919,1.28573,9.88836,2.48765
97.2076,0.21548,11.04718,0.26816
97.2249,0.65124,9.87878,0.79011
97.2425,0.42379,9.57471,0.50519
97.2631,1.11813,9.06712,-0.10774
97.2877,0.16281,8.93543,0.42858
97.3052,-0.45252,8.35123,-1.04151
97.3238,0.90264,7.98730,-0.94334
97.3548,0.03591,8.57629,-0.11732
97.3635,-0.69673,8.82530,-0.61772
97.3834,-0.42858,8.79657,-0.22746
97.4045,-0.89306,8.82530,0.72307
97.4216,-0.97447,9.47654,1.13249
97.4419,-1.60656,9.87399,0.00958
97.4637,-0.15084,10.52763,0.43576
97.4899,0.01437,8.74868,-0.67279
97.5027,0.56744,8.65291,0.53153
97.5244,1.68796,8.33686,-0.68716
97.5426,0.82842,9.38556,1.09897
97.5626,0.28731,10.52523,0.67519
97.5848,-0.53632,10.00567,1.70233
97.6024,0.34478,7.86998,0.39506
97.6225,1.17319,8.68882,0.35196
97.6453,0.11971,10.37200,-0.04070
97.6631,0.87391,10.75508,-0.82363
97.6823,0.71828,11.57632,1.41741
97.7051,0.10535,11.50928,-1.53234
97.7261,-0.10056,12.22277,-0.68716
97.7451,-0.41421,12.31854,-0.16281
97.7779,-0.90504,11.02085,-1.32882
97.7835,-0.91222,9.86681,-0.62969
97.8034,0.99841,9.77822,0.26816
97.8275,0.62730,10.60664,-4.47490
97.8434,-0.66321,8.49968,-0.47167
97.8651,1.33840,8.15251,-0.39984
97.8855,0.83560,7.96096,-1.74782
97.9113,-0.53632,9.42865,-1.24502
97.9228,1.11573,9.92906,-2.91383
97.9464,1.75500,8.38715,-2.19316
97.9628,1.07503,8.71277,-2.77257
97.9833,0.90264,7.80773,0.17478
98.0068,1.12531,9.99610,-1.58262
98.0234,0.36632,9.45978,0.60336
98.0434,-0.70392,10.14454,-0.86194
98.0658,0.40224,9.71597,0.87630
98.0829,0.38548,10.72875,0.54350
98.1041,-2.53075,9.40232,2.36315
98.1265,-0.82124,9.80455,-0.55547
98.1439,0.49561,8.49728,2.05189
98.1627,-1.15643,10.82212,-0.46928
98.1907,-0.66082,10.26904,-0.78293
98.2028,1.22108,9.99610,-1.11094
98.2242,-0.05986,9.57710,-1.02475
98.2453,-1.62332,10.61382,0.17478
98.2629,1.00081,10.65452,-2.41103
98.2833,1.93697,8.58826,0.46928
98.3054,0.71110,10.94662,-0.85715
98.3315,0.46928,11.07352,1.66163
98.3444,0.45731,10.83170,1.26657
98.3654,-0.39745,10.42946,2.43498
98.3826,-0.19154,11.32492,2.38709
98.4029,-0.45731,11.22915,1.18517
98.4254,-0.69913,10.81254,-0.10056
98.4444,0.27774,10.14215,-1.33840
98.4632,0.32323,10.58988,-1.11573
98.4854,0.68716,10.51087,-2.48286
98.5056,0.23224,10.09187,-1.32882
98.5230,-0.10774,9.34725,-1.43178
98.5453,0.13887,9.58907,-0.31844
98.5633,0.64885,10.44862,-0.13647
98.5832,-0.60575,10.08469,0.39266
98.6132,-0.13169,10.00567,1.14207
98.6251,-0.04789,9.00966,1.20432
98.6443,-0.48604,9.48612,0.77096
98.6656,-0.40942,10.86761,-1.25939
98.6845,1.09897,7.96336,-1.10615
98.7046,2.41343,8.52841,-1.43178
98.7255,1.60416,8.73910,-2.47807
98.7506,0.79011,11.26746,-0.77814
98.7630,1.24023,9.98652,1.42220
98.7849,-0.47646,11.38717,1.04630
98.8026,-1.20432,10.44383,0.39984
98.8230,-0.54829,9.98173,0.75659
98.8454,-0.19394,9.24908,0.37590
98.8638,-0.45252,9.36880,-0.14605
98.8950,0.08859,9.25866,0.15084
98.9059,0.55787,9.02881,-2.09738
98.9231,0.11971,7.90111,-1.33361
98.9427,0.23224,8.56911,-1.73585
98.9654,0.08380,7.51084,-0.00718
98.9830,0.34238,8.25067,-1.22347
99.0032,1.03193,9.66329,-1.28573
99.0301,1.00081,8.65770,0.40463
99.0424,1.06306,9.76625,-0.25619
99.0626,0.63448,10.76705,1.63290
99.0849,0.69913,11.36562,0.21548
99.1027,-1.03912,10.89874,3.14368
99.1233,-1.30249,11.09028,1.57304
99.1469,-1.07742,10.47256,1.92260
99.1671,-0.26337,11.28661,-0.33759
99.1825,0.12211,9.95779,-1.14925
99.2048,-0.52913,9.82850,-0.95771
99.2226,0.36632,10.74551,-1.28333
99.2424,0.22506,10.20201,-0.59857
99.2660,-0.13408,9.19641,1.47008
99.2830,0.18196,9.08388,0.49322
99.3122,0.08380,8.66488,2.09499
99.3248,-0.88109,9.68724,1.15643
99.3419,-0.36154,9.51724,0.17239
99.3626,0.34717,10.03919,-0.23703
99.3848,-0.01437,10.52523,-2.83961
99.4025,-0.45252,9.19402,-0.74941
99.4228,0.29928,9.24669,-0.48125
99.4492,0.36632,10.57312,-0.15802
99.4626,-0.33520,9.65372,-0.19394
99.4823,-0.73025,11.24591,1.19474
99.5052,-0.99602,11.03521,0.61772
99.5238,-1.20432,9.64414,2.69595
99.5443,-0.92898,9.49809,2.32484
99.5652,-1.48684,11.63857,2.93538
99.5830,0.26576,9.98652,1.22826
99.6041,0.58181,10.46777,0.99362
99.6269,0.98405,10.15412,-0.43097
99.6441,-0.54350,9.31852,2.04950
99.6644,-0.43336,11.14056,2.21949
99.6868,-0.13408,10.11102,1.92500
99.7028,-0.64406,9.51485,0.69913
99.7276,0.49083,9.11979,-0.83081
99.7449,0.86194,8.26504,-0.02394
99.7622,0.58899,8.98571,-1.89148
99.7823,0.75180,8.83727,-1.56107
99.8045,1.31206,9.65372,-1.59459
99.8223,0.15084,11.25309,-1.07024
99.8417,-0.48364,10.66410,-1.64726
99.8647,-0.07183,8.31292,1.86514
99.8820,0.07901,9.68724,-0.01437
99.9032,-0.23224,9.34007,1.67120
99.9244,-0.01676,9.23472,1.15643
99.9423,-0.56265,9.01444,1.44135
99.9634,0.58899,9.12937,1.26418
99.9846,0.59857,8.69122,2.48047
100.0082,-0.70392,9.81653,2.45413
100.0237,-0.75659,9.90751,1.41980
100.0448,-0.50998,10.53002,1.19714
100.0618,-0.88588,10.76705,1.97767
100.0862,-0.01197,9.90033,0.30168
100.1062,0.53153,10.97775,-1.29291
100.1225,0.18915,11.58829,-0.03831
100.1432,-0.23464,10.30975,0.43336
100.1645,1.02714,10.28341,-1.33361
100.1823,0.50519,9.92666,0.79969
100.2030,-0.86194,9.92427,-0.52435
100.2252,-0.49801,11.64815,-0.33041
100.2423,-0.32083,11.10944,1.18756
100.2636,-0.58420,10.11342,-0.96250
100.2944,0.12211,7.69520,-0.73744
100.3025,1.43178,7.85322,-1.69036
100.3222,-0.08380,9.95061,-1.24263
100.3444,-1.07982,11.09746,-3.02397
100.3623,-0.11732,8.83009,-1.77895
100.3824,1.65205,9.58428,-2.06386
100.4059,0.74941,9.42147,-2.79172
100.4304,0.64406,10.53481,-1.69275
100.4435,-0.37111,9.33288,0.11014
100.4650,-1.09658,10.04159,-0.26098
100.4826,-1.49642,9.66090,-0.30886
100.5024,-0.26337,9.98173,-2.64089
100.5245,0.26337,9.85244,-1.94894
100.5426,0.53871,10.84606,-2.79651
100.5622,-0.14126,9.82131,-1.82683
100.5869,0.34478,8.41827,-0.12450
100.6021,0.64406,8.48052,0.55308
100.6221,0.40463,10.00567,-0.52913
100.6445,-0.19394,11.59308,-2.13569
100.6623,-0.50280,10.51326,0.58660
100.6827,-0.49801,9.84526,0.23464
100.7083,-1.28094,9.94103,0.49083
100.7218,-0.10295,10.16848,0.03591
100.7422,0.74701,9.27781,-0.68955
100.7652,-0.69434,10.47495,-1.67599
100.7828,0.62491,10.36482,-0.38787
100.8025,1.12052,9.81653,0.45012
100.8249,0.81166,10.33608,0.11732
100.8521,0.49561,10.45340,1.23784
100.8634,0.34478,9.83568,1.66163
100.8844,0.34956,10.66171,1.79331
100.9022,0.12929,9.65850,1.99683
100.9223,-0.32562,9.66090,1.51558
100.9445,0.18196,9.08148,1.84599
100.9637,0.92898,9.43344,1.50121
100.9825,0.11732,9.20120,0.14126
101.0042,0.99123,9.20120,-0.51237
101.0221,0.49561,9.23951,-0.06704
101.0420,0.33280,9.68963,-0.52913
101.0650,0.31604,9.83329,-0.92658
101.0824,0.20351,10.59467,-1.23545
101.1023,0.00239,9.64174,-1.75021
101.1307,-0.03591,9.37359,-1.13728
101.1444,0.51477,9.98652,-0.33280
101.1627,0.81645,9.45020,1.02714
101.1845,0.23224,9.11979,0.39027
101.2038,-0.13887,10.44143,0.08619
101.2238,0.63927,10.25707,0.25619
101.2564,0.01676,9.89314,0.69195
101.2717,0.46928,10.33130,-0.80208
101.2818,0.89785,9.41908,-0.28971
101.3043,-0.42858,9.87160,1.59698
101.3220,-0.20112,9.85723,-0.89546
101.3434,-0.39984,9.11740,-0.40703
101.3649,-0.63927,9.85723,0.39745
101.3849,-0.57702,9.38795,-0.51237
101.4131,0.39266,9.21078,-1.08700
101.4304,0.48364,9.58428,-1.28333
101.4435,1.44854,8.74150,-2.08541
101.4619,0.57702,9.54119,-2.50681
101.4856,-0.10535,10.08229,-0.79729
101.5022,0.56744,9.01444,0.38787
101.5216,-0.48604,9.96737,2.32245
101.5530,-0.17957,9.55795,1.01996
101.5628,-0.26816,8.40630,1.56346
101.5817,-1.01517,9.72076,0.37590
101.6042,-0.90743,8.83009,0.52195
101.6215,0.31844,10.71677,-1.07503
101.6418,0.51477,10.23074,-0.01915
101.6640,0.62491,10.42707,-1.11573
101.6818,1.04869,9.33288,1.09658
101.7025,0.79011,9.80216,0.75180
101.7234,0.50519,9.03599,1.54670
101.7410,0.34238,9.70639,1.07024
101.7609,0.21548,9.32331,1.96570
101.7832,-0.47885,9.75906,1.75500
101.8013,-0.46928,10.09905,0.38548
101.8222,-0.71589,9.13895,0.52674
101.8441,-0.66321,9.13176,0.42139
101.8617,0.23464,9.41908,-0.18196
101.8820,0.26098,9.42626,-2.31048
101.9042,0.37111,10.25947,-1.68557
101.9218,0.69434,9.77582,-0.84997
101.9415,1.03672,9.05036,0.37590
101.9648,1.02475,10.06314,-0.84757
101.9822,0.14845,9.99849,0.67279
102.0019,-0.53153,10.06793,-0.36154
102.0254,-0.20591,10.24510,0.98644
102.0418,0.50759,10.33848,0.40942
102.0614,0.67279,10.45101,0.15323
102.0837,1.11334,10.63297,0.10535
102.1096,-0.13887,10.45340,0.51716
102.1216,-0.03352,10.51087,1.46290
102.1456,0.47167,8.80614,2.16442
102.1618,-1.00560,9.95061,0.46449
102.1818,0.23943,10.43186,0.69434
102.2042,-0.43097,9.82371,0.94574
102.2214,0.36154,11.60744,-0.58899
102.2437,0.62251,11.42787,-1.17080
102.2640,1.28573,8.89473,-2.06626
102.2817,0.47885,8.78938,1.35037
102.3017,-0.29928,9.82610,1.45811
102.3241,0.02873,8.02561,2.69356
102.3421,-0.96489,9.59146,1.31206
102.3617,-0.94813,9.43823,0.01676
102.3840,-0.26098,9.84765,0.02634
102.4016,0.23703,9.98652,-0.17718
102.4218,0.67519,9.62738,0.49801
102.4456,0.87152,9.14613,1.10855
102.4640,1.02475,9.99849,0.32083
102.4842,-0.33999,9.79977,1.52036
102.5062,-1.99922,11.22197,2.40625
102.5327,-1.13010,11.43027,2.05668
102.5471,-0.17718,8.38236,-0.95771
102.5648,0.60815,9.31852,1.08700
102.5820,0.56984,10.13496,0.74462
102.6020,0.41660,9.44063,0.82363
102.6256,-0.34478,10.16130,0.01437
102.6434,-0.14366,9.68724,0.47646
102.6756,0.04070,8.76305,1.26178
102.6852,0.50998,9.88117,0.72786
102.7022,-0.20351,9.04318,0.86912
102.7219,-0.57702,9.69681,1.44135
102.7445,-0.42618,10.10863,0.95771
102.7621,0.13408,9.28979,1.37910
102.7961,-0.39506,9.64414,1.76937
102.8137,-0.03591,9.85244,0.56265
102.8251,0.29689,9.33767,0.23703
102.8421,0.93137,8.89234,0.80687
102.8645,1.64247,9.89793,-3.72789
102.8824,0.01915,8.79657,2.19555
102.9034,-1.27615,11.24112,0.48604
102.9258,-0.63688,10.34566,0.77575
102.9429,-0.16999,10.85325,-0.68716
102.9623,0.58420,10.63537,-0.06704
102.9849,0.96968,9.41189,-1.83401
103.0032,0.20591,9.63935,0.15563
103.0227,1.16362,8.60263,1.63290
103.0448,0.60815,8.32010,1.78852
103.0626,-0.95771,9.83089,2.88031
103.0848,-0.93616,10.43425,2.94017
103.1044,-0.79490,9.14374,2.53793
103.1220,0.55308,9.50048,-1.11573
103.1436,1.65923,9.96018,-1.67839
103.1643,0.97447,9.40711,-0.46210
103.1857,-0.11971,9.81653,0.44294
103.2201,-0.64645,9.98173,1.06066
103.2364,-0.70871,9.59146,1.89866
103.2417,-0.22506,11.04240,0.35435
103.2621,0.20830,9.95300,0.74941
103.2845,0.47885,9.95539,-0.01676
103.3034,0.76617,9.62020,1.55149
103.3219,-0.17957,10.86522,-0.85954
103.3602,0.21788,10.52523,-1.57064
103.3782,0.08619,10.30735,0.63688
103.3817,-0.46449,10.10863,1.19714
103.4043,-0.42139,9.97215,2.57863
103.4220,-0.06465,9.32570,1.21629
103.4440,0.34478,9.04318,1.02954
103.4653,0.05507,8.81333,1.89866
103.4926,-0.31365,9.51724,-0.26337
103.5098,0.05746,8.75586,0.22985
103.5252,-0.14366,8.26264,0.97926
103.5433,0.15802,9.30655,-0.71349
103.5640,0.59378,11.13338,0.02394
103.5866,0.75420,10.37918,0.81166
103.6048,-0.08380,9.66329,1.67360
103.6246,-0.90025,9.59386,2.19794
103.6477,-0.87630,9.76625,0.75180
103.6629,-0.04070,10.37918,0.32083
103.6830,-0.64406,10.74790,-0.57702
103.7052,0.00718,10.56115,-0.33999
103.7240,-0.01437,9.55316,0.65124
103.7434,0.62969,9.23711,-0.69434
103.7669,0.84757,9.49569,-1.01517
103.7854,-0.03831,10.26904,0.17239
103.8034,0.30647,9.96497,0.35435
103.8274,0.60815,8.52601,0.36154
103.8428,0.31126,10.02962,-0.05507
103.8624,1.26178,9.67526,-0.03352
103.8848,1.52755,10.32411,0.71828
103.9032,-0.22027,8.96416,0.35914
103.9238,0.14366,9.37837,0.13887
103.9462,-0.19872,9.46217,-0.52435
103.9641,-0.52435,9.97455,-0.46688
103.9828,-0.28252,9.91230,0.00239
104.0074,-0.20830,9.64893,-0.24661
104.0263,-0.00958,10.09905,-0.29689
104.0625,-0.07183,9.41668,-1.11094
104.0738,-0.57702,9.49330,-0.51237
104.0835,-0.22746,10.55636,-1.69036
104.1107,0.08141,9.25627,0.14126
104.1262,0.37590,9.99610,-0.29210
104.1444,1.16122,10.09905,-2.57863
104.1656,1.84599,10.60664,-0.97686
104.1884,0.93377,9.37837,-2.28893
104.2067,-0.27295,9.39513,0.84039
104.2241,-0.14605,9.59146,1.68796
104.2460,-0.37830,9.10782,0.74701
104.2653,0.23464,11.09986,1.92500
104.2836,-0.48125,10.79578,1.99922
104.3081,-1.29770,10.44143,1.21629
104.3255,-1.08461,9.81174,0.83321
104.3582,-0.74223,9.30655,1.62092
104.3672,-0.31126,9.24908,0.72547
104.3837,0.68955,7.74308,1.70951
104.4036,-0.06465,8.00406,0.25379
104.4266,-0.69913,10.74072,0.41421
104.4442,0.15802,10.68804,-1.27615
104.4642,0.44055,11.19084,0.80448
104.4975,0.64885,10.05356,0.65843
104.5035,0.24422,11.00648,2.63370
104.5238,-0.47407,10.35763,2.02077
104.5497,-0.37351,10.84367,2.36554
104.5671,0.43576,10.24031,1.37910
104.5876,-0.56744,10.11342,0.59617
104.6241,-0.13169,10.15891,2.16921
104.6381,-1.00081,10.44143,1.50839
104.6437,-0.61293,11.49252,1.83641
104.6659,-0.27295,9.58428,1.27375
104.6838,0.37111,9.06472,1.09658
104.7035,0.49561,11.58350,-1.16841
104.7260,-0.23943,11.63857,-0.93137
104.7696,1.36474,10.99451,-0.12690
104.7696,2.07105,10.13496,-2.47807
104.7861,1.23784,8.96895,-0.81166
104.8042,-0.92898,10.17088,-0.41182
104.8234,-0.22027,7.53478,2.70074
104.8463,0.02873,8.66488,1.56107
104.8670,-0.33759,8.75586,-0.04070
104.9018,1.33601,8.60502,-0.38548
104.9166,0.81166,8.37039,-0.56744
104.9234,0.30407,8.93064,-0.27774
104.9435,0.40942,11.11662,0.91701
104.9658,1.28333,10.15891,0.29689
104.9834,1.18517,9.56992,0.15802
105.0035,0.16760,10.23792,0.65843
105.0266,-0.57463,10.22595,0.34956
105.0490,-0.38069,11.36323,3.50043
105.0635,-1.38629,12.53403,1.40783
105.0858,-2.58103,12.26587,-0.26576
105.1033,0.86912,9.77582,-0.49801
105.1236,1.25460,8.95698,1.03912
105.1477,0.34238,9.34007,0.84278
105.1674,2.62891,9.35443,2.20752
105.1843,1.07982,8.46137,2.89707
105.2057,1.00320,8.83009,1.28573
105.2235,-0.22985,10.10863,2.90665
105.2464,-0.08859,10.39594,2.64328
105.2696,0.49322,10.75508,1.18038
105.2870,0.10774,9.76625,2.87552
105.3052,0.06465,8.75107,2.75342
105.3376,-0.31365,9.74949,1.80768
105.3448,-1.54191,11.03761,1.47248
105.3646,-1.91781,8.72474,4.06069
105.3885,0.54829,12.65853,-1.77895
105.4039,0.18675,8.84206,2.39906
105.4253,-0.53392,10.24031,0.58899
105.4658,-0.25858,10.07750,2.57145
105.4664,0.39027,10.76466,1.70233
105.4831,0.42618,9.41189,3.08861
105.5068,0.62491,9.74230,1.66402
105.5234,0.51237,9.06233,2.05429
105.5451,0.28492,10.11102,2.09738
105.5673,0.60815,8.95459,2.72947
105.5859,0.09098,9.47415,2.02316
105.6071,-0.57702,8.57869,2.25301
105.6274,-0.57223,9.13895,2.75102
105.6453,-0.51237,9.47654,2.10936
105.6655,0.16281,8.92825,1.09658
105.6880,-0.01197,10.82691,1.09418
105.7055,0.23943,10.08708,0.53153
105.7357,-0.04549,10.22834,1.94894
105.7502,-0.40942,10.13018,1.97767
105.7629,0.23224,9.75188,1.37192
105.7836,-0.39745,10.62100,0.76138
105.8059,-0.26576,9.67766,2.16921
105.8235,-0.60815,9.64893,2.23386
105.8457,-0.17239,9.20120,0.33520
105.8698,-0.16042,9.05275,1.09658
105.8953,0.26337,10.43664,-0.00239
105.9090,0.09577,9.85484,1.17319
105.9257,0.81645,9.79977,-0.42139
105.9450,1.30727,8.93783,0.72307
105.9633,0.62251,8.59305,2.12851
105.9892,1.93457,8.11659,1.36953
106.0251,0.25379,9.89793,4.94418
106.0252,-1.52755,12.49811,2.19794
106.0477,-2.65046,10.41988,3.38072
106.0636,-0.58181,9.39274,3.86915
106.0835,2.38709,8.47334,-2.67201
106.1061,0.86673,8.22194,1.88669
106.1236,1.99683,10.81254,0.79729
106.1454,-0.65124,10.29778,0.66561
106.1756,0.25379,7.18761,1.26418
106.1841,-0.18196,9.38077,0.47646
106.2037,-0.26816,9.70400,0.46449
106.2269,0.32083,11.29619,-0.06704
106.2434,-0.04549,11.35605,-0.99362
106.2634,-0.34717,10.35763,1.98007
106.2858,0.23224,8.42306,2.87552
106.3116,0.10056,9.40471,0.45731
106.3244,-0.03113,10.13257,0.65364
106.3470,0.13169,8.29616,1.46530
106.3633,1.54191,13.10147,0.79250
106.3848,-4.57546,11.71998,2.76060
106.4068,-0.50519,8.43982,5.98090
106.4263,-0.54589,9.62498,1.02236
106.4651,-1.86514,9.24908,4.43899
106.4653,-0.02634,10.03201,3.96492
106.4831,-0.27774,10.17088,0.05746
106.5041,0.36632,9.40471,1.38150
106.5255,1.71909,7.28338,1.70472
106.5433,-0.08859,9.71597,2.72947
106.5640,-1.35516,11.13338,2.12372
106.5959,-0.47407,10.60424,1.45093
106.6031,-0.46449,10.38636,0.84518
106.6228,0.75659,10.14933,0.99602
106.6452,0.52195,9.03599,0.29450
106.6631,0.91461,9.91230,0.90743
106.6848,0.39266,9.57231,1.43178
106.7135,0.23464,9.93385,0.67997
106.7273,0.13169,9.97215,2.82524
106.7431,-0.26576,10.16609,1.92979
106.7657,0.75420,10.36721,0.26576
106.7848,-0.18436,9.33049,3.02157
106.8049,-0.91940,10.53002,3.36156
106.8269,-0.40463,10.96099,2.67680
106.8617,-0.95771,9.74470,3.28734
106.8742,-0.17957,8.36799,2.62891
106.8854,0.19872,7.94899,3.05988
106.9037,0.93616,9.71836,1.77176
106.9232,0.46210,9.22275,4.22589
106.9468,-0.11014,11.26746,2.75820
106.9651,-0.51477,10.79818,2.78215
106.9849,-1.29291,10.69044,2.16682
107.0156,0.01197,7.79576,3.43818
107.0325,-0.42379,9.69921,2.71511
107.0428,-0.35196,9.34007,1.83162
107.0657,0.57463,9.17726,-0.09817
107.0830,1.00320,9.62020,0.13647
107.1042,0.90264,9.55076,-0.42858
107.1254,0.69434,9.25387,1.32164
107.1452,0.11493,9.88357,2.70553
107.1631,-0.00718,9.36880,3.58662
107.1855,0.27534,9.60822,2.74863
107.2055,0.09338,9.86202,2.83961
107.2248,-0.65364,10.06553,2.98327
107.2468,-0.68716,10.01286,3.14608
107.2656,-0.21309,10.13496,2.80848
107.2851,0.47167,8.17884,3.45973
107.3050,0.20112,8.95938,2.32484
107.3230,1.36474,9.20599,1.74064
107.3444,0.56026,9.62977,1.54910
107.3668,0.67758,9.44302,1.24023
107.3849,-0.11253,9.91948,1.88429
107.4056,-0.46210,10.13018,1.61135
107.4396,-0.10535,9.45978,1.66881
107.4429,0.90982,8.78220,1.81965
107.4630,0.07901,9.47175,1.10615
107.4853,0.01676,9.72315,0.63448
107.5069,0.67997,9.28979,1.62811
107.5267,0.76856,8.95459,1.71670
107.5663,1.24263,8.35841,1.52994
107.5665,-0.00958,8.89473,2.45892
107.5911,0.77575,10.59227,2.86116
107.6052,-1.99922,9.85484,2.41343
107.6241,-0.27295,10.26426,4.89869
107.6438,-0.40703,10.99212,3.85718
107.6662,-0.06704,10.50608,2.80370
107.6855,0.92658,9.71597,1.70472
107.7221,0.30647,8.59305,1.91781
107.7258,0.88828,9.08148,2.38470
107.7457,1.41741,8.10223,3.23227
107.7677,1.43896,10.23313,2.09738
107.7898,-0.90025,10.57072,1.68318
107.8074,-0.26576,10.66889,4.35519
107.8434,-1.01757,10.59227,1.86275
107.8591,-0.44534,9.47415,3.30170
107.8644,-0.48364,9.31852,2.12851
107.8905,0.15563,8.48052,2.09978
107.9092,-0.06465,8.66967,3.28973
107.9252,0.50040,9.19641,0.35196
107.9455,0.78772,9.28979,0.57702
107.9683,0.61293,9.73752,0.42379
107.9863,0.59857,8.90431,2.07584
108.0065,0.63448,8.98811,2.16442
108.0262,0.41421,9.38795,1.97288
108.0457,0.82602,9.49330,1.35277
108.0658,0.52674,9.96976,2.54511
108.0864,0.56026,8.94022,1.91542
108.1217,1.13728,9.61062,0.99123
108.1352,0.25619,7.99688,3.68239
108.1488,0.80448,11.12141,-0.92180
108.1665,0.09338,8.16687,4.37673
108.1849,-0.08619,10.29299,-0.00718
108.2093,0.57223,8.68164,1.69754
108.2251,0.19394,9.62738,0.55308
108.2545,-0.16999,8.54517,2.43977
108.2677,-0.80926,11.60026,1.68318
108.2846,0.11014,9.22514,2.55469
108.3045,0.63927,10.91311,0.08141
108.3270,-0.00718,10.33608,2.34400
108.3476,-1.26178,11.25549,0.50998
108.3665,0.01437,10.38158,2.16203
108.3870,-1.29291,8.12856,2.21710
108.4126,-0.23224,8.52841,-1.16841
108.4254,0.91461,9.80216,1.01038
108.4471,-0.80448,14.76789,2.82046
108.4659,-1.79571,13.07274,0.60096
108.4863,-1.00799,10.03441,-0.14366
108.5086,-2.03753,9.62259,0.65603
108.5283,2.18597,9.51006,-2.71750
108.5609,2.33681,8.18124,-2.42779
108.5670,0.28971,10.27144,-2.17400
108.5846,1.68318,8.97614,-1.52994
108.6053,1.13249,9.60344,0.23943
108.6290,0.18675,11.22675,-0.81645
108.6451,0.48125,10.25947,3.20115
108.6758,0.34717,11.77983,2.33681
108.6881,0.34238,11.33210,1.92979
108.7057,0.13647,11.05197,2.06147
108.7245,0.35914,11.80856,0.36393
108.7471,0.56984,12.54121,1.05827
108.7649,0.81166,11.91391,0.80208
108.7878,0.39266,12.27305,0.96010
108.8273,0.12929,11.02803,0.25379
108.8274,0.32562,10.74311,-0.40942
108.8445,0.27534,10.71677,0.16760
108.8664,-0.30647,9.47654,0.61772
108.8848,0.56026,9.78301,-1.59459
108.9045,0.56265,8.37039,0.38069
108.9274,0.01915,8.74629,-1.74782
108.9635,-0.12929,8.04716,0.44294
108.9819,-0.50040,8.85642,-0.35435
108.9879,-0.36393,7.19958,0.82602
109.0062,-0.44055,7.39352,-0.83321
109.0250,-0.73025,8.25785,-1.92021
109.0486,-1.07264,6.57707,2.30329
109.0662,1.39826,11.25549,-4.49166
109.0861,0.49801,3.52677,2.14766
109.1178,0.99841,10.17567,-6.69439
109.1258,1.61135,6.11498,0.59617
109.1466,-0.22027,8.35602,-0.33520
109.1691,-0.97926,8.28419,0.47646
109.1862,0.36393,8.47334,0.66321
109.2048,0.37830,7.63534,0.11493
109.2575,0.61772,8.51883,-0.90743
109.2578,1.69036,8.56432,-0.74701
109.2728,1.67839,8.56193,-2.04232
109.2867,1.85556,9.68724,-1.89387
109.3043,1.20193,9.65850,-1.26178
109.3244,1.45572,9.62738,-1.37671
109.3473,1.15165,9.69442,-0.42379
109.3650,0.45970,10.50608,-0.80687
109.3898,0.58181,10.60903,-0.06943
109.4142,0.59857,10.80776,-0.32323
109.4242,0.50759,10.63537,-0.51237
109.4450,0.38787,10.80776,0.03591
109.4671,-0.07901,11.09986,0.18436
109.4858,-0.40224,11.32013,0.63688
109.5072,-0.54111,10.99451,0.72068
109.5369,-0.29210,10.31214,0.66321
109.5449,-0.00239,9.97455,1.16122
109.5660,-0.51716,10.95620,1.56586
109.5883,-0.12690,11.50210,1.02954
109.6061,-0.43097,11.77504,0.37111
109.6244,-0.09817,11.39196,0.71349
109.6584,0.60815,11.49970,-0.41421
109.6756,0.63448,10.29299,0.40224
109.6857,0.33520,9.85962,1.77416
109.7063,1.15165,9.54358,0.09577
109.7246,-0.24900,10.14694,1.13249
109.7469,0.23703,9.55795,2.86834
109.7702,0.15563,9.67287,-0.84039
109.7861,-0.08141,8.48531,-0.21070
109.8175,0.42139,10.25947,1.13010
109.8267,-1.41023,10.14454,-2.53554
109.8459,0.01197,8.81093,-3.20833
109.8642,3.48367,6.34722,-1.82444
109.8880,2.60737,7.74069,-2.93299
109.9081,2.10696,7.90590,-1.82204
109.9418,1.18038,8.86121,-0.92419
109.9591,1.32882,8.99529,-1.83641
109.9660,0.04549,8.60981,-0.52195
109.9843,0.26098,9.08627,-0.82602
110.0065,0.44294,9.44781,-1.60656
110.0242,1.14686,8.81811,-2.18118
110.0444,1.16362,9.49569,-2.64567
110.0682,0.97447,9.60583,-2.77975
110.0890,0.81166,10.05356,-1.71191
110.1040,0.93377,10.21158,-0.80448
110.1267,1.00799,10.22116,-1.50839
110.1444,0.52435,9.92427,0.99841
110.1654,0.20351,9.94582,0.77096
110.1919,0.65843,10.59706,-0.38548
110.2072,0.16520,10.70241,1.43896
110.2381,0.08141,10.99690,1.24263
110.2481,1.18517,10.70959,0.57223
110.2661,-0.04789,11.54519,1.09179
110.2853,-0.75659,10.77663,1.75740
110.3075,0.40224,10.85325,0.90982
110.3274,-0.37111,9.39753,4.05830
110.3745,-1.87711,11.65772,1.90584
110.3745,-2.06386,11.43266,-2.24822
110.3897,1.80049,11.44224,0.52913
110.4049,1.81007,9.21556,2.99284
110.4283,0.71828,9.68963,-1.17080
110.4452,0.55547,11.20042,3.61536
110.4655,-0.48125,9.54119,5.94498
110.4880,-2.11414,11.24830,0.86673
110.5142,-0.00239,9.52682,3.42142
110.5275,-0.23943,9.44302,1.16841
110.5485,-0.18915,9.02642,2.27935
110.5665,0.86673,9.06233,-1.32403
110.5855,0.06225,8.46137,-0.30407
110.6103,0.80208,9.16050,1.85077
110.6345,-0.07183,8.40869,-0.39506
110.6486,-0.64645,9.63935,-1.33601
110.6674,0.25619,10.06553,0.45731
110.6852,0.31844,9.31612,-0.83081
110.7056,-0.81645,10.30735,-0.10535
110.7293,-0.30168,10.09905,1.41262
110.7456,-0.35914,9.85962,-0.98165
110.7837,-0.19872,10.29778,-1.39586
110.7982,-0.09577,9.84286,0.81405
110.8063,-0.65603,9.49330,0.29689
110.8253,-0.73983,9.72315,1.05827
110.8493,-0.79250,9.57471,1.85077
110.8649,-0.26816,9.73512,0.12211
110.8850,-0.26098,10.10623,-1.06306
110.9086,-0.57223,10.45340,2.14048
110.9313,-0.66321,10.59706,-0.16760
110.9446,0.00718,8.73671,1.69275
110.9672,0.62969,9.29697,1.82923
110.9846,-0.02634,9.23232,0.13647
111.0045,0.33280,10.29299,-0.29210
111.0269,0.39506,9.34007,1.52755
111.0454,0.57463,9.76864,-1.90824
111.0648,0.75180,9.33049,0.29450
111.0880,0.34478,9.85005,1.07264
111.1046,0.70392,9.94582,-0.37830
111.1245,-0.11014,9.23711,2.77018
111.1511,0.26816,9.68245,2.15485
111.1665,-0.32562,9.09585,2.54272
111.2109,-0.35435,10.09426,1.52755
111.2111,-0.40703,9.59386,3.67042
111.2293,-0.27774,9.90272,1.17798
111.2452,0.17957,9.52682,1.01038
111.2680,0.21070,10.58270,1.01278
111.2852,-0.28731,10.12539,1.86993
111.3053,-0.08141,10.11102,1.83162
111.3291,0.09338,9.85723,2.01598
111.3471,-0.15802,9.84526,1.44854
111.3658,-0.08619,9.38556,1.88190
111.3876,0.07901,10.29538,-0.19394
111.4053,0.12450,9.72315,2.39188
111.4266,0.11253,10.00328,1.34079
111.4477,0.13408,10.20201,-0.07901
111.4843,0.10774,10.07271,0.71349
111.4965,0.14126,9.97934,0.65124
111.5071,0.96968,10.09666,-1.15643
111.5251,0.50998,10.59945,1.08700
111.5469,1.07982,9.85962,-1.25460
111.5673,0.97208,9.68484,-2.69116
111.5849,1.18995,9.84047,-0.20830
111.6134,0.79729,9.96258,-0.82842
111.6338,1.52515,9.96497,-3.27537
111.6444,1.30249,9.70878,-1.67839
111.6665,1.58262,9.67526,-2.49723
111.6874,1.76458,8.88994,-3.17720
111.7068,1.49163,9.50767,-2.60737
111.7285,1.35516,10.01046,-1.92500
111.7657,1.45332,9.89793,-2.94735
111.7879,0.80208,10.19722,-2.04711
111.7881,0.86194,10.12299,-2.61694
111.8111,0.62491,9.30176,-0.87870
111.8270,0.62491,10.05835,-3.28016
111.8454,1.18277,9.34485,-1.43178
111.8686,0.88588,9.82371,-1.15165
111.9009,1.18995,9.42626,-1.50360
111.9047,0.46449,9.55795,-1.10376
111.9270,-0.23224,10.15651,1.96091
111.9449,0.38787,9.93145,-0.50040
111.9663,0.01197,9.82131,0.74223
111.9891,-0.25379,10.02243,2.24104
112.0064,0.45012,9.57710,1.31685
112.0336,0.14845,8.84924,1.03433
112.0502,0.26337,9.26105,1.26657
112.0644,0.95532,9.57949,0.92898
112.0849,0.95532,9.72794,1.70472
112.1084,1.29051,10.20201,0.66321
112.1263,0.15084,10.93944,1.75261
112.1478,0.49083,10.92029,1.50839
112.1873,0.34478,9.97455,-0.63927
112.2031,0.31844,10.50608,1.43656
112.2081,0.20351,10.93226,1.00081
112.2301,0.78053,9.66569,-1.18277
112.2456,0.91461,10.17327,-0.63927
112.2674,0.99362,9.32570,-1.55149
112.2918,1.46530,9.65132,-2.72229
112.3246,1.11813,9.67287,-2.22189
112.3395,1.09418,9.42147,-1.77895
112.3478,0.44773,9.74709,-1.76697
112.3657,0.81166,9.76625,-2.91144
112.3874,1.28333,9.42626,-1.82204
112.4097,1.17080,9.14852,-0.67040
112.4292,0.90982,9.32570,-0.14366
112.4635,0.78053,9.06472,0.76617
112.4808,-0.42618,9.29697,1.95133
112.4858,0.84997,9.00487,0.56505
112.5059,1.01996,9.71597,1.30249
112.5280,1.20911,10.24750,0.51716
112.5458,1.23305,9.88836,2.45413
112.5669,0.39266,9.59146,2.46610
112.6184,0.92180,9.64653,3.09101
112.6334,0.50280,10.43186,0.84518
112.6336,0.20112,8.72953,3.33522
112.6481,0.45970,10.46059,-0.78293
112.6660,0.64406,9.86202,0.79011
112.6856,0.69913,9.92427,-0.71349
112.7079,0.57223,9.94821,-1.52515
112.7340,0.75659,10.90113,-3.11974
112.7473,0.51237,10.03441,-1.64487
112.7677,0.42618,9.69921,-1.26178
112.7873,1.30967,9.43105,-2.03274
112.8066,0.75420,9.78301,-1.55867
112.8309,0.50519,9.98891,0.59139
112.8504,0.58181,9.54597,0.56026
112.8930,1.02714,9.01684,0.92658
112.8931,0.49801,9.62020,0.25379
112.9132,0.99841,9.20838,1.14446
112.9268,0.72068,10.21637,-0.22985
112.9489,0.35196,10.52284,-0.13408
112.9665,1.44854,10.41270,-1.23066
112.9873,1.86275,9.43584,-1.01517
113.0209,1.61614,9.53640,-1.68557
113.0356,0.82124,8.70798,0.28252
113.0467,0.84039,8.81333,-0.43815
113.0689,0.12690,10.73593,0.28731
113.0863,0.61293,10.54199,-1.99922
113.1064,0.51956,10.20201,-2.03513
113.1289,-0.29450,10.56354,-0.02873
113.1481,-0.75899,9.90751,0.00000
113.1814,-0.27534,10.36482,-1.15643
113.1891,-0.11732,10.65213,-0.22506
113.2068,0.58660,9.05515,-0.65124
113.2264,0.72786,9.73273,-0.01676
113.2490,0.97208,9.11500,0.25140
113.2665,0.98165,9.60822,1.09418
113.2877,0.43336,9.37359,1.76937
113.3143,0.56744,10.55157,-1.03193
113.3276,1.38389,9.50288,-0.94813
113.3474,0.36154,9.49330,-1.98725
113.3698,0.53871,10.40791,-1.24981
113.3873,1.19235,9.11500,-0.88349
113.4065,1.13249,9.43344,-1.23784
113.4283,0.74701,9.58428,-1.08221
113.4489,0.44773,8.99050,0.70871
113.4660,0.26337,9.28500,1.46530
113.4882,0.19872,10.15412,0.47646
113.5055,0.13169,10.16130,2.09738
113.5252,-0.05986,10.30017,1.34079
113.5476,-0.20112,9.80695,1.53473
113.5720,0.14845,10.07271,0.11014
113.5849,1.11813,10.58030,-1.43896
113.6081,1.10855,10.50608,-2.46371
113.6256,0.23943,11.10225,-1.65923
113.6459,1.75021,10.11821,0.51956
113.6685,-1.77655,11.14774,-0.61054
113.6862,-1.82204,8.84924,1.17319
113.7063,1.33361,7.18043,-1.51079
113.7295,0.95292,7.75266,0.39027
113.7461,0.60096,9.96258,1.01038
113.7658,0.24422,10.05835,-0.39027
113.7882,-0.18436,9.26345,0.03352
113.8098,0.78053,10.14694,-0.79250
113.8300,0.48843,10.32172,-1.85796
113.8677,0.35675,9.27303,0.49083
113.8715,1.65205,9.79737,-2.29611
113.8891,0.50759,8.61699,-0.72786
113.9084,0.56026,8.69361,-2.31766
113.9258,0.81645,10.03919,-1.41023
113.9448,-0.39266,10.60185,-0.29210
113.9684,0.10774,9.43823,0.00239
113.9858,-0.48364,10.56115,1.59698
114.0137,-1.79810,9.88117,2.45413
114.0284,-2.02556,11.44703,2.09978
114.0456,-2.27696,10.73114,0.07422
114.0655,-1.08700,10.74311,-1.88908
114.0880,0.59617,10.15172,-1.97528
114.1056,0.22027,10.77903,1.28333
114.1259,-2.54272,9.75667,0.99602
114.1487,-2.81567,11.21718,-0.57223
114.1660,-2.15006,9.39753,2.90904
114.1856,-0.50280,8.93064,1.15643
114.2083,-0.75180,8.97135,-0.13887
114.2276,-0.39984,9.11979,-1.41502
114.2481,0.55068,8.90191,-1.06066
114.2703,-0.69434,9.78540,0.46449
114.2898,-0.87391,9.54597,-0.56744
114.3071,-0.76138,9.94582,0.76138
114.3285,-1.47966,9.66090,-0.31365
114.3463,-1.09418,9.16768,-0.05746
114.3677,-0.36872,8.78220,-0.69195
114.3899,-0.73744,10.09187,-1.22347
114.4079,0.25858,9.54837,-2.25780
114.4391,0.50759,9.73273,-1.01996
114.4490,-0.76138,9.89554,-0.55308
114.4661,-1.00560,9.43584,0.73744
114.4859,-0.70871,10.72875,0.27295
114.5094,-0.91940,9.87160,-0.64885
114.5295,-0.89067,10.24989,-1.60416
114.5490,0.27774,8.68882,-2.06626
114.5868,0.43097,9.12219,-0.25379
114.5869,-0.21070,10.27623,1.75979
114.6071,-1.11334,11.23873,1.01038
114.6330,-0.05507,10.28102,-0.33280
114.6478,0.14366,8.82051,-1.32403
114.6678,0.39984,9.06472,-0.34478
114.7072,-0.14605,9.55076,-1.57064
114.7189,-1.04630,9.50767,0.09338
114.7271,-0.43576,10.26904,-1.32643
114.7495,-1.16362,9.28979,-1.50600
114.7673,0.20591,9.30894,-2.43977
114.7889,1.18756,9.01684,-1.99683
114.8107,1.18995,8.10701,-1.92979
114.8289,0.20591,9.33049,-1.94655
114.8550,-0.74462,9.67287,0.16760
114.8720,-1.62092,10.04398,0.82124
114.8871,-0.57702,10.69044,0.07901
114.9068,-0.47646,10.18764,0.24661
114.9294,-0.33280,9.26105,-0.67040
114.9489,-1.56586,9.93624,0.85236
114.9745,-1.14925,10.70720,0.75659
114.9925,-1.02714,9.87160,-0.16520
115.0071,-0.49322,9.34964,-0.20112
115.0271,0.11253,8.55714,-0.57702
115.0509,-0.14126,9.39035,-2.09020
115.0671,-0.68237,9.76864,0.34717
115.0880,-0.42379,9.82131,1.07503
115.1270,-1.50360,9.79258,1.37192
115.1421,-1.54670,10.17327,0.05507
115.1489,-0.57702,9.11500,-0.84039
115.1693,0.24900,9.00008,-1.79810
115.1869,-0.02634,9.64893,-0.62730
115.2072,0.31126,9.57949,-0.75659
115.2310,0.36632,8.86600,-0.21788
115.2500,-1.53712,9.95779,0.65603
115.2714,-1.87472,10.68086,-0.50519
115.2894,-0.88588,10.54199,1.16841
115.3084,-1.42938,10.72396,1.19953
115.3288,-1.50600,9.99849,1.34079
115.3493,-1.18756,9.88117,1.70472
115.3686,-0.10774,10.23313,0.45252
115.3954,-0.82363,10.31454,-0.60096
115.4160,-0.20351,9.69681,0.71828
115.4302,0.69434,9.60104,0.51956
115.4484,0.29928,10.38158,-0.59857
115.4714,-0.22027,10.36003,-0.38548
115.4873,-0.15563,10.61143,0.13887
115.5076,-0.24422,10.32172,0.21548
115.5316,0.24182,8.78699,-0.33280
115.5634,0.76377,9.26105,0.05986
115.5709,0.47646,8.50925,0.03591
115.5896,0.79490,10.57072,-0.56026
115.6070,-0.15563,10.86282,0.01915
115.6274,-0.60336,10.13496,-1.12052
115.6509,0.09338,9.40471,-0.01676
115.6686,0.47646,10.61621,-0.69673
115.6983,0.32802,9.96737,-0.54829
115.7097,0.27055,10.77424,-0.09817
115.7283,-0.13887,10.73353,-2.60976
115.7483,0.05746,9.28500,-2.10936
115.7710,0.18196,11.04718,-1.19235
115.7884,0.00239,11.24351,-1.96091
115.8260,-0.12690,10.76945,-1.11094
115.8417,0.07901,8.61221,2.44695
115.8474,0.26576,9.68245,-0.55068
115.8669,0.63209,9.29457,-0.02634
115.8892,0.20591,11.58829,1.16841
115.9066,1.52036,8.72713,-1.90584
115.9298,1.28812,8.56193,0.64885
115.9517,0.03831,11.87560,-2.94017
115.9951,0.26816,8.54996,-0.53392
115.9952,2.10936,9.83568,-4.32645
116.0090,1.41741,9.07670,-2.04711
116.0267,1.56346,9.34964,-4.38152
116.0466,2.19555,8.71995,-2.25780
116.0693,1.56346,9.89075,-3.61536
116.0869,0.79729,9.47415,-0.99123
116.1162,0.73504,9.90751,-2.21710
116.1296,0.29210,10.25229,-1.42220
116.1473,0.41900,9.88836,-2.93538
116.1689,0.65364,9.69202,-2.57863
116.1913,0.36872,10.10623,-2.66962
116.2106,1.28333,9.94103,-3.43578
116.2483,1.57304,10.79339,-3.90267
116.2621,1.48684,10.32651,-3.51480
116.2688,0.63688,9.60583,-2.37512
116.2885,0.42139,9.98173,-1.95133
116.3109,1.59938,9.28260,-0.89785
116.3284,0.42379,9.57710,-0.14366
116.3468,-0.50040,9.37598,-1.01517
116.3692,0.43576,9.97215,1.09179
116.3891,0.37111,9.45499,0.27774
116.4069,0.18196,9.21317,-1.81725
116.4289,0.71589,9.68963,0.32083
116.4464,1.29770,9.25148,-1.54431
116.4668,0.62012,9.99849,-1.58740
116.4895,0.26098,10.02243,0.25858
116.5070,0.50998,10.10863,-0.53871
116.5349,0.52674,9.60104,0.20112
116.5494,0.68237,9.60583,1.93936
116.5678,0.55068,9.96018,0.50759
116.5889,0.70152,10.21877,0.89546
116.6094,0.78053,10.17806,1.71909
116.6275,-0.13169,9.51006,3.06467
116.6470,-0.42858,9.97934,3.07904
116.6797,-0.38308,10.18764,2.99524
116.6890,0.29210,9.94582,1.83401
116.7065,-0.26576,10.10145,2.26738
116.7289,-0.29689,9.69202,2.20752
116.7464,0.25379,9.15331,2.90665
116.7667,0.67997,9.86441,2.60976
116.7892,0.67758,9.72076,2.16442
116.8174,-0.54350,9.42626,3.55550
116.8266,-0.20112,10.06314,3.44297
116.8492,0.70152,10.23553,0.60575
116.8664,-0.05507,10.49411,0.95292
116.8879,0.31126,10.51565,0.71828
116.9114,0.75420,9.02642,-0.07662
116.9279,2.02077,9.92906,-3.16763
116.9603,1.59459,9.07670,-3.05270
116.9688,1.67599,8.89234,-2.28174
116.9877,1.37192,8.62657,-0.21788
117.0066,1.57064,10.03201,-0.91701
117.0289,-0.12450,9.93863,-0.11732
117.0464,0.95292,10.85564,-2.45174
117.0664,2.36315,9.74470,-0.34956
117.0940,0.52435,8.91628,0.61293
117.1076,-0.11732,8.76065,-1.88669
117.1263,0.96968,9.83808,-0.54350
117.1497,-0.27295,10.08708,0.51477
117.1662,0.44534,10.42228,-1.07982
117.1862,0.95771,9.40950,-1.47248
117.2089,1.38150,9.53879,-1.39586
117.2316,1.07503,9.76385,-1.48445
117.2463,0.59378,8.91149,-0.89067
117.2698,1.54191,9.61301,0.41421
117.2860,0.19872,8.09504,2.87074
117.3064,0.23943,11.91391,-3.40945
117.3300,-1.61614,9.07909,3.98886
117.3482,0.86433,11.15014,-2.50202
117.3781,2.07344,8.48531,1.23545
117.3886,1.24263,10.21158,-2.64089
117.4100,0.21070,9.76864,0.98644
117.4278,0.37111,9.77343,1.63768
117.4504,0.02873,9.63696,1.44614
117.4661,-0.43097,9.55076,0.37111
117.4955,0.11971,9.85244,-0.17478
117.5153,-0.03831,11.26027,0.53153
117.5275,0.07422,9.77582,-0.44055
117.5477,-0.09098,10.34087,-0.17239
117.5679,0.53632,10.13736,-0.46928
117.5856,0.96489,9.75428,-0.43815
117.6072,0.76856,9.87160,-0.54350
117.6346,1.48924,9.83568,-1.10137
117.6503,1.77416,8.86361,-0.15563
117.6653,1.73345,9.42626,0.85954
117.6878,0.86194,9.72076,1.57304
117.7060,0.28731,10.18764,2.51399
117.7259,-0.29928,11.31534,-0.39984
117.7478,0.13169,10.42946,-0.05507
117.7671,0.96968,11.36083,0.65124
117.7852,1.42938,8.62657,0.33759
117.8082,0.82363,10.01286,1.06785
117.8259,0.47885,9.27063,-1.57064
117.8461,-0.22027,10.13018,-1.56107
117.8684,0.33041,10.52763,-0.48604
117.8857,1.08700,8.28658,-1.39826
117.9068,2.07344,9.12698,-2.60737
117.9371,2.39188,8.78699,-1.86514
117.9482,1.03672,9.84765,-1.12291
117.9682,0.94813,9.45978,-0.15084
117.9884,0.75420,9.67048,0.11253
118.0075,0.67519,10.14215,1.08700
118.0280,-0.87391,10.32890,2.49723
118.0504,0.51237,9.61780,0.67997
118.0819,0.61293,9.61541,2.35357
118.0858,-0.56984,10.60903,0.25140
118.1142,0.20351,9.71357,0.73504
118.1261,-0.58899,9.61301,0.84278
118.1498,0.54589,10.16130,-1.69036
118.1724,0.73983,9.07430,-0.98884
118.2131,1.07503,10.31214,-0.59857
118.2133,0.31604,10.21637,0.87391
118.2338,-0.26098,8.85882,-0.46449
118.2486,-0.57463,9.92188,-0.43576
118.2675,0.95292,8.40390,1.24742
118.2902,0.39984,9.34964,1.07264
118.3063,0.91461,9.03120,-0.79490
118.3323,0.88349,9.68005,-3.01679
118.3501,0.19154,10.38876,-3.12932
118.3675,2.37512,9.51006,-1.49882
118.3862,0.57702,9.28500,2.34400
118.4082,0.31844,9.48133,-0.51716
118.4259,-0.28252,9.70639,3.02157
118.4459,-1.66881,12.02884,3.79971
118.4749,-2.65046,10.44622,4.30012
118.4870,-0.85954,10.89874,-1.89148
118.5057,3.01918,8.20997,-3.60578
118.5282,3.42621,7.81970,-5.00643
118.5464,2.94496,9.68484,-2.73905
118.5685,2.03274,7.75266,1.66642
118.5890,1.20432,11.44224,-2.55230
118.6258,-0.07901,10.17088,-1.46530
118.6403,0.33280,10.37200,-2.88271
118.6484,0.72068,9.94103,-0.79729
118.6663,1.63768,10.33130,-1.17798
118.6863,1.17559,9.45499,-1.67120
118.7085,0.58420,11.13577,-2.56906
118.7266,-1.25699,7.22592,1.09658
118.7461,-1.28094,9.90512,-3.89788
118.7722,-2.06865,9.16289,-0.18915
118.7943,2.16682,8.09025,-4.95615
118.8066,3.71591,8.89713,-0.81884
118.8285,2.43737,9.90990,-4.31448
118.8463,2.21949,9.95061,1.37910
118.8659,0.41660,11.37041,0.38787
118.8902,-0.37590,9.56752,0.58181
118.9194,0.17957,10.86761,-0.89546
118.9261,1.63529,10.64255,-2.01359
118.9501,1.60177,10.95141,-1.70472
118.9676,1.25699,10.01286,-0.86673
118.9862,0.14845,10.84367,0.29689
119.0084,0.39745,9.70878,0.49083
119.0395,-0.36632,10.46298,0.08141
119.0609,-0.76617,9.20359,-1.99443
119.0704,0.89785,9.38556,-0.34956
119.0863,0.72307,8.70558,-1.47008
119.1074,0.90504,9.34246,-3.64409
119.1320,1.92739,9.78061,-0.92898
119.1494,1.93936,10.19961,-0.10056
119.1850,0.42139,9.05994,1.06066
119.1995,0.20830,9.60583,1.86514
119.2076,-0.88828,10.05117,1.89387
119.2354,0.27055,10.01765,-1.18995
119.2484,0.51237,9.07909,0.45252
119.2665,0.72307,11.15014,-0.74941
119.2867,0.98884,9.49569,-0.02155
119.3390,0.67519,10.22116,0.33520
119.3391,1.81247,9.56992,-0.74701
119.3541,1.16122,10.00807,-1.01996
119.3683,1.05588,10.38158,-1.93218
119.3861,0.55308,10.62579,-1.80528
119.4062,-0.30168,9.73033,0.57941
119.4300,0.01676,9.41908,1.43417
119.4538,0.47885,9.49091,-1.36953
119.4672,0.05746,10.90353,-0.68476
119.4873,0.73025,9.65611,-2.77018
119.5045,1.43178,10.25229,-1.52276
119.5257,-0.36393,10.91550,0.47646
119.5492,0.00958,10.58509,1.62811
119.5667,-0.66321,9.79737,0.90264
119.5922,0.28252,9.52682,1.90105
119.6071,0.85954,9.87878,-0.36632
119.6269,-0.82602,9.46936,1.63768
119.6463,-0.52435,9.61541,-0.69913
119.6675,-0.58420,8.82769,-1.32164
119.6856,1.12052,10.01525,-2.82524
119.7048,1.79331,9.62020,0.56744
119.7335,1.47248,9.63217,-0.43576
119.7496,-0.98165,9.68724,2.08781
119.7645,-0.72307,11.07352,-0.76856
119.7875,0.13647,10.28341,-0.85954
119.8049,-0.22985,10.24750,-1.09897
119.8249,-0.11253,9.58189,-0.79490
119.8472,1.09418,10.00328,-1.54910
119.8723,0.33759,10.58748,-0.61054
119.8859,-0.77335,9.28021,0.47407
119.9073,0.16281,9.72794,-0.34717
119.9246,2.15245,8.42785,1.29051
119.9445,0.53871,8.37039,-1.58262
119.9669,-0.61533,12.80698,0.34717
119.9842,-0.70392,11.84687,-0.15323
120.0046,-0.22267,12.22756,-2.38949
120.0325,1.75979,8.14772,-1.36953
120.0451,0.69195,9.05275,-0.05986
120.0649,-0.60575,11.08789,-0.07901
120.0879,0.57702,9.03360,-0.94813
120.1062,2.26020,9.29936,-2.11175
120.1262,-0.58899,12.01447,-0.12211
120.1482,-1.01996,9.91469,-1.20911
120.1815,1.56825,9.93385,-0.28971
120.1845,-0.57941,11.16690,0.46688
120.2123,-0.07662,8.24588,0.84518
120.2249,1.17559,8.66249,2.39667
120.2445,-1.26178,12.58431,1.89387
120.2672,-2.28174,10.67607,4.24984
120.2861,0.05507,12.33530,-0.61054
120.3057,0.41900,8.44461,-0.66800
120.3279,-0.18196,9.98891,-2.68638
120.3450,0.96729,10.74790,-2.20992
120.3657,0.92898,8.38236,-0.67519
120.3881,1.19235,7.94181,-0.79729
120.4058,2.06626,10.34087,-1.51797
120.4261,0.69195,8.42306,2.89707
120.4513,0.02873,7.53957,1.11334
120.4665,-0.76377,11.71998,2.78933
120.4841,-1.20193,11.27703,3.43339
120.5069,-0.67279,8.36799,2.23865
120.5249,-0.21309,7.47732,-1.39347
120.5450,2.46850,9.74709,-5.60260
120.5674,2.29132,9.99849,-2.92580
120.5960,0.62969,11.26746,-1.43896
120.6056,-0.96729,12.06236,-0.89785
120.6278,-0.21309,7.97294,-0.50759
120.6474,1.64487,9.91469,1.58022
120.6654,1.57783,8.90910,3.58184
120.6878,0.11493,8.94501,4.33124
120.7073,0.59857,12.88120,1.83880
120.7385,-0.36632,9.88596,1.81965
120.7493,-1.49882,7.47253,5.15966
120.7662,0.58420,10.67847,-3.06228
120.7869,3.40945,7.10142,-0.36872
120.8090,0.89067,7.97294,0.21309
120.8267,2.05668,11.31534,-1.67599
120.8481,2.19316,10.58988,2.81088
120.8782,-0.35196,11.55956,-1.97049
120.8880,-1.19235,9.95779,1.60656
120.9077,0.63927,10.18046,-0.62491
120.9312,2.01119,8.21955,0.98165
120.9493,1.51797,11.61702,0.24900
120.9716,-0.32562,11.21957,-0.11253
121.0135,1.09418,8.99529,-0.07901
121.0139,1.54191,7.82928,-0.58420
121.0312,1.78373,8.41109,2.22907
121.0514,1.82923,10.91550,1.01517
121.0674,-1.75500,11.89236,-1.57304
121.0874,0.11014,9.06233,-0.94813
121.1098,1.24742,9.90272,-2.93059
121.1297,2.97369,10.14215,-2.89707
121.1634,3.03833,8.89234,1.10137
121.1702,1.93936,6.92424,0.54350
121.1873,0.67519,8.33447,2.65286
121.2073,-0.18915,11.71758,3.59141
121.2298,-0.64885,12.82852,1.81965
121.2475,-1.40305,10.70001,1.10137
121.2674,0.35196,10.39834,0.87870
121.2908,2.00880,12.14137,3.59620
121.3072,-0.26816,11.16929,2.60258
121.3273,-2.26020,9.07909,2.71511
121.3496,-0.50519,9.54358,1.41262
121.3673,0.34478,7.97533,-0.86673
121.3875,0.99841,11.14774,-3.41663
121.4102,1.45811,10.68565,-2.37991
121.4419,2.99045,9.39035,-1.95612
121.4482,2.95932,7.43901,-2.02316
121.4707,1.47966,11.18605,-0.70631
121.4891,-0.08380,11.48534,1.21150
121.5068,-0.16520,9.49330,0.48604
121.5284,0.50519,9.20599,1.05109
121.5484,0.61293,8.37757,0.77814
121.5753,-0.10535,9.83089,0.59857
121.5893,1.34319,10.53720,-0.90504
121.6072,1.98246,9.38556,1.22108
121.6273,-0.59378,9.04796,0.97447
121.6495,-1.10615,9.35683,2.60976
121.6672,1.58262,9.64174,-0.01197
121.6873,1.36713,10.90113,-0.35196
121.7307,1.17798,10.61861,-1.81725
121.7309,2.03753,10.01046,-0.55547
121.7474,1.51079,9.72076,-0.57702
121.7701,0.95292,9.92906,0.05267
121.7892,1.23305,10.51805,1.52994
121.8110,0.11971,9.10543,2.49723
121.8508,-0.76856,10.45101,2.93538
121.8509,0.28252,9.89075,2.26498
121.8695,-0.13647,8.22194,1.70951
121.8908,-0.13408,9.42626,0.42139
121.9082,1.85556,7.54675,2.26977
121.9306,1.73585,10.45101,-0.64885
121.9522,1.26657,10.10384,2.83961
121.9698,-0.40703,11.74392,1.92979
122.0023,-0.47885,10.28580,1.87232
122.0124,0.45970,10.26665,1.76937
122.0282,0.50759,8.92586,0.54350
122.0484,1.75500,9.80455,-1.26897
122.0728,1.36234,8.70079,0.58899
122.0888,2.07823,9.06951,-0.19394
122.1278,1.15643,9.70160,0.48604
122.1464,-0.39745,10.05356,3.24185
122.1488,-1.03672,9.48372,3.00242
122.1682,-0.84039,9.42626,1.39107
122.1906,-0.86912,9.45260,2.37033
122.2083,0.23224,9.36640,-0.89546
122.2299,0.39027,10.36721,-1.13728
122.2523,0.11014,9.31852,-1.09179
122.2804,0.76138,10.22355,0.34478
122.2884,0.18915,10.34087,0.77814
122.3104,0.13408,10.27862,0.36393
122.3281,0.46928,9.46217,1.58262
122.3482,-0.60096,10.21877,1.36713
122.3720,-0.45491,9.84286,-0.82602
122.3899,1.67120,10.12060,-0.54350
122.4095,1.88669,10.71438,0.74701
122.4307,1.41023,9.47893,0.02394
122.4480,0.65124,9.73991,1.76937
122.4681,-0.35914,9.61301,1.98964
122.4906,-1.92260,11.71758,1.22587
122.5081,-0.54111,9.28979,2.07584
122.5298,-0.60096,9.37119,-1.42699
122.5581,-1.56586,9.39274,1.10137
122.5689,0.67279,8.99768,-2.04471
122.5880,1.51318,8.65051,0.07422
122.6132,0.05746,9.60583,-0.56744
122.6296,-0.24661,9.53879,0.93856
122.6518,0.31126,10.30975,2.10217
122.6739,-0.38069,9.89314,2.32963
122.7041,-0.44055,9.89314,1.64008
122.7184,0.37351,10.17567,2.33202
122.7299,0.31365,10.75029,0.05267
122.7489,-0.39266,9.34964,4.34321
122.7680,0.47885,10.27623,0.15084
122.7904,0.48604,10.19003,3.01679
122.8080,-0.56026,9.54358,3.70634
122.8378,0.73265,9.38077,0.96729
122.8505,0.44773,7.65210,0.45970
122.8679,0.91461,9.30415,0.37590
122.8910,1.88669,9.72315,1.19474
122.9103,0.74941,10.04877,1.20911
122.9279,-0.87152,10.91550,1.26418
122.9583,0.85715,9.28021,1.67839
122.9708,0.61533,11.14774,1.74782
122.9879,1.47487,9.52443,0.94095
123.0097,1.99443,9.59386,1.28812
123.0301,0.63688,10.18285,-0.52435
123.0479,2.08062,8.36560,3.05031
123.0719,2.09260,9.86681,0.07183
123.1109,2.48047,9.50288,0.42858
123.1250,1.49403,9.63935,0.08141
123.1278,1.58740,9.53879,-0.10774
123.1530,0.17239,9.94582,-1.24742
123.1690,0.57223,10.56594,-2.37273
123.1878,2.35357,10.66649,-2.60737
123.2104,1.71191,9.37119,-5.75105
123.2301,2.59061,8.12617,1.72148
123.2585,1.93457,9.22514,0.68476
123.2697,2.37751,9.70639,0.86673
123.2892,1.24263,10.44383,1.49642
123.3084,0.39027,8.94022,1.62811
123.3331,0.49801,10.28580,-1.15643
123.3529,1.08700,8.84206,0.86673
123.3870,2.47089,9.89793,-3.24424
123.4047,0.91701,9.43344,-1.28333
123.4092,0.87870,10.21398,-1.33601
123.4290,0.68476,10.35524,-0.14126
123.4524,1.16362,10.23553,-1.81007
123.4692,1.06785,9.87399,-0.90982
123.4889,0.12211,9.95539,0.93377
123.5141,0.07662,9.42147,1.54431
123.5360,1.07742,9.73752,-1.63050
123.5483,1.97528,9.74949,-4.76221
123.5712,0.94574,10.31693,-2.96411
123.5901,1.39586,10.79339,-2.17640
123.6095,0.84278,10.68325,-0.57702
123.6317,0.84757,10.01046,-1.14925
123.6538,0.65603,10.70720,-0.88588
123.6725,0.09098,10.82930,-2.72468
123.6913,0.33280,9.13176,-1.23545
123.7148,2.25062,7.54915,-3.50522
123.7286,3.06946,6.87875,-0.05507
123.7511,2.25541,7.69520,-2.08781
123.7689,0.17239,10.79818,0.05746
123.7906,1.16362,8.02082,-0.50519
123.8148,1.78852,7.56112,-0.35914
123.8309,-0.00479,10.02722,-0.41660
123.8504,0.56984,11.04479,-1.24742
123.8714,1.53712,10.24271,-3.90506
123.8917,2.51399,10.13736,-3.14368
123.9089,1.11573,10.76945,-0.44055
123.9339,-0.71110,10.23074,1.62571
123.9512,-1.32643,10.93705,-0.42618
123.9718,-0.40942,9.24669,0.25858
123.9910,-0.69913,7.93942,-0.74462
124.0091,0.99362,8.14293,-2.16203
124.0304,0.74462,9.54837,-0.84518
124.0530,1.49163,8.20039,-2.87792
124.0714,2.94975,9.21078,-2.08302
124.0913,2.53075,8.25546,2.33442
124.1120,-0.50759,9.43823,2.65286
124.1285,-1.68557,10.42707,1.51079
124.1493,-0.58420,8.73431,2.05189
124.1725,-0.66321,10.82452,0.50998
124.1899,-0.19154,9.64414,0.61772
124.2148,0.79969,10.42946,-0.09577
124.2318,0.83321,10.51087,-0.35435
124.2485,-0.49322,10.80297,2.53075
124.2700,-0.82602,9.61541,2.22907
124.2917,0.27774,9.65132,1.53952
124.3094,0.37351,9.49330,2.83961
124.3320,-0.54111,9.21796,4.15646
124.3584,1.11813,9.54358,-0.23703
124.3709,0.46449,10.64495,-0.26098
124.3894,1.75740,9.70878,-3.74943
124.4129,4.48448,8.88515,-2.68159
124.4294,0.83081,10.20679,1.01996
124.4539,0.23224,9.99849,0.43815
124.4760,1.84838,8.00406,-0.80208
124.5108,0.56744,9.51485,-0.09338
124.5281,0.08619,9.81892,0.56505
124.5322,-0.02155,9.79977,0.00000
124.5495,1.12531,10.07511,-1.14686
124.5694,0.74223,8.93783,-0.57941
124.5932,1.29770,11.61223,-1.41980
124.6097,0.75420,9.68963,3.30889
124.6299,-1.51079,10.02004,1.80289
124.6725,-0.86912,11.30337,0.99362
124.6728,-0.96010,8.94980,1.78373
124.6914,2.15245,10.19482,-1.94176
124.7133,1.63290,9.59865,-0.78772
124.7310,1.45811,10.19961,0.01915
124.7494,1.88908,9.91709,-0.50759
124.7787,0.96010,9.56273,-2.12612
124.7898,-0.93377,10.01765,0.67519
124.8111,1.70712,9.88117,-0.24422
124.8315,1.89866,9.18204,-0.30407
124.8498,1.52755,7.95378,-0.86673
124.8725,1.81007,9.70400,0.00958
124.8912,2.25780,10.27144,1.82444
124.9148,0.01676,9.76385,0.98884
124.9326,-0.49322,10.31214,2.70314
124.9534,0.16760,8.98092,2.22428
124.9694,0.62730,8.96656,3.71831
124.9908,0.55787,9.16289,2.75581
125.0113,1.68078,8.88755,-1.34079
125.0293,-0.29450,9.83808,0.62491
125.0507,-0.03352,9.86441,-0.53392
125.0717,1.25699,10.45340,0.17718
125.0895,0.53871,10.13736,0.95532
125.1096,-0.08859,9.82131,-0.86912
125.1314,1.35755,8.90431,0.67519
125.1494,0.49561,10.39355,-0.55787
125.1708,-0.22027,9.08148,1.72627
125.1941,1.01996,10.12060,-1.02714
125.2119,1.75500,8.12377,-0.64645
125.2292,0.56505,11.86603,0.70631
125.2519,0.77575,11.96180,-0.40224
125.2700,0.13408,11.01366,-1.99443
125.2912,0.18915,10.55875,-1.02475
125.3118,-0.33999,11.91152,1.39347
125.3301,0.07662,9.72794,-0.33520
125.3504,1.09418,11.99532,-2.24104
125.3708,0.13408,8.93543,1.36713
125.3889,-1.23066,11.01366,-1.00560
125.4094,0.03591,9.41908,0.44773
125.4329,1.12531,8.63375,-0.23943
125.4501,-0.31365,8.45418,0.24182
125.4712,-0.25379,8.19560,0.47167
125.5053,-1.23066,10.93465,0.59139
125.5095,1.56346,12.23474,-2.46371
125.5333,0.82842,11.31774,3.73028
125.5522,1.02236,8.28658,1.96091
125.5699,-2.66722,11.92109,2.57863
125.5930,-1.99204,11.42787,3.43339
125.6312,0.36393,9.24669,4.20914
125.6478,1.55867,9.89314,-1.37910
125.6496,0.88109,10.37679,0.78532
125.6735,-0.48125,12.33770,0.45491
125.6896,0.45491,10.19243,1.72388
125.7098,2.35597,10.77424,-1.97288
125.7319,1.29770,9.78301,0.10295
125.7514,-0.25858,12.08630,-0.67758
125.7799,-0.77575,11.55716,-2.33681
125.7919,-0.51477,9.03599,3.44776
125.8097,1.76697,10.41749,-5.15008
125.8311,-0.59378,9.65611,4.77897
125.8515,-2.16921,12.08151,-0.30886
125.8711,-2.12612,9.74470,2.65046
125.9114,-2.37751,8.70558,2.10696
125.9334,-0.45970,9.03599,0.76856
125.9337,1.44614,9.73752,-0.45731
125.9520,0.64167,8.15251,-2.10696
125.9729,0.58899,7.43662,0.59139
125.9918,1.28812,8.15729,1.11094
126.0104,1.23305,8.89473,0.59378
126.0593,1.57543,9.64893,1.09418
126.0594,0.50998,9.69442,1.91542
126.0732,-0.80208,10.65213,1.64247
126.0924,-1.64966,10.81015,3.95055
126.1098,0.70392,10.31214,-0.48125
126.1304,2.55709,7.93942,1.87232
126.1528,1.74303,12.18686,1.12052
126.1713,-1.71191,10.09666,2.84200
126.1992,1.52755,10.55396,-0.34956
126.2152,-0.20591,10.09905,2.35836
126.2313,1.09179,9.92188,0.38069
126.2523,2.29611,8.83966,2.03753
126.2745,0.96968,10.05835,-1.03912
126.2949,1.23305,11.02085,-0.58420
126.3307,0.86433,7.72393,1.23545
126.3497,0.61772,9.00966,1.35277
126.3528,0.61533,10.20201,-0.69434
126.3730,-0.00479,10.01525,-1.94415
126.3952,-0.14126,11.24830,-0.68955
126.4113,-0.92898,9.34007,-0.39745
126.4332,0.74701,9.02642,-5.07586
126.4719,1.10137,9.12698,-2.27696
126.4732,-0.05746,8.01843,-0.07422
126.4916,-0.83800,9.09585,1.05588
126.5135,1.98007,9.00008,-0.55547
126.5310,-0.68476,9.01923,0.55547
126.5512,-0.91461,8.56672,1.21150
126.5735,-0.60096,10.07032,0.55787
126.5911,2.08062,10.70480,-0.45252
126.6292,-0.02155,11.66730,-0.98405
126.6344,-1.24023,11.79420,0.38308
126.6523,1.26657,9.26105,1.00799
126.6730,2.85876,8.83009,-0.51237
126.6950,-0.79490,8.04955,3.50761
126.7112,-2.08062,10.03201,-0.81645
126.7460,3.03355,8.33926,0.46928
126.7620,-0.59617,14.26988,-2.18597
126.7716,-2.57145,11.93067,1.24742
126.7904,0.04310,13.09668,1.65923
126.8124,-2.12851,12.48375,3.24185
126.8307,-2.00640,10.65692,1.26178
126.8511,0.05028,10.70001,2.86834
126.8742,-2.11414,11.34168,-0.34478
126.8922,-0.36393,6.75664,3.12692
126.9122,1.85077,8.28898,-2.66243
126.9331,-0.04070,9.40950,0.29450
126.9513,-1.81965,8.13575,2.66962
126.9715,2.53075,14.75831,-8.15490
126.9935,-0.31844,4.37195,3.73746
127.0114,-2.93299,17.72721,-9.01923
127.0479,2.80609,5.48768,4.36955
127.0526,0.36632,12.14616,-0.40463
127.0705,-2.76539,9.72315,2.42540
127.0910,-0.51477,10.04638,0.08380
127.1133,-1.42699,8.80614,3.84760
127.1326,-0.79490,11.73674,-1.89148
127.1787,0.54589,10.96338,-1.50839
127.1789,0.69673,11.13577,-2.10696
127.1933,0.25619,8.78699,-0.25619
127.2136,-0.65843,9.03120,-0.75899
127.2323,-0.35435,8.30095,0.53153
127.2513,-0.44055,10.07271,-0.60336
127.2715,-0.55068,9.25148,-0.98644
127.2925,0.31844,10.62579,-0.39266
127.3259,-1.00799,10.77184,-2.14288
127.3310,-1.84838,10.10384,-0.84278
127.3531,-0.45731,9.97934,0.66561
127.3709,0.04789,10.63297,0.03352
127.3910,0.77096,12.04081,-0.72068
127.4132,0.87152,9.72794,2.40146
127.4473,-0.39266,9.86202,0.98165
127.4682,-1.18277,9.72554,3.19636
127.4743,-1.30967,9.76625,1.40065
127.4901,0.25858,8.88515,3.03594
127.5106,-0.36154,9.08627,0.62012
127.5334,-0.31844,9.30415,1.82683
127.5513,-0.06704,10.17806,-0.58660
127.5700,-0.97208,10.10863,1.44614
127.5936,0.27534,11.47336,1.67120
127.6103,-0.88109,9.76625,1.35755
127.6301,-1.79092,11.25070,-1.16362
127.6522,-1.04390,9.40471,1.67360
127.6699,-0.67758,9.67526,-1.44375
127.6915,-1.58740,9.55555,0.34478
127.7136,-1.93936,10.32651,0.21548
127.7321,0.61054,9.59146,-3.72070
127.7533,2.78454,6.32328,-3.97928
127.7730,2.16203,7.51323,-2.36794
127.7904,1.37671,10.58030,-0.83800
127.8143,0.95532,8.88276,-2.01598
127.8323,0.48604,10.29299,2.62891
127.8505,-0.95053,10.29299,3.36874
127.8694,-1.81965,11.45421,1.13010
127.8932,-1.82204,10.90592,1.16362
127.9100,0.05267,12.06715,-0.21548
127.9303,1.40305,11.69603,-0.41421
127.9521,1.11573,10.33848,-4.57067
127.9710,-0.47407,9.46217,-0.36872
127.9967,-0.91940,8.76783,2.40625
128.0125,0.69913,9.02402,2.24344
128.0299,-1.54191,7.72872,2.72229
128.0509,-2.47329,9.02163,0.85715
128.0731,-2.61694,7.92744,5.37754
128.0912,-0.81166,10.82930,-2.14048
128.1117,2.34639,8.55714,-5.25783
128.1336,3.65127,9.48372,2.17879
128.1678,-3.21791,12.26826,0.49083
128.1701,-1.58022,7.75027,7.36718
128.1942,0.74223,12.79022,-3.44297
128.2097,-1.50121,8.51404,6.45257
128.2313,-1.20432,11.39435,-0.58420
128.2524,-2.29372,10.14454,6.39511
128.2702,-1.63050,11.19802,-1.53952
128.2964,-0.94334,8.73192,1.08700
128.3122,-0.53632,11.30098,-0.85715
128.3297,0.77335,8.54038,0.18675
128.3498,1.35516,11.27225,-3.40466
128.3721,1.43178,7.58267,-0.00479
128.3899,0.15563,9.34725,1.44375
128.4101,-0.98884,9.43584,2.02556
128.4401,0.67279,9.69442,-1.32882
128.4509,0.11493,8.78699,0.41660
128.4711,-1.60656,9.24190,0.60815
128.4921,-0.91461,10.91789,1.26418
128.5099,-0.92898,10.71917,0.55547
128.5300,-1.59938,11.52843,-2.37033
128.5535,-1.06066,8.73910,2.27217
128.5711,-0.01437,9.18683,1.19714
128.5901,-1.25699,9.62259,2.26498
128.6123,-1.32643,11.75350,0.27295
128.6308,-1.97049,10.45580,2.74384
128.6497,-2.49723,10.34087,1.72148
128.6719,-0.58660,8.50446,1.01757
128.6994,1.00081,10.23553,-2.00161
128.7124,0.16760,9.68963,-1.56107
128.7328,-0.40224,10.49889,-0.98644
128.7505,-0.63209,9.18923,-0.16281
128.7709,-1.12770,9.88117,0.78053
128.7933,-0.78053,8.88276,2.31766
128.8112,-0.25140,11.42787,-0.20830
128.8455,-1.24502,9.98173,0.53153
128.8597,-1.43896,10.91550,1.85317
128.8704,-0.33759,9.92666,-1.56825
128.8916,-1.65923,9.11022,-0.16042
128.9129,-0.64885,9.96976,1.80528
128.9306,0.46449,8.35123,0.38308
128.9506,-1.05827,10.34327,1.62571
128.9728,-1.65684,10.36960,3.05749
128.9945,-1.46769,10.00807,1.80768
129.0101,-1.72627,11.41351,-1.42699
129.0327,-0.55308,9.49809,-1.16841
129.0506,1.79571,9.50527,-3.28973
129.0705,-0.06465,7.89392,-0.98405
129.0942,0.13647,9.19880,-3.37593
129.1133,-0.41660,8.93783,2.59061
129.1315,-1.33601,11.15493,1.19474
129.1540,-1.77176,10.31932,2.05189
129.1716,-1.12770,9.96737,0.40942
129.1903,-1.51079,10.88677,0.72307
129.2139,-2.03513,9.64414,0.85236
129.2319,0.16760,12.01687,0.39027
129.2537,-2.33442,9.68963,4.06308
129.2848,-1.56346,7.37916,0.71589
129.2924,-1.23545,8.99529,2.84440
129.3105,-2.00880,11.24351,1.91542
129.3339,-1.00320,8.23152,2.78933
129.3504,-0.12211,9.48372,0.96489
129.3705,-1.28094,7.67604,1.85556
129.4169,-1.13967,9.54837,1.49403
129.4169,0.51956,10.62819,1.31446
129.4317,-1.48924,8.65291,1.65205
129.4534,-1.28812,9.40232,2.89707
129.4718,-1.12291,10.04159,1.58740
129.4929,-2.49962,8.98571,2.73666
129.5131,-1.53952,11.57153,0.51716
129.5475,-1.81965,11.87560,-0.57463
129.5611,-0.50998,10.05356,0.89546
129.5723,-2.25780,11.61702,-1.25221
129.5903,-0.58899,10.51565,-0.33520
129.6109,-0.31365,10.98972,-2.15485
129.6330,0.18196,8.48770,-0.87152
129.6520,0.57941,9.92427,-1.10855
129.6734,-0.38548,8.63136,-0.51237
129.7095,0.23224,9.56273,-2.50920
129.7096,1.86753,8.38715,-1.90824
129.7305,0.90982,10.26426,-5.42064
129.7524,0.94813,8.06631,-0.25379
129.7719,0.84997,9.13416,0.89785
129.7904,-0.34238,9.16768,1.77416
129.8204,0.35435,9.37119,0.29928
129.8358,-0.93856,10.12299,3.04312
129.8502,-2.60258,9.36401,1.17319
129.8723,-1.44375,8.78459,1.26418
129.8902,1.02954,8.74150,0.73983
129.9100,-0.74701,10.87719,1.68557
129.9324,-2.31048,11.44703,1.47727
129.9526,0.98165,9.27303,1.81965
129.9852,-0.00239,12.86444,4.06787
129.9929,-2.53314,11.50210,0.90025
130.0131,0.38787,9.00966,-0.45731
130.0314,1.48206,10.49889,0.07662
130.0528,-1.04390,8.22912,-0.42858
130.0700,-0.35435,10.81733,0.09098
130.0915,0.26337,9.16768,4.14688
130.1268,-0.11493,9.46936,-2.57863
130.1329,1.55388,9.16528,1.17798
130.1537,-0.16520,8.02082,-0.32802
130.1735,-0.62730,9.71118,0.25379
130.1915,-0.29689,9.84526,-2.06147
130.2113,0.36154,6.93861,-1.43656
130.2339,1.27375,9.48372,-1.41502
130.2531,-0.02394,9.78780,-3.57944
130.2717,-0.10774,9.71836,-3.12213
130.2940,-0.06225,11.03282,-0.63448
130.3113,-1.85077,11.77265,-1.85317
130.3316,1.04151,12.02884,-3.03355
130.3540,0.51477,7.15409,0.81645
130.3718,-2.57385,12.12940,-3.17002
130.3999,-0.73983,7.77421,2.38230
130.4222,1.65205,9.45260,1.42938
130.4311,1.69036,7.86519,4.02238
130.4513,-1.07742,10.83649,0.81405
130.4752,0.22027,10.12060,1.57304
130.4950,2.74144,7.98251,1.44614
130.5456,0.66561,8.19321,0.07183
130.5458,0.28252,10.11342,0.76138
130.5611,0.88109,11.04240,-1.03912
130.5715,-0.94095,8.15490,0.65843
130.5933,0.16042,8.20039,3.25143
130.6110,-0.47646,5.71035,-0.35196
130.6311,2.33681,7.90590,-3.54592
130.6532,1.69754,9.17486,-1.53473
130.6758,3.71831,10.87240,-2.87313
130.6911,1.34798,9.95061,-1.29770
130.7133,1.59459,9.55316,-2.98327
130.7308,1.66642,10.99451,6.66087
130.7511,-2.37033,11.49970,3.35198
130.7734,-3.36396,10.55396,3.71352
130.7919,-0.33759,8.29377,2.01359
130.8112,0.10295,9.43344,-2.26498
130.8350,4.20435,9.68724,-0.11014
130.8534,0.66082,9.44541,2.96890
130.8734,-2.85158,10.89634,2.74863
130.8956,-2.15006,12.26348,2.95932
130.9145,-1.43896,10.17567,4.46293
130.9481,-0.36872,8.37996,-0.81884
130.9611,0.51237,10.27862,-3.01918
130.9712,3.03115,9.10064,-2.39906
130.9930,3.61057,9.13416,-0.56505
131.0151,3.91225,13.89877,-1.08221
131.0312,-2.92820,8.56672,3.33522
131.0550,-1.54191,9.63935,0.39266
131.0954,-1.40544,10.86282,0.23703
131.0956,-0.55787,9.35922,-5.22191
131.1130,1.84599,8.53798,-5.63133
131.1330,1.63290,9.23711,-4.41265
131.1509,2.29372,10.03919,-1.58740
131.1712,1.54670,10.18764,-0.22027
131.1948,-0.23703,11.21718,-2.76778
131.2125,0.72068,9.21317,1.02954
131.2444,-1.50121,9.49569,0.01437
131.2541,-1.60177,11.28901,-0.25858
131.2726,0.67758,9.16768,-2.56187
131.2915,1.61614,10.81494,-3.56268
131.3134,2.03753,9.78301,-1.81247
131.3328,0.42379,10.54199,2.07344
131.3606,-2.00401,10.69762,3.01200
131.3739,-0.71110,8.35362,3.37353
131.3910,-1.08940,7.94899,3.70634
131.4108,1.07742,9.98173,-0.64885
131.4332,2.18118,9.25387,0.49322
131.4508,0.36154,10.94423,1.19235
131.4708,-0.59617,11.23633,3.14129
131.4957,0.45970,9.67287,0.45970
131.5154,-1.27375,7.50126,2.67680
131.5319,-0.31126,9.77104,0.64885
131.5533,-1.18756,7.22353,2.54033
131.5709,-0.11732,11.49731,-1.56346
131.5910,1.06306,9.90033,0.23943
131.6133,1.57064,7.02480,-2.17161
131.6320,0.49801,5.64091,0.55308
131.6579,-0.04789,8.85642,2.93778
131.6744,-0.96968,12.06475,4.69517
131.6917,-2.15006,15.13421,-0.99841
131.7115,1.63768,7.77660,-3.24903
131.7340,-0.26576,9.61541,-2.11414
131.7517,0.23943,13.60427,-2.62891
131.7731,4.27139,11.26027,5.65767
131.8112,2.86834,11.12619,-1.62811
131.8184,-3.52198,9.67048,3.76141
131.8352,-2.12851,11.26267,3.89309
131.8544,-0.48125,8.95938,4.19956
131.8720,-0.88588,10.82212,0.10295
131.8934,-0.43576,8.71995,2.86116
131.9351,-0.16281,7.58027,2.51159
131.9351,-0.17957,10.96817,-2.03992
131.9557,-0.97447,11.55716,0.10056
131.9744,-0.23943,10.29299,-0.05267
131.9917,0.29210,7.50845,0.39027
132.0117,-0.50998,9.69202,-1.87951
132.0341,0.02155,9.60344,0.45491
132.0540,2.76778,9.77822,-3.46452
132.0860,1.92500,8.62418,2.20273
132.0959,0.28492,9.72794,-0.28013
132.1164,0.91222,10.47974,1.16362
132.1322,0.82842,9.99370,-0.21309
132.1539,0.18675,9.34964,1.99922
132.1717,0.31365,10.92747,-0.47407
132.1916,0.81166,10.35045,2.86595
132.2145,-0.07422,10.22355,3.25861
132.2316,0.33041,9.83568,0.70871
132.2512,1.09897,11.45900,-1.24502
132.2763,-0.88828,11.34407,-2.86595
132.2917,0.97926,11.33929,-3.06707
132.3132,1.49642,9.41908,-2.29850
132.3362,1.14925,7.74308,-1.14207
132.3537,0.18915,10.03680,-0.27295
132.3725,0.38787,9.29457,-0.06465
132.3945,0.55308,7.66168,2.13569
132.4114,0.79969,9.87638,-1.13967
132.4316,0.88349,8.73910,1.22108
132.4539,0.96729,10.64973,0.89546
132.4758,0.12450,10.24750,0.36393
132.4942,-1.07982,9.44781,1.70472
132.5156,-1.18277,8.60502,1.69994
132.5317,-0.83081,9.45978,0.75420
132.5545,0.20112,9.74470,-2.35357
132.5778,0.09338,8.61460,-1.77416
132.5966,0.36872,9.97455,-2.42061
132.6364,1.33840,8.46855,-0.51237
132.6389,2.41582,9.67048,-0.27534
132.6534,1.31446,10.03680,2.36315
132.6721,-1.55388,9.86681,3.37114
132.6937,-1.00320,10.65213,3.56508
132.7115,-1.11573,10.48932,2.19555
132.7332,-0.13169,8.78938,-0.19872
132.7578,0.19394,9.86681,0.50040
132.7871,1.62092,8.59545,-0.96010
132.8055,2.26738,9.14613,-0.58181
132.8140,1.19953,10.41031,-0.64885
132.8331,0.40703,11.15493,1.37671
132.8530,0.39745,10.12060,0.96010
132.8755,-0.32802,7.14212,-0.40224
132.9060,0.73744,10.58509,-2.26498
132.9223,1.69994,10.50368,-1.88190
132.9339,3.18678,8.50925,-5.32726
132.9513,1.84838,8.41348,-0.60096
132.9711,-0.34238,11.29140,1.88669
132.9941,0.08141,9.11500,1.48445
133.0132,-0.52913,9.13176,3.41663
133.0510,0.06943,9.36161,-0.32083
133.0677,-0.18915,11.82293,0.94813
133.0719,1.37192,10.39115,-0.00718
133.0916,2.80609,9.71597,-0.20830
133.1135,3.45015,9.65132,1.36234
133.1337,-1.67839,9.07191,4.21871
133.1525,-2.06626,10.24510,3.42381
133.1844,-1.24502,9.89793,0.46449
133.1959,2.47807,9.64893,-1.48684
133.2144,2.58103,9.54119,0.92419
133.2355,1.49642,10.00807,0.96010
133.2548,0.07662,9.84286,1.44135
133.2759,0.00000,7.97533,2.37991
133.2971,-0.59139,8.34644,2.32724
133.3154,-1.30009,8.69601,-1.11573
133.3440,-0.10295,7.51323,1.19714
133.3554,1.39586,10.51805,-3.14129
133.3746,1.27136,9.21556,0.88588
133.3934,0.98165,10.71199,-1.00320
133.4166,-0.89067,8.45897,-1.04390
133.4337,-0.66321,12.27545,-0.53153
133.4551,-0.30647,11.18366,3.05988
133.4910,-0.09817,13.14217,4.24744
133.4942,-2.22189,10.92508,3.83563
133.5134,-1.79571,12.62980,0.01437
133.5357,-0.29450,8.28898,3.12692
133.5535,1.07982,8.77262,-0.88109
133.5748,-1.18995,11.12619,0.42618
133.5972,-1.98246,9.30415,-0.13647
133.6156,2.85876,9.39035,-0.31604
133.6344,0.36154,10.49650,-1.00081
133.6554,-1.23066,11.19802,-3.94576
133.6762,0.48125,9.75667,-1.34079
133.6971,2.13809,9.33767,-0.36872
133.7196,1.19474,10.39355,0.56744
133.7540,-3.02157,10.39355,-0.25858
133.7705,-2.54511,10.68565,1.51079
133.7754,-2.64567,8.91628,0.92419
133.7935,1.34558,9.10303,-2.29850
133.8138,3.64887,7.54675,-0.38069
133.8373,3.89309,7.45098,-0.20112
133.8581,-3.17481,8.94980,-1.92979
133.8998,-1.73585,9.66329,1.97767
133.8999,-0.16520,10.56594,0.46210
133.9149,0.06943,8.22673,0.37590
133.9339,2.19076,12.45262,-2.44455
133.9576,2.71990,10.18764,-0.67519
133.9744,-2.70074,9.26105,0.91222
133.9958,-2.54511,11.18605,2.69116
134.0283,-0.94813,10.70241,3.59620
134.0409,-0.60815,10.36960,-0.97926
134.0553,-0.22985,10.67607,1.14686
134.0766,0.64167,9.96497,-2.66483
134.0945,4.41744,9.92906,0.06704
134.1165,0.37351,9.61780,-1.81247
134.1388,-4.12534,10.12778,1.57064
134.1762,0.88109,8.95459,-1.42938
134.1764,0.71828,8.84445,-3.35198
134.1983,0.41421,9.05515,-3.17002
134.2152,2.44216,8.63854,-2.84200
134.2352,3.23227,8.85163,-2.78454
134.2575,2.84200,9.33049,0.55787
134.2753,0.46210,7.92505,2.31766
134.2971,0.88349,10.81973,-0.00958
134.3295,-0.20351,11.72716,0.89067
134.3355,1.01278,10.65931,1.14446
134.3551,1.35037,11.68167,2.28893
134.3781,-2.01837,12.83810,-1.70233
134.3989,-1.66402,12.04320,0.15563
134.4190,-3.30649,11.29379,-3.21791
134.4587,-0.16520,7.60422,-0.53392
134.4818,-2.14527,5.63133,1.71191
134.4820,-0.81166,7.33845,-0.58660
134.4977,-1.55628,11.63378,3.20593
134.5154,0.12690,13.55399,-0.67279
134.5355,-4.04872,13.62342,-1.69754
134.5592,3.49804,8.05195,5.00643
134.5769,0.74941,7.15888,2.76778
134.5963,-1.68796,15.19646,-3.93140
134.6187,3.29931,6.74467,1.05348
134.6369,0.48364,9.50527,3.72070
134.6569,-2.62413,11.81335,1.60177
134.6775,-0.57702,10.09426,1.98725
134.6951,0.79969,10.08947,-1.25939
134.7314,0.92898,8.06152,-3.34001
134.7461,2.03034,6.22033,-3.33283
134.7550,2.83003,6.42144,1.22826
134.7752,1.05109,11.40154,-0.52435
134.7977,-3.42860,8.29137,0.47646
134.8159,1.31206,18.00495,-7.53239
134.8363,0.79729,4.26899,7.54675
134.8596,-2.42301,9.03120,2.49244
134.8783,1.21869,9.37837,-2.45174
134.8950,3.48606,9.01923,0.99362
134.9181,-0.36154,8.20518,-0.25619
134.9358,1.12052,10.93944,-2.66243
134.9558,1.01757,8.41348,1.71670
134.9785,-0.43815,10.45340,-4.08463
134.9962,2.21470,10.14694,-3.01200
135.0245,2.41822,8.50446,0.74701
135.0404,0.82842,9.75667,-1.04390
135.0559,-0.06225,9.85962,1.86514
135.0775,-0.55787,8.78459,2.96411
135.0994,-1.30488,9.94582,-0.53871
135.1159,0.41182,9.49569,-0.00479
135.1438,2.80130,10.52284,-0.84518
135.1581,1.69275,9.21078,-0.98644
135.1768,0.10056,11.04240,-0.11014
135.1955,-1.11094,10.79818,1.03912
135.2180,-1.17319,11.60266,-1.85077
135.2357,1.53712,6.22272,1.08461
135.2566,3.18199,8.51644,-8.11180
135.2782,4.47251,8.00885,3.51240
135.3050,-3.20593,12.56515,5.23388
135.3156,-2.37273,9.77582,5.48528
135.3383,-0.55547,11.07113,1.75021
135.3558,2.02795,10.40791,-1.72867
135.3772,1.01038,9.15810,-2.73426
135.3986,2.02077,10.36721,1.34558
135.4377,1.40065,10.99451,-0.17957
135.4378,-0.34956,10.95381,1.73585
135.4606,-1.04390,11.32971,1.26418
135.4758,0.35675,10.25468,-0.16999
135.4959,0.68237,9.03120,0.11971
135.5182,0.89067,10.77184,1.24742
135.5360,-1.48206,10.39594,-0.21548
135.5571,-1.32882,9.42387,1.00560
135.5890,0.74941,6.69679,1.99922
135.5969,1.43656,9.62738,-3.68239
135.6158,1.88669,9.71836,1.61374
135.6384,1.03672,10.55636,4.92263
135.6557,-2.86834,10.30017,4.97530
135.6775,0.89546,9.27781,2.23865
135.6998,0.74223,6.99607,2.57145
135.7293,-1.65923,9.13176,-2.54511
135.7358,0.44773,9.51964,1.06545
135.7577,2.28174,9.39753,-4.50842
135.7759,2.56906,9.87160,6.16047
135.7975,-3.42621,12.60107,0.39266
135.8200,-2.32484,10.92747,5.35360
135.8372,-2.05429,10.76466,7.49647
135.8711,0.34956,10.50608,-1.69036
135.8787,2.93299,7.95857,-2.45413
135.8959,1.75261,8.90431,3.85718
135.9156,-0.14366,8.87797,3.94098
135.9395,1.29770,12.18686,2.96172
135.9586,0.90025,7.86280,5.88992
135.9776,0.27534,10.89874,-3.52198
136.0095,1.37431,9.40950,3.22509
136.0174,0.31844,8.88755,2.54272
136.0385,0.07183,7.97772,2.72708
136.0601,0.45731,11.24591,-0.92898
136.0780,-0.70392,9.09106,-0.22746
136.0980,-0.88109,8.62178,2.01119
136.1480,0.59378,9.42147,-1.61614
136.1481,0.13408,7.50126,1.28812
136.1621,0.09817,9.92188,1.40783
136.1776,-0.90982,8.67446,2.20752
136.1968,-0.16760,9.98891,-2.36554
136.2157,2.16203,9.67526,0.44294
136.2384,1.25939,10.81733,-1.65444
136.2557,0.30407,8.09265,2.12133
136.2842,0.35914,8.49728,1.87232
136.2977,1.37192,8.59784,0.10535
136.3155,2.76778,9.32809,1.38150
136.3357,2.52835,8.59066,0.98165
136.3579,1.49642,7.85801,0.87870
136.3758,0.68955,8.93783,4.81728
136.3969,-0.62491,9.15810,6.97213
136.4257,-1.18277,11.26027,1.56825
136.4363,-2.78694,9.51724,4.60180
136.4563,-1.44614,10.71677,4.19956
136.4787,-0.28492,8.01364,3.52916
136.4965,0.65603,10.11581,-0.12690
136.5168,0.44055,8.49728,1.13967
136.5587,1.52515,9.26105,1.39826
136.5589,-0.39984,11.11662,0.41182
136.5769,-0.55068,10.73832,1.74543
136.6015,0.33520,9.43105,-1.56586
136.6165,-0.04070,10.47735,1.72627
136.6365,-0.30168,8.50686,3.18917
136.6585,1.71670,9.06472,1.06066
136.6833,1.24502,9.17965,1.48924
136.6994,0.57463,10.46298,2.37512
136.7182,-0.00718,10.30975,0.99123
136.7355,0.80448,9.53879,1.79331
136.7554,1.65444,8.83487,-0.06465
136.7780,1.77895,9.53879,0.27055
136.7960,1.03193,8.02800,3.09580
136.8162,0.90264,9.65372,1.87472
136.8443,1.03672,8.66967,3.22030
136.8564,-0.78772,10.09905,1.94176
136.8766,-0.90982,8.82290,2.86355
136.8987,0.35914,9.40950,1.11813
136.9181,1.04869,9.39274,0.81405
136.9382,0.98884,9.21556,0.45012
136.9617,0.41421,10.00328,0.90982
136.9953,0.97686,9.15331,0.48364
136.9969,0.41660,9.14852,2.56666
137.0193,0.89546,9.80216,1.37671
137.0383,0.04070,9.03599,3.96492
137.0583,-0.33759,10.01525,2.81327
137.0789,-0.62730,11.00169,1.98964
137.1175,-0.97447,9.36880,3.11256
137.1365,-1.01757,8.10462,2.45892
137.1388,-0.77575,8.55474,2.28893
137.1563,1.06785,8.48770,-0.05986
137.1765,2.45892,6.73988,-0.31126
137.2027,2.48047,6.28976,1.96570
137.2202,0.75180,11.05437,0.32083
137.2663,0.48604,10.06314,2.32005
137.2664,1.40783,8.27222,1.05827
137.2810,0.15084,11.22915,3.44057
137.2962,-0.43097,12.61304,5.82048
137.3187,-1.36953,12.78064,1.02714
137.3376,1.43417,8.90431,4.25941
137.3564,-2.42061,10.84846,4.36237
137.3787,-3.38790,11.96898,2.79412
137.4112,0.58899,9.63456,2.10457
137.4191,0.02155,10.06074,-0.65364
137.4391,-0.86433,9.58189,1.66642
137.4561,-0.03591,10.20440,1.80049
137.4778,-0.66321,9.98413,2.76299
137.4989,-1.18038,9.06712,4.19716
137.5179,-0.96489,9.06233,2.59061
137.5494,-0.87870,9.84765,-0.14845
137.5598,0.04310,9.11500,0.59857
137.5763,1.76458,8.36081,0.34478
137.5963,1.50360,9.85962,-0.05028
137.6180,1.73824,5.68161,2.55469
137.6365,0.55308,11.55956,-3.54592
137.6564,0.62969,10.38158,-0.50998
137.6788,0.06465,9.58428,1.78373
137.7000,-1.12052,8.84924,0.06225
137.7161,0.65603,10.51326,1.11094
137.7394,-1.24742,11.20521,0.37351
137.7565,-0.67040,10.77903,-2.05189
137.7759,0.63209,8.43024,0.90264
137.8052,-1.21869,10.09905,0.11971
137.8235,0.60096,10.55636,0.01676
137.8363,0.24182,10.30496,2.47329
137.8581,-1.13967,10.67128,1.29051
137.8770,0.29928,8.32010,2.80848
137.8956,-0.25619,10.33848,1.06066
137.9182,-1.00320,9.66329,2.66962
137.9359,0.88109,9.88836,0.50519
137.9675,1.24263,10.33130,2.11654
137.9783,-0.12929,10.24750,0.35914
137.9962,-0.99841,9.17247,1.95852
138.0187,-0.42858,9.63935,1.47248
138.0403,-1.54191,9.30655,3.18917
138.0563,-0.06225,9.06712,-0.47646
138.0901,1.12291,8.35602,0.44055
138.1105,0.86433,9.11979,0.88109
138.1162,0.17478,9.72076,-0.08859
138.1373,-0.60336,9.81174,2.42061
138.1584,-1.65684,9.74230,1.25699
138.1761,-0.31604,9.17965,0.10056
138.1962,0.75420,8.30095,0.92419
138.2196,0.31365,9.28979,2.15245
138.2538,-1.19474,11.44463,-1.51558
138.2575,-1.31446,10.54678,3.49564
138.2800,-1.49403,11.15253,-0.53153
138.2975,-0.94095,8.51883,0.14605
138.3176,0.22027,10.12299,-0.36393
138.3411,-0.21309,10.32411,-2.28653
138.3585,-0.35675,8.49249,-0.04789
138.3861,0.69434,10.07032,-0.50280
138.4032,-0.08380,9.25866,-1.64726
138.4187,-0.13169,9.07191,0.07422
138.4373,-0.83321,10.06553,1.13728
138.4594,-1.24981,9.33767,2.05908
138.4776,-0.89306,8.82051,-0.12450
138.4975,0.06465,8.21476,-0.81405
138.5231,-0.46928,9.51245,2.19076
138.5374,0.08141,10.04159,3.47170
138.5584,-0.27774,10.88677,-0.76617
138.5801,0.55547,6.34722,0.14605
138.5995,-0.57223,7.44141,2.04232
138.6183,-1.75740,9.44063,2.00640
138.6434,-2.07344,8.31292,-0.23464
138.6617,-0.67758,7.08466,1.09897
138.6805,1.32403,8.12856,0.69913
138.7009,2.27696,10.26665,-3.21312
138.7172,-0.40463,9.78301,2.79891
138.7375,-2.59779,10.62579,3.34241
138.7593,-1.91063,11.89236,2.64807
138.7768,-1.01038,11.09268,3.37114
138.8085,-0.03591,10.89874,0.46210
138.8206,-0.52435,11.02085,-0.19633
138.8396,-0.74941,10.33130,0.45012
138.8593,-0.50280,11.37999,-0.67040
138.8842,0.02873,9.97694,-0.72307
138.9019,0.62730,10.31693,-0.04070
138.9211,0.49322,9.13655,0.99362
138.9410,-0.50998,11.23154,0.81166
138.9601,-0.08141,11.74631,-3.70155
138.9777,0.20112,9.07430,-5.03516
139.0008,0.42858,10.03201,-2.18597
139.0229,0.30168,5.51641,1.47727
139.0525,0.98405,13.77905,-5.48768
139.0676,0.28971,8.42066,2.86834
139.0791,-2.89947,8.20039,3.84281
139.0980,-0.64645,8.28898,-0.15323
139.1205,-1.36234,7.49647,-1.29051
139.1394,-0.31604,8.31292,-4.96573
139.1581,1.16601,4.59940,2.19555
139.2004,1.29530,8.08307,-3.05509
139.2169,0.66321,8.91389,-2.49244
139.2206,0.91701,7.73830,0.70871
139.2402,-0.33759,7.27381,0.11253
139.2593,-0.73025,8.33686,0.37590
139.2795,0.18675,8.95938,0.10774
139.3002,0.28252,9.59146,-1.10855
139.3260,-0.07183,8.37757,0.72307
139.3432,-0.11732,9.84047,-1.37192
139.3601,0.33999,9.39513,-1.22587
139.3776,0.45491,9.73752,-1.82444
139.3996,0.64885,9.02642,-1.14207
139.4231,0.96489,11.04958,0.27534
139.4409,0.68716,10.11342,-0.69673
139.4620,1.28573,11.81335,-1.46769
139.4911,0.71828,10.94662,1.94894
139.5051,-2.14288,10.69044,1.67360
139.5206,-1.89866,11.81335,1.56586
139.5427,-1.26418,10.87480,2.91383
139.5606,-1.13489,10.29778,1.15404
139.5804,-0.20112,10.10623,0.53392
139.6066,-0.07662,10.64495,-0.02634
139.6194,-1.13489,9.62498,0.47885
139.6390,-1.09658,9.70400,2.34160
139.6601,-0.89306,9.80216,0.76856
139.6791,-1.29291,9.28260,1.29770
139.6981,-1.48445,10.61382,1.61374
139.7217,-1.66402,10.28820,0.54350
139.7512,-0.82842,9.10064,0.35675
139.7690,0.14126,8.65770,0.39266
139.7810,0.45970,9.62977,0.55308
139.7973,-0.90982,9.89075,1.43896
139.8170,-0.63927,9.14374,1.55149
139.8412,0.07422,9.19402,0.65124
139.8576,-1.24263,8.67685,2.09738
139.8784,-0.71110,8.97374,-0.66561
139.9051,0.44773,8.31292,-0.06225
139.9180,1.31925,8.06871,-1.12531
139.9382,1.26418,8.32010,-1.25939
139.9596,-0.28731,9.17726,0.94334
139.9778,-0.56265,10.18764,-0.52674
139.9982,-1.40783,10.65931,0.59617
140.0208,-1.21629,11.67209,-0.67997
140.0410,-1.52036,11.90912,-2.15245
140.0598,-1.94415,10.06074,-1.49403
140.0810,-0.96489,8.82290,1.70951
140.0983,-0.94574,10.06314,-0.08859
140.1184,-1.24502,9.76385,0.87870
140.1409,-0.83560,11.06394,-0.21548
140.1803,-0.64406,10.36960,-0.24422
140.1969,-2.12133,10.68086,0.84039
140.2014,-2.58821,8.99529,1.16362
140.2204,0.80208,11.71998,-1.15883
140.2397,0.84997,10.27383,-1.97767
140.2631,0.45731,8.82051,-1.33361
140.2811,1.75740,8.83966,-3.34959
140.2987,1.09897,8.89234,-2.71750
140.3275,1.29291,9.00008,0.57941
140.3388,0.53632,9.10782,0.73983
140.3605,-0.47407,9.33049,2.15485
140.3810,-0.29450,9.13655,0.78772
140.3986,-1.23545,9.08388,-0.35435
140.4188,-1.00320,9.25387,-0.88349
140.4435,-1.20432,9.45978,0.80448
140.4605,-0.04789,11.01606,-1.72867
140.4808,-0.09577,9.81174,0.81884
140.5019,-0.06465,8.01364,-0.22506
140.5204,-1.32403,8.79178,2.15964
140.5424,-2.24344,10.08947,1.22108
140.5657,-0.71110,9.88836,2.74623
140.6120,-0.70871,10.53002,0.77096
140.6124,-0.90743,10.12539,-1.81486
140.6288,0.55547,9.05515,-1.57783
140.6411,1.04869,9.60104,-2.98805
140.6594,1.46290,9.04078,-2.03274
140.6833,1.95852,8.10941,0.09338
140.7020,0.67519,9.38795,1.26418
140.7191,-0.62491,8.85642,1.25699
140.7423,-0.08859,8.73671,0.86912
140.7588,-0.45012,9.64653,-0.48364
140.7786,-0.47407,10.61382,-1.24023
140.8008,-0.28971,9.52203,0.64167
140.8183,-0.38787,10.85804,-1.41502
140.8391,-1.03433,10.03201,-0.22267
140.8679,-0.50040,9.33288,0.45012
140.8803,-0.62491,10.04159,-0.23943
140.8996,-0.63209,10.32172,0.44294
140.9215,-1.03912,9.77343,-1.11094
140.9395,-0.11971,10.29538,-1.27136
140.9623,0.11971,10.70241,-1.92739
140.9844,-0.09577,9.78301,0.81645
141.0068,0.49083,9.98652,-0.68476
141.0235,0.04070,9.20838,0.45731
141.0434,-0.82842,9.96018,-0.77814
141.0596,-0.53153,9.47893,-0.68476
141.0796,-0.16520,9.80695,-0.21070
141.1018,-0.10535,9.40471,0.40463
141.1211,0.42139,9.99849,-0.52195
141.1419,0.71349,9.59865,-0.69195
141.1754,0.86433,9.81413,-1.18277
141.1821,0.64406,9.95300,0.14845
141.2010,-1.51079,11.22915,1.08221
141.2253,-0.87630,9.45499,-0.45012
141.2426,-0.41900,9.43105,-0.58899
141.2627,-0.29450,9.87399,-0.38308
141.2953,-0.42379,10.58988,-1.02954
141.3122,0.39745,9.95779,-1.02954
141.3217,-0.26576,10.35763,-2.18597
141.3445,0.20351,10.42946,-0.68716
141.3639,-0.34238,10.62340,1.37671
141.3821,-0.15084,10.63297,0.12690
141.4067,0.23464,10.78381,-1.28333
141.4425,0.22506,8.88755,0.09577
141.4593,0.37351,9.17965,1.36953
141.4628,0.02873,8.61939,0.51956
141.4804,0.04789,8.78459,-0.69434
141.5002,0.84039,9.12458,-0.89067
141.5229,0.49561,9.89554,-0.85954
141.5410,-0.24422,9.68245,0.39506
141.5765,-0.08619,8.63375,0.54829
141.5936,0.08380,9.05036,1.04151
141.6003,-0.26098,10.64495,0.67997
141.6209,-0.03352,10.67128,-0.13169
141.6456,-0.06225,10.34806,1.17559
141.6645,-0.53632,9.79258,0.30407
141.6844,0.04070,10.83170,-0.22267
141.7436,-0.41421,11.21478,-0.59378
141.7439,0.31126,11.12859,-1.36474
141.7439,-0.14605,11.07592,-1.20432
141.7641,-0.02155,10.38876,-2.46131
141.7809,0.15084,9.62977,1.00081
141.8002,0.57702,9.48612,0.36154
141.8260,0.63448,9.81653,-0.48364
141.8583,0.18436,9.11979,0.62730
141.8717,0.04549,9.82610,0.72547
141.8857,-0.12450,9.80455,-0.06704
141.9001,-0.11732,9.78061,-1.90345
141.9201,0.72068,9.60822,-1.41262
141.9442,0.20112,10.33369,-1.94894
141.9641,-0.18436,10.14454,-2.24344
142.0003,0.02634,10.43425,-2.20273
142.0181,0.21548,10.00567,-2.29372
142.0206,0.41421,9.98413,-1.29770
142.0417,0.46928,10.24510,-1.26897
142.0645,-0.14605,11.02803,-2.39188
142.0801,-0.63209,10.74551,-0.98165
142.1002,-0.05267,10.09905,-0.33520
142.1240,0.15084,10.19003,-0.61293
142.1546,-0.29210,9.48612,-0.15563
142.1600,-0.83081,9.70878,0.70392
142.1830,-1.10376,10.18764,1.22347
142.2014,-0.87391,10.67847,-0.15323
142.2202,0.14366,10.70241,0.84518
142.2442,0.65603,10.20919,-0.78772
142.2618,-0.05267,11.11422,1.14686
142.2961,0.12211,8.22912,0.35196
142.3038,0.09338,8.62897,-0.16042
142.3215,-1.52276,9.08148,-0.09577
142.3415,-0.16042,10.00567,0.81166
142.3639,-0.67279,10.75029,-1.00799
142.3827,0.34717,9.45020,-1.66163
142.4056,1.25699,8.91628,-1.09418
142.4424,0.38308,9.01923,-0.88828
142.4435,0.42379,9.40950,-0.16042
142.4618,1.10137,8.24109,-0.16042
142.4844,1.07982,9.40232,0.18915
142.5024,-0.29450,10.53720,-0.22267
142.5240,-0.22506,9.94103,0.39745
142.5460,0.80687,9.62020,1.35995
142.5769,0.06225,12.16292,-0.55787
142.5820,-1.09658,9.40950,-0.45970
142.6044,0.26576,9.21317,1.25460
142.6242,-0.46688,10.19243,0.25379
142.6443,-1.01038,9.63217,-1.99922
142.6668,-0.94813,10.31214,-1.14686
142.6993,-0.01437,10.23313,-2.55230
142.7131,-0.19633,9.35922,-1.58022
142.7246,-0.71589,8.75107,0.36632
142.7421,0.47885,8.97374,-3.28255
142.7620,1.13249,10.45340,-1.73824
142.7845,0.50040,10.81254,-3.11495
142.8020,0.59857,10.79578,-1.44614
142.8230,-0.14126,10.84606,-0.64885
142.8483,0.78532,10.65213,-0.79490
142.8623,-0.17478,9.60583,3.07185
142.8837,-1.05588,8.96656,2.09260
142.9041,0.00958,10.59706,3.11016
142.9218,-0.07901,11.00169,0.33280
142.9429,-0.82602,10.73114,-0.34956
142.9644,-0.29450,9.74470,1.45332
142.9885,-0.17478,10.26665,-2.41103
143.0021,-0.04070,9.32331,0.68476
143.0249,0.76856,9.08148,-0.24900
143.0436,0.71589,9.86202,-1.08940
143.0642,0.34478,9.99849,0.58420
143.0845,-0.05986,9.65611,0.39745
143.1231,-0.37830,10.66171,1.23305
143.1232,-1.75261,10.69523,1.28812
143.1440,-2.22668,10.61861,1.40065
143.1614,0.55308,10.58748,-2.60497
143.1817,0.50759,10.31932,-2.69595
143.2045,0.22985,9.88357,-2.20513
143.2221,1.52276,9.05275,-1.75500
143.2450,1.59459,9.85962,-2.50202
143.2769,0.49561,9.52443,-2.62652
143.2830,-0.34478,8.55235,0.54111
143.3017,0.15323,9.41908,3.51001
143.3253,-1.13010,9.50288,2.41343
143.3429,-1.58022,10.03201,1.19235
143.3644,-0.46449,10.42228,-0.48604
143.3883,-0.38069,10.28102,-0.70631
143.4065,0.57702,10.49411,0.81166
143.4228,-0.40463,11.28661,-0.89067
143.4453,0.61772,10.20201,-1.13967
143.4631,0.91461,9.34246,0.79011
143.4854,0.16999,10.36003,-0.45252
143.5075,-0.08380,10.99451,-0.63448
143.5257,-1.39826,9.77343,3.43339
143.5562,-0.93856,9.47175,-1.89148
143.5664,1.79331,10.70001,-3.27776
143.5878,2.29850,6.70397,1.75261
143.6037,-1.88190,12.62501,-1.28812
143.6274,-0.95771,9.76864,2.91623
143.6463,-1.29291,9.09106,3.50522
143.6657,-0.58420,9.10064,-0.36154
143.6992,-0.66800,9.61062,1.54910
143.7034,0.55547,10.43186,-3.69197
143.7255,1.12770,10.40312,-3.18199
143.7463,0.70392,8.83727,-3.25382
143.7651,1.10376,9.60344,-2.06865
143.7852,1.73345,11.14535,-3.48606
143.8108,0.78772,6.88593,1.72388
143.8279,-0.77096,9.65372,-1.27375
143.8457,-0.58660,9.61062,0.38308
143.8661,-1.14446,10.13257,0.87630
143.8838,-1.14925,9.65611,1.97049
143.9035,0.08141,9.99370,-0.87391
143.9260,-0.08859,9.34964,1.28812
143.9438,0.21309,9.80455,0.44534
143.9729,0.76377,9.58428,1.17798
143.9857,0.10056,9.85244,1.47487
144.0033,-0.32083,10.21637,2.43977
144.0237,-0.26098,9.28500,2.03274
144.0471,-0.07422,9.60583,1.43896
144.0636,-0.26337,9.69202,1.31925
144.1056,0.26337,9.85244,-0.33041
144.1183,0.33520,10.00807,-1.31685
144.1258,1.05348,10.02722,-2.01598
144.1434,0.72786,9.34246,-0.28492
144.1659,0.06704,10.30017,-1.98007
144.1835,-0.18196,10.35524,-0.91222
144.2034,-0.36154,10.46777,-2.04471
144.2258,-0.19633,9.88357,-0.61533
144.2538,1.04630,10.07032,-2.22428
144.2635,-0.62491,9.58907,-0.59617
144.2876,-0.69673,11.33450,0.13169
144.3036,-0.46210,9.43584,-0.22027
144.3239,-0.36154,11.38957,-1.19714
144.3461,-0.35675,11.00169,-0.06704
144.3679,0.57463,10.47256,-0.29689
144.3886,0.72786,10.18524,-0.23703
144.4066,1.03193,9.85723,0.75420
144.4235,0.71828,9.73991,1.19953
144.4436,0.44773,10.53720,1.23066
144.4659,0.44534,9.30894,0.33041
144.4849,-0.27055,9.45739,2.16203
144.5055,0.64406,8.95219,1.51318
144.5396,0.10535,9.24908,-0.18915
144.5435,-0.23464,10.76945,-0.03113
144.5639,0.34956,10.16609,-0.65843
144.5868,0.44534,11.03282,-2.50920
144.6050,0.50998,10.44862,-3.02876
144.6250,1.03433,9.61062,-2.36315
144.6475,0.83321,9.11261,-2.49244
144.6809,0.18196,10.06793,-0.95532
144.6841,0.91461,11.53801,-1.24023
144.7059,0.58899,11.62420,-1.19953
144.7258,0.91940,11.06394,-0.69434
144.7457,0.68955,9.64414,0.84278
144.7663,0.43576,10.81254,2.57145
144.7838,-1.40305,10.99930,2.03992
144.8121,0.07662,8.80375,-1.73824
144.8259,0.29928,10.07750,-1.06306
144.8439,1.51797,9.89075,-2.37991
144.8639,2.22907,9.38077,-0.79969
144.8861,1.92500,10.16130,0.11493
144.9039,-0.71828,9.38795,2.95214
144.9243,-0.49322,9.39753,2.94975
144.9473,-0.07183,9.56752,2.48765
144.9647,-1.27615,9.17486,2.68398
144.9836,-0.12211,10.49650,1.14686
145.0108,0.78053,10.13018,-0.01197
145.0274,-0.79250,10.78860,-1.46290
145.0472,-0.58181,10.57072,-0.29210
145.1030,-0.50280,10.40073,-1.41741
145.1034,1.31685,10.82691,-1.52994
145.1222,1.38150,10.95860,-2.70074
145.1276,3.24424,9.26345,-6.15089
145.1449,1.86514,9.38077,-2.13569
145.1637,-0.82602,9.52443,1.10137
145.1853,-0.18436,9.02642,0.25379
145.2059,0.83800,8.36081,-0.52195
145.2235,0.46928,8.76305,-1.83641
145.2456,0.88828,8.34165,-2.66004
145.2633,1.06066,9.07191,-2.99045
145.2826,0.38787,11.38717,-2.48765
145.3074,1.74543,9.52921,-0.94334
145.3272,1.56825,6.59144,-4.92502
145.3467,0.54829,10.73832,-1.51318
145.3735,-1.79331,11.14056,1.54670
145.3836,-1.29770,11.77983,-1.05588
145.4046,1.27854,7.82210,-1.09658
145.4263,1.64247,10.67128,-2.15724
145.4438,1.39107,10.98493,-2.90665
145.4638,1.77655,10.00567,0.69195
145.4874,0.96489,9.62977,1.38389
145.5155,-0.03352,9.38795,-0.29210
145.5235,-0.64167,12.94584,1.47487
145.5474,-1.92021,12.25390,-1.68796
145.5653,1.13728,8.83248,2.31526
145.5845,2.57624,10.60664,-4.68799
145.6056,0.78053,1.59459,4.25463
145.6249,-1.05348,15.35209,-3.53634
145.6472,-1.26657,10.18764,4.97051
145.6657,1.77655,9.48612,-4.91305
145.6862,0.35914,7.30733,-0.40463
145.7034,-1.04390,12.12221,-2.05189
145.7258,0.69434,11.23873,3.49564
145.7483,1.66642,9.90751,1.09658
145.7861,-0.97447,9.24430,0.99841
145.8011,-2.01119,14.43748,-0.36154
145.8034,0.46210,7.32888,3.72310
145.8251,-0.55308,12.72078,-6.96973
145.8475,0.19872,6.42144,7.15409
145.8631,0.11971,12.19404,0.36154
145.8834,-1.84838,1.46769,5.91625
145.9161,3.19157,12.78303,-11.82772
145.9299,1.12052,7.01283,2.87074
145.9431,-1.99683,16.28107,0.90025
145.9653,-0.28731,9.50767,6.64411
145.9829,-0.09577,11.37520,-0.31604
146.0043,0.31126,10.75987,-0.38069
146.0255,1.90105,8.01364,0.69913
146.0449,0.68955,9.60583,0.70871
146.0649,-0.46688,10.61382,1.48924
146.0891,1.68557,10.90353,-0.11732
146.1045,-0.41182,9.35683,4.67362
146.1236,-1.32882,10.71438,-4.46053
146.1477,0.85715,9.96258,-1.04151
146.1655,2.38230,10.38876,-0.74941
146.2023,-0.09338,10.02243,0.63927
146.2199,1.38629,9.41189,0.68476
146.2234,-0.82602,9.38077,0.81405
146.2446,-0.76617,10.11102,-0.51956
146.2655,0.22027,9.04796,1.20911
146.2831,0.94095,10.64495,-0.98644
146.3033,1.89866,10.71438,-3.77098
146.3297,1.39826,10.18524,-2.83961
146.3467,0.67519,10.89634,1.03193
146.3650,0.68476,9.82610,2.86834
146.3873,0.85236,11.34886,1.17798
146.4052,-0.23943,10.57312,3.24903
146.4233,-0.54111,11.30337,1.90824
146.4472,0.35914,9.32570,1.10137
146.4812,-0.03352,9.04078,1.45332
146.4997,0.24422,8.74629,3.37832
146.5058,1.90824,8.22433,0.06704
146.5231,2.47568,8.50207,-0.81405
146.5433,0.86433,8.71277,-0.14845
146.5656,0.19154,10.96578,-0.65124
146.5836,0.84757,10.62100,0.45491
146.6064,1.15643,10.04638,1.44854
146.6432,1.39347,8.43024,0.01915
146.6434,1.54670,10.45101,1.99922
146.6632,0.05028,8.57629,2.73187
146.6856,-0.85476,10.88677,0.38548
146.7035,1.58980,11.85645,-1.86753
146.7236,1.35277,10.03201,-0.49801
146.7457,0.86433,8.10701,-0.67997
146.7710,2.56666,9.13895,1.41502
146.7834,0.62730,10.60185,0.08380
146.8075,-0.16760,9.47654,-1.81247
146.8254,0.33999,9.49809,1.96570
146.8454,0.16042,10.49650,0.09577
146.8690,0.72307,8.71516,0.12690
146.9000,0.62251,8.61699,-0.61054
146.9162,0.39506,9.15810,-0.50759
146.9254,0.03831,8.86600,0.07183
146.9432,0.68716,9.00247,1.64966
146.9630,-0.31604,14.26030,-2.17400
146.9860,-1.96331,9.12937,1.18277
147.0037,1.97288,7.27381,-0.26098
147.0237,1.36713,10.73353,2.85158
147.0517,-0.47167,10.43664,-2.14527
147.0643,1.65923,12.33530,-2.92580
147.0830,0.09577,10.41749,5.00643
147.1056,0.34478,10.74072,-3.46691
147.1229,1.39107,9.85005,-0.96250
147.1431,-1.53234,10.19722,-0.93137
147.1661,-0.56265,8.70079,-1.06785
147.1973,1.96331,7.58506,-1.44375
147.2033,0.85236,10.88916,-0.52913
147.2259,0.73025,10.83888,-0.57702
147.2453,0.47407,9.87878,-2.25062
147.2654,0.18436,6.89551,-0.91701
147.2879,0.83321,10.02722,-1.44854
147.3049,0.22746,12.48135,1.81247
147.3241,0.39745,11.30098,1.81247
147.3483,0.38787,10.01765,4.60419
147.3627,1.00081,11.74392,1.24023
147.3830,1.27375,7.13015,1.62571
147.4053,-0.08859,12.30897,0.83560
147.4244,-0.43097,12.21320,0.91940
147.4446,1.15165,9.91469,2.01359
147.4781,0.98165,8.70319,2.57145
147.4831,0.27534,11.14056,-2.12372
147.5048,-1.03672,10.82930,0.01915
147.5252,-1.19714,8.82051,-2.12851
147.5428,2.55230,7.86998,-1.11813
147.5629,3.42381,8.65770,-0.42618
147.5869,3.40466,9.80216,0.55787
147.6111,-0.93377,11.01845,4.58504
147.6228,-1.68078,9.79258,4.58504
147.6448,-1.76697,10.00089,2.90904
147.6629,-2.23625,8.94501,3.91943
147.6828,-1.21869,10.12060,-1.12291
147.7052,-0.93856,10.47495,1.74782
147.7239,0.14366,10.98733,-1.33122
147.7531,-0.04070,6.00963,1.40305
147.7666,0.24422,10.02483,-1.78852
147.7827,0.50998,10.21877,-0.78772
147.8040,1.78613,8.59784,-0.04070
147.8252,1.18038,10.15891,-0.21548
147.8427,-0.27055,11.15971,1.58022
147.8645,-0.46449,11.00409,2.44934
147.8943,-0.29210,10.87001,1.91781
147.9034,0.13647,9.86681,1.40544
147.9229,0.61293,10.26904,1.19474
147.9450,0.29928,9.01684,-0.91461
147.9628,0.05986,9.26345,0.56265
147.9839,0.07183,8.25785,0.91461
148.0250,-0.38069,9.21556,-0.36632
148.0251,1.67360,9.63456,2.83722
148.0450,0.44534,9.43823,1.01996
148.0652,0.00718,10.25468,2.19555
148.0845,-0.15563,9.65611,0.63927
148.1068,-1.34558,8.77981,1.93457
148.1290,-1.41502,9.74230,1.41980
148.1642,0.43815,8.92586,0.50040
148.1836,1.38629,9.07670,-0.47167
148.1863,0.83800,9.64174,-0.73504
148.2064,0.93856,9.62020,-0.62969
148.2264,-1.06066,10.10384,1.95612
148.2448,-1.39586,10.05595,2.55709
148.2630,-1.23784,10.84128,2.41343
148.2828,0.02394,9.75906,1.52276
148.3134,-0.28492,10.82212,0.08619
148.3237,0.09577,9.03120,0.10774
148.3430,0.93137,10.64973,-0.23703
148.3650,0.34238,10.18764,0.05507
148.3878,-0.74462,10.54918,-0.31365
148.4076,1.13010,11.16929,-0.65364
148.4514,1.25699,8.85403,0.36632
148.4515,-0.07422,8.98811,1.97288
148.4650,-0.41900,9.77104,0.26098
148.4860,0.20830,9.40471,0.67040
148.5021,-0.15802,8.57390,1.02954
148.5228,0.08141,9.59386,0.22027
148.5449,-0.28013,8.41109,0.19872
148.5625,1.38629,10.02962,0.71110
148.5836,1.12291,10.09426,0.58899
148.6049,0.79729,10.82212,0.61533
148.6225,-0.35435,10.32411,-0.79011
148.6455,-0.37830,11.22436,0.23943
148.6659,-0.97926,10.15412,2.71750
148.6835,0.51716,10.31214,-0.77814
148.7061,0.73744,10.17327,-2.79651
148.7370,1.29291,10.39355,-2.41343
148.7445,1.16601,9.54119,-0.46210
148.7636,1.60416,9.32570,1.06306
148.7859,1.73345,9.66569,0.59139
148.8040,0.45970,9.41908,-0.23464
148.8240,0.32083,9.40711,-0.39506
148.8475,-0.26337,8.89234,2.29372
148.8658,-0.77096,8.50686,-0.18675
148.8836,0.62969,8.71995,-2.26498
148.9057,1.05348,9.85244,-1.85317
148.9235,2.59300,9.25148,-0.80208
148.9437,-0.47407,11.63378,1.21629
148.9675,-1.38150,12.82852,-0.53153
148.9851,0.24182,8.89952,0.39745
149.0204,0.98165,11.22436,-0.53153
149.0260,2.38709,11.25309,-0.33041
149.0432,1.28333,8.46137,0.59378
149.0636,0.18675,9.08627,2.30329
149.0859,-0.02155,9.58428,1.11573
149.1035,-0.18436,9.33528,1.22347
149.1244,0.65124,10.75269,0.12690
149.1537,0.08859,9.04078,-0.20591
149.1632,-0.13647,8.66967,0.55787
149.1834,1.48924,8.16927,3.76859
149.2069,1.72627,13.93947,0.12690
149.2241,-2.09738,10.66410,2.92341
149.2453,-0.25379,12.47657,0.49561
149.2669,0.96010,10.64973,-0.37590
149.2969,-1.57783,8.04955,1.59459
149.3052,-0.36632,13.10865,-1.92739
149.3257,0.33041,9.65132,2.30090
149.3435,-0.52674,11.26985,-0.10056
149.3630,0.96250,7.07987,0.83321
149.3854,0.87630,10.62100,-1.33601
149.4055,0.16999,9.40711,-0.60575
149.4240,0.69195,10.69523,-1.44375
149.4454,1.11813,9.54119,0.95771
149.4632,0.61772,9.82610,0.25619
149.4833,0.43815,9.41668,1.11094
149.5055,0.11253,10.72156,0.23943
149.5708,-0.48364,8.45658,2.89707
149.5709,0.36393,10.10863,0.72307
149.5873,-0.06943,9.30415,1.15404
149.5874,1.16362,8.86600,1.90824
149.6031,-1.23545,11.15014,1.89148
149.6253,-1.69036,11.59547,2.21949
149.6433,-0.14366,9.37359,-0.07422
149.6644,0.16999,8.63136,-0.68237
149.6856,0.34478,9.81413,1.41502
149.7091,1.11334,9.40950,0.29689
149.7250,0.77096,10.04398,0.30647
149.7471,-0.05986,11.19802,-0.87630
149.7631,0.15084,9.68484,1.48924
149.7844,0.03831,10.10384,2.09499
149.8064,-0.01676,10.17327,1.61853
149.8243,0.44055,9.62738,1.03433
149.8561,0.41660,9.58428,1.37910
149.8680,-0.21309,10.14215,2.34160
149.8837,0.92658,9.38316,1.58980
149.9029,0.77575,9.75906,2.38230
149.9263,0.16999,10.75748,2.19316
149.9440,-1.15643,10.07511,2.91623
149.9691,-1.23545,10.05117,3.01439
149.9852,-0.95771,8.88276,4.77179
150.0042,-1.24742,9.45260,4.32406
150.0230,-0.84039,10.73593,-0.40463
150.0453,-0.45731,10.72635,0.73744
150.0638,-0.03113,9.34964,1.17319
150.0845,-0.79969,8.83248,0.78772
150.1073,-0.32083,9.95061,1.52036
150.1259,-0.43815,9.58428,0.95532
150.1438,-0.13408,9.38316,-0.84518
150.1656,0.97447,8.23152,0.13169
150.1830,2.00640,8.74629,-0.64645
150.2032,1.02714,7.82449,0.67040
150.2257,0.37590,10.57072,0.06465
150.2529,-1.30009,10.73114,1.94655
150.2658,-0.58420,11.94025,1.75740
150.2858,-0.32802,12.67768,-1.82204
150.3033,0.17478,9.24669,2.42779
150.3234,-0.00718,10.21158,1.81007
150.3485,0.09817,11.54519,2.46131
150.3642,-0.50040,11.33689,2.99763
150.3903,-0.56265,10.58030,4.46532
150.4070,-0.19872,10.00807,2.38709
150.4241,-0.96010,9.79498,4.50124
150.4438,-0.74462,10.18524,2.82524
150.4666,-0.40942,9.64174,3.79253
150.4839,-0.70152,9.49091,2.20034
150.5038,0.13408,8.49728,2.60497
150.5332,0.94095,9.94582,-1.07503
150.5442,0.05028,8.51644,2.32724
150.5636,0.14126,9.15331,1.06306
150.5860,0.70392,7.98012,1.47727
150.6043,0.45970,10.26186,-0.12929
150.6244,-0.13169,9.87160,1.44614
150.6478,-0.21788,10.97536,1.22347
150.6657,-0.89785,9.27542,3.93619
150.6937,-0.59617,8.76305,1.70472
150.7070,-0.11732,9.19162,2.57624
150.7246,-0.72307,10.50847,0.82124
150.7442,-0.40463,9.62020,2.14048
150.7680,-1.00320,10.86761,3.04552
150.7840,-0.56265,11.14774,0.73025
150.8058,-0.69673,10.52763,0.55308
150.8365,-0.50998,9.05036,1.94655
150.8438,-0.78532,10.02243,1.57304
150.8637,-0.12929,9.71357,1.14925
150.8864,-0.03831,9.44781,1.41741
150.9039,0.25858,9.43105,0.79490
150.9279,-0.50280,10.14694,1.06545
150.9659,-0.47885,9.20120,0.55787
150.9677,0.39027,9.50288,1.59698
150.9845,-0.48604,10.27144,2.95214
151.0065,-1.42938,10.76466,2.73187
151.0239,-0.93137,10.07032,3.02397
151.0440,-1.00560,9.80695,2.58582
151.0664,-0.67279,9.07191,2.62413
151.0852,-0.52195,9.43823,1.63768
151.1165,-0.84757,9.94103,2.19794
151.1269,-0.96250,11.56435,0.86673
151.1450,-1.24263,11.18605,4.45096
151.1650,1.10855,8.36081,3.46691
151.1898,0.05267,9.30176,3.01200
151.2070,-0.14366,8.26504,3.17002
151.2400,0.27295,8.89713,0.50519
151.2550,0.45731,8.58587,0.66082
151.2646,1.96809,9.77343,0.83800
151.2848,1.67360,6.95297,0.13887
151.3084,2.66483,7.83407,1.92260
151.3280,-0.08619,9.86441,0.65364
151.3465,0.33999,11.22675,2.04471
151.3721,1.55149,10.92268,0.41660
151.3904,-0.81884,10.51805,2.46610
151.4049,-0.06943,10.30256,2.84200
151.4272,-1.19235,9.52682,1.68796
151.4445,-0.99602,9.32331,0.99602
151.4646,-0.27534,10.00328,1.77416
151.4866,-1.14686,10.00567,-0.06943
151.5044,0.47885,9.11740,0.75180
151.5258,-0.04310,9.35683,0.15802
151.5466,-0.41421,10.47495,-0.74941
151.5646,-2.38230,11.07592,1.63768
151.5858,-0.94813,9.98891,1.86753
151.6081,-0.24182,9.78301,1.15404
151.6272,-1.26657,10.74551,1.88429
151.6511,-1.59219,10.85804,2.66962
151.6690,-1.33601,9.94342,4.48448
151.6859,-1.22108,10.13736,2.12133
151.7042,-0.86433,9.40711,-0.45970
151.7265,-0.79250,9.46696,1.42699
151.7442,1.78613,7.54915,2.81806
151.7646,1.64726,11.32013,-1.88908
151.7977,-1.16841,8.66967,3.56268
151.8114,1.68078,9.83089,-1.99204
151.8264,1.99922,8.61939,0.99123
151.8464,1.27136,9.14613,1.21150
151.8654,-0.17718,9.25387,2.11175
151.8840,-0.30647,9.18683,2.94017
151.9066,-0.32802,8.77262,4.24505
151.9240,-1.05588,9.45499,3.16763
151.9440,-0.45252,10.71917,2.56187
151.9670,-0.18196,10.27862,1.86514
151.9843,-0.98165,10.38158,0.88109
152.0037,-0.87152,9.43584,1.21629
152.0270,-0.15563,8.96416,2.25301
152.0457,-0.26576,8.99768,-0.15323
152.0708,-0.16760,10.53960,-0.54350
152.0918,-0.35675,9.97455,1.29530
152.1070,-0.47167,10.26665,0.76617
152.1241,-0.83800,10.10384,-0.08380
152.1469,-0.64645,10.45340,-0.22985
152.1643,0.07662,9.17007,0.43576
152.1873,-0.67997,9.84286,-1.20911
152.2143,-0.51237,9.06951,-0.25858
152.2242,0.13408,9.55316,0.12929
152.2457,-0.37590,9.71357,0.50280
152.2673,-0.16042,11.09986,-0.25379
152.2844,-0.39745,10.61861,2.73187
152.3046,-0.74701,10.74790,2.46850
152.3274,-0.44055,9.50767,1.62811
152.3448,-1.01038,9.49091,0.93616
152.3673,-0.64406,9.25148,1.30488
152.3881,-0.40224,9.89075,0.36154
152.4045,0.72068,8.72474,0.42858
152.4261,0.59857,9.59865,-0.64645
152.4484,0.21070,9.81174,-0.09338
152.4664,0.48125,9.33528,1.39586
152.4895,-0.03591,9.26105,1.99443
152.5211,0.09577,9.34485,1.60416
152.5276,-0.43097,9.20120,2.31526
152.5445,-0.83560,9.25387,2.57145
152.5689,-0.90025,9.17486,2.09738
152.5863,-0.59857,9.65850,0.90743
152.6085,0.06465,9.35922,0.54589
152.6443,0.07662,9.14134,0.21548
152.6444,-0.05746,9.54119,-0.16760
152.6645,0.77575,9.47654,0.16281
152.6884,0.29689,8.83966,0.76856
152.7048,-1.23305,9.61062,0.84039
152.7245,-0.84757,9.45020,1.20911
152.7530,-0.89306,9.39035,1.39586
152.7697,-0.11732,9.20359,0.45491
152.7842,0.77335,8.78459,0.28731
152.8060,0.45731,9.43344,0.08619
152.8241,-0.21309,10.19243,0.11493
152.8442,-0.27534,10.89634,-0.35435
152.8666,-0.17957,11.00169,-0.62969
152.8842,0.34478,10.87001,1.09418
152.9041,-1.02475,10.87001,1.25699
152.9311,-1.68557,10.87480,1.63529
152.9493,-1.45093,10.81494,0.90982
152.9663,-0.65364,10.06553,0.45252
152.9868,-0.26098,9.62020,-0.53392
153.0045,0.02155,9.78540,-0.32083
153.0245,-0.10774,8.94262,0.02394
153.0468,0.19633,8.94262,0.81166
153.0664,-0.74701,9.99131,0.62251
153.0844,-0.57702,9.89075,-0.19872
153.1078,0.05267,9.61301,1.18756
153.1246,-0.25619,9.64174,1.25221
153.1462,-1.12291,9.80455,1.88190
153.1691,-0.60815,9.19641,2.24344
153.1862,0.33999,9.47893,1.49642
153.2190,-0.08141,9.43584,0.88109
153.2297,-0.12211,10.16609,1.85796
153.2445,-0.51956,9.45020,3.62014
153.2661,-2.02795,9.95539,2.62652
153.2870,-1.91781,10.60424,2.16203
153.3073,-1.17798,10.52284,2.42301
153.3333,-0.38787,8.86839,1.93697
153.3471,0.25619,9.93385,1.70472
153.3644,0.19154,9.61062,0.35435
153.3843,-0.68716,10.08947,0.88588
153.4066,0.05028,9.72315,1.78613
153.4250,0.40224,9.34246,0.90743
153.4443,-0.61772,9.37598,0.08619
153.4931,0.39266,8.56193,1.23784
153.4933,0.10295,9.08148,0.16999
153.5063,-0.41900,8.96656,0.15323
153.5283,-0.19633,9.47415,-0.73744
153.5460,-0.33999,8.90670,0.35196
153.5693,-0.34238,9.17247,-1.25699
153.5882,0.00718,8.49728,-0.41182
153.6069,0.52913,9.08148,-0.63448
153.6392,0.58899,9.00487,0.33759
153.6482,0.43336,9.39992,-0.32802
153.6646,0.40463,9.20599,0.56505
153.6860,0.22985,10.36960,0.60575
153.7068,0.21548,10.27383,1.72388
153.7259,-0.00718,10.82930,0.16520
153.7458,0.19872,10.78860,0.66082
153.7831,0.68237,10.31932,0.01197
153.7845,1.44854,9.74709,-0.00239
153.8041,1.59938,10.19482,-0.94574
153.8271,1.62811,9.35204,-0.52435
153.8445,1.49163,9.85962,0.47407
153.8657,0.83321,10.39594,-0.53632
153.8884,-0.06225,10.39594,-0.66800
153.9077,-0.25858,10.73832,0.02634
153.9246,-0.19872,10.47495,0.37351
153.9481,-0.36154,10.48453,1.24023
153.9661,-1.88908,10.11821,0.35675
153.9845,-1.67360,10.31693,0.58181
154.0084,-1.64487,10.24989,-0.86194
154.0531,-1.36234,9.84286,-0.41900
154.0690,-1.38389,10.30735,-1.07742
154.0691,-1.69036,11.00888,-0.72786
154.0886,-1.28573,10.56594,-2.36315
154.1042,-0.52674,10.59467,-2.16921
154.1283,-1.19953,9.39992,-0.33999
154.1461,-0.18196,9.38795,-1.34798
154.1738,0.67997,9.22275,-0.91222
154.1957,-0.23224,9.28260,-1.49163
154.2071,0.44055,9.14374,-1.50360
154.2263,0.60815,9.06233,-1.42459
154.2483,0.99602,8.58108,-1.37431
154.2644,0.82602,8.84206,-1.61374
154.2842,1.04630,8.84685,-0.68716
154.3273,-0.08141,9.35443,0.39266
154.3273,0.05986,9.25866,-0.21309
154.3450,0.68237,9.60822,0.02394
154.3671,0.86194,8.76065,-1.05109
154.3842,1.41741,7.98730,-0.05986
154.4043,2.29132,9.01444,-1.22826
154.4265,1.90824,8.76544,-1.93218
154.4442,0.65364,9.60583,-1.98964
154.4778,1.25221,10.46537,-1.50121
154.4878,0.74701,9.73512,0.52913
154.5069,0.73025,10.45580,0.52913
154.5240,0.80926,9.60822,1.92021
154.5476,1.03193,8.66249,0.59139
154.5654,-0.05986,9.55795,0.33520
154.5858,0.12450,10.62579,-0.08859
154.6217,0.09338,10.91311,-0.71110
154.6241,-0.40463,11.07592,-1.12770
154.6441,-0.48843,10.41988,-0.69673
154.6665,-1.01996,10.63297,1.03912
154.6841,-1.52755,11.14056,-0.18196
154.7042,-1.58022,11.35365,-0.54829
154.7269,-1.45093,10.72875,-0.41900
154.7569,-1.05109,10.86761,-1.75500
154.7643,-0.99602,10.81494,-1.43896
154.7949,-1.67120,10.82691,-2.77496
154.8038,-1.35037,11.26746,-2.77018
154.8243,-0.52913,10.33608,-1.29770
154.8498,-0.45491,9.92666,0.00239
154.8762,-0.39984,9.67048,-0.56744
154.9016,0.33999,9.11979,0.56026
154.9072,0.03352,9.32091,-0.96489
154.9239,0.28013,8.79417,-0.66561
154.9440,0.64406,8.82290,-0.60575
154.9692,1.04869,8.67685,0.04549
154.9855,0.56265,8.86121,-0.97686
155.0066,0.93137,8.45658,-0.98884
155.0410,-0.40942,8.89473,0.70152
155.0439,0.83560,8.34405,0.52913
155.0642,0.78053,8.24109,0.25379
155.0879,1.26178,6.55074,0.39266
155.1039,1.78373,5.68640,-1.80049
155.1240,2.21470,7.36479,-1.89866
155.1797,0.41421,10.00089,-1.91781
155.1798,1.57783,10.36960,-0.70631
155.1920,2.00880,8.99529,-1.16841
155.2070,1.54431,9.18204,-0.87391
155.2266,-0.72786,9.76385,-0.67040
155.2457,-1.23305,9.82131,0.89546
155.2679,-1.41502,10.52284,0.55308
155.2841,-0.70871,9.98173,0.13169
155.3102,-0.26098,11.07113,-0.42618
155.3262,-0.30647,11.87560,0.46688
155.3454,-1.93218,11.58829,2.06147
155.3657,-2.02556,12.01447,2.04232
155.3877,-1.40783,10.86282,0.81166
155.4039,-1.04869,9.85005,1.87232
155.4431,-0.54111,9.73991,1.48684
155.4574,-0.22985,10.38397,1.47966
155.4639,-0.83560,10.17806,0.92419
155.4840,-1.33601,10.93705,0.91701
155.5062,-1.27615,11.15971,1.70712
155.5240,-1.18277,10.95620,0.91701
155.5439,-1.13967,10.74072,-0.16042
155.5665,-0.19154,9.86920,-1.58022
155.6011,0.74941,9.48372,-1.47487
155.6039,0.85715,9.39753,-0.86433
155.6277,0.63927,10.05117,-2.39667
155.6455,-0.23943,9.84765,-0.71589
155.6638,0.06704,10.93465,-1.55388
155.6861,-0.16042,9.54837,-0.35675
155.7077,-0.77814,10.16130,-1.76937
155.7261,1.24263,8.00885,-0.10535
155.7481,0.68955,6.85002,-0.56026
155.7655,2.21231,7.57549,-0.15802
155.7855,0.47646,7.84604,0.02155
155.8062,0.37830,8.75586,-2.37033
155.8238,2.33921,9.13176,-2.06626
155.8669,0.40703,7.36000,-0.01676
155.8803,1.01996,8.75107,-3.02157
155.8837,1.10376,9.62977,-1.00320
155.9053,-0.37351,9.90033,-0.46449
155.9278,-0.56984,11.51886,0.19872
155.9434,-0.96250,11.78701,0.04549
155.9655,-0.77814,10.99930,-0.64885
155.9876,-0.40703,10.63537,0.83321
156.0059,-0.56744,10.99212,-2.00640
156.0237,-0.96729,10.60664,-3.58184
156.0459,-0.78532,9.70639,-1.82683
156.0636,0.93856,9.37359,-1.52515
156.0850,0.69434,8.73671,0.09817
156.1073,0.06465,9.81892,0.50280
156.1251,0.62251,10.12299,-0.50998
156.1571,0.66082,9.36880,0.80208
156.1665,1.20911,9.56513,-0.34956
156.1837,0.61054,8.92825,-0.16999
156.2038,1.41502,10.26186,-2.08541
156.2264,0.66082,9.68245,-1.30009
156.2450,0.71828,10.00089,-2.31526
156.2636,0.76856,9.20599,-0.89306
156.2919,-0.05267,8.76305,-1.09658
156.3035,-0.14605,8.30334,-0.64645
156.3234,0.25379,7.46774,-0.37590
156.3460,1.92739,8.56672,-1.24023
156.3635,-0.89306,9.35443,-1.69994
156.3838,-0.67758,9.11979,-1.56586
156.4074,-0.46688,9.07430,0.27295
156.4278,-0.33280,8.64573,-0.43336
156.4451,1.53234,8.60502,-0.67040
156.4662,0.41421,8.38715,0.12450
156.4836,-0.85236,9.93624,0.05746
156.5036,-0.21788,9.87399,-2.40625
156.5258,-0.32562,10.47256,-2.48765
156.5434,0.07901,10.70720,-0.34956
156.5638,-1.57543,11.78462,1.94176
156.5871,-3.39029,11.89236,0.44294
156.6033,-1.99204,11.56435,0.70152
156.6253,-0.31844,9.69202,1.21869
156.6456,-0.36154,9.75188,-0.72307
156.6623,0.23224,9.44063,-2.14048
156.6852,1.99204,9.38316,-3.29452
156.7081,1.81965,8.77023,-1.45093
156.7232,0.82363,9.82850,-1.18038
156.7448,0.32083,9.43105,-0.46449
156.7658,0.07901,9.11500,-0.20830
156.7834,-0.18675,10.14933,-0.10774
156.8033,-0.02155,9.90512,-1.99683
156.8275,0.61054,8.09025,-1.12770
156.8452,1.33122,9.23472,-2.17400
156.8640,0.61772,6.82129,2.46131
156.8857,0.34956,8.44221,-0.41900
156.9035,0.16281,8.82530,0.48125
156.9235,-0.75420,8.03998,-1.31206
156.9457,-0.95532,8.11899,-0.81884
156.9636,0.18915,7.19480,-2.55230
156.9924,1.47008,7.23071,-1.13010
157.0071,1.16122,10.37679,-2.88271
157.0235,0.08380,7.52042,1.14925
157.0434,-0.33520,9.18683,-2.56906
157.0657,-1.07024,9.50527,0.52195
157.0834,-0.65124,11.15253,-3.82126
157.1035,-0.39506,11.38717,-2.22668
157.1353,-1.01517,11.64336,-1.97049
157.1454,-0.44534,9.94103,0.14366
157.1653,-0.13169,11.27464,-0.97447
157.1877,-0.62969,11.11901,-0.64167
157.2034,-0.75899,11.49731,-0.77575
157.2248,-1.00560,11.21957,0.43336
157.2551,-0.69913,11.96180,-0.12690
157.2718,-0.37111,11.09746,1.07264
157.2833,-0.32562,11.68167,0.21548
157.3055,0.27055,9.39992,0.53153
157.3233,1.66402,9.00008,-0.88349
157.3432,1.66163,9.13176,1.21869
157.3660,0.51237,9.66329,0.71828
157.4137,0.17718,10.36721,1.00320
157.4138,-0.33759,9.47893,1.82683
157.4271,0.13887,8.34644,0.93616
157.4451,1.36713,9.55316,0.41421
157.4649,1.11573,10.60185,0.90264
157.4856,-1.18995,11.62420,-0.99362
157.5051,0.37590,9.73752,-1.75740
157.5340,1.54191,7.91068,-0.97447
157.5514,0.28731,8.37039,-0.50998
157.5639,1.28094,8.81572,1.80528
157.5832,0.60336,10.13018,0.82124
157.6055,-0.77814,10.16848,-0.77335
157.6237,-1.03912,10.55396,-0.22267
157.6439,0.22746,9.75428,0.03831
157.6662,0.10535,10.80776,0.44294
157.7016,-0.17478,11.77026,-0.56505
157.7031,0.04070,9.95061,-0.50759
157.7259,0.53632,9.17486,-0.10295
157.7452,0.73025,10.15651,-1.68796
157.7634,-0.23703,10.04159,-0.16760
157.7858,0.58420,8.68403,-1.09658
157.8220,1.09179,7.90111,-1.13728
157.8363,1.20671,9.00487,-2.79651
157.8458,1.48684,10.64734,-2.37033
157.8634,1.73585,11.61463,-0.79490
157.8833,-0.32562,11.21957,-1.76458
157.9056,-0.26816,8.76544,0.62012
157.9244,0.92419,8.74150,0.46928
157.9628,0.79490,8.50686,0.79490
157.9776,0.23703,10.43664,-0.29689
157.9831,1.28812,10.59945,-1.92739
158.0051,0.86912,8.95219,-2.91623
158.0255,1.41023,8.44700,0.12450
158.0439,2.07823,7.94660,0.09098
158.0646,0.77096,8.55953,2.98087
158.0891,0.55308,11.22436,-0.01437
158.1074,-1.86035,10.85804,-1.64966
158.1233,-0.47407,8.97853,-0.09098
158.1465,-1.26178,10.03919,-0.07662
158.1644,0.62969,9.80934,-3.55071
158.1832,2.33202,7.95857,-1.54191
158.2056,1.04390,8.77262,-0.55308
158.2239,0.22267,10.63776,1.13489
158.2520,0.41182,10.17327,-0.33520
158.2674,0.59617,9.35922,-0.51237
158.2851,0.98165,10.04398,-0.84757
158.3030,1.35037,9.36161,0.98884
158.3253,0.93616,10.13496,0.46688
158.3447,1.12052,8.88037,-0.01676
158.3694,1.59698,7.91787,-1.80289
158.3851,2.07344,7.63774,-0.41900
158.4033,1.43417,10.12539,-0.53632
158.4237,-0.67279,13.09668,-0.48843
158.4460,-1.92500,13.56117,-1.46290
158.4638,0.12450,10.60903,-3.00481
158.4859,1.20911,8.14053,1.59459
158.5077,-0.24900,8.99290,-0.44534
158.5324,-1.00081,8.88276,0.52674
158.5469,0.50998,9.33049,-0.51477
158.5666,-0.85715,9.90751,-0.21309
158.5841,-1.51079,10.87958,-1.19714
158.6040,-1.24502,11.77744,-1.22347
158.6266,-0.28492,9.09585,0.05746
158.6459,-0.05507,9.83089,-0.81405
158.6755,0.69913,10.88916,-2.19794
158.6889,0.25858,9.54837,0.31604
158.7036,2.12372,9.94582,-3.76619
158.7241,2.00880,8.06631,-1.16122
158.7464,0.07422,10.10145,-1.40783
158.7654,-0.32083,9.70160,0.67519
158.7858,1.21390,13.19245,-1.01278
158.8136,1.14686,10.77184,0.99841
158.8241,-2.68398,10.18764,0.13887
158.8462,-2.57385,10.40073,2.34160
158.8684,-1.54910,10.35284,1.58980
158.8845,0.92898,8.07110,-0.65843
158.9079,0.73504,9.44541,-2.36794
158.9513,0.45970,9.43823,-2.14048
158.9516,1.60656,9.44302,-0.56984
158.9679,0.77335,9.40232,-0.81166
158.9862,0.57223,7.36958,-1.82683
159.0037,0.63927,7.78379,-0.87152
159.0238,1.66163,8.35602,-0.22985
159.0461,-0.17239,10.64016,-2.52357
159.0660,-0.64645,10.40552,1.11813
159.0856,1.11573,8.88276,1.39107
159.1063,0.84997,10.02722,-0.99362
159.1251,-1.58980,11.13817,-0.04310
159.1438,-0.70152,10.72635,1.45811
159.1663,-0.96729,11.16450,1.47966
159.1839,-1.64966,10.20919,-0.44055
159.2051,-0.84757,10.61861,-0.89067
159.2339,-0.61533,9.28021,0.51477
159.2440,-1.58022,10.05356,1.41023
159.2670,-0.29450,8.93064,1.53234
159.2857,0.55547,9.28739,-0.81166
159.3038,1.10855,8.88037,-2.08781
159.3240,1.58980,8.97135,-1.60656
159.3503,2.51159,6.61778,-0.59857
159.3683,1.32403,10.07032,1.12770
159.3851,0.51477,10.04638,-1.10855
159.4077,1.33361,10.70720,-1.13967
159.4255,0.87870,10.51565,3.08143
159.4463,-0.39745,10.97536,-0.71828
159.4689,0.65364,9.38556,2.29850
159.5052,0.48843,8.85403,0.05986
159.5192,-0.31604,9.61780,-2.61694
159.5291,0.01437,9.29218,-0.16520
159.5449,0.72068,9.67766,-1.97528
159.5650,0.58660,8.71516,-2.06386
159.5873,0.91222,10.00089,-1.67360
159.6049,-0.10774,11.53083,2.64089
159.6290,-1.53473,12.37122,-0.45491
159.6585,-2.63131,11.76786,0.92180
159.6721,0.00718,9.68245,-0.79490
159.6883,-0.57463,10.79818,-0.41660
159.7088,-0.25379,10.39355,-3.21551
159.7269,1.24502,10.15412,0.81645
159.7484,-0.41182,10.09426,-1.28812
159.7882,-1.03912,10.07511,0.32802
159.7888,0.83321,8.90670,0.73265
159.8064,-0.13887,8.72953,0.05507
159.8285,-0.64406,9.41189,-0.17957
159.8443,1.24263,9.11022,0.71828
159.8644,0.66800,9.79019,-0.85954
159.8867,0.41900,10.11821,-0.15323
159.9133,1.14207,10.04877,-0.45252
159.9301,-0.79490,10.79818,-2.61694
159.9492,-1.68557,10.20440,1.23545
159.9656,0.63688,9.76625,-0.91222
159.9873,0.04549,9.67766,-2.17640
160.0105,1.09418,9.77822,-2.18118
160.0278,0.83321,10.39355,-1.60656
160.0486,-0.34956,9.56034,1.32403
160.0807,0.15084,10.62100,1.01038
160.0884,0.10056,8.75826,1.86035
160.1067,0.45252,7.87238,0.02873
160.1289,0.24422,5.29614,0.55068
160.1466,-0.00958,14.59789,1.30967
160.1679,-0.05986,10.65213,0.65364
160.1908,0.27534,8.78938,0.06225
160.2092,-0.40463,7.95618,1.52755
160.2296,1.14207,9.53400,-1.65444
160.2495,0.64406,8.71995,-0.32323
160.2668,1.45811,8.96177,-2.11414
160.2865,0.85715,10.21398,-2.21470
160.3088,-0.90264,11.29379,-1.06066
160.3266,0.02634,10.70720,-0.33280
160.3469,0.10774,10.56354,-1.40305
160.3707,0.38069,11.29858,-0.40224
160.3883,0.45491,10.91789,0.58660
160.4102,-0.10535,8.36320,-0.37830
160.4326,-0.02873,8.53559,1.42220
160.4504,-0.28492,10.96578,2.26738
160.4882,-0.57702,12.63698,-1.65684
160.5075,-0.92658,9.34725,4.94418
160.5076,-0.13887,9.64893,1.42938
160.5267,-0.57223,11.17408,-0.11971
160.5490,-2.27696,9.68005,2.90426
160.5668,1.58022,8.72474,-0.36872
160.5881,-0.18196,8.48770,2.06626
160.6106,-1.29051,10.20440,-1.54431
160.6421,0.23464,9.02881,2.71271
160.6465,0.47885,12.57473,-1.06066
160.6692,-0.27055,9.61062,1.58501
160.6865,-0.00239,10.02004,-1.99683
160.7078,0.79729,8.74389,1.41980
160.7289,0.92898,10.66171,2.56906
160.7490,-1.39347,10.02004,2.73187
160.7815,-1.70472,11.38957,1.13010
160.7968,-0.83081,10.90113,2.88989
160.8070,-0.56265,11.62660,0.37590
160.8260,-2.33681,10.71677,3.36156
160.8486,-0.87391,10.57551,2.00401
160.8691,1.14686,9.51964,0.80926
160.8879,-0.02634,11.37999,-1.53952
160.9186,0.29210,10.07511,0.68237
160.9291,2.42540,8.29616,-0.88588
160.9480,1.21869,9.09106,-0.07662
160.9706,0.90982,8.95698,0.43336
160.9870,0.29928,10.70480,1.29051
161.0102,-0.84278,10.49171,-0.48604
161.0477,-1.18038,8.72474,-0.32802
161.0618,1.28094,8.47334,-1.58740
161.0679,1.33840,8.10941,-2.57385
161.0889,1.93697,7.89153,0.95292
161.1061,-2.01359,11.16211,-1.07742
161.1270,-1.56825,9.17726,-2.05189
161.1493,1.95373,9.92906,-6.01921
161.1685,1.82444,6.46454,1.35516
161.1974,1.37431,10.95381,-1.10137
161.2092,-0.74701,9.64893,1.27136
161.2264,-1.15643,11.26506,3.73507
161.2460,-0.32562,8.49968,3.99365
161.2689,0.63448,7.56112,3.03355
161.2865,0.33759,9.40950,0.51477
161.3093,0.72068,12.77106,-1.00799
161.3437,-0.61772,10.54678,-0.83321
161.3475,1.67360,8.93064,-0.48604
161.3664,1.83880,7.71675,1.77895
161.3885,1.26897,8.53080,3.67761
161.4061,0.20112,9.50527,3.95534
161.4276,-1.31446,9.04796,1.25221
161.4501,-1.64726,10.86761,1.59219
161.4680,0.36632,10.56354,0.25379
161.4875,-1.34079,11.52364,-0.38548
161.5086,0.15084,8.43742,1.14446
161.5280,-0.79969,11.48534,-1.08461
161.5486,-0.92898,10.87480,-1.66163
161.5691,0.57702,9.53879,-0.17478
161.5999,2.72468,11.37759,0.00000
161.6141,-3.80690,11.33689,-0.78293
161.6303,-2.73426,11.09028,1.49642
161.6474,-0.42139,9.79498,0.33759
161.6662,0.35675,8.23870,-0.26098
161.6886,0.58181,8.71277,-0.96010
161.7062,2.78694,8.04955,-3.28734
161.7450,2.46371,9.17007,-1.27854
161.7582,0.79729,11.87800,-0.40703
161.7667,-1.12531,11.54040,-1.49163
161.7879,-0.15563,11.26746,-0.16520
161.8097,0.61054,10.09187,0.39984
161.8310,-1.31685,9.85244,2.52835
161.8498,-0.36154,10.98733,-2.28414
161.8964,0.63927,8.35123,0.43097
161.8965,0.44773,9.52921,-1.17319
161.9125,-0.01197,8.31532,2.61215
161.9290,-0.04549,9.70400,-1.79571
161.9462,-0.26337,8.88515,0.84039
161.9664,0.16520,9.26105,1.67360
161.9886,-0.73265,8.91149,0.45012
162.0187,2.07823,7.83646,3.19636
162.0362,1.27615,11.57392,4.19956
162.0488,-2.32724,11.52604,-0.51477
162.0658,-1.45332,11.61702,2.14048
162.0862,1.09179,10.41749,1.11573
162.1089,-1.06306,8.38954,0.54350
162.1263,0.07901,8.32968,1.02475
162.1479,2.32484,9.16768,0.70631
162.1820,1.53473,8.93783,-1.53473
162.1861,1.78134,10.08469,5.64331
162.2099,0.36154,9.83808,1.78613
162.2321,-1.92500,11.13817,4.76700
162.2498,-1.61614,12.90035,2.16203
162.2695,-0.02873,12.00729,-2.31048
162.3051,0.45970,11.04958,-3.52916
162.3197,4.46293,7.92266,-2.79651
162.3261,0.78293,8.52362,-2.22668
162.3484,0.34956,9.05994,2.01119
162.3659,-0.54350,11.21718,0.73265
162.3863,-2.23625,7.73351,-1.43417
162.4101,0.71349,7.50845,-2.65046
162.4290,1.47008,9.14852,1.63050
162.4611,-2.89228,11.60026,-2.89468
162.4713,0.91461,8.65051,-1.32164
162.4870,-0.12450,6.88593,1.15404
162.5069,-0.10774,8.51644,0.23703
162.5295,0.14366,9.19402,0.99123
162.5489,0.20112,12.06475,-0.24900
162.5690,0.78293,9.90990,3.76380
162.6005,1.70712,9.14134,1.33840
162.6082,-0.83081,9.64174,1.40065
162.6273,0.32083,8.97135,2.72947
162.6493,-1.24742,9.91469,2.42061
162.6674,-1.46530,11.60984,-2.26259
162.6895,0.56026,7.94899,-0.00718
162.7126,-0.52674,7.98730,3.10298
162.7298,0.22985,9.34485,-0.78772
162.7469,1.94894,9.03839,1.71909
162.7695,-0.63448,11.74871,1.45572
162.7871,-1.31685,8.97614,2.74384
162.8069,0.03591,10.59227,-0.69913
162.8312,-0.53153,9.06951,2.03034
162.8486,-0.56265,10.67847,-0.63448
162.8800,0.37111,9.56992,0.03831
162.8895,0.40463,10.66649,-1.77895
162.9072,0.34717,9.36401,1.18756
162.9297,0.65603,8.78938,0.18196
162.9515,0.65364,7.86998,2.19794
162.9692,-0.70152,8.14532,1.12531
162.9895,-0.27295,7.59464,0.13169
163.0144,-1.44854,8.09025,2.48286
163.0313,-0.51956,11.55716,0.90025
163.0479,0.73744,8.02322,0.84518
163.0700,-0.28252,9.68005,3.48606
163.0879,1.90345,10.00567,0.32802
163.1080,2.96411,10.53002,1.78613
163.1304,0.56984,10.10623,3.72549
163.1523,-0.23464,10.32890,1.75740
163.1701,-0.70152,11.95461,4.35040
163.1928,-2.71990,11.58350,1.36953
163.2106,-1.19714,12.33051,-0.00239
163.2316,1.74543,11.13577,-0.04549
163.2542,0.90982,9.80216,2.04950
163.2880,-1.75500,11.01127,0.85476
163.3013,-2.36075,10.45580,3.44536
163.3122,-1.03433,10.10384,3.12213
163.3297,-1.78134,10.70959,-0.60336
163.3492,-0.94095,10.08229,0.05267
163.3716,4.08703,9.86441,-3.55550
163.3890,2.87313,12.23714,1.01278
163.4144,-3.57705,8.62418,3.18439
163.4297,-1.08221,9.48133,3.04791
163.4476,1.11573,10.22116,0.60575
163.4678,0.14845,9.16528,1.80289
163.4898,-0.45731,9.13895,0.75899
163.5080,2.44216,8.84924,-2.47329
163.5280,-0.08141,9.99610,-1.41980
163.5553,-1.86035,10.68325,-2.71990
163.5665,1.92739,7.45338,-2.26738
163.5879,2.24104,11.96898,-3.10537
163.6091,0.24900,9.30176,-1.08940
163.6268,-1.41262,11.48055,-0.32802
163.6474,0.79729,10.54199,1.03193
163.6696,0.54111,9.89075,0.00239
163.6874,-0.77096,10.17327,0.63688
163.7121,1.07264,10.37679,-1.36234
163.7318,0.73504,9.81892,-1.30967
163.7476,1.34558,8.22673,-0.06225
163.7691,2.13330,7.93223,1.48206
163.7902,-0.08380,8.60502,0.79969
163.8078,-0.65124,10.25947,1.94176
163.8463,2.19316,11.06394,0.64885
163.8634,0.88349,9.10303,2.36794
163.8697,-0.19394,10.18524,0.12450
163.8894,-0.28013,11.13338,2.20273
163.9109,0.07901,10.61382,3.64648
163.9281,-1.93457,10.29538,3.73986
163.9482,-1.69754,9.85723,0.11253
163.9775,-1.16601,8.82290,1.53234
163.9874,0.87630,8.53080,-0.12211
164.0076,1.20911,8.87797,0.99123
164.0297,-0.44534,10.65931,-0.23703
164.0470,-0.29450,9.41668,0.14845
164.0672,-0.95292,10.35284,2.42779
164.0897,-0.14366,8.82051,-1.60656
164.1073,0.14126,9.67766,2.37751
164.1294,-0.17718,10.89395,-0.25379
164.1494,-0.86433,8.44700,0.56984
164.1669,0.16042,10.46777,-2.31048
164.1871,0.54350,5.17163,-0.51477
164.2094,0.84039,10.49650,-2.82764
164.2272,1.25699,9.72076,-0.11253
164.2473,0.79011,11.54759,1.95373
164.2700,0.98644,10.97775,4.03675
164.2880,-2.23865,14.02806,-0.24900
164.3081,-1.75021,10.83170,3.50761
164.3330,-0.15802,9.68963,2.99045
164.3517,0.72786,9.47893,-0.91222
164.3723,2.24344,9.40711,-2.95454
164.4108,2.78694,5.23628,-1.72867
164.4244,2.61215,7.85801,1.38629
164.4295,1.85796,10.78621,-2.66962
164.4510,-3.08622,10.65692,-0.85476
164.4683,-0.85954,10.01765,4.64729
164.4887,-1.34319,8.99290,1.42220
164.5109,-1.66163,9.31373,1.28094
164.5454,1.16601,8.39672,-0.30647
164.5560,1.57064,8.21715,0.40942
164.5709,-2.13090,9.96737,0.70871
164.5901,0.69195,10.77184,-5.13572
164.6112,1.78134,7.10621,-0.50280
164.6324,1.73824,6.97452,0.65603
164.6483,-1.73824,7.01762,1.08461
164.6800,0.79250,9.90272,-0.93616
164.6961,2.39667,8.61939,0.76377
164.7079,-1.77416,12.44544,1.25699
164.7283,-2.46131,12.46459,0.33280
164.7516,1.19235,9.51245,1.61614
164.7712,-0.62969,11.52125,2.51399
164.7898,-2.53793,11.45900,1.41741
164.8183,-1.69275,11.69603,1.32643
164.8331,0.73265,10.42228,-1.88908
164.8485,0.59617,8.67206,-0.98884
164.8721,1.87711,11.94264,5.23388
164.8910,2.19794,9.05515,0.28013
164.9083,1.59459,7.93223,1.27615
164.9300,-1.13489,6.85720,-0.28492
164.9478,2.05908,11.61223,3.09819
164.9718,4.27378,11.52364,0.19154
164.9908,-1.93218,11.14774,-0.77575
165.0081,-2.10936,10.94184,7.94660
165.0290,-1.25460,13.85567,2.59061
165.0497,-1.31446,8.93304,4.45096
165.0677,0.24900,10.23792,-5.23388
165.0939,2.65286,7.33845,-3.80450
165.1118,3.22988,9.02163,-1.64966
165.1300,-1.06066,10.12778,-1.23066
165.1474,-1.23305,7.28578,3.18917
165.1705,1.65205,10.80057,-1.92260
165.1870,1.98485,11.83011,-1.59698
165.2088,-0.91461,8.25546,2.98327
165.2415,3.83802,8.34405,3.88112
165.2472,0.40703,5.70077,4.80052
165.2685,-0.48604,11.98813,-4.90587
165.2969,5.03277,6.69200,-1.63050
165.3081,4.17083,7.20916,-0.47167
165.3290,1.43656,6.45497,-3.66085
165.3529,1.41741,9.80695,0.02155
165.3757,0.54589,8.29856,4.49884
165.3962,-2.16682,10.97057,-1.50121
165.4113,-1.95133,8.76544,0.67040
165.4289,1.33122,9.42626,-1.74303
165.4488,3.38550,12.85965,0.75899
165.4712,-0.59857,9.21796,2.81327
165.4892,-1.90105,10.80297,-1.48924
165.5086,-0.09577,7.05353,5.02798
165.5370,-0.15802,7.83407,1.15165
165.5493,2.38470,9.20838,2.39667
165.5692,1.60656,10.05117,2.42540
165.5909,-3.28016,9.73512,3.01200
165.6085,0.17957,8.37757,0.31126
165.6320,1.24263,9.06712,-0.84278
165.6572,0.83081,9.27063,-1.57783
165.6692,5.51401,11.03761,-2.77018
165.6907,2.65046,8.05913,2.50441
165.7112,-2.43258,8.92825,5.58105
165.7290,-1.92021,11.61463,3.07185
165.7490,-1.00799,12.31136,3.20354
165.7714,-0.77096,12.27545,-1.69036
165.7980,-3.35677,10.73593,1.89866
165.8121,-1.89866,9.57471,6.33525
165.8323,-0.38069,7.46295,4.73348
165.8498,-2.03034,10.38876,0.57463
165.8739,-1.28573,14.52846,1.62332
165.8962,1.80289,5.26022,3.17720
165.9156,2.20752,10.62579,-1.68557
165.9492,0.24661,6.16765,5.58105
165.9550,-2.75102,14.24354,-0.69913
165.9700,-1.40783,8.81811,3.73507
165.9998,5.05431,10.35045,4.42941
166.0126,2.62652,10.95381,1.67120
166.0302,1.08940,11.76307,13.30020
166.0520,-1.64247,14.60508,5.13333
166.0821,-1.96809,10.18764,4.14688
166.0966,-1.65444,11.31295,1.86753
166.1118,-0.87630,8.85163,3.63451
166.1324,0.71828,9.82850,0.03352
166.1514,-2.37273,10.21398,1.12770
166.1713,-2.24344,10.01525,3.84042
166.1937,-1.46769,11.82293,4.54673
166.2134,0.22985,10.05117,-8.10223
166.2468,2.21949,8.03040,-1.22347
166.2524,1.25221,14.28185,-5.42064
166.2700,-1.49163,11.83729,2.24822
166.2908,-0.76617,9.01923,7.75506
166.3119,-2.45413,9.38077,2.72708
166.3313,0.28971,7.92984,3.45494
166.3601,2.04950,9.97455,0.31365
166.3748,0.85954,10.21877,-1.27854
166.3892,-1.32643,9.51006,2.43258
166.4093,1.21629,6.49327,2.21710
166.4318,0.20351,6.19399,2.20752
166.4495,-0.16999,6.58665,2.92102
166.4695,1.36474,7.73830,0.64645
166.4923,0.98405,8.63615,0.53153
166.5124,0.93137,10.78860,-4.52757
166.5293,0.86912,11.57392,1.36953
166.5518,0.95771,12.35925,-0.73744
166.5693,-3.73986,9.12458,1.91781
166.5893,-1.69515,10.39834,5.18121
166.6122,-2.64328,9.85962,6.19878
166.6304,-0.72307,11.67209,1.15643
166.6493,0.39506,9.77343,0.54111
166.6718,1.46290,8.17166,2.02795
166.6893,-0.31365,8.24109,3.34241
166.7094,-0.75180,12.17249,-0.61293
166.7317,1.18277,6.91467,-0.70631
166.7507,1.50839,7.08945,2.32245
166.7696,2.16921,6.48609,5.26501
166.7965,2.40625,9.62259,1.92739
166.8141,-2.46131,11.76547,4.45096
166.8289,-1.12052,13.11584,3.28495
166.8515,-0.44294,12.48135,1.07264
166.8693,-0.62730,10.23792,-1.05588
166.8892,-0.64645,10.54439,-0.25858
166.9118,-2.33442,9.26584,2.52835
166.9292,0.61054,10.37439,-2.57863
166.9493,0.97208,8.83487,2.49005
166.9715,0.45252,9.84047,-1.14446
166.9893,1.07024,10.78621,-1.18756
167.0106,-1.66402,8.52841,1.50839
167.0317,-1.52515,10.26904,-0.82602
167.0494,0.28731,7.98491,1.77176
167.0692,2.15485,7.77421,0.69673
167.0916,1.86753,9.79737,-0.64406
167.1094,1.23784,11.89236,3.15326
167.1293,-2.06147,11.50210,3.12213
167.1516,0.10774,8.63136,1.34319
167.1709,0.66321,9.52682,3.76859
167.1967,-0.73744,10.92747,-2.42061
167.2118,1.25460,10.09905,0.93856
167.2304,0.69673,10.69044,-0.85715
167.2493,-0.98644,8.36081,3.96731
167.2719,-0.33520,9.37119,3.82605
167.2894,-1.71430,10.25468,2.49723
167.3114,-1.14925,9.32570,1.38389
167.3340,0.20591,9.24669,1.63290
167.3520,-1.16122,8.87079,3.64887
167.3703,-1.12052,8.28180,2.71750
167.3924,0.28731,8.82530,0.47167
167.4099,-0.38787,7.49647,-0.78293
167.4299,1.58501,10.99451,-3.51719
167.4523,0.70152,11.58111,-0.38787
167.4700,2.15245,13.19245,3.37832
167.4973,0.54829,9.76385,0.38308
167.5132,0.99362,7.13494,3.69676
167.5293,0.04070,10.85085,1.25699
167.5496,-1.16362,9.51245,-2.17640
167.5720,1.87232,9.50527,1.47727
167.5898,4.37673,11.96180,5.15008
167.6113,-3.70155,10.54199,1.52036
167.6443,-1.14207,9.54597,9.48851
167.6513,1.64008,9.37598,-2.42540
167.6699,1.01038,9.45260,-1.66642
167.6939,-0.27055,10.34806,-0.32323
167.7114,2.01359,9.89793,0.48843
167.7299,1.89148,7.99209,2.47329
167.7698,0.65364,9.27781,1.35277
167.7881,0.93856,10.16609,1.27854
167.7913,-0.71349,8.12138,2.69595
167.8139,0.68716,9.13895,0.73744
167.8297,1.12770,8.69601,2.45413
167.8497,0.21788,10.05356,-0.99602
167.8741,1.72148,8.86600,1.69036
167.8975,0.51716,7.81731,3.95295
167.9154,-1.80049,13.42470,1.08461
167.9333,-0.43097,7.12057,5.03277
167.9491,1.86753,18.62267,-5.73429
167.9699,-0.91940,4.03196,4.78616
167.9916,1.54191,13.21640,-5.77260
168.0092,2.93059,6.20835,4.75024
168.0315,1.81007,10.29538,0.08619
168.0640,0.39506,8.48052,2.46371
168.0692,0.46688,10.83409,-0.09577
168.0887,1.04151,8.84206,2.17400
168.1116,1.70233,10.58270,-1.57543
168.1288,1.39347,9.26584,3.55310
168.1488,0.07662,11.32731,1.76937
168.1711,1.23066,9.67287,1.64008
168.2017,2.46371,9.12937,0.06225
168.2095,1.47487,7.26902,3.45973
168.2309,1.11094,9.59865,0.79729
168.2503,2.05189,9.76625,1.82204
168.2707,1.23305,9.42626,-0.05746
168.2916,0.46928,8.89713,1.67120
168.3089,0.23224,9.45978,2.01119
168.3450,-0.73744,9.25866,2.52835
168.3517,0.37111,10.67368,0.74941
168.3692,-0.00718,8.98332,2.77975
168.3909,-0.00958,10.05595,1.51318
168.4149,-0.93856,10.16609,2.66962
168.4325,0.57463,11.39914,-0.79729
168.4499,0.77575,11.14295,1.24263
168.4831,-0.21788,10.16130,1.44854
168.4891,0.46688,11.15971,1.76458
168.5086,0.58181,10.79339,1.93697
168.5329,1.27854,9.83089,0.62491
168.5489,0.76617,10.79339,3.81887
168.5723,-0.02394,9.88596,3.55789
168.6223,1.46051,10.31693,1.98246
168.6224,0.80448,9.17247,2.98566
168.6353,0.36872,8.91867,2.37033
168.6521,1.05588,8.50686,2.36075
168.6684,1.40065,9.04318,1.32403
168.6914,0.71589,8.77502,0.73265
168.7132,0.86194,8.92346,1.90105
168.7320,1.71430,8.46616,1.68796
168.7608,1.18756,9.89793,2.46131
168.7742,0.46449,9.28979,1.91542
168.7914,-0.25379,10.93944,1.34079
168.8113,-0.81645,11.45421,1.02236
168.8332,-1.68078,10.20679,0.78293
168.8538,-0.04549,11.25309,-1.30249
168.8911,0.54829,10.38397,0.71110
168.9046,0.74223,9.56273,0.29928
168.9093,0.88109,9.30655,2.34878
168.9293,0.35435,9.84526,1.52036
168.9519,0.08619,11.39435,2.72708
168.9696,0.27774,11.56914,2.02316
168.9920,0.05028,11.13338,1.96331
169.0162,0.80448,10.14454,2.48526
169.0347,1.21869,9.75188,3.01200
169.0496,1.75740,9.65372,3.11256
169.0720,1.65205,9.38077,2.42301
169.0895,1.28812,9.29697,2.18118
169.1094,2.11654,9.26824,1.39347
169.1332,1.64247,8.74150,3.65127
169.1507,1.88190,9.58189,0.95532
169.1867,1.76219,8.88515,1.71909
169.1920,2.25301,8.59784,1.88429
169.2096,2.58103,8.81811,2.28653
169.2294,1.76697,9.21078,2.25780
169.2518,2.85637,9.39753,1.32643
169.2695,2.54033,9.16050,0.93137
169.2895,2.16203,9.42626,1.34319
169.3205,2.41343,9.26824,2.29850
169.3301,1.53952,10.13975,2.46610
169.3496,2.14048,10.43425,2.19555
169.3715,1.71909,9.72315,1.38150
169.3895,1.76458,9.56273,2.11893
169.4095,1.42699,9.17486,1.35755
169.4342,1.18038,9.76385,2.81327
169.4564,1.28333,10.27862,1.71670
169.4712,1.11813,11.17647,2.79891
169.4913,1.18277,10.02962,1.92739
169.5094,0.86433,9.75428,1.29291
169.5293,1.31925,10.67847,1.51318
169.5516,1.25699,10.19722,0.92180
169.5710,1.60416,10.60664,0.96250
169.6097,1.70712,9.85962,1.65684
169.6133,1.58740,9.91469,0.36393
169.6300,1.26418,10.03201,1.70233
169.6496,1.97528,9.76385,0.55308
169.6715,1.87711,8.85163,1.35755
169.6893,2.38230,9.17726,1.04869
169.7095,2.36315,7.43901,1.69275
169.7334,2.46371,9.24430,1.73106
169.7489,2.14527,9.51006,0.65124
169.7690,1.96331,10.45340,-0.73025
169.7912,2.99763,9.81413,0.11493
169.8088,3.39029,9.52203,-0.16042
169.8291,2.34639,9.75428,0.61293
169.8536,2.50920,10.07271,0.43815
169.8708,2.14766,9.70160,1.07024
169.8905,2.10457,10.42467,1.32164
169.9110,1.22347,10.66410,0.82842
169.9285,1.24502,10.35284,0.34956
169.9495,1.58262,10.56115,1.14925
169.9719,1.14925,10.34566,0.89067
169.9897,1.29770,10.42228,1.73106
170.0211,1.13728,10.65692,1.17080
170.0317,1.07264,10.60903,1.09897
170.0493,1.49403,10.38636,1.37192
170.0692,1.52036,10.24510,1.49403
170.0921,1.80528,9.56034,0.88109
170.1090,1.89627,9.24669,1.12531
170.1392,2.08062,9.00966,0.93616
170.1522,2.57145,8.74150,0.93616
170.1708,2.95454,8.49489,0.55068
170.1917,2.49005,8.57150,0.38548
170.2136,3.09340,8.29377,1.19474
170.2299,2.77257,7.73830,0.82842
170.2513,3.28255,7.89153,1.17080
170.2778,2.98087,7.93223,2.44934
170.2960,3.18439,8.20279,0.98165
170.3100,3.62254,8.96656,1.57783
170.3316,2.90426,9.90990,1.01996
170.3492,2.06626,11.43027,1.89627
170.3689,1.59459,10.72156,2.26020
170.3919,1.73824,10.43186,1.08461
170.4096,1.44135,9.14852,2.27456
170.4304,0.03352,10.99930,0.07183
170.4539,0.19394,10.98254,-1.41262
170.4716,0.98884,10.43904,-0.52674
170.4920,-0.20112,10.89874,-1.15883
170.5142,-0.01676,10.87001,-1.02475
170.5318,-0.49322,10.70001,-0.20112
170.5631,-0.95532,10.54439,-0.08619
170.5800,-0.68955,10.32890,-0.64167
170.5942,0.17718,9.64653,-1.34319
170.6096,0.64885,9.46936,-1.06545
170.6322,0.79250,9.98413,-0.60575
170.6516,1.06785,9.24190,0.31126
170.6738,0.97447,9.22514,-0.35435
170.6962,2.34160,8.26743,0.40703
170.7217,3.69437,7.85562,0.82602
170.7307,1.45811,9.44302,1.34079
170.7540,1.66402,9.98173,1.18756
170.7715,3.04073,9.24908,0.86433
170.7925,2.61215,9.81413,1.07982
170.8145,2.04711,9.70400,-0.57463
170.8421,3.71831,10.46537,1.01038
170.8513,3.55310,10.14454,0.45012
170.8754,2.92341,9.98891,0.92180
170.8924,1.70951,10.18524,0.08141
170.9112,0.96729,9.88357,0.72307
170.9331,0.62491,10.33369,1.42459
170.9521,1.50839,9.51485,1.62571
170.9773,1.75979,9.81174,0.19154
170.9991,0.89785,9.76625,0.15802
171.0113,0.22985,11.65533,-1.31925
171.0312,1.01278,10.42467,0.34717
171.0543,0.40703,9.49330,0.17957
171.0719,0.79729,9.77822,0.01437
171.0906,0.94095,9.75667,-0.47167
171.1219,-0.06465,10.36003,-0.37590
171.1302,-0.08859,10.55636,0.33280
171.1502,1.05827,8.88515,0.81645
171.1733,0.77814,10.46059,-0.70871
171.1902,0.40224,9.11740,0.99123
171.2101,0.87152,9.64174,-1.30009
171.2324,1.06066,8.79657,-0.45012
171.2560,2.10217,9.34246,-0.55787
171.2693,2.71032,7.93223,0.78293
171.2920,2.40625,9.09346,-0.74462
171.3094,1.59698,9.30655,1.63768
171.3301,2.07823,9.44781,-0.25140
171.3525,1.54191,8.66009,2.47807
171.3724,2.75342,9.68724,-1.92260
171.3923,2.67201,8.99768,-1.34319
171.4217,1.50839,10.00807,-1.57304
171.4309,1.14686,9.86202,-0.03113
171.4509,1.44854,9.93863,-0.72547
171.4756,1.51558,10.68325,0.43576
171.4934,1.20911,9.58907,-0.06465
171.5145,1.33840,9.56752,0.01915
171.5357,1.46290,9.38556,-0.13647
171.5549,1.62811,9.38556,0.64645
171.5746,1.20911,9.71357,0.16281
171.5961,1.06785,9.82371,1.10376
171.6118,1.30727,10.19722,-0.40224
171.6336,1.00799,9.68005,0.66561
171.6554,0.91701,9.85962,1.06066
171.6906,1.50600,9.79977,0.55068
171.7122,1.53234,9.31612,0.64167
171.7146,1.96809,10.04159,0.81405
171.7317,1.77416,10.32651,0.33041
171.7518,2.05668,9.53879,-0.05507
171.7747,2.12612,10.17567,-1.57783
171.7926,1.50121,9.64174,-0.56744
171.8128,2.56666,9.35204,-0.57223
171.8362,1.98964,9.16050,-0.85476
171.8517,2.09020,9.68005,-1.97767
171.8746,2.47807,9.41429,-0.98884
171.8957,2.34639,9.60344,-2.17400
171.9153,1.93218,9.62738,-0.53153
171.9358,1.86993,9.94103,-0.01197
171.9846,1.83401,9.48612,-0.55308
171.9848,1.08700,9.66090,-0.20830
171.9979,1.51318,9.43584,-0.24422
172.0141,2.32245,9.22035,-1.01757
172.0361,2.60018,9.52682,-0.37351
172.0534,2.39906,9.75906,0.25858
172.0756,2.61455,10.03919,-1.11813
172.0915,1.73106,9.97455,1.35516
172.1193,1.49882,10.32172,2.20034
172.1357,1.52994,10.23313,1.09897
172.1516,1.84359,10.16609,1.05348
172.1714,2.13090,10.06553,1.25939
172.1940,2.64567,9.62738,-1.52994
172.2115,2.26259,9.55555,0.53871
172.2325,1.67120,9.98652,0.44534
172.2645,1.89866,9.62498,-1.96570
172.2719,2.20513,9.99849,-1.28573
172.2916,2.23146,9.67526,-1.86275
172.3139,2.47568,9.36880,-1.21390
172.3315,2.86116,9.90033,-1.55388
172.3516,2.15964,9.73752,0.73504
172.3753,2.01119,10.03919,-0.41660
172.3978,1.54670,9.75906,1.13489
172.4130,1.41980,9.83329,-0.33280
172.4342,2.22668,9.70160,-1.78852
172.4519,1.41741,10.70720,-1.60656
172.4733,2.08302,10.26665,-1.26178
172.4944,2.12372,10.09666,-0.57702
172.5120,1.70712,10.08229,0.68955
172.5363,1.07503,9.64653,0.97686
172.5555,2.24583,9.17965,-0.46688
172.5714,1.72388,9.31612,-0.42618
172.5916,1.97288,9.17726,-0.44294
172.6157,1.45093,9.92427,0.42379
172.6321,2.55230,10.11342,-0.50040
172.6536,2.06626,9.16768,-0.50998
172.6974,2.35118,10.32890,-1.15404
172.6974,2.79412,9.63935,-1.04630
172.7122,2.41103,9.64893,0.41421
172.7355,2.22428,10.65931,-0.17239
172.7513,1.64966,9.67048,0.91222
172.7729,1.80049,9.83329,-1.42938
172.8137,2.05189,9.04796,-0.01676
172.8259,2.09499,9.51006,-0.53392
172.8320,2.20513,9.79019,-0.04549
172.8557,1.46530,9.73273,-0.72786
172.8733,1.73345,9.78061,-1.11573
172.8934,1.96091,9.29697,-0.78772
172.9162,1.81486,9.30894,-0.24900
172.9520,2.28174,9.62020,-0.44055
172.9651,2.15485,9.91469,-0.56265
172.9754,2.02316,10.09426,-2.29372
172.9915,2.18358,9.27781,0.00479
173.0114,2.05189,9.64174,1.18517
173.0378,2.11654,9.75667,-1.89866
173.0552,1.70233,9.94821,0.20591
173.1015,1.37192,10.15172,-0.49801
173.1016,1.96570,9.81413,0.33280
173.1211,1.92021,10.07750,0.19633
173.1319,1.72388,10.60664,0.16520
173.1548,1.94176,9.62738,-1.09418
173.1710,1.58262,10.04877,-0.70392
173.1912,2.22428,10.09426,0.11971
173.2133,2.92820,9.80695,0.27774
173.2362,1.72627,8.82530,0.10774
173.2513,1.14686,10.31932,-1.64247
173.2737,2.24104,9.59625,-0.97926
173.2948,1.86035,9.67766,-1.63529
173.3148,1.96809,9.52443,-1.41262
173.3352,1.69515,8.88994,-2.14048
173.3530,1.60416,8.62657,-1.92739
173.3722,1.33122,9.87160,-1.28333
173.3938,0.87152,10.00089,-0.32083
173.4115,0.88828,9.92427,-1.01278
173.4319,0.88109,9.75667,-1.34558
173.4538,0.99362,9.90033,-0.30168
173.4738,0.38548,10.38636,0.72786
173.4940,0.33280,10.24989,-0.23943
173.5267,0.21788,9.57710,-0.44534
173.5315,0.56026,9.84765,-1.25699
173.5513,0.74462,9.94103,-0.04549
173.5734,0.53632,9.74709,-1.45093
173.5928,-0.01197,9.57710,-1.42220
173.6141,0.76138,9.38556,-0.79011
173.6379,0.60336,9.91709,-0.20351
173.6546,0.08141,9.94103,0.25379
173.6730,-0.86433,9.73512,-0.28013
173.6932,-0.22027,9.03120,0.73025
173.7114,0.03352,9.74949,-1.40544
173.7313,-0.33280,10.78621,-2.14048
173.7536,-0.42858,10.38876,-1.58740
173.7712,0.40224,9.77104,-1.99443
173.8009,0.31126,10.06553,-1.81486
173.8155,0.19633,10.47016,-2.53793
173.8331,0.21309,9.90751,-2.98087
173.8529,0.38548,9.87399,-1.93697
173.8736,0.12690,10.70001,-1.96091
173.8918,0.57941,10.12299,-1.46051
173.9142,-0.01676,9.60822,-2.21470
173.9460,0.85236,8.99768,-0.77814
173.9526,0.27534,9.64653,-0.55547
173.9724,0.09098,10.13736,-2.33681
173.9936,0.54829,9.27781,-1.30727
174.0126,0.36393,9.43584,-1.15404
174.0326,0.50998,9.89554,-0.06704
174.0571,-0.39266,10.19961,-1.33601
174.0917,-0.29689,10.15412,-0.95771
174.0933,0.32083,9.50527,0.30407
174.1135,0.15323,10.08947,-1.22108
174.1315,-0.03113,10.38158,-1.12770
174.1512,0.12929,9.84765,-1.17319
174.1735,0.57702,9.81653,0.50759
174.1913,-0.19633,10.02004,0.48843
174.2211,0.09817,9.53879,-1.28094
174.2330,0.48125,9.04557,-0.07183
174.2511,-0.64885,9.53161,1.44614
174.2710,-0.29450,9.62259,0.97208
174.2933,-0.72786,8.88515,0.76617
174.3137,0.11253,9.54119,-1.07982
174.3347,0.39745,9.90272,0.49561
174.3697,-0.07901,10.45580,-0.16281
174.3708,0.39745,10.26186,-0.76617
174.3912,0.10295,9.48612,-0.71589
174.4155,-0.25379,9.49091,1.23545
174.4335,-0.16760,10.18046,-0.95292
174.4531,0.21788,9.55795,-2.00401
174.4830,-0.01437,9.73752,-0.17239
174.4989,1.10376,9.84526,-2.20273
174.5107,0.87391,9.55555,-1.91303
174.5328,1.11094,9.43584,-2.88271
174.5511,0.29689,9.47175,-1.42220
174.5709,0.52195,10.14454,0.43815
174.5938,0.31604,9.97215,-0.80687
174.6129,-0.87630,10.13736,-0.04070
174.6459,-0.13887,10.06314,0.58660
174.6536,-0.19633,10.44622,0.51237
174.6711,0.03831,10.61621,-1.56107
174.6910,0.34956,9.61301,-1.74303
174.7134,0.93137,9.62498,-1.41502
174.7319,0.71589,9.39035,0.29928
174.7535,0.66082,9.79258,-0.88109
174.7750,0.47407,9.44302,-0.57223
174.7910,0.52913,9.56273,0.55547
174.8144,0.18675,9.91230,0.79011
174.8333,0.13408,9.26345,-1.16362
174.8514,0.67758,9.33288,0.00479
174.8712,0.75180,10.51326,-0.43097
174.8975,0.30647,10.03201,-1.19474
174.9148,0.23703,10.10863,-0.48604
174.9324,0.73744,10.82930,-1.02236
174.9545,0.26816,10.64016,-2.25541
174.9721,0.90504,10.43425,-1.41262
174.9925,0.39984,9.55316,-0.41900
175.0146,0.29689,10.31214,-0.76617
175.0336,-0.03352,10.11102,-0.49561
175.0683,-0.07183,9.54119,-0.54829
175.0760,0.87870,8.87318,1.25939
175.0918,0.85236,9.30894,1.10855
175.1116,0.55787,9.79258,0.75420
175.1344,0.95771,9.74949,1.20193
175.1535,0.00718,8.87797,2.48526
175.1738,-0.14366,9.56992,2.82764
175.2078,-0.47407,9.14134,1.45093
175.2130,0.21070,9.22035,0.12929
175.2320,1.19235,9.63456,-0.73025
175.2559,0.24661,9.23232,-2.32963
175.2719,0.79011,9.11740,-1.93936
175.2930,0.76617,9.61780,-0.92898
175.3174,0.10535,9.47893,-1.68078
175.3524,-0.12450,9.53161,-1.01278
175.3526,0.52674,9.66808,0.02634
175.3741,-0.28971,10.55157,-0.04549
175.3919,0.35675,10.73114,-1.45811
175.4120,0.00239,10.45819,-1.33361
175.4341,0.44773,9.71357,-1.12291
175.4516,0.98165,10.36960,-0.75420
175.4759,0.71110,10.87001,-1.33361
175.4938,0.19872,9.74470,-0.23943
175.5115,1.01996,10.57072,0.83560
175.5318,0.21548,11.17647,-0.33041
175.5542,0.70392,9.36640,-0.49801
175.5718,1.48684,9.18204,0.13647
175.6022,0.69673,8.88276,1.94894
175.6218,0.40703,8.93064,0.05986
175.6328,0.64885,10.30735,1.39826
175.6529,0.29928,10.33608,1.05109
175.6778,-0.16520,9.38556,0.78532
175.6947,-0.09577,9.89314,0.72547
175.7146,-0.46210,10.81494,1.80768
175.7363,-0.96010,9.73033,-0.30168
175.7620,0.52195,10.07271,-0.35435
175.7743,0.71110,8.52601,-0.99123
175.7953,0.62251,8.89234,-0.64885
175.8126,0.82363,9.84047,-2.22668
175.8335,0.65603,9.47175,-0.04789
175.8539,0.09338,9.64653,0.72547
175.8812,-1.00320,11.47097,0.81405
175.8986,0.20591,10.60185,-0.57463
175.9146,0.76856,9.79019,0.06704
175.9321,1.24263,9.45020,-1.30249
175.9523,0.62730,9.51006,1.20911
175.9768,0.51477,10.22355,0.29689
175.9939,-0.08141,10.07032,-0.14605
176.0141,-0.68716,10.02722,-0.04070
176.0473,-0.74223,10.50129,2.12372
176.0546,-0.78532,9.64174,0.33520
176.0729,-0.10774,9.72794,-0.34956
176.0952,0.81166,8.42066,0.86912
176.1128,0.94334,9.45739,-0.98644
176.1329,0.22506,10.44862,-1.66642
176.1651,0.31844,9.36401,0.40703
176.1732,1.07982,8.95459,0.12690
176.1938,0.94095,10.67607,-0.24422
176.2165,0.86673,10.17806,-1.44375
176.2332,-0.62491,11.09746,-0.11014
176.2539,-0.72786,11.19084,-0.57463
176.2765,0.03591,9.05994,0.84997
176.3110,0.56984,8.67206,-0.49083
176.3298,0.79969,8.88276,-0.97686
176.3353,1.15883,9.85484,-1.01278
176.3526,1.23305,9.32331,0.37351
176.3743,0.40942,10.16130,-0.82363
176.3965,0.53153,9.13895,-1.33601
176.4126,1.47966,9.45739,0.25379
176.4626,0.67758,9.96737,-1.24263
176.4627,-0.36154,9.17965,-0.61293
176.4800,0.84757,9.65850,-0.97686
176.4943,1.10376,8.96656,-0.71589
176.5169,0.69673,10.09905,-2.40864
176.5325,0.00718,9.25148,-0.38069
176.5527,0.30168,10.07511,-0.76138
176.5759,0.16760,10.14454,0.49561
176.5925,0.07422,10.71199,-1.30727
176.6125,-0.66082,9.28979,-0.35675
176.6349,-0.04070,10.05835,-1.69036
176.6524,-0.39506,10.40791,1.65205
176.6744,-0.11971,9.16528,0.40224
176.6961,0.09577,8.87079,-0.78293
176.7305,1.37910,9.39274,-2.22189
176.7504,0.95292,9.62020,-0.79250
176.7583,0.57941,10.03441,-1.50600
176.7738,0.78772,10.08708,-0.76617
176.7930,0.77096,9.95300,-0.91222
176.8163,0.78053,9.24908,-0.77814
176.8340,1.09418,10.18046,-0.91461
176.8539,0.42379,10.42228,-2.27456
176.8758,0.77096,9.89075,-0.70631
176.8926,1.14686,9.01684,-0.19394
176.9142,0.42139,9.32091,-1.29530
176.9355,0.24900,9.94342,-0.51477
176.9547,0.72547,8.68643,0.39027
176.9731,0.51956,9.81413,-0.59857
177.0146,0.05986,9.54358,1.56586
177.0147,0.01437,10.53481,-0.25619
177.0323,0.23943,10.25468,-1.46290
177.0568,-0.46688,10.51805,-0.37830
177.0742,0.65364,9.98891,-0.86912
177.0930,0.21548,10.61143,-1.37910
177.1171,-0.52435,9.82371,0.03831
177.1458,0.09338,9.61541,-1.35037
177.1667,0.69913,9.19880,-1.24502
177.1775,0.08141,9.79498,-1.21150
177.1925,0.37830,8.96895,-0.50998
177.2128,0.53392,8.90910,-1.58262
177.2350,0.24661,9.70160,-1.43656
177.2536,0.33759,9.23951,-0.42858
177.2724,0.10535,9.70639,0.41660
177.3074,0.04070,9.70160,-0.73025
177.3141,0.33999,10.09426,-0.77096
177.3323,-0.11732,9.98173,0.50519
177.3549,0.03352,10.34087,-0.68476
177.3724,0.35196,10.02722,-0.28971
177.3934,0.65843,9.60344,1.47008
177.4171,0.22746,10.34806,-1.42459
177.4361,-0.71349,10.34566,0.31365
177.4534,0.30168,10.26426,0.73504
177.4765,0.14845,9.62738,1.30249
177.4933,0.35196,9.61541,-0.03591
177.5144,1.09418,9.21796,-0.58899
177.5359,1.38150,9.33049,-1.31925
177.5553,0.87152,9.63696,-0.98644
177.5795,0.86433,10.58030,0.19633
177.5959,0.73265,10.42228,1.20432
177.6135,-0.89546,10.52044,2.62891
177.6351,-0.97926,10.64734,2.48286
177.6557,-0.22506,10.29059,1.16601
177.6745,0.67519,10.14694,0.24661
177.7022,0.69673,10.53960,-0.35675
177.7249,0.33759,9.61301,-1.19953
177.7335,0.37830,10.52523,-0.82124
177.7556,0.89546,10.44143,-0.59617
177.7769,0.75420,9.93624,-3.05270
177.7940,1.39347,9.21556,-1.99204
177.8145,2.26977,9.40711,-2.21231
177.8396,2.23865,8.45418,-4.48687
177.8584,1.24502,9.33288,-0.65124
177.8751,1.79571,9.42387,-0.97926
177.8954,1.36713,9.60344,-1.94176
177.9128,-0.07662,10.84367,-0.53871
177.9329,1.20193,10.11581,-0.37830
177.9557,1.70472,9.34007,-0.33520
177.9749,0.64885,9.87878,-0.03113
178.0050,-0.04070,9.34007,0.02873
178.0156,0.09577,9.54597,-1.56586
178.0350,1.82683,9.88596,-0.56984
178.0532,1.58262,8.40630,0.03591
178.0792,1.07982,9.99849,-1.05109
178.0970,0.28013,9.87160,1.13249
178.1337,-0.11971,10.60185,1.81725
178.1529,0.51956,10.37679,-0.25858
178.1529,0.96968,11.11901,2.20273
178.1734,0.82602,10.81254,2.23146
178.1953,0.57223,10.35284,1.37671
178.2132,0.32562,11.20281,1.10855
178.2344,0.09577,10.36482,2.46610
178.2580,0.81166,10.28102,-0.41182
178.2743,-0.00718,11.32492,0.68716
178.2931,0.14605,10.06074,0.83800
178.3153,1.68557,9.30176,-2.07344
178.3332,0.84518,7.74069,1.13728
178.3544,0.95532,8.86839,1.93936
178.3769,1.45093,9.86202,1.29291
178.3943,0.34717,11.40872,1.11813
178.4253,0.04789,10.39594,0.22027
178.4354,0.54829,9.91230,-1.25699
178.4558,1.00320,9.88836,1.00799
178.4749,1.22587,10.16609,0.85476
178.4991,1.10615,10.21637,0.27774
178.5170,0.65364,10.55636,0.43576
178.5524,1.06545,9.39992,2.05429
178.5662,0.84518,10.31214,0.03831
178.5736,-0.05028,9.56273,1.88429
178.5932,-0.15323,10.24750,2.20034
178.6154,0.14366,9.58907,1.91542
178.6331,-1.07982,9.14374,1.03672
178.6546,-0.70152,9.06712,0.54589
178.6771,-0.80926,9.21556,2.26977
178.7043,0.62251,9.79258,-1.56825
178.7166,0.45012,10.25468,-2.48286
178.7350,0.91940,9.02402,-2.19076
178.7530,0.65603,10.07750,-1.44135
178.7733,0.37590,12.10785,1.69275
178.7955,1.47008,9.24190,2.11654
178.8148,0.89785,7.77660,2.79412
178.8474,-1.97528,12.09348,5.98090
178.8556,-1.94415,11.37281,2.12372
178.8729,1.68557,10.70720,-3.07425
178.8929,3.55071,9.34485,-2.30808
178.9155,3.20593,8.76544,-1.50839
178.9329,0.06704,9.37837,1.50600
178.9559,-0.48125,10.81015,2.74384
178.9896,0.88349,9.26105,0.78293
178.9930,-1.38150,8.88994,2.19316
179.0141,-0.36872,9.37359,0.28731
179.0353,-0.05746,9.92427,-1.00799
179.0545,-0.12690,8.07828,1.91063
179.0742,0.47407,8.57150,-0.78772
179.0971,0.94334,9.31373,-0.86912
179.1285,-0.26576,7.78858,0.54350
179.1334,2.00880,8.95938,2.78933
179.1561,0.28252,11.56435,0.28492
179.1751,-2.31766,9.90272,1.55149
179.1925,0.28252,10.15891,-1.07264
179.2163,-1.35516,9.51006,3.79493
179.2352,0.16520,10.88677,-4.41983
179.2601,2.36554,9.89793,-2.42540
179.2763,1.26657,9.81653,-3.69197
179.2937,0.90264,10.01525,-0.12211
179.3145,0.13408,9.90990,-0.43576
179.3406,0.05267,9.70160,2.06626
179.3561,0.59617,9.84286,-0.63448
179.3757,-0.12211,9.85723,-0.44294
179.4078,0.17957,8.94022,0.10295
179.4153,-0.50280,9.75667,0.81645
179.4355,-0.75659,9.77822,1.17559
179.4563,-0.40703,10.04398,1.04869
179.4760,-0.07901,9.12698,0.16042
179.4955,0.13408,9.78061,0.69434
179.5360,0.79490,9.95539,-0.81645
179.5536,-0.29210,9.71118,1.16122
179.5546,-0.41660,9.91709,1.24263
179.5763,0.83560,9.71836,0.48604
179.5947,0.96250,9.81892,-0.13408
179.6136,-0.04789,10.45819,-0.36872
179.6361,0.73983,10.04398,-0.42618
179.6554,0.11014,9.77343,0.61054
179.6749,-1.04151,9.78540,1.39347
179.6962,-0.23703,9.49809,0.10535
179.7169,-0.10295,8.83727,0.32323
179.7334,-0.20351,8.57150,-1.23066
179.7577,-0.15084,8.63615,1.47487
179.7753,-0.44055,10.25229,-1.26897
179.7954,-0.28971,9.48372,-0.75659
179.8265,0.29210,9.00487,-0.96250
179.8515,1.04869,9.57231,-1.94176
179.8541,0.50040,9.33528,-1.32882
179.8792,0.32083,9.67287,-1.43896
179.8949,0.70152,10.47974,-1.26178
179.9151,0.50040,10.19722,-0.31126
179.9354,0.18436,9.10303,-1.63529
179.9564,0.12929,7.96575,-0.43576
179.9734,-0.53632,8.63854,1.18517
179.9955,0.72068,8.54996,0.89546
180.0136,0.50040,8.88037,0.81884
180.0336,1.56107,8.36320,-2.68877
180.0561,0.56984,9.96976,3.51480
180.0747,-2.59061,11.91391,4.25702
180.0943,-2.15245,12.02884,4.31927
180.1161,-1.28333,10.70959,2.61215
180.1348,-0.38548,11.20281,-0.36154
180.1535,0.05028,10.99212,0.37351
180.1772,-1.17080,8.89234,1.02714
180.1952,-1.31446,9.97694,1.89387
180.2169,-0.50998,9.53640,0.10535
180.2525,-0.03831,9.96258,-0.62969
180.2582,-0.30168,9.34246,1.15165
180.2739,-0.13887,8.34165,0.77575
180.2959,0.26098,8.11420,0.16760
180.3170,0.55308,9.43105,-0.63688
180.3332,0.48125,9.74470,-1.90345
180.3601,1.18277,7.81252,1.74064
180.3730,0.59378,10.71677,0.04789
180.3932,-3.23706,9.69202,2.77736
180.4164,-2.41343,11.73674,1.28812
180.4329,-1.25460,9.18683,4.35040
180.4541,-0.61772,10.24750,1.49403
180.4754,-0.37111,10.00328,2.43977
180.4992,-1.53952,10.18285,1.53712
180.5202,-0.93856,10.44622,1.40065
180.5361,-0.65364,10.37200,1.98964
180.5535,-0.46449,10.35763,1.59698
180.5733,-0.10295,9.93385,2.44455
180.5971,-0.56265,10.01046,1.70712
180.6136,0.06943,10.17327,1.52036
180.6352,-0.52674,9.96976,1.74064
180.6683,-1.46051,10.31693,1.54191
180.6749,-0.64406,10.19722,1.48445
180.6962,-0.91940,9.95300,1.90345
180.7168,0.65603,9.13655,0.42858
180.7359,0.95292,8.58108,3.03355
180.7569,-0.06225,9.72794,2.09020
180.7781,0.35914,10.31932,2.74144
180.8085,-0.80926,9.20838,3.03115
180.8148,0.06465,10.26186,1.12770
180.8366,0.20591,8.86121,1.56586
180.8552,0.80448,9.00247,0.79011
180.8755,0.31844,9.73991,1.12531
180.8978,-0.16281,9.46457,-0.55547
180.9155,0.43576,9.89075,1.20911
180.9426,-0.24661,9.05754,1.57064
180.9575,-1.04869,8.89473,2.88989
180.9759,-1.30249,9.86920,1.03912
180.9964,-0.45970,10.24271,1.68796
181.0180,0.09338,9.43105,2.46850
181.0344,0.04070,9.41908,0.64645
181.0544,-0.39266,9.53879,0.62491
181.0776,-0.10774,9.30655,1.32164
181.0943,0.07901,9.28739,1.39586
181.1139,-0.17478,10.15172,0.30647
181.1366,-0.22746,9.50048,0.57941
181.1544,1.12531,10.26904,-1.01996
181.1752,0.56984,9.77343,0.91940
181.1985,-0.18196,10.68804,1.45332
181.2302,0.08859,10.91789,1.13728
181.2361,0.11732,9.79737,1.61374
181.2568,-0.03352,10.41510,1.96809
181.2755,-0.56744,9.91948,3.54113
181.2942,0.00718,8.49010,3.54353
181.3166,-0.60336,10.07032,1.60656
181.3359,0.60096,9.34725,0.35914
181.3659,-0.03352,9.42865,0.61772
181.3817,0.82602,9.36880,2.20992
181.3945,1.11813,8.80614,1.33601
181.4190,-0.01676,8.97614,1.79810
181.4380,0.36393,9.68484,2.00640
181.4557,0.05746,9.51485,2.66722
181.4754,-0.76617,8.46376,2.90665
181.5043,-0.36872,8.79417,2.39667
181.5151,0.40224,10.41988,0.68955
181.5345,-0.37111,9.34246,-0.62969
181.5571,-0.21788,9.57471,0.88588
181.5766,0.86673,8.71995,-0.63209
181.5972,0.14126,10.01525,0.96489
181.6203,-0.03113,9.51724,0.67997
181.6379,0.36393,9.48133,0.03591
181.6573,0.47167,10.04159,1.02475
181.6768,0.08859,10.46537,0.51716
181.6960,-1.14925,8.90670,1.95852
181.7143,-0.27534,10.90113,2.19794
181.7379,0.49083,9.14613,0.04310
181.7570,0.50519,10.09905,1.40783
181.7781,0.62730,9.69442,1.03672
181.7965,0.46449,9.83808,2.12612
181.8152,0.27774,9.46457,1.01517
181.8338,0.47167,9.93624,2.08781
181.8576,0.31604,7.97533,2.65764
181.8753,-0.80926,10.19722,3.74943
181.8957,-0.77814,10.98733,3.20115
181.9270,0.47885,8.37517,3.17720
181.9348,-1.45332,9.21796,4.24984
181.9555,-1.58740,9.89554,3.36874
181.9766,-1.07982,8.25785,3.72549
181.9945,-0.62730,10.60903,1.35995
182.0142,-1.31925,9.78301,0.15802
182.0372,-0.05267,8.29856,-0.84757
182.0656,1.77895,10.58509,-0.95532
182.0736,0.16520,10.43425,0.14605
182.0975,0.16520,10.78621,0.40224
182.1139,0.59139,10.72156,0.88349
182.1339,-0.83560,11.00888,0.44534
182.1564,0.20830,10.96817,0.37111
182.1761,-0.21309,10.01765,4.23787
182.2138,-0.86912,8.50446,3.67282
182.2189,0.50040,9.16050,1.57064
182.2366,-0.96010,9.42865,2.52117
182.2549,0.01915,10.64016,1.72627
182.2774,0.25140,10.01046,0.93856
182.2954,0.42618,7.73111,2.80130
182.3170,-0.85954,9.85723,1.04869
182.3483,-0.34238,9.85962,0.98165
182.3551,-0.07183,8.83966,0.00958
182.3751,-0.40942,11.39435,-0.99362
182.3975,0.05986,10.30017,0.27774
182.4153,0.48364,9.12937,0.64645
182.4353,0.43336,10.25947,-0.11253
182.4586,0.99602,9.61780,2.38949
182.4791,-0.84518,9.32570,4.37913
182.4955,-1.07982,9.93624,2.57385
182.5189,-0.57463,9.69921,3.34241
182.5350,-0.61533,9.14852,1.48206
182.5551,-1.12531,9.96976,1.33122
182.5774,-0.00239,11.45182,1.40305
182.5952,-0.40942,9.66808,1.99683
182.6229,0.65124,10.03441,1.13489
182.6378,-0.00239,9.40471,1.67360
182.6566,0.60336,10.05117,1.02954
182.6756,0.53871,9.90272,0.98165
182.6994,0.16520,10.07990,-0.16760
182.7174,-0.19154,9.31373,2.79891
182.7534,-0.68716,10.63537,3.12453
182.7681,0.36154,9.91230,1.85556
182.7751,-0.00239,10.78621,0.61054
182.7951,-0.02873,10.77903,1.24023
182.8192,0.90504,9.07430,2.31287
182.8366,-0.37830,9.91709,2.77975
182.8552,-0.39745,10.22595,2.72229
182.8955,-0.47885,10.05117,2.25541
182.9096,0.28252,9.89075,1.71909
182.9169,0.47646,9.60104,2.25541
182.9374,0.04310,9.49091,1.52515
182.9548,0.29928,9.79258,2.83003
182.9750,1.43417,10.11102,2.48765
182.9974,1.57783,9.02163,2.00161
183.0246,-0.87391,9.52203,5.35360
183.0368,0.35196,9.28739,5.03516
183.0574,0.09098,9.66808,5.32247
183.0765,-0.67997,9.51245,4.41504
183.0980,-0.45012,8.90191,3.59860
183.1210,0.33280,9.60104,4.30969
183.1389,0.89546,9.59146,1.19953
183.1850,0.79490,9.99849,1.54670
183.1851,0.86194,9.98413,1.77895
183.2002,0.93616,9.41189,2.37751
183.2162,0.97447,9.48851,2.12372
183.2389,1.48206,8.91628,2.85398
183.2568,-0.10774,10.43664,2.83722
183.2766,0.28971,9.36880,3.31128
183.3100,0.63448,9.38316,3.11495
183.3277,0.38787,9.24430,2.83243
183.3370,0.87630,10.16609,2.21949
183.3601,0.49801,10.76227,2.58821
183.3771,0.88109,10.64255,1.40544
183.3973,1.01038,9.76864,1.71670
183.4209,1.68796,9.41668,0.55308
183.4558,1.65684,9.37837,1.72627
183.4730,1.88908,9.59865,2.40864
183.4787,1.89148,9.32570,1.86993
183.4948,0.71828,9.45739,1.85077
183.5145,0.52674,9.39274,2.42779
183.5372,0.42618,10.52523,2.61215
183.5549,0.56265,9.72554,2.00161
183.5760,0.48125,10.10384,-0.20351
183.6058,0.13647,9.44541,0.09338
183.6157,2.03753,9.79737,-0.16520
183.6355,1.91063,9.12698,-0.75659
183.6580,1.84838,9.66329,-0.15563
183.6756,0.62251,10.66171,-0.92180
183.6994,0.97926,9.91948,-0.56984
183.7209,1.35277,10.01286,0.21309
183.7391,1.63050,9.48851,0.55547
183.7579,1.72627,9.49569,0.39027
183.7781,1.58980,8.97614,0.00718
183.7960,1.66881,10.31214,-0.39506
183.8160,1.07982,10.08469,2.54751
183.8387,1.71430,9.16050,2.16442
183.8562,1.65444,9.28739,2.60976
183.8870,1.38150,9.07191,2.36794
183.8983,1.39347,9.58428,2.26738
183.9156,1.22826,10.40791,1.76937
183.9376,1.20911,10.65452,0.81884
183.9582,1.49163,9.80934,1.55388
183.9757,1.87472,10.15891,0.87870
184.0079,1.88669,9.72076,2.13809
184.0258,1.93218,9.63696,2.17161
184.0358,1.30967,9.63217,2.19555
184.0555,0.74941,9.88117,2.30569
184.0815,0.76856,9.14374,0.84518
184.0965,1.96331,8.90670,0.93137
184.1155,1.75500,9.67766,-0.09577
184.1468,1.42699,9.80934,1.47966
184.1581,1.56346,9.55076,0.77575
184.1759,1.37192,9.57471,0.42379
184.2008,0.99362,10.35524,0.98405
184.2148,1.43896,10.08229,1.09658
184.2353,1.37910,10.08947,0.52913
184.2575,1.42459,9.48372,1.76219
184.2754,0.91701,10.51805,1.71909
184.2950,1.35277,9.31612,1.88190
184.3175,1.27854,10.31693,2.68638
184.3364,0.57941,9.68724,1.81725
184.3554,0.93137,9.47893,1.46769
184.3785,1.09658,9.15571,2.38470
184.3958,0.67040,9.80934,0.25619
184.4158,1.71670,10.36721,-0.22746
184.4466,1.30249,9.77582,0.17239
184.4557,0.86194,9.33767,0.02155
184.4753,1.45093,9.68484,0.26576
184.4975,1.00081,9.77822,0.79250
184.5154,1.25939,9.17726,1.69515
184.5354,0.85236,9.75188,1.30009
184.5578,0.57941,9.33528,1.21150
184.5777,0.81884,9.73512,2.69356
184.5954,1.47966,10.03441,2.73187
184.6174,0.99362,9.95779,1.70472
184.6358,0.56026,10.17088,2.03034
184.6559,0.85715,10.75508,2.18837
184.6781,0.57223,9.79498,2.60976
184.6976,0.45731,10.04159,2.91383
184.7268,0.79969,10.22834,1.36234
184.7375,0.78532,9.48851,1.75740
184.7554,1.11813,9.42626,0.64167
184.7753,1.09658,9.34964,0.85715
184.7982,0.21309,9.08388,0.27295
184.8158,0.87391,9.78540,1.42220
184.8381,1.24023,9.64174,1.89866
184.8714,1.49642,9.00966,1.53234
184.8772,1.92021,10.20201,0.29210
184.8974,1.34558,10.07511,0.98405
184.9194,0.84039,9.95539,2.83961
184.9361,0.70392,10.13496,2.48526
184.9571,0.60815,10.24271,3.19396
184.9794,0.08859,9.68245,3.74943
184.9973,0.13169,10.00089,3.92661
185.0155,0.64406,9.56752,2.34400
185.0394,0.81645,9.34485,3.15805
185.0573,0.54350,9.63217,0.72547
185.0804,0.15323,9.82131,2.39667
185.1011,0.01676,9.42147,2.26498
185.1173,0.43097,9.45739,2.09260
185.1526,0.41421,10.10623,1.12770
185.1577,0.49561,9.92666,1.61374
185.1766,0.38548,10.17567,0.84278
185.1955,0.65843,9.36401,1.23066
185.2178,0.66082,9.55316,2.66722
185.2355,0.82363,9.58428,2.39906
185.2571,0.99362,8.92586,2.07823
185.2901,1.00560,9.18444,2.70314
185.2963,0.86194,9.75188,2.44934
185.3153,0.71110,9.10303,2.79651
185.3375,1.07742,9.42626,2.15245
185.3553,1.11334,9.69681,2.96172
185.3755,0.85954,9.64653,3.28973
185.3983,0.91940,9.48372,2.72468
185.4244,0.52195,9.85723,3.13171
185.4349,0.52195,9.27542,2.71032
185.4576,0.91701,10.09426,3.21072
185.4752,-0.20112,10.24989,2.43737
185.4952,0.17718,10.01525,2.28653
185.5189,-0.12690,10.15891,2.45413
185.5371,0.57223,10.21637,1.46530
185.5696,0.42139,10.10145,1.71430
185.5780,0.35914,9.94342,2.05668
185.5959,-0.41182,10.18046,1.14446
185.6154,-0.05986,9.60583,2.20513
185.6389,-0.17718,10.00807,2.70074
185.6569,-0.30647,8.77741,4.08942
185.6769,-0.38069,9.61062,2.83243
185.7095,0.31365,9.45020,3.00960
185.7156,-0.04070,9.81174,0.85476
185.7353,0.10535,9.64414,1.18517
185.7574,0.45491,9.81653,1.30249
185.7753,0.40942,9.34485,1.67360
185.7962,0.80208,9.85484,1.44854
185.8221,0.72547,9.86920,1.73106
185.8398,0.76856,10.24271,1.85077
185.8604,0.29450,9.65372,2.42301
185.8773,0.82363,9.79737,2.22189
185.8965,0.41421,9.86202,2.86595
185.9164,0.02873,9.50527,2.43498
185.9388,0.53153,9.19402,2.02077
185.9570,0.28252,9.71118,1.76937
185.9875,0.42858,9.62498,1.75500
185.9982,0.24900,9.25866,1.95373
186.0156,0.81166,9.56034,1.02714
186.0350,0.57463,10.00567,0.95771
186.0574,0.20351,9.82371,0.99123
186.0761,0.22267,9.79258,1.35516
186.0970,-0.42139,9.55555,2.30329
186.1268,-0.16520,9.21078,2.35597
186.1372,-0.42618,9.42147,1.73106
186.1551,-0.26337,9.51006,1.85317
186.1770,-0.11493,9.51485,2.15724
186.1947,0.13169,9.47893,1.91303
186.2148,0.37590,9.73512,1.48684
186.2366,0.19872,9.73752,1.56586
186.2557,-0.16042,10.30017,2.27696
186.2747,0.08859,10.00328,2.47329
186.2968,0.23464,9.75906,2.19555
186.3147,-0.39266,10.21877,1.42220
186.3349,0.07422,10.01286,1.89627
186.3615,-0.10535,9.74949,2.01837
186.3941,0.17478,9.96737,1.26897
186.3973,0.46688,9.59625,0.64885
186.4188,0.35675,9.72794,0.66321
186.4354,0.48364,9.35204,0.19633
186.4569,0.24422,9.62020,0.78293
186.4792,0.37351,9.53640,1.11813
186.4952,0.22746,9.48851,1.20911
186.5148,-0.20112,9.73512,1.32164
186.5387,-0.17478,9.92427,1.36713
186.5550,-0.13169,9.74470,1.60177
186.5748,-0.39027,9.85005,1.47727
186.5973,-0.26098,9.78540,1.96570
186.6151,-0.22746,9.85723,0.70871
186.6363,-0.04549,9.76385,1.24742
186.6605,0.20112,9.62259,1.38389
186.6764,0.30407,9.13895,0.67519
186.6966,0.50040,9.68963,0.67040
186.7188,0.34478,9.71118,1.62811
186.7351,0.39506,9.47893,0.67279
186.7551,0.70871,9.85962,0.26816
186.7776,0.40703,9.53879,1.13249
186.7955,-0.01915,9.41189,1.33122
186.8249,0.21548,10.15891,0.99362
186.8372,0.22985,9.34964,1.41980
186.8549,0.74462,9.84286,-0.09577
186.8758,0.60575,9.58428,0.09817
186.8985,0.13408,10.00567,0.79729
186.9165,0.00000,9.60344,0.93137
186.9384,0.05507,9.57949,1.26178
186.9722,-0.01915,9.88357,1.64726
186.9751,-0.05267,9.50527,0.95771
186.9954,0.40463,9.93624,1.40065
187.0175,0.14845,9.86441,1.12052
187.0354,0.22746,9.70160,0.56505
187.0559,0.32562,9.87638,0.67040
187.0789,0.04070,9.69681,0.67279
187.0971,0.63688,10.03680,0.15084
187.1171,0.79250,9.36161,0.21548
187.1381,0.70392,9.81892,0.29450
187.1569,0.34238,9.93624,0.29689
187.1770,0.61533,9.59865,0.11493
187.1996,0.31604,9.96976,0.39984
187.2361,0.42139,10.09426,0.65603
187.2481,0.41182,9.80695,0.90264
187.2602,0.30407,9.83329,0.07183
187.2758,0.03113,10.38397,0.98165
187.2959,0.19872,9.79498,1.19953
187.3203,0.17478,10.05117,0.47167
187.3364,0.19394,9.70878,0.71828
187.3757,0.15802,9.88596,0.46210
187.3909,0.16281,9.56992,0.47167
187.3960,0.37351,9.66808,0.12929
187.4161,0.49322,9.51724,0.52195
187.4384,0.34956,9.49569,0.13647
187.4571,0.60575,9.53161,-0.18915
187.4794,0.55787,9.65132,-0.33041
187.5195,0.52435,9.72076,-0.37351
187.5196,0.37111,9.66808,0.16281
187.5372,0.46928,9.60344,-0.18196
187.5581,0.86912,9.24430,1.06785
187.5757,0.75180,9.93385,0.33041
187.5969,0.28971,9.45739,1.24023
187.6180,-0.02394,9.79498,2.06147
187.6382,-0.18915,9.52682,2.21231
187.6676,-0.09577,9.94821,1.52515
187.6822,0.14605,9.79498,1.04630
187.6956,0.10535,9.88357,0.62491
187.7176,0.38787,9.67287,0.38548
187.7388,0.56026,9.56992,0.84278
187.7565,0.74941,9.51724,0.56026
187.7849,0.89067,9.83568,0.76856
187.8069,0.83560,10.01286,0.07662
187.8179,0.66321,9.93863,0.85954
187.8369,0.39506,10.21158,0.59617
187.8603,0.36154,9.70878,1.04390
187.8780,0.41660,10.09426,0.35675
187.8982,0.85476,9.67526,0.39266
187.9213,0.71589,9.50767,0.31365
187.9380,0.91940,9.68724,-0.01676
187.9572,0.72547,9.40711,-0.32562
187.9803,0.65124,9.70878,-0.71349
187.9966,0.48364,9.70639,-0.25858
188.0182,0.32083,9.65132,-0.51477
188.0410,0.50280,9.29457,-0.32083
188.0606,0.68476,9.69202,-0.27055
188.0935,0.61054,9.40232,0.30886
188.1023,0.77335,9.80934,0.52195
188.1217,0.74941,9.75188,0.77096
188.1398,0.44055,9.90272,0.64885
188.1603,0.38548,9.91469,1.04151
188.1780,0.00000,9.98173,0.82363
188.1980,0.33520,9.96258,0.26337
188.2331,0.23224,9.86202,0.62730
188.2378,0.50998,9.91230,-0.05746
188.2576,0.61772,9.42147,-0.57463
188.2800,0.53632,9.58668,0.08380
188.2977,1.01517,10.14215,-0.76856
188.3177,0.96250,9.62977,-0.59139
188.3418,0.47885,9.80216,-0.38308
188.3605,0.59139,9.97215,0.09577
188.3776,0.77335,9.74949,0.20830
188.3997,0.77575,9.97934,-0.30407
188.4175,0.91940,9.91230,-0.59378
188.4376,0.79250,10.36482,-1.43656
188.4611,1.03672,10.25229,-1.41741
188.4814,1.33361,10.16130,-0.36632
188.4991,1.17080,9.92427,-0.36872
188.5222,0.96968,10.09666,-0.39027
188.5392,0.80208,9.63935,-0.45252
188.5592,0.94095,9.77343,-0.63448
188.5813,0.73025,9.60822,-0.51956
188.5976,1.40783,10.40791,-1.57543
188.6262,1.69275,9.98173,-1.73585
188.6409,1.74303,10.24271,-2.60497
188.6595,1.24023,9.86441,-0.16520
188.6796,1.02236,9.92666,0.85954
188.7020,1.05588,9.91469,-0.07183
188.7196,0.92658,10.03201,1.03672
188.7375,0.98884,9.85005,0.79729
188.7609,1.22587,10.01765,-0.04070
188.7909,0.81884,9.90033,0.93137
188.8114,0.54829,9.90033,1.00560
188.8218,1.08461,9.79977,-0.48125
188.8386,0.99123,9.81174,-0.97208
188.8573,1.10855,9.64653,-1.03912
188.8810,1.29051,9.46936,-1.87951
188.8984,1.29291,9.92427,-2.61455
188.9239,1.42459,9.41908,-2.61934
188.9417,1.20432,9.70400,-0.78053
188.9595,1.67360,9.60583,-1.62092
188.9795,1.22826,9.77343,-0.37590
189.0029,0.45012,10.44622,0.52195
189.0210,0.41421,10.16370,1.60416
189.0583,0.50519,10.31693,1.11813
189.0735,1.49642,10.04398,-1.35516
189.0785,1.32164,9.39992,0.22985
189.0974,1.22826,10.09905,-0.44773
189.1209,2.11175,9.90272,-2.50441
189.1383,1.92500,9.52682,-2.60737
189.1585,1.82204,9.79498,-2.70792
189.1812,1.90584,9.51485,-0.36872
189.1985,2.12851,9.20838,-1.21390
189.2176,1.67360,9.61301,-0.28971
189.2397,1.40544,9.95539,1.14686
189.2574,0.80448,9.98413,1.83880
189.2814,0.53392,9.94103,1.33122
189.3057,1.91781,9.78780,-1.59698
189.3416,1.54670,10.03201,-1.40305
189.3419,1.69994,9.50048,-1.32164
189.3604,1.66402,9.23232,0.11493
189.3784,1.31446,9.54837,-0.54829
189.3982,0.89067,9.83329,0.03113
189.4209,0.54111,9.76385,0.63209
189.4385,1.26418,10.16609,-0.54589
189.4601,1.59459,9.85484,-2.28893
189.4817,2.22907,9.72554,-3.76619
189.4998,2.65525,9.64653,-3.62014
189.5183,2.60737,9.52203,-1.92500
189.5404,1.54670,9.72794,-0.06943
189.5581,1.45093,9.85005,1.32882
189.5782,0.96968,9.85005,1.15883
189.6013,1.48924,10.26186,-0.77335
189.6331,1.18038,9.84286,-0.78053
189.6387,2.06386,9.56992,-1.35755
189.6610,1.70472,9.43105,-0.32802
189.6785,2.02316,9.58428,-0.81645
189.6987,1.75500,9.76385,-1.71191
189.7210,2.18118,9.75188,-2.51399
189.7409,1.87711,9.96497,-1.64008
189.7689,1.88429,9.95300,-0.43576
189.7813,1.56107,10.06553,-0.30886
189.7998,1.16362,9.89075,-0.25140
189.8199,1.17559,9.85484,-1.06545
189.8406,1.43896,9.83089,-1.12291
189.8583,1.54431,10.09905,-0.62730
189.9066,1.16362,10.09905,-0.64167
189.9067,0.69913,10.16848,-1.35277
189.9216,1.18756,10.15891,-1.60416
189.9381,1.01278,9.51964,-1.59698
189.9621,1.45811,9.94821,-0.49561
189.9781,1.62571,9.69202,-0.45970
189.9992,1.07982,9.71118,-1.74543
190.0206,1.27615,9.55555,-0.87152
190.0399,1.13728,9.73512,-1.19235
190.0578,1.19953,10.12778,-0.96729
190.0802,0.91701,9.72554,-1.62811
190.0993,1.58501,9.56992,-2.64089
190.1193,2.07823,9.48133,-1.52276
190.1419,1.68557,10.22834,-2.15245
190.1598,1.57783,10.26426,-1.86514
190.1964,1.26178,9.59865,-1.72388
190.2002,1.59459,9.69202,-0.32802
190.2180,1.05348,10.60424,-0.01915
190.2379,0.43815,10.13257,-0.54589
190.2618,0.79250,9.62977,0.04070
190.2795,1.12770,9.92427,-0.14366
190.3020,0.93616,9.96737,-0.65124
190.3382,1.11334,9.50527,0.26576
190.3383,1.21869,9.58428,-0.23224
190.3578,0.93856,10.06074,-0.05267
190.3804,1.05348,9.59625,-0.51477
190.3980,1.15643,9.35683,-0.21070
190.4181,1.10855,9.71597,-0.42858
190.4418,1.05827,9.65850,-1.34558
190.4637,1.39107,9.16528,-0.71110
190.4781,1.41980,9.75428,-0.66800
190.5004,1.36234,9.70160,-2.06626
190.5178,1.57783,9.90272,-0.67997
190.5409,1.09179,10.09666,-2.02556
190.5618,1.44614,9.65850,-1.87951
190.5809,1.51558,9.24908,-0.49801
190.6129,1.19235,9.95061,-0.77335
190.6213,1.24263,9.60104,-0.59857
190.6396,1.08700,10.07271,-0.28731
190.6581,0.27055,10.01525,-1.07503
190.6803,0.41421,9.89793,0.13647
190.6980,0.41182,10.20201,-1.31446
190.7183,0.61533,9.71836,-1.11094
190.7482,0.70152,9.77822,-1.26178
190.7574,0.60575,9.49091,-2.25062
190.7796,0.80448,9.96737,-2.12133
190.8004,0.28492,9.43823,-2.18597
190.8182,0.55308,10.22116,-2.86834
190.8384,0.49322,10.08469,-1.90105
190.8658,0.49801,10.24750,-1.52276
190.8829,0.46928,10.30256,-1.43656
190.9030,0.07662,9.71597,-1.96331
190.9218,0.42379,10.36482,-0.38548
190.9375,-0.20112,9.59865,-1.09418
190.9592,0.39984,10.48453,-1.66163
190.9801,0.61533,9.35443,-3.00481
190.9977,0.63688,9.75188,-1.67120
191.0221,0.86194,10.27623,-1.54910
191.0454,1.02236,10.14454,-1.07982
191.0577,0.20830,10.35045,-1.41980
191.0774,0.86673,9.50527,-0.83321
191.1003,0.54111,8.78699,-0.80208
191.1191,0.41900,10.03680,-0.36872
191.1393,0.50998,9.59625,-0.32802
191.1761,0.38308,10.28580,-0.36393
191.1832,0.32083,9.73033,-1.42938
191.1981,0.84997,9.73033,-0.78053
191.2200,0.26576,9.01923,-2.15245
191.2378,0.61533,10.26426,-0.61533
191.2578,0.23703,9.67526,-0.62491
191.2817,0.36872,10.14454,-0.31365
191.2994,-0.07422,9.44302,-1.24263
191.3197,0.14845,9.82610,-0.46688
191.3400,-0.33759,9.58907,-1.53952
191.3577,0.46688,10.18285,-0.46449
191.3793,0.51716,10.75987,-1.71430
191.4032,0.59378,9.86920,-0.58660
191.4378,0.49801,9.93145,-0.79490
191.4490,0.74462,9.51006,-1.13249
191.4603,0.91701,9.72315,-0.03831
191.4779,-0.05507,10.27383,-0.59617
191.5016,-0.01915,10.36003,-0.53153
191.5238,0.52674,9.36401,-0.35914
191.5391,-0.38548,10.05356,-0.75659
191.5593,0.00000,9.54837,-0.60815
191.5884,-0.09577,9.84526,-0.44534
191.5975,-0.16999,10.23792,-1.06545
191.6176,0.42858,10.02483,-1.20671
191.6415,0.29450,9.96258,-1.25939
191.6592,-0.03113,9.79498,-1.47487
191.6792,0.56505,9.22035,-0.77575
191.7027,0.47885,10.15412,-0.90025
191.7343,-0.04070,10.19722,-1.35037
191.7377,0.65364,9.22275,-0.63209
191.7613,0.81645,9.92427,-0.63688
191.7776,-0.20112,9.88117,-1.32643
191.7991,-0.10535,10.36003,-2.44455
191.8215,0.22506,9.41429,-0.31844
191.8398,-0.11014,9.47415,-0.12450
191.8677,-0.14605,9.90033,-2.03513
191.8804,0.16281,9.20599,-1.38389
191.8975,0.04549,9.42147,-0.46928
191.9177,-0.22985,10.72156,-0.37830
191.9404,-0.59378,9.95539,-1.14207
191.9581,-0.67519,9.64414,-1.58740
191.9791,0.05028,9.84526,0.70871
192.0104,-0.37351,10.44622,-1.28333
192.0193,-0.57463,10.07990,-1.12531
192.0396,-0.31604,10.45819,-0.96250
192.0602,-0.39027,10.70001,-0.60815
192.0786,0.06465,9.70160,-1.86753
192.0993,-0.13408,9.47893,-1.78134
192.1236,0.10535,9.52682,-1.02954
192.1507,0.00958,9.85005,-0.05507
192.1659,-0.33520,9.63456,-1.63768
192.1799,0.12690,9.23232,-0.51237
192.1992,-0.25379,10.01765,-0.64406
192.2173,-0.60575,10.50608,-0.20830
192.2423,-0.01676,10.29538,-1.69994
192.2700,0.90025,9.24190,-0.96729
192.2868,0.55308,9.37119,-1.21150
192.3017,-0.27534,10.31214,-0.33759
192.3175,-0.54589,10.13736,0.02873
192.3374,-0.40463,9.08148,0.73025
192.3598,-0.38308,10.20440,-0.17478
192.3777,-0.03591,9.26584,-1.25699
192.3988,0.19154,8.89234,0.16520
192.4302,-0.07662,9.70160,-0.33280
192.4380,-0.25140,10.34566,-0.10535
192.4576,-0.76856,10.28341,-1.41502
192.4800,-0.73983,10.12299,0.34956
192.4974,-0.86194,10.62340,0.25140
192.5176,-0.80926,9.60822,-0.88109
192.5423,-0.71110,9.88596,1.19474
192.5645,0.52913,9.89554,-1.77655
192.5835,0.09098,10.24989,-3.03833
192.5999,0.13647,10.24271,-2.33202
192.6175,0.45731,9.42147,-1.70472
192.6404,0.39984,9.85244,-2.94735
192.6631,1.15165,9.41668,-1.33361
192.6980,0.67758,9.31852,0.35435
192.7088,-0.50519,9.98652,-0.66800
192.7210,-0.29450,9.71836,-0.07662
192.7383,-0.39745,9.21556,0.19154
192.7584,-0.54350,10.04877,-0.54589
192.7832,-0.20112,10.16609,0.27295
192.8001,0.53392,10.41270,-0.87630
192.8205,0.51956,10.07032,-1.01278
192.8481,0.16520,9.71836,-2.05189
192.8585,0.47167,9.38077,-0.19633
192.8801,-0.03352,9.54597,0.21070
192.9006,-0.20830,9.33767,-0.74223
192.9186,0.10535,9.53879,-1.26418
192.9386,0.70152,9.24669,-1.69515
192.9641,-0.45970,10.18285,-2.62413
192.9822,0.16281,9.00966,-2.02316
192.9982,0.16042,9.50048,-1.91063
193.0206,-0.03591,9.79737,-2.34160
193.0386,0.06465,10.10623,-0.97686
193.0597,-0.13408,10.72156,-0.52913
193.0820,-0.08141,9.96497,-2.26977
193.0999,0.57702,9.69681,-0.58899
193.1297,0.87391,8.69601,-1.20432
193.1411,0.31126,10.79339,-1.51558
193.1580,0.11493,10.17088,0.04789
193.1781,0.08141,9.17247,1.08461
193.2005,0.59617,9.73752,-1.74543
193.2183,0.14605,10.49411,-2.02795
193.2724,-0.07901,10.10863,0.58899
193.2729,-0.83800,9.66329,-1.17559
193.2944,-0.61054,9.21078,0.79011
193.3052,0.24900,9.05275,-1.10376
193.3216,-0.08380,9.33049,-1.22347
193.3375,0.04789,10.21398,-1.31685
193.3576,0.03113,9.73752,-2.18837
193.4077,0.16520,10.22834,-1.02475
193.4077,-0.02873,10.30017,0.71349
193.4344,0.15084,10.21398,-0.48125
193.4399,0.30886,9.46696,-0.45731
193.4575,0.21309,10.41749,-0.55547
193.4776,0.11253,9.72794,-0.60096
193.4994,0.05507,9.60583,-0.98165
193.5190,-0.29450,9.57471,-0.88349
193.5449,0.02394,9.12458,0.15563
193.5633,-1.82923,9.04318,2.36315
193.5778,-0.73504,10.55396,-3.85718
193.6000,1.12531,9.24430,-2.78933
193.6198,0.43815,9.24430,-3.87633
193.6373,1.26657,9.95779,-2.78933
193.6572,0.43576,10.72396,-0.73025
193.6794,-0.12211,9.84286,-1.61853
193.6995,-0.91461,9.91948,0.65603
193.7172,-1.12531,10.66649,2.06147
193.7395,0.20830,9.46457,0.54350
193.7590,0.33041,10.59467,-0.70631
193.7778,0.24900,9.82371,-2.38709
193.8003,0.08141,10.62100,-1.03912
193.8178,-0.70152,9.85723,-0.49322
193.8428,-0.39027,9.40711,-1.82444
193.8598,0.17718,10.35284,-1.45811
193.8773,-0.25379,9.30415,-1.05827
193.8972,-0.25379,10.23313,0.64406
193.9196,-0.25858,9.21556,-0.61533
193.9371,-1.50121,9.73512,1.73824
193.9682,-0.22746,10.67607,2.20992
193.9858,-0.77096,10.61382,0.31365
193.9981,-0.55068,9.38556,3.69197
194.0174,-1.33361,9.99849,2.26020
194.0394,-1.54431,10.93226,2.66962
194.0574,-0.87630,10.50129,0.81405
194.0773,-1.44375,9.65372,0.54589
194.0998,-1.98007,9.73512,3.50522
194.1308,-1.89866,10.40312,2.15724
194.1373,-1.59219,10.68086,0.29689
194.1609,-1.03912,9.97455,-0.31365
194.1788,1.51558,8.43024,-3.36874
194.1980,1.14446,10.77663,-5.23149
194.2212,0.22746,9.97694,-2.90426
194.2479,-0.22027,9.50527,-0.58181
194.2642,-0.70871,8.83248,0.94095
194.2801,-1.42220,9.20599,0.61054
194.2979,-0.10056,8.89713,0.22027
194.3181,-0.40703,8.93304,2.41343
194.3410,-0.87391,9.14134,1.87711
194.3593,-0.45491,10.27383,0.96729
194.3914,-0.93856,9.00487,-0.62491
194.4049,-0.86194,10.96578,0.62251
194.4193,0.41182,9.64893,2.76539
194.4375,-0.55308,10.58509,2.20752
194.4595,-1.62571,10.60185,0.05746
194.4770,-0.74223,9.36640,1.77655
194.4969,-0.59857,9.80934,0.83560
194.5193,-1.09658,9.91709,-1.07982
194.5419,1.04630,10.28102,-3.78535
194.5583,1.41262,8.72953,-3.33762
194.5804,0.68955,10.78860,-2.97130
194.5989,0.09338,8.95698,-0.78053
194.6188,-0.04070,10.37679,-0.77096
194.6412,0.41421,9.86681,-0.03352
194.6656,-0.99362,10.40552,0.27534
194.6786,-1.34319,9.39035,0.58420
194.7004,-0.26098,10.53720,-0.35196
194.7179,-0.68716,9.63217,1.36953
194.7382,-1.14207,10.65452,0.97208
194.7599,-0.83800,10.15172,1.26657
194.7780,-0.48604,10.73114,0.23224
194.8053,-0.32802,8.91389,-0.60815
194.8252,-1.34798,9.91230,0.17957
194.8400,-0.27534,8.97374,-2.78215
194.8603,0.67040,10.16848,-2.54033
194.8813,-0.12211,9.34246,-2.73187
194.9002,0.62969,9.77582,-3.24664
194.9201,1.30727,9.37359,-2.80848
194.9410,0.46928,9.74949,-2.01359
194.9587,-0.54589,8.93304,-0.92419
194.9782,-0.78293,10.98972,-0.39266
195.0008,0.09817,10.54918,-0.22506
195.0201,-0.25619,10.26665,-0.89306
195.0389,0.09577,9.69202,-1.42938
195.0610,0.52674,9.13176,-1.24023
195.0852,1.25460,10.50129,-3.10298
195.0991,-0.76617,10.04638,-1.97528
195.1210,0.80926,9.94821,-0.93377
195.1390,-0.62251,9.84765,-0.25379
195.1586,-0.19394,10.05595,-0.43576
195.1809,-0.18915,9.50288,-1.67599
195.2003,-0.03352,10.62340,0.41182
195.2250,-1.07982,10.05117,1.18038
195.2412,-2.20273,10.09187,0.59139
195.2586,-0.84039,9.96018,0.37351
195.2803,-0.49801,11.22915,-0.20591
195.3031,-2.29850,9.85005,0.14845
195.3208,-0.34478,10.12539,-5.81330
195.3406,2.21231,8.23391,-6.41905
195.3672,0.75180,10.48213,-0.10774
195.3792,-0.25379,8.24588,-2.35118
195.3987,0.05267,9.59625,-1.52276
195.4204,0.16520,9.43823,-0.14605
195.4378,-1.23545,8.65770,-0.21309
195.4589,-0.45731,10.54918,0.50280
195.4801,-0.59139,10.91550,0.71589
195.4977,-1.49882,10.38876,1.27854
195.5241,-1.02714,9.92666,0.44294
195.5433,-0.33280,9.29936,1.41262
195.5582,-0.23943,9.78780,-1.92500
195.5783,-1.68796,9.25387,-1.81965
195.6009,-1.33122,11.08789,-0.79250
195.6182,-0.11014,8.44461,-2.11893
195.6378,0.88828,9.37119,-4.73109
195.6601,0.15323,10.69044,-3.58902
195.6788,0.62251,11.12859,-3.96971
195.6975,0.22506,9.75906,-3.65127
195.7199,-0.51237,9.83808,-3.72310
195.7649,1.28094,10.72156,-0.95053
195.7771,0.55787,9.79498,-2.65525
195.7997,0.25858,9.39753,-0.66800
195.7999,1.30249,9.23951,-0.70152
195.8234,-0.13169,8.31053,-0.65364
195.8435,-0.53632,10.32172,-0.58660
195.8642,0.22027,9.93145,0.08141
195.8800,0.17957,9.37598,0.47167
195.9137,0.03591,10.21877,0.31126
195.9278,-0.91701,9.88596,1.50839
195.9409,-0.34717,10.13975,1.61614
195.9640,-1.58022,9.81892,1.08461
195.9815,-0.39266,8.98811,0.43336
196.0014,0.63209,9.28500,0.53392
196.0238,-0.93856,9.46936,-0.09338
196.0416,-0.04310,9.64893,-1.13489
196.0624,-0.29450,10.50129,-0.52674
196.0823,-1.79571,10.00328,-0.72068
196.1004,0.20112,10.08469,-1.33840
196.1206,0.43336,9.73752,-1.11094
196.1428,-1.37910,10.41031,-1.16841
196.1606,0.45252,10.03441,-0.35675
196.1809,0.53153,10.50608,-1.40544
196.2116,-0.76138,9.81653,-1.79092
196.2202,0.23943,9.96497,-1.21869
196.2406,0.34478,9.79977,-0.43815
196.2630,-0.69195,10.16848,-1.35995
196.2806,0.18915,10.20201,-0.28971
196.3009,0.53632,9.59386,-0.91701
196.3237,-0.37830,9.42147,-0.96250
196.3503,-1.47008,10.44622,-1.42459
196.3636,-0.23943,8.89234,-0.03352
196.3828,-0.10295,8.77023,-0.46210
196.4008,-0.59617,9.41908,-1.16601
196.4235,0.59617,9.34725,-1.43656
196.4436,-0.43576,9.13895,-0.54350
196.4630,-0.94813,10.59945,-1.94176
196.4814,0.71110,8.72713,-1.25221
196.5049,-0.05028,9.40711,-0.16520
196.5210,-1.02236,9.66569,-0.61293
196.5433,-0.36154,9.27781,0.08141
196.5634,-0.26337,8.89713,-0.10774
196.5805,-0.97926,10.99930,-0.77096
196.6001,0.45970,9.91469,-1.19474
196.6290,-0.14126,9.54358,-0.10535
196.6401,-0.84039,10.48932,-0.93616
196.6601,0.01437,9.42147,-0.73744
196.6824,0.12929,9.51006,-0.83800
196.7004,-0.42618,9.65132,-1.77895
196.7210,0.12211,9.26824,-1.54670
196.7511,-0.08619,9.32331,-1.18277
196.7605,-0.14126,9.79019,-1.49642
196.7802,0.56744,9.90033,-1.52276
196.8022,-0.14605,10.17088,-0.70392
196.8198,-0.19394,9.76864,0.37351
196.8399,0.66561,9.76864,1.15883
196.8628,-0.11732,10.03441,-0.48125
196.8797,-0.72307,8.79417,3.00242
196.9011,-0.60575,9.50288,1.70951
196.9235,-2.29611,10.41988,2.81088
196.9410,0.61533,11.17408,-3.42381
196.9599,3.74704,9.81653,-5.54753
196.9820,1.21869,11.30816,-2.45892
196.9998,-2.86834,12.40953,-1.20432
197.0198,0.98884,7.81012,0.21548
197.0421,-0.70152,9.46457,-1.15404
197.0608,-0.12690,11.26985,-1.01278
197.0813,0.92419,8.83966,0.46449
197.1026,-0.99841,10.45580,-2.29372
197.1204,-0.43576,9.83568,1.56825
197.1409,0.52435,10.08947,0.27774
197.1633,-2.82285,8.71037,-1.07742
197.1812,1.22108,10.58748,-8.70319
197.2009,3.94816,9.96976,-6.31370
197.2232,1.32882,10.61861,-2.87792
197.2412,0.26576,11.59547,-3.50761
197.2611,-0.59378,10.21877,-2.35118
197.2846,-1.32882,10.12778,-5.82766
197.3027,1.51797,9.60822,-3.21072
197.3254,1.78134,9.40232,-1.16362
197.3436,1.98246,8.97374,-4.53955
197.3611,0.41421,10.77424,-0.99841
197.3816,-1.03193,7.21395,-1.27854
197.4053,0.78293,9.39035,-1.31685
197.4224,0.55068,8.97374,-0.90982
197.4512,0.01676,8.08547,-0.72547
197.4650,0.72547,9.29218,-2.48286
197.4820,0.54350,10.03919,0.53392
197.5036,-0.53392,9.53400,0.51956
197.5278,0.55308,8.93783,1.06545
197.5424,-1.49882,9.69442,0.47167
197.5625,-0.42858,8.79896,0.83560
197.5849,0.60815,9.93145,-0.53392
197.6026,-0.50998,9.79019,0.02873
197.6253,-0.16281,9.81174,-0.24661
197.6449,0.03352,8.80614,1.14207
197.6625,-0.56265,10.30496,-1.54431
197.6833,0.75659,10.28341,-0.19394
197.7057,0.13169,10.36003,0.46210
197.7349,-0.86673,9.92188,-0.99841
197.7489,-0.33999,10.86761,-0.80208
197.7659,-1.48445,9.75667,0.07901
197.7822,0.16760,9.95061,-0.87870
197.8033,0.21070,10.00807,-0.25379
197.8245,0.09338,8.35362,-0.80208
197.8423,-0.07183,9.88357,-3.18678
197.8633,-0.21788,9.59865,-3.37353
197.8849,-0.18436,9.40471,-3.25861
197.9021,1.61135,9.81174,-2.67919
197.9224,0.15323,9.42626,-1.11813
197.9460,1.12052,8.96416,-0.54350
197.9625,-0.89785,11.54759,-1.70951
197.9831,-0.71828,11.12619,-1.96570
198.0110,0.05986,11.44224,-2.01119
198.0264,0.43097,10.96099,-1.50121
198.0428,-0.38787,9.93385,-2.64567
198.0664,1.01278,9.49809,-1.50600
198.0829,-0.02873,9.86920,-1.72148
198.1028,0.18436,10.47495,-1.78613
198.1259,0.33280,10.63776,-1.86753
198.1438,0.35435,10.09187,-2.17879
198.1640,0.79250,9.03120,-1.81725
198.1857,0.13169,8.71995,-0.43815
198.2036,-0.32323,8.54756,-1.80289
198.2250,0.71110,8.61460,-0.50280
198.2459,-1.10137,9.95539,-0.67519
198.2654,-0.45970,10.38397,-1.53952
198.2856,0.88349,9.50527,-1.94176
198.3160,-0.17478,10.26186,-1.52515
198.3252,1.64247,8.37517,-1.29051
198.3463,0.30168,9.11979,0.17239
198.3689,1.01038,8.67206,0.44534
198.3843,-0.01197,9.15810,-0.56505
198.4057,-0.60575,10.88916,-0.76617
198.4281,-0.73744,10.57312,-1.14207
198.4458,-0.23464,9.51245,0.33280
198.4637,-0.37590,10.07990,0.84518
198.4879,0.44294,9.90272,0.61533
198.5058,-0.73744,10.13257,0.22027
198.5240,-0.21548,9.59865,-0.84039
198.5503,0.24661,9.20359,-0.60096
198.5860,0.05267,9.44063,-0.44534
198.6077,0.10295,11.52604,-1.11573
198.6077,-0.31604,10.28580,-0.38548
198.6261,0.71349,10.06074,0.22746
198.6442,0.24900,9.06712,-0.01197
198.6667,0.64645,8.79178,-0.85715
198.6844,0.74462,8.92346,-0.38787
198.7046,-0.37351,9.22035,0.52435
198.7309,0.04070,8.82530,0.07422
198.7466,0.12690,10.03201,-1.64726
198.7666,0.07422,9.72315,-2.13090
198.7893,-0.20830,10.35524,-0.52435
198.8083,-1.08221,10.28102,-0.86673
198.8273,-0.05746,10.19482,-0.20351
198.8768,-0.75420,9.92188,0.17478
198.8769,0.16999,10.58748,-1.13967
198.8918,0.45970,10.67368,-0.81166
198.9070,0.01676,11.06394,-1.81725
198.9249,0.67758,9.19641,-0.39984
198.9478,0.46210,9.56273,-0.69195
198.9682,0.64167,10.58988,-2.46131
199.0107,0.36154,9.44063,0.53153
199.0109,0.23224,9.78301,-1.83880
199.0281,0.84518,10.13496,-0.22267
199.0457,-1.04869,9.66808,-0.39745
199.0656,-0.50998,9.39992,-0.09098
199.0882,0.08380,9.26584,-0.17957
199.1059,-0.70871,10.63537,-3.13411
199.1453,-0.51237,9.07430,-1.80768
199.1609,-0.91940,8.91149,-0.20591
199.1657,0.72786,8.89713,-1.26657
199.1858,1.17080,10.70720,-3.10298
199.2085,1.00560,9.15571,-2.40385
199.2263,0.03113,11.35844,-1.66402
199.2473,-0.99602,10.12299,0.42858
199.2707,-0.72547,10.14694,-0.60815
199.2880,-0.26098,10.65213,-0.16999
199.3059,0.11971,10.44862,-2.43498
199.3281,0.05986,10.37439,-2.25541
199.3454,0.12450,10.22834,-3.32565
199.3657,0.78053,10.02483,-1.77895
199.3891,0.49561,10.78142,-2.61215
199.4235,0.51237,8.97374,-0.29210
199.4371,0.61533,9.48612,-0.78532
199.4492,0.71349,9.85962,-1.17319
199.4657,0.01676,9.82131,-1.55867
199.4859,-0.85236,9.64893,-0.05507
199.5083,-0.79250,10.80057,0.35196
199.5257,-0.89067,9.80934,0.19633
199.5519,-0.62251,8.32489,-3.11495
199.5694,0.71349,9.52443,-0.55787
199.5852,-0.08141,9.17965,-1.05588
199.6060,-0.80448,9.40711,-0.79250
199.6281,-0.41421,10.33608,-1.26178
199.6457,-0.82602,10.02962,-0.18436
199.6657,-1.11334,9.40711,0.53632
199.6892,0.12450,10.36960,0.30407
199.7161,0.67279,9.16528,-1.38150
199.7259,0.14605,9.62977,-0.49322
199.7485,-0.26576,10.35524,-2.07823
199.7660,-0.35435,9.27063,1.14446
199.7859,-0.53153,8.99290,-2.48526
199.8084,-1.03672,10.10623,-0.01915
199.8264,-0.45252,9.78061,0.56984
199.8530,1.14925,9.75906,-1.33601
199.8692,0.90743,10.32411,-2.04950
199.8885,0.31844,7.55873,-0.28971
199.9075,-0.91701,8.44940,-0.45970
199.9296,-0.21070,9.24908,0.49561
199.9467,0.02873,9.31373,1.03193
199.9665,-0.46928,9.60822,1.40544
199.9978,0.43097,10.38397,-0.28252
200.0064,0.05028,8.87558,1.11094
200.0263,-0.53871,10.04159,0.78772
200.0493,-0.33759,10.19722,-1.34319
200.0675,-0.07901,10.24271,-0.18675
200.0876,-0.42139,9.32331,-0.92180
200.1088,0.10535,10.37439,-0.38787
200.1364,-0.48843,9.77104,0.46688
200.1464,-0.10774,8.71277,0.63927
200.1690,-0.08619,9.59146,-0.65843
200.1863,-0.00958,10.37679,-0.35196
200.2069,-0.22985,9.81892,0.24661
200.2289,-0.55308,10.17567,0.58660
200.2466,-0.63688,10.23553,1.84599
200.2706,-0.62012,9.20359,2.06147
200.2888,-0.90982,10.37679,1.90824
200.3063,-0.26576,9.21317,1.27615
200.3271,-0.55308,10.59467,0.69673
200.3493,-0.53153,8.98332,0.38787
200.3681,-0.38069,9.82850,-1.95852
200.3884,0.06465,9.54837,-0.81645
200.4195,0.35435,10.03919,-2.08781
200.4265,-1.12291,10.03441,-0.59378
200.4466,-0.60096,9.49330,-0.77335
200.4688,-0.72307,9.77343,-0.61533
200.4864,-0.33280,9.90512,-0.52195
200.5067,-0.47646,9.62977,-0.40942
200.5289,-0.05267,9.51724,-1.24263
200.5598,0.49561,9.64893,0.60815
200.5666,0.29450,9.26105,-0.03113
200.5892,1.01038,10.37679,-0.91461
200.6065,-0.68955,10.24510,0.48843
200.6264,-1.05827,9.80934,1.01996
200.6489,-0.72068,9.68005,1.48206
200.6665,-0.29450,10.17567,0.96729
200.6997,-0.00479,9.25387,-1.15165
200.7088,0.35914,9.24190,-0.49561
200.7265,-0.00479,9.53400,0.00000
200.7461,-0.68955,8.92586,0.62012
200.7690,-0.45012,9.38556,1.55628
200.7881,-0.57702,9.39035,-0.36393
200.8254,-0.40703,10.14694,0.08380
200.8409,-0.09338,9.96976,-0.59378
200.8469,0.39266,9.79977,-0.35675
200.8680,-0.18675,10.32651,0.69913
200.8888,-0.72786,10.00089,-0.76138
200.9066,-0.27295,10.55157,0.65843
200.9283,-0.96968,10.28102,1.36953
200.9602,-0.32802,9.31612,0.27534
200.9770,-0.26337,9.55795,-0.22506
200.9864,0.05028,9.37119,0.55787
201.0098,-0.61293,10.12539,0.03831
201.0273,-0.06704,10.11342,1.96331
201.0475,-0.88588,10.52284,1.30009
201.0698,-0.56984,9.78301,1.69036
201.0889,-0.91222,9.66329,1.96331
201.1153,-0.53153,8.82769,1.19953
201.1297,-0.50280,9.57471,1.69515
201.1480,0.23464,9.21796,-0.53632
201.1678,0.56026,9.90272,-0.34717
201.1902,0.00239,9.49091,0.74941
201.2078,-0.56505,9.79019,0.45252
201.2278,-0.39027,10.18046,1.65684
201.2501,-0.91701,10.42707,0.96968
201.2673,-0.44773,9.16050,1.78852
201.2873,-0.10535,9.46936,1.78373
201.3095,-0.40703,10.07750,0.85954
201.3284,0.36393,8.86600,0.07422
201.3473,0.67040,9.90272,0.05028
201.3697,0.34717,8.92346,0.09098
201.4017,-0.73983,9.57949,0.35196
201.4088,-0.70392,9.51485,1.56586
201.4300,-1.35995,10.15172,0.94574
201.4485,-0.25379,9.29457,-1.08700
201.4675,-0.00958,9.81413,-0.03352
201.4898,-0.25379,9.65611,-0.97447
201.5267,0.54589,8.74629,-0.59857
201.5406,0.12929,10.40073,0.77335
201.5512,-1.24023,9.97694,1.92979
201.5674,-1.34079,11.26506,0.17478
201.5875,-0.74941,10.13736,-0.21548
201.6100,-0.81645,10.05835,0.11493
201.6277,0.20830,10.35284,-0.32562
201.6662,1.03912,9.94582,-1.83401
201.6695,0.75180,9.33767,-0.25140
201.6872,-0.07901,9.71597,0.56984
201.7085,0.32562,9.82850,-0.07422
201.7325,0.15084,8.58826,-0.92898
201.7494,-1.03433,10.50129,-0.44534
201.7695,-0.15084,9.45020,0.42379
201.8024,-0.43576,9.56992,0.55308
201.8271,0.28731,10.16609,-1.30967
201.8297,0.38787,9.41908,0.08380
201.8510,-0.07662,9.64174,0.26337
201.8693,-0.34717,10.22834,-0.25140
201.8888,-0.22267,10.95141,-0.39745
201.9122,0.02394,10.26426,-0.63927
201.9286,0.03113,10.13975,-1.92739
201.9622,0.66800,10.15891,-2.45174
201.9695,0.41660,9.68724,-2.22428
201.9872,0.45491,9.06951,-1.97049
202.0086,0.17478,9.40471,-2.13090
202.0296,-0.45970,9.09824,-0.48843
202.0476,-0.04789,9.04318,-2.06626
202.0858,0.13887,9.28260,-1.74543
202.1036,-0.80208,9.59625,-0.27774
202.1075,0.35196,10.64016,-1.68078
202.1298,0.56505,9.49091,-0.80687
202.1524,-0.03352,9.72794,-0.21788
202.1678,-0.43097,10.78142,-0.44294
202.1922,-0.82602,10.50129,0.23943
202.2332,-0.23464,10.49650,0.46928
202.2334,0.39984,9.78301,-0.17478
202.2501,0.48843,9.61301,-0.62251
202.2718,-0.06465,9.62977,0.13169
202.2880,-0.39506,10.21398,-0.13169
202.3098,-0.32323,10.00567,0.99123
202.3330,-1.30249,9.34725,0.16999
202.3671,0.39745,10.46777,3.39269
202.3702,-0.64885,9.46217,0.01915
202.3913,-0.89306,12.08869,0.83800
202.4095,-0.32083,9.62977,-0.76377
202.4312,0.56265,9.02163,1.30967
202.4536,0.18436,10.04398,0.47885
202.4713,-0.68476,9.35204,3.99365
202.4893,-0.37111,9.81174,2.97848
202.5170,-0.86433,9.97215,2.75102
202.5291,-0.22506,10.35284,1.70233
202.5491,-0.13647,10.74311,0.59857
202.5754,-0.07662,10.16370,1.58262
202.5926,-0.28731,9.81892,3.13411
202.6129,0.90504,10.41988,0.67040
202.6512,0.63209,8.34165,1.29291
202.6513,-0.37590,9.75428,-0.09098
202.6689,-0.28731,10.43186,-1.22347
202.6915,0.08141,10.25947,-1.58980
202.7090,0.17957,9.28979,-0.00718
202.7290,1.12770,9.20599,-0.07901
202.7513,1.17319,8.65051,-1.10137
202.7788,0.00958,9.60104,-0.15563
202.7970,0.04549,8.71037,-0.29450
202.8114,-0.14366,9.79258,-0.22985
202.8293,0.07422,9.85244,1.24981
202.8494,0.32562,8.87079,1.71430
202.8716,0.59617,9.78540,1.09897
202.8894,-0.59139,10.45101,0.47646
202.9092,-0.24422,9.92427,-0.18915
202.9402,-0.31604,10.40312,0.81405
202.9485,-0.29689,10.79100,1.49163
202.9686,-0.18675,10.25947,1.56825
202.9912,0.06943,9.58428,0.95532
203.0089,-0.72547,9.87399,1.32164
203.0289,-0.48125,9.75428,0.62012
203.0532,0.54111,9.76625,0.06704
203.0731,0.24182,9.23232,1.81247
203.0896,0.03831,9.21078,1.47966
203.1111,0.38787,9.88357,0.85954
203.1288,0.21548,10.25707,1.50121
203.1499,-0.69913,10.27383,1.43178
203.1723,0.01197,10.87480,1.52276
203.1901,-0.36632,9.59625,3.17960
203.2238,-0.20830,9.39753,1.74064
203.2306,-0.02873,9.22275,1.45811
203.2483,-0.12929,9.55316,1.39586
203.2684,-0.43576,9.86202,2.04471
203.2912,-0.46928,9.91469,0.61772
203.3104,0.24182,9.41429,2.02795
203.3334,0.26816,8.37039,1.28094
203.3608,0.08859,9.70160,1.10855
203.3768,0.05746,10.80536,0.71828
203.3883,0.04070,9.82131,1.00799
203.4110,-0.01915,9.52682,1.30488
203.4286,0.22985,9.63456,1.92500
203.4513,0.65843,10.03201,0.98644
203.4731,0.97926,8.52601,-0.10774
203.4898,0.06225,10.83888,2.47568
203.5090,-0.82124,8.86361,3.69915
203.5312,-0.38548,9.60344,3.68958
203.5504,-0.85954,9.09824,3.11016
203.5720,-1.08461,9.91230,1.46051
203.5949,-0.81645,9.96258,1.60416
203.6276,-0.32562,10.15412,1.35755
203.6434,0.09577,9.24669,2.25062
203.6511,0.29450,10.79578,3.31846
203.6686,-0.77814,9.14852,4.34321
203.6897,-1.01038,9.43584,3.96492
203.7111,-1.33361,9.04318,4.37195
203.7304,-1.38389,9.90033,4.22589
203.7652,-0.36154,8.92825,2.44934
203.7800,-0.56265,9.02881,2.04711
203.7908,-0.11493,9.39513,0.60815
203.8084,0.19633,9.56273,1.71430
203.8308,0.26816,9.77343,1.08700
203.8483,-0.20830,9.50288,1.87711
203.8688,-0.89546,10.08469,2.43498
203.8907,-0.16760,9.94103,1.87951
203.9164,0.02873,8.81811,3.44297
203.9281,-0.51956,9.94103,4.42941
203.9509,-0.93616,9.77343,3.22988
203.9697,-1.01996,10.44622,2.62891
203.9884,-0.81884,10.70480,3.22748
204.0103,-0.67279,9.48612,2.57385
204.0283,-0.50519,9.38316,1.97288
204.0496,-0.89785,10.53002,2.09738
204.0698,-1.17080,9.74470,3.53395
204.0875,-0.53632,9.81413,1.82923
204.1074,-0.49801,10.19482,1.28094
204.1295,-0.84757,9.82610,1.05827
204.1481,-0.19872,9.14134,2.58103
204.1747,0.29210,8.87797,1.94655
204.1952,0.74941,9.37359,0.88349
204.2081,0.52913,9.56513,1.50839
204.2280,-0.13408,9.76385,3.29692
204.2525,0.32083,8.77023,1.81725
204.2703,-0.47167,10.04877,2.51159
204.2905,-0.63448,10.88677,3.14847
204.3291,-0.71589,10.86761,3.42142
204.3421,-0.99123,9.74230,2.45892
204.3514,-0.87630,10.45819,1.96809
204.3710,-0.56984,9.78780,2.53314
204.3888,-0.45252,9.44541,1.50360
204.4101,-0.12690,9.31373,-0.06943
204.4324,0.31844,9.51485,0.08859
204.4512,0.36632,9.37119,-0.23224
204.4859,0.21788,10.33848,-0.82124
204.4909,0.47646,9.37837,0.34478
204.5084,-0.05507,9.70878,1.33361
204.5283,-0.35914,10.03919,1.54910
204.5508,-0.18675,9.25627,1.16841
204.5682,-0.01676,9.62498,-0.24422
204.5879,-0.53392,9.32091,-0.10056
204.6131,-0.51956,9.24908,1.90584
204.6280,-0.74701,10.83649,-0.61533
204.6492,-0.64167,11.32492,0.29450
204.6704,-0.61293,10.42707,-0.09817
204.6883,0.63688,9.41908,-1.23066
204.7093,0.28971,9.75906,-1.72627
204.7370,-0.49801,10.50847,-0.00718
204.7499,-0.35914,9.71118,-0.26576
204.7681,0.33759,9.29457,-1.07024
204.7924,0.56984,10.33608,-1.71430
204.8100,-0.13408,8.72713,2.03753
204.8331,-0.19633,9.71597,1.15165
204.8553,0.16042,10.09426,0.65364
204.8916,0.23943,8.54517,1.62811
204.9052,-0.78053,10.30496,-0.68237
204.9125,-0.34956,10.08469,0.57702
204.9296,-0.29689,8.61221,1.01278
204.9502,-0.94574,9.80216,-0.37351
204.9717,-0.25619,9.68963,0.31365
204.9895,-0.10295,9.00726,1.11094
205.0181,-0.73744,9.44781,0.73265
205.0318,-0.50280,10.15172,0.95053
205.0510,-0.20591,9.82371,1.00799
205.0694,-0.59617,10.33848,0.52674
205.0936,-0.35435,9.60344,0.32323
205.1129,-0.17239,9.88117,1.17559
205.1315,-0.41900,10.62579,1.85796
205.1521,-0.01197,9.56273,0.76138
205.1831,-0.52913,8.89952,1.87951
205.1888,-1.17798,9.16050,1.24981
205.2112,-0.03591,8.75107,1.49163
205.2293,-1.07264,9.26824,1.79810
205.2495,-1.03672,9.78301,2.05189
205.2726,-0.85236,9.76146,0.81884
205.2913,-0.85476,9.47654,1.36953
205.3281,-1.51797,10.11821,1.36713
205.3345,-1.72148,9.82131,1.04151
205.3494,-0.60815,8.92346,0.24661
205.3705,-0.80448,9.91469,-0.20591
205.3917,-0.49083,9.69202,-0.12690
205.4094,-0.13647,9.05036,1.78373
205.4294,-1.15404,10.31693,2.23386
205.4516,-1.26178,10.51805,2.05429
205.4693,-1.21150,9.78540,2.83003
205.4893,-1.21390,9.69681,2.64089
205.5139,-1.48445,10.37679,3.22988
205.5306,-2.32724,10.30735,1.95612
205.5523,-1.90345,10.89395,2.48526
205.6009,-1.58501,9.41908,3.92661
205.6011,-1.08221,8.32968,0.52674
205.6164,-0.79011,8.43264,-0.46688
205.6331,-1.97288,10.89634,0.67519
205.6510,-1.40544,9.16528,0.60575
205.6705,-0.63927,8.47813,0.22267
205.6925,-1.51558,9.30894,1.53952
205.7100,0.01676,10.00807,-1.02475
205.7306,-0.70631,11.03042,-1.84120
205.7528,-1.14446,10.30496,-0.33759
205.7698,-1.07742,10.61143,1.13010
205.7917,-2.13809,10.79339,2.55469
205.8125,-0.87391,8.58108,2.44216
205.8300,-1.10615,9.98413,0.75659
205.8516,-2.34639,9.80455,1.24981
205.8815,-1.85796,9.49330,0.56505
205.8898,-1.72388,10.88677,-0.07183
205.9118,-2.05668,10.45101,1.23305
205.9342,-1.75261,9.46696,1.13728
205.9520,-2.22668,9.36880,2.43977
205.9714,-2.53554,9.90512,2.21949
205.9957,-2.67680,9.81892,3.25143
206.0272,-1.86275,10.20679,0.96250
206.0326,-2.09020,9.84765,0.56984
206.0535,-1.24263,9.87399,0.21070
206.0699,-1.48684,10.51805,1.95612
206.0930,-0.78053,9.77822,-0.58899
206.1161,-0.39745,7.35042,1.41023
206.1324,-2.98087,9.89314,0.41900
206.1632,-2.62173,9.85005,0.41182
206.1734,-2.41822,10.44622,1.17319
206.1901,-2.26020,10.61621,0.09817
206.2099,-1.41980,9.11979,0.27055
206.2339,-2.01598,8.95219,0.24900
206.2502,-1.73824,9.04078,0.45252
206.2698,-1.58740,9.84765,-0.05267
206.2970,-2.43977,10.21877,0.91222
206.3098,-2.91862,9.68724,3.60338
206.3300,-3.04552,9.43344,0.92419
206.3528,-2.20992,9.09346,1.13249
206.3721,-3.08861,10.58748,-1.38629
206.3952,-1.61135,9.37359,1.18517
206.4253,-3.57226,9.77343,-0.49322
206.4299,-1.89148,9.73991,2.32245
206.4498,-1.93697,9.15810,1.14446
206.4722,-2.52117,9.26584,2.36554
206.4899,-2.42779,10.62100,0.59617
206.5137,-2.21949,8.55474,0.81645
206.5517,-2.47329,10.41988,0.69673
206.5526,-2.52596,10.32411,0.52435
206.5699,-1.94176,10.20201,-0.12211
206.5925,-0.96250,8.32489,2.37991
206.6111,-3.78774,9.96018,2.79891
206.6315,-2.50441,9.31852,2.54033
206.6538,-2.01119,9.28021,1.32643
206.6728,-2.79891,9.35443,1.16841
206.6974,-2.26020,9.20599,1.28573
206.7136,0.25140,8.68403,3.10777
206.7309,-3.07425,11.02564,-2.17161
206.7498,-2.25301,10.29538,0.27774
206.7722,-2.64567,10.69044,0.13887
206.7916,-2.31048,9.07430,2.79891
206.8239,-2.02077,9.48612,2.47807
206.8338,-2.93538,9.87160,0.79729
206.8497,-2.26498,10.49411,-0.43336
206.8698,-2.65764,9.63217,1.29770
206.8921,-1.82444,9.71836,1.87232
206.9115,-1.48684,9.58907,0.06704
206.9314,-0.82124,9.22993,0.56744
206.9604,-0.73265,10.03441,-0.73983
206.9710,-2.26738,9.90033,-0.65124
206.9898,-2.38470,10.48932,-0.39506
207.0121,-1.76937,9.52203,-0.56026
207.0300,-1.80768,9.45020,0.79011
207.0497,-1.99683,9.85244,-0.02634
207.0722,-2.31048,8.83487,0.58660
207.0929,-0.93856,10.96099,0.30886
207.1219,-2.31287,8.98571,1.18517
207.1318,-2.57863,9.93145,0.68716
207.1496,-1.06066,9.21078,-0.78293
207.1695,-1.15883,10.41510,-3.00481
207.1923,-1.77895,10.48932,-2.82764
207.2154,-1.75500,10.69283,-2.30569
207.2313,-0.87152,9.59865,1.12052
207.2620,-0.72786,9.11979,0.51716
207.2701,-2.52596,9.57710,-1.33122
207.2919,-3.15326,10.68804,-2.06386
207.3131,-3.01918,10.14694,-1.01517
207.3309,-1.16362,9.13176,1.09179
207.3508,-1.45811,9.01684,0.05507
207.3741,-1.66881,9.55795,-1.00560
207.4078,-0.60336,9.67048,-0.19633
207.4116,-2.86834,8.96177,-1.13728
207.4330,4.73109,9.37837,-1.15404
207.4530,-6.28018,12.21080,-3.16044
207.4713,0.00479,8.63615,-2.99045
207.4937,-2.32484,10.04877,0.62012
207.5131,-2.20992,9.31852,1.31206
207.5316,-3.22748,9.84765,2.13090
207.5532,-2.65046,10.18285,1.13967
207.5709,-1.31206,10.61143,1.05109
207.5903,-0.84997,7.06311,3.26579
207.6135,0.53153,8.51404,1.91781
207.6308,-3.43578,9.42387,1.74303
207.6509,-1.36234,9.83329,0.91940
207.6824,0.54350,9.93624,0.15323
207.6923,-1.50360,9.57471,1.13489
207.7128,-0.27295,11.27703,-3.30410
207.7328,-0.11014,5.47092,10.71677
207.7509,-2.77736,10.50368,0.86912
207.7710,-0.09098,10.26186,5.31529
207.7948,-2.86595,9.68245,1.13967
207.8213,-0.27295,11.88518,-4.33124
207.8364,-0.30168,7.08945,-1.40065
207.8529,3.94098,6.88833,-1.08700
207.8720,-3.54832,11.54040,1.89148
207.8925,-1.19953,13.02246,-0.96010
207.9152,-0.12929,8.19560,2.28893
207.9459,-0.21788,8.32729,1.77176
207.9597,-1.18277,9.35683,-1.69515
207.9734,0.53632,11.07352,-0.82363
207.9917,-1.14207,10.52284,0.39506
208.0106,-0.51716,10.80297,-0.89785
208.0343,-0.82124,10.49171,-1.63290
208.0512,-0.17718,11.03282,0.16999
208.0724,-0.88349,10.98014,1.61135
208.1054,-1.27615,11.46858,-0.45731
208.1120,-2.88750,9.30176,1.34558
208.1307,-0.44534,8.32729,1.97528
208.1551,-0.05746,11.83490,2.36315
208.1729,-2.79651,10.40073,-0.91222
208.1933,-1.16601,10.45101,-1.79571
208.2331,2.04232,7.21634,1.06785
208.2332,-1.16362,7.99448,1.55867
208.2520,-1.18038,10.22116,-1.71909
208.2747,0.73265,9.70160,-0.87630
208.2922,0.29450,8.62418,-2.51878
208.3131,1.04869,8.30574,0.42139
208.3369,0.82363,9.02402,0.19633
208.3522,-0.40703,9.47654,0.10535
208.3718,-1.55149,10.01525,-0.05028
208.3932,-1.73345,9.50527,1.55628
208.4107,-0.16042,8.97853,-1.79331
208.4308,0.38787,10.67128,-1.32403
208.4545,-1.15165,11.01366,-0.49801
208.4746,-1.30488,10.12539,0.93137
208.5084,-1.02475,10.63297,1.19235
208.5221,-0.99362,10.41988,1.69036
208.5305,-0.75659,10.84846,0.16042
208.5522,0.17718,9.78061,2.36075
208.5731,0.76377,9.80695,-0.08619
208.5926,1.28094,9.61062,1.46530
208.6107,1.16362,9.95539,-0.80448
208.6530,1.44135,8.95698,1.41262
208.6531,-0.09817,10.21158,0.83081
208.6708,0.28252,9.75428,-0.71589
208.6930,1.22108,9.58907,-1.15404
208.7120,1.77416,8.83966,-1.72867
208.7305,0.84997,9.00487,-1.84120
208.7542,0.84518,8.76783,0.08141
208.7889,1.06066,9.34485,0.22027
208.8079,1.10615,9.11261,-0.65364
208.8130,1.50600,8.83248,-1.87472
208.8320,0.97926,8.85163,-0.23703
208.8518,1.38868,8.44940,0.45491
208.8728,0.73025,9.67287,0.74701
208.8902,1.19953,10.26904,-0.43336
208.9125,1.59219,10.58270,-0.05507
208.9404,0.99362,10.51565,1.00560
208.9502,0.53392,11.10704,1.00799
208.9703,0.98165,11.11901,1.56825
208.9930,1.04151,10.58748,-0.87870
209.0120,1.23066,10.54678,0.31844
209.0360,1.15404,9.79019,0.19872
209.0730,1.60895,10.24510,1.49403
209.0863,1.64726,9.17726,0.81645
209.0900,1.37192,9.49569,0.82602
209.1128,1.37671,9.94821,0.62012
209.1302,1.26178,8.92107,0.68955
209.1526,1.18756,9.92188,0.00958
209.1752,2.87313,8.80854,-0.95053
209.1929,2.21470,9.62977,1.13249
209.2267,1.63290,9.86202,1.93218
209.2337,1.51079,9.69442,2.29132
209.2513,0.41182,10.38876,2.08541
209.2715,0.65843,9.95061,-0.51477
209.2949,1.83641,9.25866,0.50998
209.3115,1.78373,10.94423,0.08380
209.3352,1.54670,9.85484,0.44534
209.3548,1.48924,10.00089,0.28252
209.3745,1.19714,11.33689,-1.51797
209.3986,1.34558,9.46936,-0.37351
209.4135,2.03992,9.62020,0.98884
209.4317,1.55388,9.44063,1.25699
209.4516,1.80049,8.98092,1.25699
209.4914,1.92979,9.28739,0.12929
209.5065,1.33601,9.50288,0.18196
209.5113,1.20193,10.14215,1.36234
209.5336,0.61772,10.84128,0.52435
209.5512,1.52755,10.78621,1.52755
209.5727,2.11893,9.16768,-0.72547
209.5935,1.50121,10.16130,0.21788
209.6141,2.52357,9.68245,-1.22826
209.6335,2.15724,9.53400,-0.72547
209.6564,1.02475,9.60344,-2.30808
209.6714,1.82923,9.60104,-0.66321
209.6910,2.30808,9.48612,0.42618
209.7135,1.60177,9.19880,-0.49801
209.7332,1.44135,10.00089,-0.18675
209.7525,2.18358,8.88755,-0.34478
209.7877,1.10855,10.04877,1.29770
209.7914,0.60336,11.11901,0.26576
209.8112,2.60258,8.71995,-0.36393
209.8333,4.14210,7.28817,-0.98405
209.8514,1.08940,12.03363,2.94975
209.8715,-0.74462,10.67128,1.33840
209.9092,0.99602,9.43584,1.64966
209.9236,-0.31126,11.19323,1.47008
209.9308,-0.35196,9.74230,-0.28252
209.9530,1.04390,12.09348,1.83162
209.9711,0.20591,9.69681,-2.32005
209.9910,1.46769,6.39750,1.00081
210.0134,4.12055,4.23787,-1.92021
210.0311,-1.09179,13.36005,-4.41744
210.0539,-2.53314,12.58431,1.07264
210.0744,0.49083,9.64174,2.72708
210.0909,1.56346,8.31532,-2.40146
210.1113,1.64008,6.29455,2.85398
210.1334,2.32963,12.80458,-5.59542
210.1510,2.39188,9.32091,-1.50121
210.1712,1.17798,9.36640,2.37273
210.1997,-1.88669,9.53161,0.76138
210.2111,1.37671,10.43186,-3.39748
210.2320,3.00242,9.31133,0.56026
210.2546,3.09580,9.25387,-3.28255
210.2738,4.01999,3.87633,0.82602
210.2926,0.11493,12.07433,2.71511
210.3172,2.08062,14.03763,-1.19235
210.3347,0.49801,10.58509,0.44534
210.3513,1.03433,9.89314,-2.99524
210.3738,2.23865,8.49968,2.54511
210.3918,1.90824,9.98652,-1.88190
210.4136,1.23305,10.32172,-2.31526
210.4347,2.23865,9.77822,-1.94415
210.4526,2.63849,7.73590,-1.79092
210.4899,2.41582,10.22116,-2.04950
210.4947,3.39987,9.85723,-2.82046
210.5113,3.11016,10.06793,-2.03274
210.5325,2.01837,8.81333,-0.21070
210.5537,2.89228,9.70878,-1.54910
210.5729,2.53075,9.79019,0.10295
210.5912,1.55628,10.35763,-0.84997
210.6203,2.04711,9.99370,-0.81645
210.6326,2.02316,9.10782,0.65843
210.6515,1.29530,10.06074,0.42858
210.6747,2.02316,10.46298,-0.56265
210.6923,2.01598,9.89554,0.21548
210.7141,1.69275,10.17567,-0.74223
210.7354,2.74623,9.66808,-1.83162
210.7544,2.23865,10.05117,1.05109
210.7721,0.77335,9.82610,1.05109
210.7941,1.44614,9.58189,0.56744
210.8135,1.62092,8.90191,0.26098
210.8318,1.27854,9.47415,-0.23703
210.8544,1.90584,10.14694,-0.35675
210.8929,2.27696,9.38795,-0.99841
210.9148,2.55709,9.26105,-0.63688
210.9174,3.05749,10.09905,-1.53712
210.9318,1.94176,9.68484,-0.00239
210.9516,0.96250,10.23553,1.56346
210.9755,1.51318,10.02962,1.33361
210.9919,1.00560,9.63456,-0.71349
211.0131,1.65205,9.37598,-0.43097
211.0395,1.80049,9.40950,-0.89785
211.0518,2.64089,9.34725,-1.59459
211.0719,2.45413,9.76864,-0.91222
211.0941,2.88031,9.84765,-1.55628
211.1118,2.20513,10.35763,-1.57064
211.1356,1.45572,9.66569,1.20671
211.1857,1.92979,10.50129,0.09098
211.1858,0.72786,9.45499,-0.57463
211.1978,1.19474,9.30894,0.16281
211.2155,1.62571,9.35683,0.41182
211.2317,2.17879,8.89713,-1.86753
211.2517,2.40146,9.48372,-1.85796
211.2780,2.14048,10.51087,-2.20992
211.3107,1.46530,9.84047,-0.82363
211.3277,1.43656,9.94103,0.67758
211.3340,2.14766,9.53400,-0.79011
211.3515,1.29530,9.51245,0.35435
211.3718,2.20034,9.62259,1.30727
211.3941,1.58022,10.80057,0.52674
211.4130,0.87152,9.65850,0.81645
211.4444,2.40864,9.09346,1.26897
211.4594,2.29850,9.54358,0.96729
211.4721,1.61614,9.83089,0.32802
211.4921,0.94574,10.50847,1.87472
211.5147,0.52913,10.71199,0.52913
211.5321,1.33840,10.62340,0.90264
211.5537,2.50920,9.89075,0.64885
211.5760,1.60416,10.16370,-0.83081
211.5932,1.53234,10.60903,-0.85715
211.6116,2.27456,10.85325,1.29770
211.6340,1.66642,10.29778,-0.70392
211.6530,1.08940,9.16050,1.23305
211.6719,1.56825,9.55795,2.40385
211.6953,1.37192,9.71597,-0.67519
211.7142,2.40625,9.94103,-1.33601
211.7368,2.47568,9.94103,-1.72867
211.7550,0.87630,9.75428,-2.87313
211.7728,2.70553,9.39274,-1.64487
211.7932,2.31287,8.50446,-0.29450
211.8156,1.45332,9.10303,0.44294
211.8333,1.72148,10.57551,0.91461
211.8645,1.10137,9.25627,0.99123
211.8854,0.58660,10.34806,-1.56825
211.8952,1.87951,10.54439,-1.17319
211.9130,1.62332,10.44622,-1.81486
211.9352,1.33361,10.21877,-2.74863
211.9533,2.72468,10.27623,-1.17559
211.9733,1.35516,9.36161,-0.30647
212.0073,0.78772,10.76705,-1.38868
212.0267,0.05507,9.31373,2.17879
212.0380,1.18756,9.05515,1.94415
212.0564,1.55149,8.89713,-0.09098
212.0735,1.64726,8.98332,2.15245
212.0936,0.33041,9.62977,1.78852
212.1178,0.62012,10.52523,1.64487
212.1515,0.41182,9.48133,3.30170
212.1662,-0.12929,9.42387,1.83880
212.1779,0.39506,10.50847,1.39586
212.1954,-0.12211,9.91469,0.81405
212.2137,-0.54589,10.18764,0.00239
212.2355,0.48843,9.76864,0.50519
212.2536,0.33520,10.23313,-0.73744
212.2733,0.81166,10.33130,-2.20992
212.3040,1.51079,10.33848,-0.90504
212.3148,1.05109,10.32651,-2.37273
212.3335,1.41023,9.66569,-3.16763
212.3558,1.98485,10.13736,-1.90105
212.3746,1.39826,9.56513,0.93137
212.3938,1.10137,9.49569,1.79092
212.4208,0.22027,10.42228,1.73824
212.4328,-0.09817,9.40471,2.09020
212.4523,0.12450,10.41749,0.62251
212.4745,0.25379,10.05595,0.82124
212.4944,0.93616,10.15891,-0.03831
212.5134,0.67758,9.90512,-0.45012
212.5379,1.69515,8.61460,-0.48364
212.5550,0.50759,9.11740,-0.59139
212.5746,0.16999,9.98891,1.24263
212.5966,0.16520,8.50925,2.05189
212.6137,0.46688,7.38394,-0.54350
212.6339,-0.31365,8.07349,2.15964
212.6578,0.64645,8.09504,0.31844
212.6754,1.21869,7.42943,1.83162
212.6949,-1.01038,10.50368,2.12372
212.7269,-1.38389,9.88117,0.64167
212.7333,0.70631,9.34246,-0.55547
212.7535,1.41741,8.92825,-0.66082
212.7760,0.66321,9.81174,-1.40783
212.7930,1.05827,10.33848,-0.71589
212.8133,0.73744,10.68325,0.62251
212.8363,0.40463,10.71677,1.66642
212.8531,-0.62969,10.28820,1.26178
212.8733,-0.91701,9.71357,-0.00239
212.8956,-0.22985,12.31854,0.19872
212.9130,0.53871,10.10863,2.01359
212.9331,1.05588,12.78782,-3.16044
212.9562,1.28812,10.23074,-1.35277
212.9729,2.09738,9.73991,-2.45653
212.9978,0.70152,8.26982,0.32562
213.0154,0.53392,10.66410,-0.50280
213.0330,1.24263,8.47094,-0.06465
213.0535,1.04151,9.33049,-1.57783
213.0770,-0.19633,9.60104,0.51237
213.0978,-0.45731,10.08469,-0.50280
213.1225,0.56744,9.95300,-1.78613
213.1354,-0.52195,9.22993,-0.09577
213.1538,0.60336,10.20679,-2.74384
213.1738,0.66082,9.48133,-1.92021
213.1960,1.37671,10.03919,-3.63451
213.2136,1.24742,9.54119,-1.47248
213.2337,0.76377,9.77822,-1.55628
213.2560,1.57304,9.70400,-2.10457
213.2747,1.36953,9.55795,-2.32724
213.2937,0.64885,9.55795,-1.22347
213.3157,0.61054,10.53720,-1.41980
213.3346,0.70631,9.65132,0.41182
213.3552,0.10295,9.09106,-0.56744
213.3775,2.61694,7.18043,-0.15323
213.3947,1.30967,10.05595,-3.50282
213.4209,2.22428,6.52440,2.06386
213.4357,-1.37431,10.52284,-4.16125
213.4530,-1.01996,10.54199,-2.65286
213.4730,0.33999,9.72315,-3.10298
213.4957,1.27136,10.99212,-3.49085
213.5134,1.28333,9.10064,-1.68796
213.5334,1.27854,9.26345,-0.23464
213.5627,1.60177,9.41668,-0.04070
213.5730,1.17798,8.76305,0.48843
213.5930,0.25619,7.86759,1.27375
213.6155,-0.31365,16.64021,-4.78137
213.6335,1.25939,1.81007,3.67761
213.6547,0.13647,20.66259,-13.19724
213.6772,-1.48924,1.62092,7.89153
213.7006,2.22428,17.15019,-14.66014
213.7165,-1.20671,3.61775,4.66405
213.7365,0.85954,15.03844,-8.58826
213.7534,1.82683,6.67524,4.07745
213.7734,0.84039,14.67451,-3.30410
213.7958,0.08859,6.64651,-1.10855
213.8144,0.30407,10.92029,-0.81405
213.8438,-0.65124,8.85163,0.80687
213.8557,0.37590,10.25707,-0.69434
213.8730,0.33041,8.31053,1.79331
213.8930,0.44773,8.73431,-1.98007
213.9171,0.74462,8.29377,0.32083
213.9351,0.33759,8.86121,-0.97447
213.9547,-0.06465,9.79498,-0.09098
213.9877,0.35196,9.99131,-1.08461
213.9936,0.33520,9.86681,-0.46210
214.0137,-0.47167,10.60903,-0.36154
214.0373,0.47167,10.03201,0.00479
214.0546,0.13169,10.49889,-0.56265
214.0744,-0.21788,9.00008,1.13249
214.1143,-0.22267,9.44541,0.16520
214.1284,-0.23703,10.76227,0.29450
214.1332,1.20432,8.68882,-0.06225
214.1553,0.65364,9.19402,0.50998
214.1753,1.14925,9.02881,-0.26816
214.1946,0.35435,10.03680,-0.16999
214.2193,-0.37111,9.92666,0.18436
214.2566,-0.12211,9.93385,-1.11334
214.2566,0.87870,9.52921,-2.90186
214.2772,0.46449,8.93783,-3.08622
214.2936,1.26178,10.49411,-0.32802
214.3131,0.53871,10.70241,-0.51477
214.3353,0.92658,10.12778,-1.14686
214.3547,0.74941,9.41668,-0.65843
214.3923,-0.15563,8.90431,2.71750
214.4061,0.73265,10.45819,0.85476
214.4136,0.82363,10.18764,1.43417
214.4344,1.15165,10.84367,-1.91781
214.4564,1.09897,10.09187,0.28731
214.4739,-0.51237,10.60664,0.05267
214.4961,-0.84518,10.49171,3.09819
214.5210,-1.53712,11.17169,1.90105
214.5505,-0.22267,11.58350,-0.76377
214.5663,-0.62012,10.52044,-0.43576
214.5776,0.07901,8.60502,-0.11014
214.5950,-0.46210,10.35045,-0.22267
214.6143,-0.11732,9.73991,0.38069
214.6400,-0.14126,10.90353,-0.08859
214.6725,0.67758,10.87719,-1.83162
214.6770,0.11971,10.20201,-2.80609
214.6961,-1.12770,10.84606,2.03274
214.7139,2.07105,10.94662,-3.78774
214.7338,1.49403,10.62819,-2.95932
214.7562,0.18675,9.51964,-3.78535
214.7739,1.47008,10.44383,-1.75261
214.8122,0.79969,8.52122,-0.07422
214.8292,0.48364,10.88677,-0.83081
214.8349,0.46210,9.15810,0.89067
214.8534,0.07422,8.32010,-0.04310
214.8762,-0.40463,9.31852,0.23224
214.8941,-0.24661,8.13335,0.43097
214.9156,1.07024,9.89075,-1.41502
214.9396,0.79969,9.43105,-1.58022
214.9704,1.09658,10.55396,-2.11414
214.9746,1.07503,9.52682,-2.15964
214.9964,1.04630,10.65931,-1.90824
215.0155,0.23703,10.87001,-0.07901
215.0374,0.05746,10.42707,-1.34079
215.0596,0.33041,9.46936,0.16281
215.0878,-0.22027,9.80695,-1.16601
215.1062,0.32802,9.56513,-1.97767
215.1159,1.23066,10.40791,-2.05908
215.1351,2.76299,5.63612,-2.65764
215.1538,-1.73585,10.09666,0.58899
215.1762,-2.58582,10.75508,-0.87630
215.1942,2.13090,7.96575,-0.63688
215.2154,3.19636,6.21554,-5.16445
215.2475,3.49325,9.09824,-3.25382
215.2568,0.05507,9.45499,1.49642
215.2740,1.56107,9.62259,1.44614
215.2962,3.88112,10.21877,2.85637
215.3157,-2.93778,11.39196,7.25944
215.3371,-1.21869,9.18444,4.20914
215.3576,0.30407,7.53478,2.61934
215.3772,-0.49322,10.91550,-6.34722
215.3940,2.26020,9.12937,1.20671
215.4165,2.41822,7.89153,-5.00643
215.4335,-2.03034,10.42707,1.96809
215.4539,-0.58420,15.78545,-1.71191
215.4764,-0.05028,7.88435,1.90584
215.4942,4.12055,12.23953,-1.45572
215.5239,-3.29692,9.69681,2.17879
215.5357,-3.02157,12.15334,1.34319
215.5537,2.16682,7.96575,-2.22907
215.5755,0.58660,8.93783,-5.11417
215.5971,-0.43336,8.12377,-2.82285
215.6169,1.19235,10.18524,-4.93939
215.6353,1.38629,9.50288,-3.08143
215.6652,0.38787,10.21637,-4.65926
215.6770,2.08302,10.07750,-3.18199
215.6969,-0.05267,12.05757,-2.02795
215.7164,-0.15802,10.23553,0.54350
215.7339,0.06943,10.79578,-2.61694
215.7540,0.35675,9.79019,-1.87711
215.7774,0.97208,11.26267,-1.01757
215.8100,-1.61853,10.63537,0.41900
215.8135,-1.83162,10.43186,-0.95053
215.8362,-1.39107,10.41749,-0.04549
215.8537,0.90025,9.89554,-2.35357
215.8753,1.55149,11.35365,-3.48846
215.8965,0.78772,10.70720,-2.26020
215.9154,-0.16999,11.28422,-2.78454
215.9503,0.19633,9.10543,-0.29928
215.9562,-0.58420,9.69202,-0.75420
215.9765,0.64645,7.92984,-0.41421
215.9944,0.88349,9.88836,-0.01437
216.0176,1.57304,9.20120,-0.15802
216.0366,1.36713,7.96815,1.17319
216.0706,0.80448,10.10623,0.15084
216.0849,-1.30009,10.01765,1.09418
216.0964,-1.38150,10.44143,0.76856
216.1162,1.70712,11.43506,0.18196
216.1371,1.88908,8.07589,0.67040
216.1544,2.50441,9.21556,0.26337
216.1749,1.13249,8.96416,-0.37351
216.1994,0.63688,9.44541,2.47329
216.2420,0.28252,11.65772,0.89785
216.2421,0.82363,8.93304,2.55230
216.2586,0.45491,10.48932,-2.85398
216.2763,-0.30407,10.15172,0.27774
216.2974,0.76377,9.49809,-0.26816
216.3169,0.14845,8.12377,0.62012
216.3442,0.23943,8.96416,-3.00003
216.3564,0.83321,9.31852,-0.74701
216.3785,0.31126,11.17408,-1.49882
216.3958,-2.62413,11.56914,-1.16841
216.4160,0.50998,7.10860,1.03672
216.4384,1.06545,9.70639,-2.47089
216.4555,-1.91781,10.13736,0.30407
216.4937,-1.23066,11.44703,-1.77655
216.5098,1.59459,7.17325,-0.30407
216.5163,-0.79969,11.31055,-2.53793
216.5344,0.67040,9.03120,3.88591
216.5567,-0.01676,11.59547,-2.84200
216.5746,-1.86753,10.31693,1.37910
216.5962,0.78772,10.34087,-2.88510
216.6199,2.73666,7.55154,-0.50998
216.6376,1.06306,7.61379,-0.11493
216.6554,1.35995,11.19323,-4.03435
216.6774,1.35995,10.65213,-0.06704
216.6946,-1.34798,12.49572,1.12052
216.7170,-1.59459,11.97856,0.94574
216.7390,0.51956,10.24510,1.74064
216.7823,0.36632,11.19323,1.05827
216.7823,-0.70631,8.98332,-0.79250
216.7982,1.42938,10.84367,-0.74701
216.8144,4.11097,8.30574,-2.85158
216.8340,2.36554,9.15571,-0.57223
216.8568,0.58899,8.32489,1.03193
216.8756,-0.46210,9.00966,2.59300
216.9033,0.29689,8.92346,1.18038
216.9236,0.80448,9.07909,1.13010
216.9344,-0.65843,12.38080,-1.97288
216.9557,1.70472,5.42543,-3.16523
216.9769,1.42938,10.20919,-5.43022
216.9945,3.71352,3.60099,-6.59383
217.0145,3.34001,6.85481,-2.05429
217.0582,4.20674,11.46139,3.07185
217.0584,-2.44216,9.03599,5.29135
217.0773,-1.59219,10.38397,3.06228
217.0969,-0.95532,9.83089,1.70472
217.1147,0.38069,8.53320,-0.07901
217.1349,1.97049,6.33525,-0.80687
217.1573,3.20833,13.09668,-1.20911
217.1942,-0.77096,2.91383,9.97934
217.2146,-0.32802,17.36807,-2.84679
217.2200,-0.71589,3.32086,11.59547
217.2342,1.31685,16.60669,-9.83329
217.2542,-0.25858,5.05671,0.36872
217.2783,2.34400,13.39836,-9.42387
217.2943,-0.05267,5.73908,-3.29452
217.3324,2.89468,12.85486,-8.85163
217.3474,1.94415,7.58027,0.27055
217.3541,0.77335,13.01767,-0.44055
217.3745,0.52913,9.28739,1.79810
217.3966,0.84039,9.03120,-0.21548
217.4154,1.01996,9.77343,0.85954
217.4342,-0.16999,10.84606,0.24900
217.4579,-0.72068,10.38636,1.67839
217.4762,0.07183,10.32890,-1.29291
217.4941,0.96729,11.09507,-1.11094
217.5163,0.08380,9.56752,-1.04869
217.5358,0.38308,10.58748,-0.96010
217.5563,-0.49322,9.68484,-0.96250
217.5789,0.55547,9.43105,-1.27136
217.5956,0.12211,8.28658,-0.77335
217.6342,0.33280,9.73752,-1.34558
217.6369,0.19633,9.36640,-0.79490
217.6554,0.89306,9.85962,-0.73265
217.6741,0.05746,9.15092,-0.52435
217.6972,0.96729,10.39115,-1.25460
217.7156,1.55628,9.79498,-1.86993
217.7461,0.93377,10.71438,0.25858
217.7696,1.08221,8.27461,-0.64406
217.7743,0.43815,10.06793,-0.18675
217.7960,0.55308,9.12698,-1.21629
217.8181,0.18196,10.06314,-0.37351
217.8353,0.51716,9.51245,-0.65124
217.8557,1.07982,9.42626,-0.75420
217.8933,1.87472,8.53798,-0.54589
217.9051,0.81166,10.41270,-0.05507
217.9137,0.69913,9.52682,-0.70152
217.9365,2.10457,10.95141,-2.15724
217.9555,0.53632,9.22275,-0.14845
217.9781,-0.28492,11.60026,0.32802
218.0002,0.45491,8.77741,1.40305
218.0338,0.49322,11.17408,-0.04070
218.0480,0.67040,8.56193,-2.15006
218.0578,1.08221,10.31454,-0.76138
218.0738,-0.38787,10.05835,1.12531
218.0941,0.17718,11.30816,-0.19633
218.1166,0.44534,9.41668,-1.52276
218.1341,0.70392,10.62579,-0.88349
218.1564,0.41182,9.91709,0.47885
218.1905,-0.38308,9.67526,-0.21788
218.1962,0.75180,9.46457,0.35914
218.2151,0.20830,9.90751,-0.65843
218.2393,0.00000,10.62579,0.22985
218.2574,0.89067,9.76385,-0.74941
218.2766,1.19714,9.46457,-1.02714
218.3087,0.29450,9.70160,-1.53234
218.3229,0.22267,9.97694,0.83800
218.3354,-0.63688,9.49091,0.13408
218.3576,0.37111,10.54439,0.59139
218.3755,0.04549,8.52362,-0.56026
218.3954,0.27055,9.95779,-0.28013
218.4178,-0.21309,9.94821,-1.22826
218.4457,0.40224,10.59706,-0.96489
218.4600,0.57463,9.02163,-0.42858
218.4772,1.16122,9.53161,-0.30647
218.4962,0.35675,8.66009,-0.54111
218.5155,0.84757,10.30496,-0.40463
218.5377,1.80528,9.81174,-0.76856
218.5556,0.68955,10.08947,0.76377
218.5789,0.69673,10.56115,0.06943
218.6093,-0.03591,9.97215,-0.09577
218.6169,0.33520,10.22595,0.25619
218.6369,0.21548,9.52203,-0.05028
218.6605,0.47885,9.77343,-1.41980
218.6783,0.19154,9.57231,-0.49801
218.6987,0.96968,9.91230,-1.69275
218.7211,1.08700,9.66808,-0.49801
218.7379,0.53871,10.05356,-1.25939
218.7576,0.43336,9.58907,-0.33280
218.7797,0.31126,10.45101,-1.66402
218.7971,0.45252,10.19482,-0.67997
218.8203,0.67758,9.87399,-1.80049
218.8441,0.97208,10.13257,-1.72867
218.8753,0.79490,9.43823,-1.99683
218.8979,1.08221,10.68325,-1.09658
218.9001,1.04151,9.76625,0.21788
218.9188,0.17718,10.30975,0.04789
218.9391,0.22027,9.25387,0.50759
218.9605,-0.61054,10.57072,0.17718
218.9804,0.40703,9.44302,0.74701
218.9985,0.66561,10.46298,0.41182
219.0257,0.61293,9.41189,0.59139
219.0455,-0.21309,9.22993,0.30647
219.0569,0.95053,9.72794,0.68476
219.0801,0.23703,8.60502,1.58262
219.0978,0.23703,10.60664,0.44534
219.1180,-0.22267,9.21796,1.19714
219.1415,0.27534,9.48851,1.52994
219.1604,0.80448,9.33288,-0.76617
219.1814,0.20112,9.28979,-1.12052
219.2005,1.19714,9.43584,-0.90264
219.2180,-0.14126,8.94980,-0.36154
219.2399,0.68476,9.83568,0.75899
219.2623,1.05109,8.87558,-1.49882
219.2976,1.02714,9.75906,-0.47885
219.3099,0.50998,9.88357,-0.92898
219.3213,0.46449,9.42626,-1.48206
219.3389,0.66321,10.09666,-0.25379
219.3578,0.20351,10.14215,-0.92180
219.3803,0.23703,10.53481,-0.68237
219.4005,0.79729,8.10462,-0.20591
219.4231,0.83321,9.57710,-0.99123
219.4421,0.91701,8.95219,-1.24981
219.4584,1.38868,10.36960,-2.31287
219.4787,1.17319,9.94821,-1.35755
219.5018,0.68955,9.86681,-0.92658
219.5214,0.58660,10.73593,-0.80926
219.5402,0.17718,10.70001,-0.40463
219.5623,0.81884,10.40312,-1.04390
219.5959,-0.31604,10.06074,-0.13408
219.6000,1.03193,9.50527,-0.18196
219.6212,0.90982,10.58270,-0.63209
219.6385,-0.29210,10.24750,2.81088
219.6586,0.33041,8.61460,2.06626
219.6824,0.90264,8.89713,1.40305
219.7026,0.38548,10.05117,1.64008
219.7359,0.33280,8.86839,1.91781
219.7409,-0.05986,9.34007,0.99841
219.7589,-0.35196,8.81093,1.88429
219.7784,0.07422,10.60424,1.10855
219.8025,-0.30168,10.92268,3.28016
219.8203,0.88109,10.51326,-1.28333
219.8405,1.24023,10.00328,0.69673
219.8806,-0.95771,10.98493,0.27774
219.8808,0.76138,8.70798,0.45252
219.8989,1.27854,9.66569,-1.56107
219.9210,-0.57941,10.21877,0.44773
219.9389,-0.09577,9.76146,-1.87472
219.9610,0.84757,9.36880,-0.84997
219.9915,0.39506,9.03120,0.96968
220.0068,0.73983,9.79258,-0.49322
220.0193,-0.41182,10.77903,-0.22985
220.0419,-0.23703,9.39992,-0.01197
220.0591,0.39266,8.59784,0.80448
220.0792,-0.66082,10.19961,-0.34717
220.1011,-0.02394,8.66727,-0.22267
220.1301,-0.00718,9.89314,1.38629
220.1396,-0.18675,9.55555,2.27935
220.1615,0.69434,9.19880,0.56744
220.1789,1.07024,8.64333,-0.34238
220.1993,-0.01676,9.50288,-0.82602
220.2234,-0.02155,9.31133,1.54910
220.2401,0.50759,11.09746,-1.30009
220.2618,0.12690,11.32013,-2.41822
220.2930,-0.55787,11.88279,-0.17239
220.2995,-0.60336,9.25627,-3.05509
220.3194,1.24502,10.92268,-1.06306
220.3417,1.30727,9.61301,-0.98165
220.3597,0.16281,9.75428,-0.48364
220.3797,-0.06225,10.55875,-0.29928
220.4055,0.00000,8.70319,-0.15084
220.4214,-0.26576,9.62498,0.70152
220.4400,0.90743,8.97374,0.57223
220.4653,0.52674,10.14694,-0.03113
220.4804,0.74223,9.29936,0.18436
220.5004,0.02634,9.21078,0.62969
220.5226,-0.88109,9.90033,1.02236
220.5508,0.24900,10.38636,0.43815
220.5673,0.16281,9.53400,-0.28971
220.5833,0.21788,11.59308,-1.91063
220.6006,-0.31604,10.06074,1.70472
220.6202,-0.16042,9.96018,-1.17559
220.6428,1.80528,7.71196,0.12690
220.6604,1.08700,10.99451,-0.03831
220.6817,0.83081,8.73192,0.15084
220.7166,0.62969,10.60903,-2.21949
220.7204,0.26337,8.68164,0.99362
220.7411,-0.05267,9.37598,1.40305
220.7630,-0.48843,9.67287,0.49561
220.7803,-0.29689,10.68325,0.25379
220.8022,0.31604,9.45978,0.40224
220.8424,0.30886,8.83009,0.56744
220.8424,0.35435,8.09744,-0.01676
220.8617,0.36154,9.26824,-0.04549
220.8833,0.66321,8.76544,1.20671
220.9002,0.23464,9.60822,1.74303
220.9226,0.22267,10.27144,1.60656
220.9458,-0.63927,10.66889,0.18915
220.9828,-0.83560,10.17088,0.45252
220.9829,-0.00479,10.81015,-0.55787
221.0027,0.38069,9.67766,1.06545
221.0203,0.44294,9.38556,-0.14605
221.0410,1.31685,9.41668,-0.67279
221.0627,0.57702,8.72953,-0.42618
221.0810,0.76138,9.50048,-1.35037
221.1093,0.47167,9.99849,0.39506
221.1228,0.68955,10.16130,-1.25939
221.1403,0.68716,10.20440,-0.89546
221.1620,0.24182,9.61062,-0.26576
221.1865,1.02954,9.28979,1.60416
221.2040,-0.45491,10.11581,4.23068
221.2242,-0.62251,10.65452,2.99763
221.2723,0.25858,9.31373,0.46449
221.2723,-0.08859,10.41510,-1.45332
221.2862,0.56744,10.48932,0.38787
221.3035,0.79729,10.19722,-0.70152
221.3212,0.11253,10.53720,-0.57702
221.3429,0.80448,8.59066,-1.68796
221.3636,0.73504,10.05117,-0.01437
221.3901,0.01437,10.98972,0.96968
221.4062,-0.01676,8.96656,-0.43336
221.4237,0.32323,9.05515,-0.21309
221.4412,0.60096,9.04796,-0.07183
221.4616,0.72068,8.65051,0.66082
221.4857,0.03113,10.29538,-0.12690
221.5016,0.61533,10.20201,0.75420
221.5412,0.83081,9.99370,-0.07662
221.5450,0.22985,9.62498,0.43336
221.5649,0.58181,10.81494,0.62730
221.5825,0.57223,10.05356,0.94095
221.6035,0.11732,9.71357,-0.12211
221.6213,-0.03352,9.44302,-0.08141
221.6415,0.21070,9.49330,0.39984
221.6656,0.68237,8.41827,2.27935
221.6873,-0.01915,8.90191,1.81725
221.7012,-0.44055,11.00648,0.80687
221.7233,-0.38787,9.70639,-0.24900
221.7410,0.06225,9.45499,-0.33041
221.7615,-0.01676,10.54918,0.59378
221.7837,0.59139,8.84685,2.95693
221.8029,0.32562,9.53400,0.91940
221.8246,-0.32083,9.89793,0.21309
221.8436,-0.29689,9.70639,1.53952
221.8612,0.03831,9.53161,0.50759
221.8812,0.61772,9.53640,-1.67120
221.9035,0.70152,8.35602,-0.44534
221.9217,-0.38069,9.89314,0.26576
221.9583,0.12450,9.00966,0.49561
221.9770,0.54350,8.80854,2.24104
221.9818,0.18436,10.40791,1.35755
222.0014,-0.67519,10.88437,1.73345
222.0232,-0.51237,9.84047,1.73345
222.0412,-0.31604,10.13018,1.38150
222.0613,0.59857,9.34964,0.93616
222.0857,0.21309,10.08469,1.19953
222.1063,0.62012,9.43584,1.25460
222.1222,0.98165,10.34087,-0.07662
222.1433,0.96729,10.02004,-0.24422
222.1615,-0.33041,10.23553,0.23943
222.1811,-0.26576,11.41111,1.54910
222.2051,-0.44534,10.62819,1.13728
222.2402,-0.07422,10.01765,-0.38069
222.2563,0.58660,9.88357,2.28414
222.2651,1.55628,8.15729,1.07024
222.2812,1.09658,9.48372,0.81884
222.3010,0.11014,10.15412,0.90264
222.3234,-0.51237,10.28341,0.54350
222.3412,0.14605,9.89793,0.00000
222.3613,0.53632,9.39274,-0.73025
222.3900,0.56026,8.49728,0.16281
222.4006,1.32643,8.53798,0.23464
222.4210,0.91940,10.27862,-1.98725
222.4449,0.37111,9.15571,0.39266
222.4613,0.50759,9.45739,0.57463
222.4820,0.69673,10.34566,0.89067
222.5062,-0.84757,10.25707,-0.80687
222.5242,-0.25619,10.69044,-0.63927
222.5412,1.72627,8.59305,0.06943
222.5623,1.58262,8.53798,0.44773
222.5813,-0.17957,10.15891,1.65444
222.6000,-0.21070,10.76705,2.69595
222.6223,-0.60336,10.66889,1.61374
222.6471,-0.69195,10.30017,2.65046
222.6599,-0.64645,10.87480,1.59698
222.6821,-0.01437,10.86282,1.14925
222.7001,0.54350,9.44541,-0.86912
222.7228,1.52276,9.86441,0.05267
222.7436,1.60656,9.35683,-1.84120
222.7617,0.67279,9.33767,-0.66321
222.7808,-0.35196,9.84765,-1.21150
222.8029,0.75659,9.21796,-1.26178
222.8216,0.80208,9.98173,0.03591
222.8404,0.92419,9.51006,-1.13967
222.8646,0.66321,9.36161,-4.09660
222.8819,0.84039,10.02243,-2.24344
222.9049,0.06225,11.17408,0.54111
222.9422,0.25140,10.64734,0.26337
222.9433,0.51477,11.09746,0.08859
222.9650,-0.07901,10.05595,1.07264
222.9861,0.90504,10.24271,2.12612
223.0021,-0.67519,10.80297,2.01598
223.0241,-0.47167,10.32411,1.76458
223.0463,-0.28492,8.95698,-0.31126
223.0761,0.11971,8.92107,-0.96968
223.0918,0.45731,9.50527,-0.98405
223.1043,0.50759,8.72234,-1.37431
223.1239,1.33601,9.50527,-1.47487
223.1455,1.49882,9.28500,-0.78772
223.1689,1.34079,10.81494,-2.80609
223.1853,-0.54829,9.68724,1.32403
223.2204,-1.38389,11.75589,3.13171
223.2384,-0.60575,8.19560,3.16284
223.2445,0.39027,10.28341,0.69673
223.2651,0.79250,9.90512,0.64167
223.2842,0.88349,10.62819,-0.99602
223.3017,0.96010,10.24750,-1.75740
223.3237,-0.05746,8.68403,0.24422
223.3545,0.54350,10.33130,-0.44294
223.3620,0.13887,9.15571,2.55469
223.3831,0.09577,9.46696,0.25619
223.4056,0.82124,9.63456,1.60177
223.4237,0.52195,9.72794,1.83162
223.4419,0.19633,9.30176,0.64406
223.4661,0.52913,9.37837,-1.38629
223.4821,-0.06943,9.32809,1.93218
223.5064,0.31365,10.23792,0.64167
223.5245,0.54111,10.45340,-0.97926
223.5415,-0.13169,10.12060,-0.03352
223.5617,0.73025,10.65213,-0.21070
223.5862,1.35516,8.54756,-2.22428
223.6039,0.36154,10.40073,-0.23703
223.6353,0.54111,8.54277,0.21548
223.6513,0.69195,9.34725,1.01996
223.6663,1.13249,8.69361,-0.29689
223.6817,0.46449,9.17247,-0.78053
223.7037,0.34956,10.44862,0.10535
223.7243,1.28812,10.33369,-1.82204
223.7432,0.39027,11.04000,-0.34956
223.7641,1.17559,8.45418,-0.89306
223.7893,2.02795,9.24908,-0.38308
223.8014,0.47167,9.69681,0.45970
223.8239,0.15084,9.47175,1.72627
223.8415,-0.82602,9.95300,2.29372
223.8630,0.95771,9.34725,3.05270
223.8854,-0.47407,9.82850,1.84359
223.9052,-0.98405,11.20521,1.78852
223.9377,1.38389,9.54119,-0.25619
223.9461,0.42858,9.50048,-0.44773
223.9615,1.21390,8.55953,-0.89546
223.9814,1.31206,10.26665,1.53234
224.0058,0.95532,9.50767,-0.76138
224.0232,-0.29928,9.48133,0.56984
224.0433,-0.76138,10.29299,0.59617
224.0648,-0.57463,10.77424,0.74941
224.0836,1.26178,9.86681,-1.50360
224.1016,1.40544,8.97135,-1.17319
224.1243,1.52515,8.13335,-0.05028
224.1419,1.22108,8.56911,0.71828
224.1620,0.15084,10.16370,-0.03113
224.1970,1.10137,9.09585,0.40224
224.2115,-0.31126,10.16609,2.26020
224.2227,-0.29689,10.29778,0.03352
224.2454,1.27136,9.26105,1.71670
224.2643,0.36632,9.78061,2.55230
224.2816,-0.67758,10.91789,2.29611
224.3073,-0.97447,10.11102,1.82204
224.3423,-0.53392,10.49889,1.83880
224.3438,-0.06225,9.18444,-0.07901
224.3642,0.06943,9.45260,-1.59938
224.3814,0.09817,10.31932,-1.65444
224.4035,1.32643,9.84047,-1.19474
224.4243,1.94415,7.60901,-0.20351
224.4419,0.90982,9.54358,-0.13647
224.4654,1.59698,8.50925,0.83081
224.5040,1.29291,10.24031,-1.09897
224.5042,-0.71110,10.34087,3.08861
224.5217,-0.92419,10.99451,1.60656
224.5441,0.15323,10.73353,2.18118
224.5627,-0.46928,10.16130,-0.14605
224.5850,-0.18675,9.16289,-0.66800
224.6326,0.50998,8.85882,-1.56586
224.6329,0.12450,9.96258,-0.80687
224.6470,-0.44773,9.82131,-0.32083
224.6651,-0.04549,9.39753,0.96010
224.6817,1.75500,10.33130,-2.09499
224.7018,1.05827,11.17647,-2.55469
224.7253,0.35675,10.92029,0.25140
224.7524,0.43336,10.71917,-0.12690
224.7645,0.43815,9.95539,0.73025
224.7838,-0.16042,9.90751,0.75180
224.8030,0.05507,8.78220,0.68237
224.8215,-0.64406,10.15172,1.91063
224.8436,-0.39745,9.45260,0.73983
224.8630,0.17239,9.05994,0.75180
224.8836,0.83321,9.45739,0.17957
224.9144,0.30168,10.39355,-1.28094
224.9211,-0.05986,10.02483,-1.35995
224.9424,0.28971,9.92427,-0.23224
224.9645,-0.05986,10.94423,-1.61374
224.9824,1.01278,9.10303,-2.05908
225.0040,0.72547,9.69921,-1.58022
225.0339,0.03352,8.83487,-0.96729
225.0450,0.34956,9.89075,-1.36713
225.0623,0.35196,10.48453,0.59617
225.0846,0.21788,10.58988,-1.10615
225.1025,1.01278,9.04557,-0.02394
225.1225,-0.36154,10.23792,-0.38069
225.1449,0.03591,9.07430,-0.61533
225.1832,-0.27055,9.74230,0.22027
225.1836,0.17718,9.75667,-0.90264
225.2071,0.49561,8.31532,0.78293
225.2223,0.40703,9.72315,0.60336
225.2422,0.00000,9.93863,1.01278
225.2646,-0.73025,10.41031,1.12531
225.2824,0.96729,8.94262,0.17239
225.3163,0.80448,8.57390,-0.05267
225.3376,0.30168,10.02483,-0.72786
225.3430,1.24981,8.01603,-1.14446
225.3624,0.81645,8.95219,-1.82923
225.3846,1.06785,9.03360,-1.01517
225.4021,0.81166,8.11420,0.12211
225.4236,0.55068,8.69361,1.72867
225.4463,0.49801,9.19402,1.46290
225.4659,-0.47167,10.01525,0.76617
225.4831,-0.33280,9.07909,-0.37830
225.5044,0.18915,9.44063,1.97049
225.5220,0.15323,10.00807,1.70951
225.5424,-0.37111,9.92188,1.90824
225.5645,-0.30886,11.16690,0.54589
225.5908,0.22746,9.08148,0.98884
225.6058,0.39027,9.15571,1.51079
225.6244,-0.03831,10.69044,1.07264
225.6420,0.02634,10.28341,1.36953
225.6637,-0.20591,9.76625,2.29372
225.6880,-0.44055,10.86761,1.67599
225.7056,-0.15323,8.98092,0.95292
225.7538,0.60575,9.58668,-1.67839
225.7539,0.60336,9.23951,-1.79092
225.7679,0.29928,8.36320,0.24182
225.7816,0.45731,9.52203,0.66082
225.8046,-0.19872,8.84445,0.61293
225.8222,0.68237,11.90673,-0.44294
225.8421,-0.02873,9.74709,-0.61533
225.8645,1.01996,9.14852,-0.69434
225.8897,0.42379,8.38475,1.49642
225.9015,0.06943,8.44221,1.40544
225.9261,0.04549,8.31292,1.59219
225.9421,0.02155,7.87477,0.92658
225.9637,0.56505,8.68403,-0.80926
225.9843,0.78053,9.11022,1.35755
226.0163,-0.33520,13.07035,0.49801
226.0340,-0.45970,10.35045,3.19396
226.0442,-0.30647,10.81733,1.83880
226.0620,-0.88588,11.94264,-0.75420
226.0818,0.93856,13.24513,-1.43656
226.1043,-0.28252,11.14774,0.32323
226.1235,0.29450,10.03441,0.53153
226.1445,1.20193,9.17486,2.77736
226.1755,0.90982,11.54280,-0.33280
226.1818,-0.58420,11.08310,3.32086
226.2025,0.35435,9.77343,2.36554
226.2243,1.31685,9.80934,0.42858
226.2458,-0.82363,10.14933,1.12531
226.2658,-1.16601,10.02962,2.43019
226.3035,0.64406,8.48770,-0.07662
226.3037,0.26098,8.72953,-0.42379
226.3229,-0.12690,10.47016,-1.68078
226.3444,0.32323,8.72234,-2.37991
226.3620,0.94334,8.34405,-1.26178
226.3839,1.18038,8.38236,-0.18436
226.4081,0.89546,8.65530,-2.87313
226.4236,0.51477,9.10303,0.28731
226.4585,0.11014,9.09585,-0.00239
226.4664,0.10295,8.91389,1.49642
226.4825,-0.67519,9.86202,0.89067
226.5038,-0.66082,9.51964,0.79729
226.5258,-0.15323,8.96656,-0.09098
226.5433,0.71349,9.50767,-0.62491
226.5632,0.79011,8.90670,-0.27055
226.5938,0.43576,9.84286,-0.73504
226.6028,0.60336,10.54199,-0.64406
226.6220,-0.20112,10.67847,-0.64406
226.6441,0.13887,9.75428,0.94574
226.6621,0.44773,10.37918,-0.18436
226.6857,0.43097,10.59467,-1.20671
226.7232,0.38308,10.46298,-0.61054
226.7365,0.33759,9.56752,1.47487
226.7420,0.05267,9.82850,1.62092
226.7641,0.12690,11.53322,1.03912
226.7818,-0.26576,10.34806,1.97528
226.8020,-0.96729,10.10623,2.20992
226.8260,0.20830,7.54197,0.41900
226.8436,-0.19394,8.74389,1.49642
226.8714,0.17957,9.87638,1.87232
226.8890,-0.50519,10.20201,0.36154
226.9026,1.01038,10.18285,-2.31048
226.9225,0.60575,10.05356,-2.42061
226.9451,-0.23464,10.88916,-0.39745
226.9628,-0.42618,11.31055,0.62251
226.9911,0.53871,7.94660,-0.49083
227.0060,0.69195,8.72953,1.38868
227.0228,-0.20112,8.98092,-1.87711
227.0440,-0.15802,9.62020,-1.58501
227.0655,0.28492,9.99131,-1.90105
227.0829,0.29928,9.72076,-2.54990
227.1034,0.63209,9.69202,-2.55948
227.1298,0.73744,9.20599,-2.83482
227.1477,0.81166,9.23711,-1.07503
227.1637,-0.10774,10.17327,-1.09897
227.1853,-0.41900,9.65611,-0.87630
227.2045,0.50998,9.21317,0.63927
227.2256,0.83321,8.61939,0.01437
227.2451,-0.13169,10.82212,-0.48604
227.2716,0.37111,10.38158,-0.93856
227.2915,0.11971,9.07191,-0.30168
227.3049,-0.44773,9.19402,1.17559
227.3226,0.63927,10.15412,-1.92021
227.3425,0.34717,9.24669,-2.10457
227.3651,-0.01197,10.90592,0.08380
227.3835,0.49322,8.79178,-0.89785
227.4079,0.64167,8.83009,-0.99841
227.4403,0.67040,9.24430,-0.50519
227.4445,-0.03831,8.23870,1.17080
227.4629,-0.32323,11.34168,0.40463
227.4853,-0.24182,8.60023,0.59139
227.5032,-0.08859,10.46059,-0.72307
227.5231,0.08380,9.68245,-0.67758
227.5454,0.07662,10.29778,-0.49322
227.5777,-0.05028,9.45739,-0.21548
227.5838,-0.10535,10.18764,-1.25221
227.6056,0.31126,8.54277,0.26576
227.6261,-0.10295,10.72635,0.02634
227.6473,0.18436,9.22993,-0.28492
227.6684,-0.19633,10.36242,0.72068
227.7022,-0.19633,9.92666,0.14366
227.7155,-0.13408,9.70878,-0.13647
227.7257,-0.56505,8.72474,0.09338
227.7424,0.47167,10.02962,-0.58181
227.7624,0.58899,10.38158,-1.49882
227.7854,0.85954,9.41668,-1.00799
227.8027,0.73983,10.40791,-0.92419
227.8257,0.50280,8.60981,0.73265
227.8580,0.27774,10.47495,0.20351
227.8623,0.51716,10.74311,0.95771
227.8875,0.40224,10.89634,0.83081
227.9051,0.94813,9.47893,1.24502
227.9238,0.65124,10.43186,2.19076
227.9441,-0.33999,10.62819,1.75740
227.9660,0.75180,9.36640,0.07183
227.9895,0.81405,9.28260,1.25699
228.0028,-0.26098,8.86839,1.45093
228.0244,-0.26816,9.22514,2.15006
228.0424,0.31844,9.27063,0.16999
228.0625,0.64645,9.36401,-0.31126
228.0884,-0.25858,10.57312,1.25939
228.1230,-0.47167,9.45739,0.98165
228.1412,0.20112,10.35284,1.80289
228.1450,-0.59378,9.75906,2.69356
228.1639,-1.38868,10.47016,1.93697
228.1824,-0.02634,9.37837,0.21548
228.2062,-0.26576,8.88755,1.69994
228.2241,0.31604,11.87081,-0.09098
228.2445,1.14207,9.35922,-0.56026
228.2774,0.71110,9.83089,-0.79250
228.2826,0.25140,8.82769,-1.02475
228.3024,-0.23943,11.09507,-0.57941
228.3250,0.47646,9.91230,-1.78134
228.3431,2.00401,8.32968,-2.37751
228.3632,0.90743,7.75506,0.14366
228.3867,0.62012,10.55157,-0.63927
228.4039,0.54589,9.90751,1.38150
228.4230,0.45491,8.62418,0.77335
228.4444,0.30886,8.15251,0.39027
228.4657,-0.05267,11.64815,0.51716
228.4834,0.72307,11.51646,-0.23224
228.5056,0.24422,9.94342,-0.08619
228.5267,0.59139,8.03519,2.09260
228.5619,0.89306,10.20919,1.72148
228.5663,1.30967,12.67768,-0.39984
228.5836,-0.53392,9.68484,4.21392
228.6033,-2.01119,8.88994,1.00799
228.6257,-1.80289,10.92508,2.56427
228.6433,-1.17080,9.89793,1.59219
228.6825,-0.85476,11.33929,-1.53234
228.6999,-1.28333,8.95219,2.98087
228.7045,0.16999,10.18524,-1.10615
228.7278,0.35435,9.45739,-0.91940
228.7469,0.56744,9.20838,-0.92658
228.7644,0.53871,9.81892,-2.18358
228.7891,1.45572,9.36161,-0.09577
228.8279,0.17957,9.70160,-1.41502
228.8432,-0.17957,10.35763,1.05588
228.8475,-0.14605,10.40312,1.30249
228.8765,-0.05746,9.69202,-0.78293
228.8854,0.36872,10.44862,0.64167
228.9056,0.01437,9.91709,0.65364
228.9280,0.50040,9.02402,0.82602
228.9458,0.21309,10.24271,0.31844
228.9768,0.65603,9.46936,-1.21629
228.9878,1.32643,9.77822,-1.07264
229.0069,-0.11253,9.65850,2.34639
229.0253,-0.24900,9.57231,1.75021
229.0493,0.32083,9.91948,1.27854
229.0670,0.34717,8.83009,2.08541
229.1078,0.85236,8.20039,2.32484
229.1220,1.02954,8.69601,1.36953
229.1278,0.08141,10.30496,1.90345
229.1461,-0.12450,9.96258,2.20513
229.1689,-0.80448,10.29538,2.65525
229.1865,-0.81884,9.28979,1.06306
229.2062,-0.21070,9.41668,-0.65843
229.2286,-0.30886,9.97934,1.20432
229.2481,0.28252,9.25627,0.28971
229.2674,0.90025,10.45580,-0.14605
229.2890,1.13249,9.56513,-0.42858
229.3064,0.16042,10.30017,-0.62969
229.3282,0.23224,11.18126,0.63688
229.3501,0.20830,10.54678,1.28573
229.3681,-0.17718,10.23074,1.22587
229.3968,-0.13408,10.58030,1.74064
229.4096,0.79250,9.52203,0.59617
229.4260,0.22506,9.78780,2.08781
229.4476,0.96968,10.44143,1.49403
229.4690,0.78053,10.15651,1.90824
229.4876,-0.14845,9.68484,1.06066
229.5241,-0.16520,8.80614,-0.02155
229.5390,-0.47885,9.83089,-0.02873
229.5463,0.46688,9.88357,-1.47008
229.5670,1.02714,9.22514,-1.39107
229.5890,-0.28971,9.46457,-0.90264
229.6065,-0.15084,10.92029,-0.71828
229.6280,0.76138,10.04638,0.87391
229.6519,-0.11493,10.06553,-1.58262
229.6718,0.15084,10.45819,-0.20591
229.6861,0.12211,10.05595,0.05028
229.7083,0.16042,9.10782,-1.24981
229.7270,0.84278,9.65372,-0.94334
229.7475,-0.15084,9.75428,0.38787
229.7686,0.68955,9.34007,0.84278
229.7897,1.25460,9.55795,2.47807
229.8249,-0.00958,8.75107,1.87232
229.8286,-0.21548,9.67766,2.34400
229.8459,0.02634,9.41189,2.01837
229.8659,-0.04789,8.78459,1.77176
229.8884,-0.16760,9.41908,0.62491
229.9064,0.76377,9.28500,-0.90504
229.9257,-0.40224,9.53879,-0.06465
229.9516,-0.35914,11.18605,0.11732
229.9660,0.53153,10.00328,-0.72068
229.9859,0.37351,9.82131,0.35675
230.0083,0.37590,10.69283,-0.34478
230.0256,0.82602,11.03521,-2.78933
230.0476,0.57223,9.82610,-0.47885
230.0696,0.52435,9.02881,0.66800
230.0969,0.94095,8.81093,1.91781
230.1066,0.93377,9.73512,1.27136
230.1283,0.96250,8.99768,0.67758
230.1459,-0.26576,9.73991,1.76937
230.1661,-0.19633,10.48453,2.81088
230.1900,-0.47407,9.83329,2.29850
230.2086,-1.23305,9.87160,2.91862
230.2330,-0.25379,9.41429,2.05429
230.2489,-0.34717,9.42865,0.91940
230.2662,0.17718,9.81653,-0.52435
230.2856,1.05827,9.96976,-1.67120
230.3085,0.23224,10.02243,-1.40783
230.3264,0.21788,9.95539,0.46449
230.3477,0.35675,8.57150,1.24023
230.3814,0.02634,9.55795,0.57463
230.3863,0.61293,9.72315,1.51797
230.4057,0.25858,9.91709,1.77416
230.4285,-0.50280,9.24430,2.84919
230.4463,-0.67040,10.69044,2.68159
230.4665,-0.35914,8.45418,2.35836
230.5072,-0.32802,8.95938,2.01598
230.5235,-0.39506,9.67766,1.06066
230.5260,-0.58899,9.38077,1.64247
230.5484,-0.89067,9.74709,1.63050
230.5670,0.25379,9.88836,-0.08859
230.5859,0.33520,9.41908,-0.36872
230.6082,-0.58181,10.70480,-0.45731
230.6389,0.71828,9.50048,-2.84679
230.6565,0.69913,8.78459,-0.37111
230.6681,0.12690,10.24989,-1.29530
230.6857,0.73265,9.85723,-0.20351
230.7080,1.18277,8.83727,-1.40783
230.7301,0.10056,10.18524,-0.43336
230.7477,0.83560,9.46457,2.20273
230.7677,0.44055,10.09905,2.98805
230.7986,-0.98405,10.65692,2.45653
230.8055,0.04070,7.50605,2.26738
230.8257,0.24900,9.45978,0.63927
230.8485,-0.34956,9.63696,-1.15404
230.8670,-1.27375,9.87160,0.21070
230.8858,-0.79490,10.11821,1.79810
230.9188,-1.24502,10.46537,1.24742
230.9296,-0.72068,10.49171,-0.00239
230.9466,0.60096,11.23394,-2.91383
230.9691,0.97447,7.83886,-0.76377
230.9867,0.88588,9.29218,0.24182
231.0068,0.39027,12.93387,0.78293
231.0294,0.25140,11.08789,2.13809
231.0465,0.99123,9.01444,2.65046
231.0744,1.07503,10.00328,3.09819
231.0896,-0.02155,11.00409,3.35438
231.1072,-0.77335,10.64495,0.53392
231.1268,0.49083,9.36640,0.55547
231.1489,-0.74462,9.40950,3.62493
231.1662,-0.76377,13.49413,-1.81247
231.1867,-0.14605,10.23553,-1.30488
231.2319,0.43097,8.65770,-1.24023
231.2320,2.67919,8.64094,-0.67519
231.2486,1.75261,7.56112,-1.94415
231.2746,2.00880,8.16208,-2.45653
231.2925,1.94655,6.86199,0.83800
231.3075,-0.97447,7.40789,4.21871
231.3306,0.03352,10.12060,-0.43336
231.3485,-1.57783,7.32169,-0.93616
231.3676,-0.94574,7.40070,1.51318
231.3897,-0.51477,8.20518,0.15084
231.4073,1.13489,9.17486,-2.18358
231.4275,1.64487,8.37039,-0.78532
231.4517,1.66881,7.11578,0.50759
231.4681,0.85236,9.27542,0.29689
231.5036,0.22985,9.68724,2.23625
231.5125,-0.26098,10.21158,1.66163
231.5293,0.87391,9.14374,1.37671
231.5494,0.69913,9.15092,-0.15802
231.5715,-0.07183,10.77184,0.69673
231.5892,0.96729,9.73991,1.66642
231.6217,1.53952,10.55157,1.00320
231.6377,1.34319,9.63696,1.53952
231.6501,-0.37830,11.63139,3.06467
231.6693,-0.46449,10.36242,2.58821
231.6900,-0.51237,9.99131,3.72549
231.7076,-0.32083,10.49889,1.13010
231.7313,-0.09577,11.18366,0.93616
231.7725,0.15802,10.65931,0.00000
231.7726,0.04070,9.98413,0.76617
231.7875,0.91222,9.86202,-0.76377
231.8099,1.35516,8.62178,-0.04549
231.8277,0.63688,10.07511,-0.97686
231.8476,0.34478,10.46059,0.22267
231.8697,0.68955,10.62819,1.28573
231.8885,0.29450,9.00008,-0.17478
231.9133,1.19714,10.40312,-2.22907
231.9329,0.97926,9.25148,0.03352
231.9494,0.96010,9.90033,1.09418
231.9701,0.19633,9.77582,2.52357
231.9906,-0.10056,9.90512,1.25460
232.0081,0.40942,10.01286,0.67279
232.0283,-0.13887,9.43584,1.12531
232.0506,-0.45731,9.90751,-0.76617
232.0682,1.48206,9.94103,-0.85236
232.0881,1.68078,8.67925,-0.42858
232.1105,1.39826,9.25387,-0.13647
232.1303,2.03034,9.86920,-0.31365
232.1485,1.65444,8.54996,1.71909
232.1705,1.70951,8.65530,0.64645
232.1907,0.27534,8.53798,2.06865
232.2081,0.18196,9.52682,0.74223
232.2319,0.39984,9.05515,2.64567
232.2486,0.36632,10.92986,-0.69913
232.2680,0.59617,10.66649,0.25379
232.2920,0.72307,10.96817,-0.71828
232.3142,1.28333,9.83329,0.67519
232.3280,1.07264,10.40312,2.46131
232.3506,0.23464,9.81413,2.40146
232.3681,0.37351,9.81174,4.07984
232.3882,0.05028,9.84526,3.53395
232.4119,0.46449,9.32331,6.14850
232.4279,-0.85476,10.68804,2.56666
232.4482,-1.32643,10.12539,2.39188
232.4775,-0.09577,9.33767,3.25861
232.4883,-0.36393,10.53720,1.35277
232.5078,0.81166,11.17408,-0.51237
232.5302,0.26576,8.93064,0.13647
232.5480,-0.14366,10.72875,1.19953
232.5681,-0.63927,9.62020,3.01439
232.5902,-0.00479,9.44781,2.66483
232.6078,2.45174,9.37837,1.46051
232.6288,0.37351,8.74150,3.27537
232.6499,1.25460,9.37598,2.88510
232.6680,0.29928,10.58030,0.63209
232.6880,-0.02634,10.37679,3.31607
232.7107,0.39027,9.63935,2.74863
232.7281,1.48206,9.13655,5.60021
232.7483,1.27375,10.05595,3.50282
232.7700,0.37830,10.92029,2.85637
232.7876,-1.14925,10.05117,6.54595
232.8093,-0.80448,10.70480,4.66405
232.8305,-0.82124,8.54996,5.87794
232.8481,-1.09897,9.35683,3.94337
232.8677,-0.50040,7.98730,1.60656
232.8919,-0.56505,10.64255,3.62254
232.9078,-0.44773,11.36802,4.84122
232.9298,1.48445,10.29538,4.02478
232.9511,0.48843,10.33608,7.78858
232.9677,0.89067,11.06155,3.01200
232.9884,-0.99362,9.77822,4.17801
233.0112,0.43336,10.07750,4.78855
233.0342,1.85796,9.34007,3.12453
233.0480,0.50280,8.78459,2.92341
233.0704,0.52195,9.98173,2.64089
233.0881,1.49882,8.70079,5.94498
233.1077,-0.02394,8.38236,5.42543
233.1302,0.16999,5.12854,4.53476
233.1482,0.31126,8.82290,-1.51079
233.1716,0.19633,5.06150,6.18441
233.1903,0.32083,8.61460,1.11334
233.2079,2.98327,9.72315,2.20034
233.2280,2.47568,9.33049,2.20034
233.2504,0.76377,10.24750,0.99602
233.2682,-0.76138,9.30415,6.15568
233.3079,-0.33041,10.05356,4.95136
233.3222,0.22746,8.39433,3.09101
233.3308,0.40463,8.12377,5.47092
233.3512,0.54111,8.31053,4.11097
233.3705,-0.63448,9.85962,4.24744
233.3895,-0.34238,11.30098,2.88271
233.4099,-0.99602,10.84846,4.10858
233.4420,-0.38308,10.80776,3.80690
233.4488,0.11971,9.96737,3.35917
233.4692,0.16042,10.38636,2.94975
233.4909,-0.10295,9.99370,3.37832
233.5097,-0.81166,9.33767,4.08463
233.5282,-0.79969,9.73273,3.29692
233.5521,-1.09897,9.86441,3.92661
233.5682,0.28252,9.77822,0.91940
233.6010,0.58660,9.00726,1.46290
233.6112,0.13647,8.95698,2.34878
233.6311,0.08619,9.52682,3.31846
233.6511,0.16042,8.92107,3.94098
233.6735,-0.56984,10.79818,3.78535
233.6922,-0.94813,10.06553,4.05351
233.7200,-0.54589,11.28901,4.68560
233.7453,-0.67040,10.87001,3.93140
233.7513,-0.41182,10.70241,5.26262
233.7719,-0.14845,10.64016,3.33283
233.7934,-0.48125,9.86681,4.58264
233.8113,-0.50280,9.39274,3.12453
233.8315,0.06943,9.12219,3.40945
233.8563,-0.01437,8.86839,3.64409
233.8769,-0.30647,9.98173,2.45174
233.8937,-0.75180,9.28260,2.75820
233.9134,-0.42139,9.90512,3.54113
233.9330,-0.13169,9.75188,3.09101
233.9545,-0.24182,10.07990,2.45653
233.9738,-0.56984,10.13975,3.25861
234.0039,-0.49322,9.78061,3.72070
234.0192,-0.52195,9.50048,3.12932
234.0385,-0.19872,9.83808,2.74623
234.0511,0.22746,9.88836,2.83482
234.0713,-0.17478,9.90512,3.57465
234.0936,-0.41182,10.08947,2.41582
234.1113,-0.67040,10.12299,4.24505
234.1339,-0.20591,9.27063,3.24185
234.1702,-0.18675,9.47415,2.59061
234.1713,-0.42618,10.01046,2.41103
234.1927,0.07901,8.77502,2.83003
234.2150,-0.12450,9.34007,2.30090
234.2309,0.22267,9.14374,1.17798
234.2510,0.34717,9.24908,1.70951
234.2948,0.12690,8.94022,2.17879
234.2948,-0.11971,8.79417,2.23146
234.3106,-0.18675,9.19641,2.07584
234.3334,0.02634,8.91389,2.52596
234.3512,-0.29689,10.08947,3.65127
234.3713,-1.10855,9.80695,2.16921
234.3946,-0.69195,10.52044,1.75740
234.4129,-0.38308,10.73353,2.68398
234.4325,-0.28971,10.18524,2.69595
234.4536,0.14366,9.85723,1.75021
234.4710,-0.04789,10.02004,2.72468
234.4911,0.39027,9.57949,3.01439
234.5132,-0.05028,9.44063,2.70074
234.5313,-0.16281,9.25148,3.16284
234.5541,0.18196,9.20599,1.53234
234.5836,0.32802,9.63696,1.23305
234.5933,0.07901,10.01765,2.59300
234.6129,-0.35196,8.95938,3.13411
234.6362,-0.09098,9.11500,2.53314
234.6532,-0.57463,9.34725,3.01679
234.6732,-0.70152,9.44063,2.98566
234.6981,-0.45252,9.98891,2.58821
234.7237,-0.53392,9.91230,1.72627
234.7383,-0.56505,9.78540,1.10137
234.7557,-0.12211,9.45499,0.51956
234.7727,-0.37111,9.38316,0.17478
234.7945,-0.29210,10.31693,-0.03591
234.8152,0.49083,9.62977,-0.05028
234.8342,0.12690,10.15651,0.07901
234.8657,-0.15802,10.49650,1.01517
234.8763,-0.25379,10.28820,1.91303
234.8930,-0.50280,10.73832,1.28573
234.9132,-0.38308,10.70241,1.58980
234.9356,-0.38787,9.50048,1.67120
234.9529,-0.56265,9.84286,1.45572
234.9732,-0.45731,9.27781,1.35037
235.0043,0.00000,8.77262,2.25062
235.0146,0.30886,8.84685,0.84039
235.0339,0.10535,8.38475,1.15643
235.0557,0.22746,8.84206,1.64966
235.0735,-0.01915,10.52284,1.62571
235.0935,0.09338,10.28820,0.46688
235.1158,0.09338,10.53960,0.27774
235.1337,0.29210,10.02483,0.91701
235.1539,0.14366,10.58030,-0.15084
235.1752,-0.24182,10.36482,0.93377
235.1926,-0.56744,11.10944,0.66321
235.2145,-0.56984,9.64174,1.97049
235.2370,-0.41900,9.61301,0.82842
235.2542,0.76377,10.43904,-1.03193
235.2892,0.60096,11.04718,-0.67997
235.2969,0.53153,10.25707,0.12929
235.3125,0.34717,10.11821,0.69195
235.3329,-0.09577,10.30017,0.66082
235.3569,-0.22267,10.71199,0.40224
235.3744,-0.40224,10.11581,1.00081
235.4083,0.47885,8.67685,1.66402
235.4217,0.25140,9.33288,1.26657
235.4324,0.55547,10.92747,-0.29450
235.4525,0.13647,9.01684,-0.73504
235.4760,-0.57702,9.63217,0.42618
235.4925,-0.94095,10.56115,1.00320
235.5126,-0.13887,9.89793,1.77895
235.5363,0.53871,10.16609,-0.23943
235.5557,0.60575,8.87318,0.51477
235.5738,-0.00718,8.72713,2.21949
235.5961,0.94095,9.26824,1.59459
235.6128,-0.35196,9.09346,3.89070
235.6328,-0.49322,8.33926,-0.50998
235.6551,-0.45012,8.84924,0.69913
235.6752,1.01038,9.12458,0.71828
235.6999,0.53153,8.64812,1.07982
235.7149,0.47407,9.84286,0.93616
235.7325,0.02394,9.27542,2.69356
235.7531,-0.38308,9.70639,0.75899
235.7773,-0.40463,9.98173,0.73983
235.7931,0.31604,9.24908,-0.03113
235.8406,1.23545,8.26504,1.30009
235.8408,0.55547,9.71597,1.19953
235.8560,0.69673,11.56435,-1.10855
235.8729,-1.31446,8.81333,5.22910
235.8952,-0.64645,9.87399,1.84599
235.9124,-0.46210,8.56432,3.26340
235.9325,0.17478,11.21957,0.75420
235.9768,-0.38308,8.98811,0.93856
235.9769,0.86673,10.63058,-1.67360
235.9929,0.75659,10.20440,-0.84278
236.0169,0.31844,11.40633,-0.68716
236.0325,0.65364,9.43344,0.38069
236.0529,0.59617,9.27542,-0.72307
236.0756,0.50040,8.55474,0.20112
236.0929,0.42139,10.59945,-2.19555
236.1235,0.61054,10.50129,-0.28971
236.1344,0.74941,8.87318,0.18196
236.1617,0.32562,10.24510,1.02475
236.1725,-0.00718,9.75906,0.23703
236.1964,-0.12450,11.41590,-0.18915
236.2124,-0.13647,9.61541,-1.09658
236.2481,-0.39266,9.85484,-0.26816
236.2656,-0.52435,9.59865,1.36234
236.2737,0.50280,9.93863,-0.49801
236.2926,0.62969,10.13975,-0.15802
236.3148,1.27375,9.04796,0.38308
236.3336,0.76856,10.43186,0.37830
236.3525,-0.05507,10.12299,2.28414
236.3950,0.23703,10.02722,1.36953
236.3952,-0.16760,10.31454,1.59459
236.4135,0.28013,9.95061,1.38629
236.4360,0.19872,9.18204,1.40544
236.4534,0.11253,9.74470,1.23545
236.4734,0.15084,9.10543,1.48206
236.4958,0.20591,9.70400,1.05109
236.5150,0.13169,9.56034,-0.04310
236.5493,0.06465,9.56034,-0.28013
236.5569,0.05746,9.63935,0.61533
236.5736,0.47167,9.96497,0.62012
236.5934,0.69673,9.94582,1.22347
236.6174,0.80448,9.46696,1.07024
236.6355,0.58181,9.77582,0.43576
236.6559,0.25379,9.62738,1.51558
236.6879,-0.13408,9.94582,0.77575
236.6936,0.14845,9.78301,1.17559
236.7133,0.67040,8.66249,1.29051
236.7357,0.84278,9.25148,0.90025
236.7534,0.57223,9.64174,0.64645
236.7730,0.00718,9.02881,0.71589
236.7956,-0.06704,10.15412,0.73265
236.8163,-0.80208,9.97934,1.86753
236.8331,-0.21070,10.19482,1.52755
236.8568,0.00958,10.13736,1.14207
236.8733,0.91222,9.27063,0.82124
236.8934,0.25140,9.93863,0.90743
236.9156,0.21788,9.93624,1.59698
236.9347,-0.90504,9.43344,2.10696
236.9611,-0.83800,9.36640,2.74863
236.9768,-0.81405,8.89713,1.60656
236.9930,-0.05746,9.19162,-0.16999
237.0144,-0.03352,9.54597,-0.80687
237.0353,0.30168,10.35763,-1.34798
237.0535,0.49561,10.23792,-0.52674
237.0729,0.28492,10.83409,-1.43656
237.0959,0.43336,10.28341,-0.74462
237.1134,0.32323,10.93226,-1.24502
237.1331,0.32802,10.69283,-2.13330
237.1554,0.66561,10.62340,-1.51318
237.1731,1.16601,9.22035,-0.13408
237.1932,0.67040,9.39992,-1.18038
237.2162,0.78532,9.37359,-0.86912
237.2328,-0.05028,9.94103,-0.50759
237.2526,-0.40703,9.36880,-0.14605
237.2751,-0.34956,9.71357,-0.90743
237.2941,0.75659,9.68005,-1.14446
237.3129,1.13967,9.55795,-1.88669
237.3352,0.75899,9.45739,0.23224
237.3528,-0.17239,9.83089,1.02714
237.3739,-1.05588,9.79977,2.09020
237.3966,-0.16281,7.04875,-1.31685
237.4133,0.13169,6.52679,1.37431
237.4332,-0.34238,12.38558,0.12211
237.4573,1.44614,9.73752,-0.05507
237.4744,1.40305,8.47094,-1.13489
237.4928,-1.12770,12.25150,2.30569
237.5158,-2.77496,13.19964,1.26418
237.5326,0.81166,8.84445,-0.88109
237.5524,3.64409,10.91789,-0.21548
237.5751,1.43178,10.19243,-1.73585
237.5926,-1.09418,8.05913,-1.60895
237.6134,-1.18277,11.38238,1.52276
237.6362,-0.42139,9.65611,0.03831
237.6582,1.86993,9.61541,-3.94337
237.6729,1.95852,3.73267,3.50522
237.6944,2.74144,11.53083,-6.18202
237.7118,-0.56505,6.45736,2.73666
237.7340,1.22347,11.60984,-4.72869
237.7542,-0.09817,8.31053,6.72073
237.7723,-1.01038,13.04401,-2.26977
237.7937,-0.33759,7.78618,3.96252
237.8151,-0.64645,11.37281,0.92419
237.8329,-1.47966,9.69921,1.66881
237.8529,-0.67040,13.48456,-3.49564
237.8753,0.19154,5.62415,4.08463
237.8929,2.39188,10.67607,-4.80770
237.9129,1.42220,7.35761,0.61772
237.9398,1.41023,10.98972,-3.44536
237.9547,-0.05507,9.91230,2.79651
237.9736,-0.93616,9.43105,1.80289
237.9977,-0.37111,9.75667,3.37593
238.0135,0.25858,9.92906,2.19794
238.0355,-0.49083,10.09666,0.85236
238.0737,-0.39266,10.61621,-0.16042
238.0905,0.51716,8.40390,0.70392
238.0932,0.58899,9.06472,-0.15084
238.1161,0.17957,10.37679,-0.93137
238.1338,0.68955,8.77262,-1.81007
238.1539,0.91222,9.18683,-1.85077
238.1766,0.43576,9.80216,-0.35196
238.1936,0.99362,9.93145,0.34956
238.2136,0.24900,10.57551,0.07183
238.2362,-0.18675,10.12299,-0.66800
238.2534,0.28971,9.43344,0.09817
238.2738,0.17957,10.29538,0.89306
238.2960,-0.64406,10.07032,0.45012
238.3137,0.95053,9.86681,-0.85715
238.3337,1.03193,9.58428,-1.23066
238.3580,0.77096,9.77582,-0.68476
238.3736,1.60416,9.60583,-0.64406
238.3940,0.88828,10.63297,-0.14366
238.4199,0.67519,9.13895,-1.49882
238.4369,0.58899,9.36401,0.98884
238.4554,0.04789,9.31373,1.43896
238.4778,-0.18915,9.38556,1.07503
238.4979,-0.27534,10.41510,0.57463
238.5142,-0.47167,9.37359,-0.72068
238.5361,-0.10535,10.06553,0.31126
238.5552,0.54829,10.28341,-0.41182
238.5741,0.41421,9.82610,-1.26897
238.5966,0.59617,10.03680,-2.16203
238.6153,1.15643,9.84526,-2.13809
238.6354,1.24981,10.47256,-0.36393
238.6562,0.89067,10.51565,-0.39027
238.6745,0.66561,10.08469,0.35914
238.6940,0.09817,9.67526,0.56026
238.7162,0.44534,10.11342,1.85556
238.7357,-0.59378,10.31693,2.10457
238.7624,-0.96729,10.01286,-0.34238
238.7765,-0.11732,8.77262,-1.11094
238.7938,0.35675,9.06712,-1.70233
238.8154,0.86433,9.37837,-0.80448
238.8408,0.14605,9.77104,-1.05109
238.8553,-0.08141,9.49569,-1.21150
238.8754,0.73744,9.39753,-0.19154
238.8988,0.90743,9.67287,-0.10774
238.9165,0.43815,10.82691,-0.64167
238.9358,1.09897,9.74230,0.07422
238.9574,1.17319,10.00567,0.18436
238.9765,-0.10056,9.57949,1.63768
238.9969,-0.36872,9.90272,1.10615
239.0172,0.17239,8.71756,0.86912
239.0351,-0.78293,9.70400,0.40942
239.0649,-0.00479,10.30496,1.58501
239.0793,-0.19633,9.58189,-0.43097
239.0965,-0.27055,10.40073,-1.46290
239.1169,0.56744,8.54517,0.10535
239.1383,-0.42618,9.81653,0.97926
239.1570,0.07183,9.31852,0.85236
239.1770,0.25379,8.58587,-0.76138
239.1993,0.36154,8.25785,0.01197
239.2149,0.67519,9.71836,-0.17718
239.2349,0.79490,10.43664,-2.00401
239.2572,0.15084,9.25148,-1.14207
239.2749,0.95532,10.11102,-0.44055
239.2960,1.16841,10.36242,-0.32802
239.3173,0.03591,10.90353,-2.06626
239.3481,0.48604,9.57710,0.36872
239.3549,0.06704,9.76864,0.53392
239.3801,-0.72547,9.95779,0.36154
239.3959,0.29450,10.71677,0.70871
239.4161,0.33520,8.92586,0.38308
239.4397,0.54350,9.68484,0.87152
239.4589,0.16042,10.19722,-0.25858
239.4904,-1.06306,9.31133,1.48924
239.5001,-0.43815,10.64016,0.90743
239.5156,0.31365,10.68325,1.09658
239.5360,-0.20112,10.16609,-0.22746
239.5603,0.64885,10.22116,0.62251
239.5778,0.19633,8.99768,-0.38548
239.6081,-0.27534,10.03441,-1.22587
239.6279,0.29450,9.49569,-0.30407
239.6359,0.45970,9.68484,-0.03352
239.6559,0.05746,9.62738,-1.08221
239.6781,0.39266,9.75906,-1.03193
239.6960,-0.08380,9.78540,-0.58660
239.7161,0.58181,9.82131,0.11253
239.7384,0.37351,9.37359,-0.07422
239.7718,0.45970,9.89554,-0.72547
239.7774,1.28094,9.22754,-1.01517
239.7980,0.51477,9.52203,-2.02556
239.8173,0.23224,9.22035,0.74223
239.8374,0.39506,9.78061,0.97208
239.8580,0.03591,10.75508,-0.21788
239.8866,0.68476,10.20440,-0.02634
239.8978,0.87391,10.31693,-0.78772
239.9175,0.34956,10.56115,-1.07024
239.9354,0.57941,10.67128,0.46210
239.9572,0.26576,10.36003,0.36154
239.9795,-0.37351,8.82530,0.14845
239.9972,-0.36393,10.40552,0.78532
240.0186,0.11493,8.74868,0.49561
240.0525,0.31126,10.00089,-0.02394
240.0570,0.49801,10.11581,0.27055
240.0750,-0.04789,9.01444,0.25140
240.0973,0.21309,9.94103,0.56505
240.1152,-0.02394,9.23472,1.78613
240.1366,-0.52435,8.58826,0.96729
240.1575,0.27534,11.01366,0.73265
240.1805,0.31844,9.66329,0.11971
240.1953,-0.06225,9.84286,-0.70152
240.2177,0.03591,9.10543,-0.57941
240.2355,0.63209,9.37837,0.10295
240.2556,0.33999,9.72315,-0.08141
240.2778,0.35675,9.75906,-0.90743
240.2973,0.15563,9.91469,0.65124
240.3240,0.14605,10.08708,0.07901
240.3375,-0.04789,10.69762,-0.04789
240.3563,0.82842,9.89554,0.80687
240.3764,0.39027,9.71118,-1.17319
240.3993,0.63688,10.00328,-0.68955
240.4169,0.82602,9.70160,-1.55388
240.4382,0.27295,9.62020,-1.26418
240.4691,0.44534,10.27862,-0.12929
240.4786,1.33840,8.77981,-1.78852
240.4964,0.81405,10.60424,-1.19953
240.5193,1.10855,8.87079,-1.24023
240.5380,0.01915,10.31693,-0.40703
240.5602,0.03591,9.21317,-0.67279
240.5988,0.39984,9.54837,-0.52435
240.5988,0.54350,9.93863,-2.73905
240.6219,0.50759,9.62020,-0.34956
240.6399,-0.06225,9.53879,-0.93616
240.6587,0.82602,9.58189,-1.19714
240.6780,1.06066,9.75428,0.90504
240.6993,0.07662,10.02483,0.42618
240.7275,0.01437,9.48133,1.17798
240.7471,-0.39984,10.60185,0.96489
240.7599,-0.06465,10.19003,1.24023
240.7785,-0.20112,11.12619,-2.27217
240.7984,0.02155,10.22355,-1.62332
240.8195,0.07422,10.29059,-1.99204
240.8370,0.32802,10.00089,-1.28333
240.8734,0.53871,10.62100,-1.76697
240.8892,0.54589,9.23472,-0.18675
240.8964,-0.12211,10.04159,-0.09098
240.9165,-0.62491,9.15571,-0.10056
240.9391,0.59857,10.04638,-0.70152
240.9581,1.03912,7.38155,0.74462
240.9782,0.78293,13.44625,5.52120
241.0134,-3.33522,13.05598,-1.54670
241.0313,-1.83880,8.22912,5.19079
241.0381,-1.05588,11.36562,-0.99841
241.0598,0.68476,9.48612,-2.77018
241.0759,3.54832,9.37598,-0.96010
241.0962,2.22668,9.17486,-2.42301
241.1203,2.06386,9.13655,-1.60656
241.1382,0.58420,8.97853,-0.41900
241.1679,-0.08859,9.17965,1.75261
241.1787,0.11493,7.98491,-0.36393
241.1975,-1.40783,4.28575,0.60815
241.2162,3.04312,18.64661,-11.66970
241.2387,1.25221,6.66566,5.22910
241.2563,-1.37431,15.46223,-4.26660
241.2775,0.57463,8.56193,2.81088
241.3143,2.05908,10.69044,-2.71511
241.3169,0.22506,8.59066,0.75180
241.3362,1.63768,11.05916,-3.54353
241.3586,2.03034,9.50288,-2.23625
241.3772,0.45252,9.17486,0.21309
241.3976,0.62251,8.09504,-0.92658
241.4191,0.51237,11.59787,-0.27055
241.4474,0.81645,9.74230,-0.22267
241.4571,-0.05028,10.99690,0.78772
241.4796,-0.30168,9.88596,0.29928
241.4969,0.27295,10.19961,1.03193
241.5187,0.45970,10.66171,1.40065
241.5399,0.10774,9.80695,-0.44294
241.5595,1.06545,9.40711,1.26178
241.5854,0.38787,8.76783,0.33041
241.5992,-0.60096,9.76864,0.81645
241.6173,-0.24422,9.04557,0.95292
241.6370,0.48843,9.70400,-1.39347
241.6594,0.75659,10.21877,1.26418
241.6772,0.62251,9.17965,-0.20351
241.6986,-0.06225,10.84846,-0.84757
241.7211,0.12450,10.05835,-0.68476
241.7418,0.11732,8.93064,-0.78532
241.7575,0.28731,9.93624,0.18436
241.7796,-0.18675,10.75269,-0.57941
241.7973,0.53392,10.07990,-1.64487
241.8190,0.11971,10.11102,-0.00958
241.8598,-0.22746,10.05356,1.88908
241.8605,0.40942,10.60424,-1.04390
241.8786,-0.00479,10.56833,-2.14527
241.8996,0.86912,9.72794,-1.24023
241.9173,0.77096,9.69681,-0.47885
241.9372,0.68716,9.76385,-0.00479
241.9596,0.60096,8.51883,0.50998
241.9773,-0.40463,9.51964,-1.35516
242.0003,-0.52913,10.15412,1.29051
242.0192,-0.18436,9.18923,-0.23464
242.0365,0.47167,10.39115,-0.44534
242.0577,0.76377,10.09666,-0.95292
242.0796,1.07742,9.74470,0.22746
242.0975,0.65603,9.81174,0.51956
242.1176,0.45970,9.34485,-0.03591
242.1489,1.17798,9.66808,-0.99362
242.1582,0.20591,8.98571,1.38389
242.1787,-0.04310,10.15412,1.84359
242.1994,0.12690,8.77741,2.02316
242.2175,-0.52195,10.02722,0.18675
242.2375,-0.37590,9.95300,2.44455
242.2616,-0.42618,9.25866,-0.81166
242.2818,1.24263,9.56752,-0.81166
242.2968,0.50998,8.80854,-2.32005
242.3203,-0.48125,10.95141,0.03591
242.3396,0.85954,8.69601,-1.02475
242.3580,0.04310,9.40471,-0.43097
242.3838,-0.12211,9.57710,0.84757
242.3997,0.00958,10.32651,-0.23224
242.4202,0.74701,10.83649,0.20112
242.4415,0.71828,10.38876,-0.39984
242.4579,0.39745,10.12778,0.30886
242.4779,0.94813,9.58428,-0.24900
242.5003,0.11014,10.14694,1.27136
242.5179,-0.14366,11.23394,0.06943
242.5594,0.48843,9.44541,0.58899
242.5623,0.15802,9.03360,0.29210
242.5792,0.61293,8.72953,-1.55388
242.5978,0.80926,9.51245,-0.85954
242.6203,0.10535,8.94740,-0.38548
242.6393,0.47407,10.99930,-0.25858
242.6581,0.75659,9.50048,-0.66082
242.6803,0.70152,10.49411,-1.08700
242.7010,0.61533,9.41908,-0.37111
242.7177,1.08461,8.72713,-1.38629
242.7400,0.66800,11.08549,0.48125
242.7577,0.87391,8.77262,-0.54589
242.7780,0.45252,10.10145,0.88588
242.8021,0.50040,8.92107,0.00718
242.8216,0.14366,10.41510,0.36393
242.8395,0.41421,10.20440,-0.73983
242.8618,0.55308,10.66649,0.97926
242.8778,0.18196,9.73033,-0.63448
242.8990,0.35196,8.72234,-0.01676
242.9206,0.17478,8.75347,0.57463
242.9379,-0.06465,8.34165,0.14366
242.9589,0.35675,10.50129,0.10056
242.9800,0.57223,9.80216,-1.58501
242.9977,0.84757,10.21877,0.42379
243.0178,0.40463,9.50527,0.47407
243.0417,0.86433,10.96338,-0.37830
243.0617,1.03912,9.14134,0.00958
243.0833,0.55547,9.26824,-0.30407
243.1020,-0.64167,8.60502,-1.10376
243.1337,0.61533,8.37757,0.37351
243.1413,-0.31844,9.80695,0.44294
243.1601,0.00239,9.89793,-0.89785
243.1778,0.98884,10.73832,-0.69195
243.1979,0.82363,10.01765,-1.68796
243.2214,0.98884,10.20679,-0.67758
243.2577,0.64645,10.02243,0.09098
243.2753,0.81884,10.56594,-0.37351
243.2823,0.36872,10.70480,-0.44294
243.3002,-0.36872,10.82212,0.85476
243.3215,-1.07982,9.60583,0.87391
243.3415,-0.36393,9.87878,0.79011
243.3604,0.73983,11.54998,-1.61853
243.3880,0.48843,9.32331,-2.55709
243.4050,1.18038,9.96258,-2.42061
243.4186,1.72867,9.25148,-2.49244
243.4389,1.50839,10.26426,-1.06785
243.4613,0.15084,9.29218,0.91940
243.4790,-0.14126,9.83808,-0.43336
243.4990,-0.30168,10.37679,0.92180
243.5259,0.31126,10.38876,-0.47885
243.5430,-0.45491,10.46777,-1.82923
243.5612,1.33122,7.75027,-1.92260
243.5812,1.17080,8.88515,-0.70392
243.5991,1.08221,8.77502,0.96010
243.6186,0.92898,9.32091,-0.22267
243.6412,-0.02394,11.43027,0.04549
243.6599,0.27534,9.79019,-2.07105
243.6892,0.89546,10.49411,0.23224
243.7130,0.34478,10.53002,-1.19953
243.7184,0.58420,9.99610,0.33280
243.7409,0.51477,9.45020,0.91701
243.7609,0.28971,9.12937,0.69434
243.7784,0.41182,8.71277,1.38868
243.7986,0.87391,8.93783,-0.28492
243.8218,0.21788,9.38316,1.71191
243.8384,0.09098,10.25229,0.51956
243.8585,-0.14605,10.32411,-1.40783
243.8810,0.28971,10.60185,-0.30647
243.8984,-0.46449,10.02243,1.23066
243.9187,0.49322,9.82371,2.09020
243.9409,0.38069,8.77023,0.01197
243.9637,0.74462,9.15571,-1.49403
243.9782,0.76377,9.58189,-0.54111
244.0009,0.91701,9.83568,0.83321
244.0184,0.30886,9.68963,-0.54350
244.0418,0.27295,11.12619,-1.20193
244.0646,-0.50759,9.77343,0.07183
244.0822,0.40703,10.52763,-0.33759
244.1003,-0.27055,9.27781,1.29770
244.1236,0.60815,9.49091,0.27534
244.1415,0.41900,9.14134,1.52036
244.1614,0.76377,10.94184,-0.36154
244.1836,1.10137,9.25866,-0.31844
244.2013,0.76377,10.40312,-1.25699
244.2213,0.65843,10.54199,-0.63209
244.2460,-0.00718,10.79339,-1.01757
244.2615,0.30407,9.31852,-0.48125
244.2815,0.69434,9.59625,0.01437
244.3038,0.89546,9.09824,0.33280
244.3250,0.33280,9.77343,0.71110
244.3429,0.10056,9.18683,0.55068
244.3652,0.02634,10.69762,-0.64406
244.3846,1.14207,8.54038,-0.68476
244.4041,0.85954,10.02483,-0.14126
244.4255,0.91940,11.37281,-0.81166
244.4444,0.03831,9.58907,1.41502
244.4615,0.67997,10.19722,-0.22985
244.4840,0.33520,9.62259,-0.27055
244.5014,0.26098,11.09746,-0.31844
244.5299,0.38548,9.21556,-0.52913
244.5449,-0.15802,10.19003,0.39027
244.5636,0.26816,9.48851,-1.80049
244.5821,0.69913,9.68963,-0.30407
244.6049,1.11094,9.03360,-0.63688
244.6227,-0.43097,10.73593,-0.39745
244.6441,0.50998,9.34725,-1.19474
244.6752,0.33041,9.22754,-0.93616
244.6823,0.99123,9.22275,-0.56505
244.7024,0.48843,9.68005,0.12929
244.7249,0.83081,9.90990,0.09098
244.7424,0.07901,9.53640,-0.51716
244.7624,0.70152,8.88515,0.26816
244.7861,0.53632,8.99768,-1.14686
244.8130,0.04070,10.15412,1.39107
244.8250,-0.13169,9.05515,0.17478
244.8457,0.46928,9.34485,0.45252
244.8621,-0.67997,8.89713,2.04471
244.8824,-0.50759,9.62259,0.30647
244.9048,0.69913,10.60185,-0.30407
244.9241,-0.61054,10.84367,-0.63927
244.9530,0.08141,9.97455,0.18196
244.9652,-0.88828,10.23313,-0.20112
244.9826,0.18675,9.42147,0.57702
245.0021,0.39506,9.82610,-0.64406
245.0249,0.12929,10.17806,-0.97208
245.0424,-0.06704,8.29856,-1.76219
245.0637,0.88349,9.25387,-1.38629
245.0958,0.75899,9.46936,-1.50600
245.1023,0.25140,10.01286,-0.82842
245.1221,0.20351,10.53720,-0.66082
245.1448,0.32323,10.44862,-0.54350
245.1626,0.58660,9.37119,-0.73265
245.1827,-0.16042,10.47495,-0.19872
245.2049,-0.57223,10.40073,-0.26816
245.2336,-0.05267,10.32411,-1.09179
245.2419,0.98644,10.08469,-0.83560
245.2646,0.94334,9.12937,-1.53712
245.2833,-0.31844,10.33608,0.19394
245.3024,-0.34238,9.44063,1.19235
245.3246,-0.47167,9.68963,1.23066
245.3441,0.49561,9.65850,-0.73025
245.3754,0.05267,9.68963,-1.53473
245.3861,0.94813,9.60104,-1.98725
245.4022,0.32562,10.37200,-1.58980
245.4220,0.98644,10.36242,-0.22506
245.4445,0.79490,9.67766,-1.01278
245.4622,0.74941,8.95938,0.80926
245.4836,-0.71110,9.85723,0.39027
245.5160,0.18915,9.27781,0.12450
245.5241,-0.64406,9.97455,1.73824
245.5421,-0.56744,9.42387,1.58262
245.5644,0.66082,7.94660,0.83081
245.5839,-1.45572,9.15571,1.04390
245.6050,-0.67758,9.73752,0.14845
245.6279,-0.08380,11.00409,1.41023
245.6493,-0.53871,10.31454,-1.66642
245.6649,-0.33759,10.25947,-2.23146
245.6846,0.21548,10.37679,-0.61533
245.7039,0.01437,9.20838,0.60096
245.7235,0.69195,11.43745,-2.17879
245.7445,0.09098,10.76466,1.64247
245.7831,-0.15802,9.27781,0.24422
245.7991,0.21309,10.45101,0.25619
245.8042,0.08859,9.85244,-0.63209
245.8239,0.09817,10.17567,0.42139
245.8420,-0.11014,9.66090,0.01915
245.8646,0.33041,9.77104,-0.86912
245.8822,0.74462,8.87558,-0.33520
245.9023,-0.32083,9.51964,0.51716
245.9410,0.25379,9.29218,0.20112
245.9440,0.26098,10.35763,-0.12450
245.9617,-0.25858,8.40390,-0.84039
245.9849,-1.13249,13.44146,1.36234
246.0040,-0.14845,10.40312,0.67997
246.0250,0.63209,8.35123,-0.87630
246.0459,1.22347,8.88276,0.02394
246.0780,-1.08221,10.34566,1.37910
246.0838,-0.45012,10.20201,1.77176
246.1048,-0.32083,10.39355,1.50600
246.1235,0.33999,9.71836,-2.38470
246.1441,0.40942,10.12299,1.07742
246.1665,-0.00718,11.34886,-0.45491
246.1974,-1.36234,10.47256,-0.34478
246.2130,-0.37590,10.78142,1.40783
246.2237,-0.41900,10.29778,0.25379
246.2422,-0.10056,9.27542,-0.47885
246.2631,0.06225,8.89234,1.37192
246.2842,-0.51716,8.94980,1.15643
246.3019,0.02394,8.76544,0.74941
246.3235,1.52755,9.44541,-1.24023
246.3512,0.61054,9.32809,1.06066
246.3629,0.20351,8.86600,1.91063
246.3833,0.35914,8.88994,2.00161
246.4070,-0.80926,12.19644,2.31048
246.4248,-0.11971,9.30655,1.01038
246.4442,0.30886,8.71756,0.48364
246.4810,0.12690,9.33049,1.90824
246.4964,-0.56744,9.51724,0.84757
246.5031,0.53871,12.17489,-3.22988
246.5271,1.17559,11.27703,-2.50920
246.5446,2.46610,5.37754,-5.40627
246.5668,-0.44055,8.95938,1.30967
246.5904,-0.11253,10.37439,-0.29928
246.6212,-0.15802,11.01127,1.50600
246.6347,0.29928,10.04159,0.07422
246.6470,-0.74941,9.51724,-1.18038
246.6628,0.91222,9.32331,-1.26897
246.6829,1.00560,10.94662,0.41182
246.7067,0.20112,11.21478,-0.65124
246.7243,-0.60096,8.70319,6.70876
246.7469,-0.20591,13.11584,-0.72068
246.7792,-0.15563,8.27940,3.16523
246.7844,-1.22108,10.08229,1.61135
246.8031,-1.03193,9.67526,0.65843
246.8246,-0.07183,9.43823,2.50681
246.8429,-0.03591,9.18683,0.73265
246.8629,0.41182,11.13098,-0.93137
246.8865,-0.29450,10.56115,-0.21070
246.9049,-0.14126,9.66808,-0.92180
246.9225,0.62012,9.85962,-2.08302
246.9451,0.62251,9.53400,0.26576
246.9658,0.26098,9.26584,0.95292
246.9849,0.75180,9.01923,0.84039
247.0080,1.17319,9.60822,-1.82923
247.0510,0.99362,9.56513,-2.04711
247.0511,1.11334,10.87240,-0.86912
247.0674,0.33759,9.35683,0.67040
247.0824,-0.96489,9.98413,1.09897
247.1027,0.10056,9.91230,1.35995
247.1249,-0.28731,9.29697,0.36632
247.1441,0.11253,11.23633,-0.87630
247.1642,0.36632,9.84047,-0.27534
247.1952,0.60575,9.81653,0.03352
247.2049,0.09817,10.94662,-1.07982
247.2234,0.75180,9.58428,-0.82124
247.2470,0.89306,8.87079,-0.58181
247.2646,-0.36632,8.93304,1.23784
247.2846,0.34478,8.56432,1.68796
247.3150,0.16999,9.62738,1.47727
247.3378,0.11014,10.19722,-0.95053
247.3430,0.37590,9.40471,-0.05507
247.3661,0.26816,8.83966,0.16999
247.3843,-0.13169,10.95381,1.13249
247.4030,0.35435,10.35524,2.60018
247.4256,0.40942,9.88836,1.22347
247.4445,0.21548,10.37679,0.34478
247.4793,0.79729,9.30415,-0.32562
247.4846,0.37111,9.76385,0.71589
247.5042,-0.08619,10.49411,1.06545
247.5243,-0.43576,10.92268,1.47487
247.5450,-0.15323,10.06553,0.01197
247.5644,0.29928,9.35683,-1.06306
247.6009,0.79490,10.25468,-2.53554
247.6184,0.83560,9.22514,-0.93856
247.6255,1.28333,8.81333,-0.36872
247.6440,1.28333,9.32570,0.71828
247.6643,0.00000,11.29140,0.05507
247.6820,0.20830,10.00567,0.90504
247.7027,0.24900,10.86282,-0.04310
247.7254,0.09577,9.92906,1.06306
247.7488,-0.24900,9.89075,1.79331
247.7624,0.52913,9.69442,2.01119
247.7845,0.27774,9.95061,-0.22506
247.8023,0.25858,8.86839,-0.38308
247.8220,-0.22027,9.73512,-0.68476
247.8458,0.05986,9.21317,0.64167
247.8624,0.24182,9.29697,0.49801
247.8825,0.35914,8.43742,0.46210
247.9057,-0.45012,9.83329,-0.53392
247.9223,-0.09577,9.39753,0.28492
247.9435,0.39506,9.54358,1.24742
247.9677,0.21788,10.10384,1.60895
247.9840,0.66321,10.60424,1.69515
248.0041,1.36953,8.14293,-0.62730
248.0349,1.03672,9.73273,0.12690
248.0425,0.39266,8.33926,2.76539
248.0627,0.47407,8.89952,3.30889
248.0890,0.79969,10.79100,1.33122
248.1071,-0.76377,9.45978,3.00003
248.1238,-0.35435,10.75508,2.04711
248.1461,0.41421,8.72234,2.15485
248.1733,-0.32562,10.14215,1.36953
248.1865,0.14126,9.86920,2.35836
248.2091,0.47167,9.38795,0.18436
248.2226,-0.23464,9.36401,1.00081
248.2455,-0.69195,10.23074,0.64406
248.2672,-0.47646,10.46298,2.41343
248.2851,-0.18436,10.10623,1.41741
248.3052,-0.22985,10.57791,0.83081
248.3277,1.55867,7.17085,-2.40385
248.3433,-0.64406,9.92427,-1.24742
248.3652,-0.33520,10.11342,-0.73744
248.3875,1.17319,8.39193,0.88349
248.4035,-0.56026,10.41749,-0.60096
248.4389,0.85954,8.96656,-0.23703
248.4521,0.33999,10.26426,-0.67758
248.4631,0.79729,9.86681,1.84599
248.4835,0.99362,8.82290,2.87313
248.5069,-0.18196,10.87480,1.05827
248.5251,0.78293,9.57231,1.15883
248.5445,-0.65124,9.40950,2.40146
248.5683,-0.32802,10.03201,3.41902
248.5959,-1.04869,9.48372,2.86834
248.6034,-0.69913,9.76864,0.37351
248.6258,0.65364,8.97614,0.54829
248.6448,0.35675,9.17726,-0.33280
248.6638,0.70631,9.02642,-1.33601
248.6862,0.67758,9.83329,-2.06386
248.7040,0.60096,10.79339,0.71349
248.7392,0.76138,9.23951,1.65684
248.7469,0.87391,8.16927,1.64487
248.7634,-0.06704,8.61221,1.02714
248.7833,0.08380,8.89713,0.87630
248.8066,0.48125,10.13496,-0.21070
248.8274,0.24422,10.20919,0.22985
248.8626,0.35914,8.58587,-1.89627
248.8771,0.93137,10.23313,-0.12690
248.8837,0.51716,10.62819,-0.06704
248.9034,-0.15084,10.08708,-0.08141
248.9269,-0.62251,9.98173,1.48206
248.9435,-0.20830,11.05197,0.79250
248.9632,0.15084,10.45580,0.34956
248.9876,0.92180,9.59625,-0.59378
249.0224,1.30249,9.17247,-0.22027
249.0249,1.32882,8.68643,-0.28252
249.0459,0.26576,9.78061,0.56026
249.0638,0.56984,11.44703,1.91542
249.0838,-1.43178,9.88357,0.78293
249.1061,-1.76458,11.57153,2.75342
249.1237,0.10295,11.32253,0.27295
249.1523,2.07823,9.57949,0.74941
249.1661,1.51079,9.71597,0.27295
249.1855,-1.17798,9.68005,0.64406
249.2068,-0.75899,9.25627,0.29928
249.2279,1.30488,9.90033,-2.55709
249.2455,1.34558,9.81174,-2.19316
249.2856,0.00958,5.89710,1.13728
249.3040,2.55948,9.22993,-1.05827
249.3052,1.32403,7.90111,0.13408
249.3257,0.92898,11.32253,-2.07823
249.3455,-0.10295,9.51724,1.50600
249.3652,0.24900,9.87399,-0.76617
249.3834,0.09338,9.29457,0.96968
249.4057,-0.23943,10.30017,1.25699
249.4312,-0.24900,9.31612,1.69036
249.4444,-0.25379,9.56752,0.56744
249.4667,1.23545,9.23472,-1.23066
249.4843,0.79729,10.72635,1.65684
249.5057,-0.40463,11.16211,1.48445
249.5281,0.50998,9.41429,-0.84997
249.5477,0.49801,8.15251,-0.44294
249.5651,-0.99123,9.35204,0.64167
249.5884,-0.30886,9.21078,-0.27534
249.6042,0.69913,8.46376,-0.70152
249.6239,0.79011,9.63935,-1.34319
249.6500,0.60096,10.17327,-0.82842
249.6659,1.32643,10.44862,1.90824
249.7023,0.73983,10.02243,0.77814
249.7184,0.61772,10.75029,0.32802
249.7240,-0.10056,9.83329,2.50202
249.7460,0.03113,10.02483,0.73025
249.7665,0.01676,8.80375,-0.18915
249.7846,-0.04310,10.66649,-1.46530
249.8046,-0.07422,10.39115,1.20911
249.8299,0.21788,10.32172,0.18915
249.8482,1.03672,9.20838,-0.53392
249.8671,0.84757,9.76625,-1.60895
249.8865,0.51716,9.32809,0.08859
249.9041,0.48843,10.62340,-0.09817
249.9253,0.55547,9.71357,-1.30727
249.9477,0.46449,10.07271,-1.71191
249.9657,1.67599,10.13736,0.17718
249.9963,1.44854,8.93064,1.67360
250.0061,0.85715,10.48932,0.19394
250.0249,-0.46928,11.26985,0.01437
250.0438,0.52913,8.04955,0.85236
250.0662,0.25619,9.34485,1.13967
250.0835,0.10535,9.78061,1.61614
250.1042,0.78293,8.26025,0.49083
250.1344,1.18995,9.03120,-0.22985
250.1444,0.47167,9.54119,1.64247
250.1645,0.14845,8.90431,0.92658
250.1866,0.08141,10.16848,1.14207
250.2051,-0.11014,8.82051,0.32323
250.2251,0.07422,9.05994,1.55867
250.2490,-0.14126,9.88357,-0.39745
250.2868,0.99841,9.43584,-0.77096
250.2868,0.37351,9.32570,-0.45970
250.3083,1.00081,10.70241,0.96010
250.3259,1.38389,9.00247,-0.30886
250.3461,-0.13887,10.00328,0.13169
250.3685,0.26337,10.69044,1.86993
250.4070,-0.06943,9.19880,1.02475
250.4071,-0.51956,10.77903,-0.00239
250.4269,-0.95532,10.39115,0.32562
250.4436,0.66561,10.28580,-2.37273
250.4641,1.30727,9.41668,-1.92979
250.4864,0.75420,10.82930,-0.28492
250.5054,-0.07183,9.12219,1.33361
250.5261,1.27615,10.70720,-1.10376
250.5541,0.98405,9.73991,0.56026
250.5643,-0.67519,9.98173,-0.06465
250.5834,-0.46210,10.51805,1.01996
250.6060,0.29689,10.75029,-0.72068
250.6255,-0.41182,9.89314,0.70152
250.6439,0.18675,10.55875,1.06785
250.6764,0.64167,9.24669,0.82842
250.6889,0.11014,10.35763,1.04869
250.7054,0.71828,9.91230,-0.05746
250.7261,1.09897,9.17726,-0.18436
250.7440,0.20591,11.17169,1.70233
250.7637,-0.59139,9.52682,2.05908
250.7876,0.27774,8.82290,0.13647
250.8051,0.67997,8.27222,-0.85476
250.8364,0.79969,10.27144,-1.69754
250.8473,-0.41660,8.52122,0.87630
250.8636,0.17478,10.88916,-1.35516
250.8842,0.54111,9.20599,-0.92898
250.9084,0.22746,10.28580,-1.30488
250.9242,0.05507,9.73273,2.50920
250.9454,0.73744,10.31454,1.62092
250.9792,0.44534,9.71118,0.59139
250.9840,0.07422,9.04078,-0.31126
251.0044,-0.11253,10.68804,0.97926
251.0266,0.26576,9.41189,0.37111
251.0442,0.94813,9.51485,-0.96010
251.0640,0.66082,10.16130,-1.10855
251.0864,1.54910,8.94501,-2.43498
251.1117,1.44614,8.55953,1.10376
251.1234,-0.32083,11.04240,-0.68237
251.1458,0.35196,8.45179,1.92979
251.1635,0.67997,9.79258,0.09817
251.1839,0.27774,10.65452,0.71110
251.2076,-0.11732,9.50048,1.82444
251.2248,-0.25379,9.92188,-0.94095
251.2562,0.63209,10.27383,-0.62012
251.2676,-0.04549,9.13416,-0.95053
251.2838,-0.08859,9.45020,-1.94176
251.3037,0.55547,10.25707,0.07422
251.3258,0.28252,9.93385,-0.25858
251.3438,0.12929,11.09746,0.35675
251.3665,1.07982,9.80216,-0.51477
251.3978,1.24981,9.96497,-2.59539
251.4036,1.35277,9.02881,1.58262
251.4250,1.20911,9.66329,0.96968
251.4472,1.73345,9.61062,-0.20830
251.4646,0.65603,9.63935,-0.86194
251.4856,0.97447,8.91867,1.31206
251.5082,1.61853,9.13655,2.27935
251.5262,-0.26576,11.62420,1.96570
251.5456,-0.74941,11.45660,0.99602
251.5676,-0.09577,8.99290,2.34400
251.5855,-0.47407,9.55076,2.14766
251.6058,0.46688,9.45020,1.93457
251.6280,-0.04070,9.35683,0.45252
251.6477,-0.42139,9.27781,2.03753
251.6776,-0.11971,9.13416,1.75021
251.6879,-0.20112,11.26506,-0.56265
251.7056,1.23784,9.66808,-1.10376
251.7273,0.68955,10.31932,-0.92658
251.7518,0.67279,9.04078,1.15883
251.7697,0.37590,9.61780,0.22746
251.8043,-0.27774,9.00966,-0.38069
251.8210,-0.02155,9.36880,-1.74543
251.8258,0.27055,9.98413,0.06225
251.8456,0.21070,10.12539,-1.77655
251.8679,1.13967,10.04398,-1.79331
251.8855,0.22267,10.12060,0.43097
251.9056,0.44773,8.95698,0.65364
251.9297,0.39745,10.75748,1.83641
251.9464,0.04549,9.95061,1.38868
251.9665,-0.65124,9.51006,2.05429
251.9905,-0.61533,11.28182,0.49561
252.0076,0.57463,9.58907,-1.23066
252.0259,0.65843,9.73752,-0.57463
252.0502,1.17798,9.44541,0.60575
252.0768,1.14207,8.90910,0.54589
252.0930,0.92180,9.51245,-0.95053
252.1077,0.68716,9.00966,-1.18995
252.1254,0.24900,8.87079,-0.98884
252.1454,0.49083,9.29697,0.33520
252.1678,0.07662,9.53640,0.59378
252.1857,-0.26098,9.51245,2.43019
252.2164,-0.08859,9.83808,1.30009
252.2413,0.35435,10.21398,2.04711
252.2472,0.05028,9.76625,1.38629
252.2661,1.23784,9.65132,1.59698
252.2883,1.02954,8.44940,1.87472
252.3055,-1.51558,9.36880,2.89707
252.3264,-0.44055,10.61382,-1.31685
252.3490,1.00799,9.02402,-0.60815
252.3797,0.45012,9.85484,-1.47727
252.3852,0.85476,9.72315,1.05109
252.4078,0.65843,9.73512,-0.40703
252.4252,-0.87152,8.81093,1.05827
252.4454,-0.60096,9.07909,-0.24182
252.4677,0.00239,9.56992,0.87152
252.4950,0.06704,11.42548,1.30009
252.5068,0.92180,8.62897,2.69595
252.5277,0.53632,10.35524,0.30886
252.5471,0.13169,10.47735,1.97288
252.5674,-0.08859,11.28901,2.20034
252.5882,0.58660,9.19880,1.70951
252.6060,0.28971,10.04159,3.56986
252.6268,0.09098,10.56594,3.19875
252.6533,0.21070,10.65213,2.15724
252.6681,-0.53153,11.81814,2.33442
252.6852,-0.66082,10.19482,0.55547
252.7074,-0.26816,11.75350,0.69673
252.7254,0.21309,9.82371,2.65764
252.7471,-0.12450,9.27303,2.31766
252.7863,-0.22746,9.71597,2.35118
252.7863,-0.37590,9.93624,0.52674
252.8051,0.36154,9.15571,-0.09577
252.8275,0.25379,9.71597,0.99602
252.8460,-0.93616,9.53640,0.55068
252.8678,-0.14845,10.47016,0.23943
252.8889,0.07662,9.24669,0.04549
252.9064,-0.71828,9.71597,-0.75659
252.9395,0.25379,10.13736,-1.35995
252.9485,0.56744,10.12778,-0.51956
252.9664,1.15165,10.41749,-0.51956
252.9895,0.25619,9.53161,0.75659
253.0125,0.16281,10.14694,0.31365
253.0273,0.12211,10.07511,1.64008
253.0508,-0.31126,9.87878,0.94334
253.0803,0.57463,9.15092,-0.75659
253.0862,1.43656,8.97614,-2.12133
253.1061,0.48364,9.08388,-0.95771
253.1286,-0.25619,9.86920,-0.42379
253.1463,0.56265,10.28820,-0.56505
253.1685,0.28252,9.47654,1.30488
253.1993,0.17957,10.77663,0.57702
253.2068,-0.07183,10.39834,2.08302
253.2262,0.28013,9.98652,1.38868
253.2489,0.48843,8.71037,1.42699
253.2664,0.87391,10.09905,-0.54829
253.2866,0.43336,9.31612,-0.92898
253.3090,0.52195,10.61382,-0.10535
253.3267,0.88828,8.98811,0.87152
253.3556,0.55547,10.76945,-0.67519
253.3680,0.50759,10.44143,1.34079
253.3859,0.15802,9.84286,0.09098
253.4061,0.01197,8.86121,1.50360
253.4286,0.37830,9.20599,1.93697
253.4478,0.52913,8.56911,1.76937
253.4676,0.67040,8.75586,1.29051
253.4992,-0.08859,7.97772,0.19154
253.5066,-0.97208,10.18524,1.76219
253.5263,-0.04310,10.73353,2.15006
253.5488,0.15563,9.85723,0.24422
253.5657,-0.18436,11.44463,-0.06225
253.5869,-0.41900,10.32172,1.02236
253.6082,0.05746,9.42147,2.94735
253.6319,0.04789,10.20679,1.51318
253.6457,0.32323,10.54199,0.48843
253.6689,0.30886,8.74150,2.34639
253.6858,-0.24900,10.41749,1.47727
253.7059,0.08141,9.52682,0.58181
253.7283,0.63927,11.73434,0.53871
253.7477,0.94813,10.01286,-0.09338
253.7743,0.61772,9.71357,0.91940
253.7898,0.63927,8.24828,1.05109
253.8055,0.64645,9.59865,0.02394
253.8257,0.36393,9.00726,0.04549
253.8484,0.10056,10.77184,-1.07982
253.8661,1.24023,9.68005,0.14126
253.9025,0.58899,11.13577,-0.08859
253.9184,-0.71828,9.66808,-0.77814
253.9262,1.11813,9.34485,-0.93616
253.9461,2.48765,10.38158,-1.52276
253.9713,2.15245,8.05913,-2.53793
253.9859,1.60656,8.42785,0.50040
254.0078,0.82363,8.54277,1.56346
254.0288,0.58181,8.20518,0.90743
254.0535,0.04310,11.10944,-0.34956
254.0655,-0.07183,10.51087,-0.16999
254.0875,0.40463,8.88276,0.68476
254.1066,-0.72307,10.60664,1.13489
254.1260,-0.11971,10.63297,-0.74462
254.1493,0.22746,9.61062,2.13809
254.1667,0.28731,10.94184,0.72068
254.1877,0.15084,11.09028,1.33361
254.2086,0.04789,9.51964,0.74462
254.2274,1.27136,9.72554,1.51797
254.2462,1.30967,9.05515,-0.02634
254.2685,0.65364,10.20679,0.21548
254.2874,-0.20830,9.81413,1.18756
254.3102,0.71349,8.45658,1.41980
254.3329,0.17718,8.68164,0.42618
254.3482,0.05267,9.34485,2.09978
254.3669,0.05507,9.68724,-0.31126
254.3906,-0.33759,10.15651,2.40625
254.4096,-0.11971,10.21637,0.09338
254.4314,0.26337,7.28578,-0.38548
254.4603,0.61054,9.14134,-0.02873
254.4688,0.38069,8.51883,2.00401
254.4878,0.97447,9.77822,0.42379
254.5092,1.60416,10.23074,-1.10855
254.5253,0.81884,9.92906,0.54350
254.5467,1.09897,9.31612,1.71191
254.5714,0.04070,10.41749,1.17319
254.5905,-0.14605,9.36161,1.82683
254.6080,0.14605,10.39594,1.41980
254.6304,-0.09338,9.43105,1.05348
254.6478,0.75420,8.63854,1.19474
254.6678,0.05028,10.77424,1.49882
254.6879,0.08859,8.45179,2.21470
254.7083,0.24422,9.96737,2.49962
254.7275,-0.15323,10.44143,0.86673
254.7479,0.91701,9.31612,2.57863
254.7665,0.19154,8.88755,1.23305
254.7862,-1.30967,10.69762,0.60815
254.8076,0.15802,10.61382,1.19474
254.8294,-0.10535,10.63776,-1.35277
254.8736,-0.00718,11.29140,-2.53075
254.8737,0.85476,8.78220,0.95532
254.8869,1.03193,9.45739,-0.09338
254.9061,1.09418,10.34327,-1.76458
254.9273,0.31365,9.84765,0.88828
254.9507,-0.17478,11.04479,-1.48445
254.9712,0.19394,9.79737,-0.17239
254.9958,-0.79969,11.53801,0.00000
255.0065,-0.79969,10.00567,1.32403
255.0278,-0.07422,10.32411,1.66642
255.0506,-0.00479,9.46217,-0.03831
255.0688,0.30407,8.69361,-1.61135
255.0889,0.85476,9.07909,-1.08461
255.1129,1.16841,9.68724,-4.17083
255.1308,1.28333,8.15490,1.47727
255.1529,0.44294,10.37679,0.23224
255.1724,0.88349,8.95938,0.45491
255.1921,0.08619,9.60344,3.16044
255.2110,-0.25858,10.53720,0.73265
255.2322,0.72547,9.20120,-0.13169
255.2499,0.39027,9.85962,0.59139
255.2817,1.24263,7.76463,-0.62251
255.2901,1.19474,9.08388,-0.12211
255.3097,1.01517,9.02163,0.63688
255.3295,1.47727,10.11102,0.30168
255.3529,1.45332,9.15092,0.48125
255.3719,1.02236,9.44781,1.37671
255.3916,0.76138,10.05356,1.03433
255.4226,0.42858,10.16370,2.15245
255.4293,-0.00239,9.56273,2.26977
255.4498,-0.74223,9.31612,3.37114
255.4739,-0.34956,9.19880,2.51638
255.4897,0.74941,8.70079,-0.67758
255.5114,-0.72786,10.96338,0.06465
255.5484,-0.19633,8.88037,-0.65603
255.5594,0.66800,9.09106,-0.95771
255.5713,-0.04789,9.76385,-0.12450
255.5918,-0.68955,8.69601,0.63927
255.6098,0.66082,10.05835,0.13408
255.6299,1.00081,10.61861,-4.46772
255.6533,1.81247,4.87714,-1.27136
255.6735,1.88190,9.83568,-1.24502
255.7077,1.94415,10.27383,-1.17559
255.7103,1.46530,10.82930,0.38308
255.7284,0.26098,11.28661,2.74144
255.7494,0.54350,9.37119,0.03591
255.7715,0.30886,7.73590,3.40226
255.7894,0.09098,11.39435,0.38787
255.8082,0.33280,9.70160,1.72867
255.8397,0.71110,8.93543,2.60737
255.8481,-0.80687,12.11982,1.01038
255.8680,-1.19474,10.80776,1.28573
255.8893,-1.19235,10.23313,2.35357
255.9079,0.49561,12.39277,-1.41741
255.9278,0.30886,8.69122,5.48768
255.9521,-0.38308,13.58990,-1.07982
255.9756,-0.01676,9.77104,3.78535
255.9892,0.27295,10.56594,0.04310
256.0117,-0.57941,8.59545,0.89785
256.0297,0.22746,11.30337,1.71670
256.0502,0.52195,10.46298,1.58501
256.0738,1.23545,9.45499,1.35516
256.0919,0.91461,8.91867,3.25143
256.1179,-0.80926,9.17247,3.56268
256.1326,0.19154,10.19482,1.92739
256.1505,0.06465,9.68245,2.82764
256.1704,-1.40544,9.31133,2.72468
256.1930,-0.90025,9.75667,3.73028
256.2120,0.07901,9.00008,0.74941
256.2416,0.33999,9.01205,-0.44294
256.2547,0.42139,10.24031,0.63448
256.2692,0.05746,10.89395,0.35675
256.2904,-0.54350,10.15651,0.70631
256.3129,-0.30407,11.00409,0.64167
256.3306,0.30886,8.64812,0.91701
256.3506,0.43815,9.72554,0.84997
256.3740,0.47885,9.60104,0.30886
256.4084,0.77814,9.71836,0.89785
256.4119,0.76617,8.96416,1.29291
256.4348,1.60656,8.99768,0.38069
256.4529,0.61772,9.27542,0.71110
256.4728,-0.67758,8.62418,2.78933
256.4942,-0.18436,9.23951,2.32724
256.5121,-0.29450,8.98571,2.70792
256.5464,0.39506,10.01765,0.74701
256.5532,-0.21548,9.62498,2.28414
256.5715,0.24661,10.01765,-0.61054
256.5906,0.18675,9.46457,-0.47885
256.6133,-0.26816,10.40552,-0.51716
256.6306,0.21309,10.45340,-0.97447
256.6540,0.85476,10.34327,-0.05507
256.6738,0.59617,9.71597,-0.23224
256.6907,1.21629,9.67287,0.35196
256.7098,0.64645,9.81892,1.12052
256.7312,-0.21070,10.45819,0.69195
256.7496,-0.64167,8.72474,2.83961
256.7707,-0.84757,9.67526,2.20034
256.7926,-0.32323,8.91389,2.28414
256.8234,-0.32802,9.68005,1.30249
256.8285,0.42618,9.85244,-0.27774
256.8518,0.72786,9.96258,0.17239
256.8686,0.81645,9.55316,-0.78293
256.8888,0.40703,10.21637,-0.15802
256.9101,0.21548,10.43664,-0.70871
256.9289,0.44294,9.62020,-0.64406
256.9532,0.75899,9.68963,-1.60656
256.9721,0.82842,9.38556,-1.73824
256.9892,0.90264,9.84047,-0.81166
257.0103,0.90504,9.99610,-0.65124
257.0325,1.32882,9.71357,-3.10537
257.0505,1.25460,9.48612,0.62969
257.0701,0.38787,9.30415,0.99841
257.0932,-0.25619,10.48692,1.35037
257.1098,0.16520,10.74311,1.27375
257.1302,0.58420,9.15571,1.38150
257.1523,-0.31126,10.10384,3.04073
257.1707,-0.59617,10.78381,3.46452
257.1907,0.63927,8.46137,2.41582
257.2148,0.23943,9.62977,3.48606
257.2326,-1.10855,10.34806,2.79651
257.2547,0.21070,10.26665,2.48047
257.2744,0.48125,9.10064,1.01996
257.2922,0.05986,9.16289,0.33520
257.3122,0.15323,9.89793,2.06865
257.3387,0.02394,10.00089,0.60336
257.3719,-0.14366,10.31214,0.49322
257.3740,0.17478,10.91071,-1.15165
257.3971,-0.13169,10.78381,0.88588
257.4143,0.80926,8.91149,0.39027
257.4343,0.63448,9.14613,1.08221
257.4566,0.04549,10.06553,0.15563
257.4725,0.66082,10.07750,-0.27055
257.5098,0.91461,8.59066,-0.36154
257.5276,0.58899,9.30655,0.06465
257.5332,0.52674,10.38876,-0.04549
257.5526,-0.50759,9.35922,1.89148
257.5749,-0.11732,10.72396,0.01676
257.5922,0.34478,9.82610,1.00799
257.6139,-0.02394,10.06314,-0.64406
257.6348,1.58022,8.58108,-1.14686
257.6611,1.15165,9.91709,-2.22428
257.6740,1.30967,8.68403,0.25619
257.6938,1.13728,10.51565,0.07662
257.7120,0.38308,8.29137,0.82842
257.7321,0.49801,10.10623,1.72867
257.7545,1.24981,9.11500,-0.05267
257.7733,-0.20351,10.46537,1.44854
257.7920,0.88349,10.19243,0.01676
257.8150,0.64885,9.46936,2.43019
257.8342,0.21309,10.24750,0.41900
257.8524,0.21309,8.68882,1.58980
257.8750,0.23703,9.24190,0.44294
257.8923,0.31604,8.92346,0.20112
257.9130,1.01996,10.85085,-0.15802
257.9417,0.86912,7.67604,-0.56026
257.9518,1.26897,9.24669,-0.90982
257.9733,1.08940,8.75586,0.03831
257.9957,0.54111,11.43745,0.48843
258.0134,0.07901,11.32731,-1.11573
258.0331,0.73504,10.46059,-0.77575
258.0569,-0.38548,10.90353,1.47248
258.0898,-1.32164,9.90990,1.82683
258.0923,-1.04151,10.79818,0.12450
258.1157,0.07662,9.79498,0.80448
258.1334,1.00081,9.15810,-1.20911
258.1519,0.09098,9.35443,-0.27295
258.1738,0.44294,8.01124,-0.02394
258.1913,-0.35675,11.38957,2.67680
258.2213,-0.72547,9.57949,-0.16999
258.2339,1.53473,7.80055,0.84278
258.2523,0.90504,8.68643,1.03193
258.2714,-1.22826,8.66249,1.51079
258.2938,-1.46530,10.22355,1.55149
258.3115,0.49322,10.33130,-1.26418
258.3316,1.26897,8.58348,0.05028
258.3558,-0.06704,10.78381,1.89866
258.3711,-1.01517,7.53239,1.24981
258.3912,-0.21548,7.31212,0.16999
258.4136,0.31126,8.10462,1.61614
258.4315,0.46928,8.64333,0.28731
258.4536,1.02954,9.05036,1.91781
258.4828,1.14925,10.26426,-1.59698
258.4918,-0.78772,7.79576,1.44854
258.5118,0.30407,9.11979,0.77575
258.5340,-0.16760,9.51006,1.28573
258.5531,0.00718,10.26426,0.19633
258.5732,0.12690,8.19321,2.07584
258.5939,-0.61533,10.89395,-0.85954
258.6204,0.77814,10.08708,0.10535
258.6352,0.34238,9.89314,-0.25140
258.6541,-0.26337,10.22116,1.05588
258.6718,-0.32323,9.84765,1.86993
258.6920,-0.52195,10.51326,1.23066
258.7156,0.77096,8.23152,2.38470
258.7336,-0.69673,10.61143,2.34878
258.7554,-0.69195,10.08229,1.96570
258.7760,1.22826,10.53241,1.46290
258.7922,0.47885,10.71917,1.12531
258.8118,0.26337,10.85325,1.59219
258.8337,1.39107,10.38158,0.09338
258.8539,1.08461,11.02085,0.36154
258.8737,0.96968,8.61221,0.68716
258.9110,1.66163,8.51883,1.00799
258.9285,0.78053,9.96976,1.00081
258.9321,1.08700,10.64734,0.34478
258.9541,1.18756,10.98254,-2.92341
258.9719,0.85715,11.96898,0.52195
258.9918,0.57941,10.89395,-0.17239
259.0147,0.17478,11.60744,-1.87232
259.0353,0.53392,9.11979,-0.79490
259.0549,0.25379,9.28739,4.32645
259.0755,0.34717,9.31133,-0.72068
259.0918,1.18038,10.88437,0.43336
259.1117,0.56744,11.69603,-1.26418
259.1344,-0.16520,8.83248,0.87630
259.1520,-0.32802,11.88518,-0.28492
259.1721,0.09577,11.07592,0.88109
259.2057,1.12052,9.50288,0.30168
259.2117,0.90504,8.78938,2.05668
259.2317,0.59139,8.48770,0.26337
259.2539,0.25140,9.10543,2.09499
259.2718,-0.00718,10.40791,4.12773
259.2917,-1.68557,9.03120,4.55391
259.3161,-1.62332,8.00167,2.57385
259.3427,0.06704,9.17965,0.17718
259.3571,0.25619,8.66009,0.07662
259.3738,-0.06704,9.89075,0.43815
259.3913,1.55867,10.30017,-0.52674
259.4114,5.51401,7.37676,0.24182
259.4337,2.70314,11.05437,-3.22988
259.4516,-2.64089,7.99927,2.48765
259.4716,-0.09577,8.04716,4.34561
259.4940,-0.98165,10.01046,0.48604
259.5114,-0.22506,12.13897,-1.13010
259.5332,-0.05028,10.57551,-0.94813
259.5557,0.79729,8.76305,-1.88669
259.5712,2.92102,12.88120,-7.66168
259.5977,-0.65124,5.61218,-1.47727
259.6161,2.04471,8.01603,-3.65845
259.6304,2.25780,7.74548,-0.28971
259.6506,-0.79729,10.29299,0.56265
259.6732,0.13647,9.31133,2.04232
259.6919,-0.01915,10.65931,2.93059
259.7131,-1.57304,11.24591,-0.42139
259.7349,-0.48364,10.14454,1.41502
259.7678,1.64008,9.89314,-1.26657
259.7719,1.41023,9.88357,1.05827
259.7937,0.92658,8.55235,1.32164
259.8113,1.13010,10.23074,-0.61772
259.8336,0.80926,9.62498,0.67040
259.8553,-0.24182,9.52203,3.10059
259.8749,-0.34478,10.07271,-0.74701
259.9135,-0.61533,9.58668,1.22587
259.9178,-0.78053,9.44063,-0.19394
259.9325,0.20830,9.19162,-0.95771
259.9522,1.07024,9.62977,-1.23784
259.9747,0.35196,9.79498,-1.60895
259.9918,0.92658,9.62977,-0.67758
260.0122,0.37111,9.84765,0.58181
260.0343,-0.23703,10.91789,-1.29291
260.0525,0.93616,9.64653,1.18038
260.0724,1.65205,10.10623,-0.22985
260.0949,1.94894,7.55633,-0.03831
260.1135,1.25460,9.86202,2.20513
260.1325,1.44135,10.60903,1.61374
260.1555,2.10457,9.81174,1.23066
260.1762,0.62730,10.96817,1.68557
260.1937,0.88349,9.16528,2.78694
260.2146,0.67997,10.58988,2.48765
260.2329,-0.75899,9.86441,2.49483
260.2528,-0.49801,9.77104,1.60177
260.2769,-0.38308,10.10623,3.01439
260.2942,-0.49083,9.82610,0.00239
260.3243,0.09098,9.90751,-1.20432
260.3354,0.02155,10.00328,-0.74941
260.3548,-0.27534,9.38795,-0.83321
260.3734,1.04151,10.80057,-1.60656
260.3971,1.70712,9.12698,-2.63610
260.4144,1.18517,9.99610,0.42618
260.4347,0.69434,9.13655,3.01439
260.4624,0.94574,9.16050,1.63768
260.4774,-0.47167,9.78780,2.46610
260.4942,-0.24900,9.89554,3.69197
260.5169,0.06943,9.42387,2.87074
260.5340,-0.14366,9.73033,1.76458
260.5553,-0.00239,9.94342,1.68078
260.5780,0.05986,9.36161,1.89148
260.6074,0.03352,10.33848,1.56825
260.6147,-0.23943,9.90272,3.08383
260.6381,0.09577,9.94821,2.88750
260.6547,0.13408,9.17247,2.16203
260.6748,-0.35435,9.75906,1.95852
260.6973,-1.07982,10.49889,3.24424
260.7161,-0.82124,9.58428,4.86756
260.7546,-1.14446,10.16848,2.41103
260.7570,0.26098,10.26665,3.14129
260.7744,0.48843,8.30574,1.78613
260.7939,-0.26098,9.80934,-0.06465
260.8170,0.33759,8.51644,0.37830
260.8348,-0.38787,9.83568,1.06306
260.8556,-0.24422,10.83888,1.04151
260.8908,0.09098,9.99849,1.59938
260.8942,0.14845,9.27542,0.66082
260.9145,0.62730,10.86522,0.73025
260.9366,-0.71349,10.12299,1.94415
260.9570,-0.40224,9.39513,1.25460
260.9772,0.55787,9.18923,0.87152
260.9983,0.93856,9.31612,2.81088
261.0340,0.84997,9.43344,2.36075
261.0342,-0.21548,9.75188,3.02157
261.0565,-0.26576,9.55316,2.33681
261.0743,-0.51477,9.83089,1.13967
261.0941,-0.60815,9.78301,0.56265
261.1170,-0.71110,9.12937,1.48684
261.1344,0.10535,8.88515,0.33041
261.1545,0.69195,9.19880,1.98246
261.1762,-0.16999,9.55076,-0.86912
261.1939,-0.14845,10.90113,0.76617
261.2140,-0.18196,10.01286,1.87711
261.2401,0.19394,10.17806,0.90025
261.2582,-0.33041,8.90670,0.84518
261.2755,-0.26337,10.19003,1.32643
261.3055,-0.13169,9.19162,1.81486
261.3153,-0.52674,10.89395,0.12690
261.3340,0.00479,9.56273,-1.86035
261.3565,0.34478,10.27383,-1.87232
261.3746,0.04070,9.24669,-0.71589
261.3942,-0.02634,9.35683,0.24661
261.4186,0.16520,9.52921,-0.96250
261.4362,-0.05986,9.70878,-0.30886
261.4568,0.03591,9.23472,-1.63529
261.4773,-0.49801,10.55636,0.69195
261.4952,0.56265,10.30496,0.73265
261.5152,0.70152,9.31852,0.50280
261.5374,0.52913,10.92986,0.50040
261.5566,-0.05267,9.15571,1.95852
261.5833,-0.39984,9.99849,-0.50519
261.5973,-0.11253,8.15969,0.08380
261.6150,-0.79490,9.07191,-1.57543
261.6353,-0.68476,11.43985,-0.30886
261.6575,-0.40224,10.82930,1.55867
261.6753,0.40703,10.10863,-1.51318
261.6954,-0.09577,9.95779,0.68237
261.7250,-0.73025,9.34007,0.34717
261.7348,0.02634,8.59066,-0.47167
261.7572,-0.10774,6.85241,1.41741
261.7776,0.53153,8.99290,0.81405
261.7953,0.73265,10.83649,2.15724
261.8162,-0.02634,9.11740,2.44695
261.8415,0.23464,8.52601,3.66324
261.8603,-1.26418,9.69681,2.64328
261.8811,-0.87152,9.05036,2.95932
261.8978,-0.49561,10.67847,1.58501
261.9157,-0.36872,10.01765,1.65205
261.9353,-0.75420,10.76705,-0.03352
261.9579,-0.58181,10.01525,0.91222
261.9756,0.02394,8.65770,1.64487
262.0095,0.05267,8.52362,2.14288
262.0183,-0.22985,9.37598,1.15883
262.0352,-0.39745,10.51565,0.38308
262.0551,-0.69913,9.95779,-0.27534
262.0776,-0.77575,9.46457,0.38069
262.0973,-0.64885,9.46696,2.46850
262.1322,-1.01517,9.66329,2.99763
262.1483,-1.10137,9.17965,1.76458
262.1551,-0.22506,8.45897,1.30009
262.1750,-0.14605,9.96976,-0.02634
262.1972,-0.02873,10.20679,-0.07662
262.2150,0.14845,10.49650,1.35037
262.2357,-0.92180,10.38636,1.35037
262.2583,-1.04151,10.08469,2.91144
262.2769,-1.00799,9.67766,1.63290
262.2976,-0.20591,8.49249,1.30967
262.3174,-0.85236,8.93304,2.51399
262.3350,-0.22985,9.65372,0.35675
262.3562,0.49322,9.81413,0.34478
262.3795,-0.64645,9.95061,0.97686
262.3970,-0.10535,10.04398,0.45491
262.4310,-0.15084,10.13018,2.21949
262.4406,-0.34956,10.40312,1.45332
262.4557,0.26816,9.41668,2.37512
262.4772,0.88828,9.77582,-1.77895
262.4982,0.49561,9.67287,-0.23464
262.5158,0.62251,9.86202,0.65843
262.5385,0.86673,7.94420,2.49723
262.5701,1.04390,9.62498,1.44614
262.5769,0.58899,10.01765,2.51638
262.5993,-0.03591,9.57471,5.43740
262.6182,-0.91222,10.99451,4.38871
262.6358,-0.92419,9.93863,6.25385
262.6572,-2.03753,10.23074,4.93221
262.6812,-1.39586,9.48612,5.26980
262.7091,-1.14686,9.94821,2.72947
262.7221,-0.53871,9.31612,3.05988
262.7390,-0.79250,10.23792,3.47888
262.7568,-0.61533,9.84047,3.13650
262.7773,-0.07901,8.06871,1.31446
262.7996,0.40224,9.92188,2.28414
262.8172,0.17478,8.04716,-0.37830
262.8442,0.02873,8.93543,1.52994
262.8596,-0.31126,9.62498,4.25223
262.8763,-1.73585,9.86681,3.01439
262.8966,-0.75180,11.55477,3.11016
262.9188,-0.57223,9.47654,4.47251
262.9362,-0.41182,9.94582,3.99365
262.9564,0.13647,8.49249,1.89866
262.9800,0.54829,9.56273,0.74941
262.9957,-0.53392,9.98173,0.93137
263.0155,0.16042,11.06634,2.71032
263.0381,1.21150,9.38795,2.43498
263.0564,0.70152,9.24908,2.19794
263.0774,-0.14366,9.40711,3.95534
263.1031,-0.14605,9.16768,4.11336
263.1266,-1.93697,10.02962,3.32804
263.1369,-1.62571,10.13736,2.15485
263.1610,-0.86912,9.12698,3.00003
263.1784,0.52435,9.27063,-0.70631
263.1968,0.64645,10.64255,-0.20591
263.2194,0.29450,10.25229,-1.51558
263.2398,0.23224,10.99212,-0.06465
263.2583,0.09817,10.40073,-2.58103
263.2790,0.62251,9.51485,0.24900
263.2964,0.53392,8.95219,1.22108
263.3166,1.13489,8.27461,3.87154
263.3438,2.08062,8.43264,1.51558
263.3579,-0.11971,8.51404,4.15646
263.3792,0.01676,10.84128,2.86595
263.4091,-0.54350,10.01525,2.04711
263.4165,-1.56586,10.38397,4.21153
263.4388,-0.61054,9.68484,1.83641
263.4609,0.36154,8.23631,3.50282
263.4803,0.92898,9.89793,0.19394
263.5002,-0.01437,8.76065,2.43019
263.5382,-0.29210,10.22834,0.89546
263.5536,-0.55068,10.17088,2.82764
263.5575,-0.55547,9.87399,2.06147
263.5786,-0.17239,10.14454,2.99763
263.5966,-0.30886,10.53481,0.66561
263.6166,0.20351,9.73991,-2.10696
263.6429,-0.47407,10.49411,-1.30249
263.6750,0.49801,9.03839,1.43896
263.6897,0.59857,9.71597,-1.23066
263.6987,1.32643,10.24271,-1.81007
263.7166,0.81405,9.80695,0.24900
263.7364,0.02873,9.99610,2.87313
263.7589,0.10774,9.70639,2.91623
263.7768,0.96968,9.09346,1.21869
263.8259,0.22506,10.12539,1.93936
263.8259,-0.42858,10.24271,0.38308
263.8394,-0.39506,10.64495,2.51159
263.8565,-0.24422,8.29856,2.41822
263.8799,1.47727,8.15969,2.43737
263.8964,0.49561,9.05275,1.81247
263.9164,0.29450,9.63696,0.59139
263.9472,-0.26337,10.04877,1.47248
263.9588,-1.07982,9.78301,4.74785
263.9763,-0.26816,8.86600,4.64489
264.0005,-1.33122,11.26985,0.39027
264.0164,0.68476,9.91469,-1.43178
264.0372,0.31844,10.20440,1.09897
264.0596,-0.20830,11.24351,-0.02873
264.0780,1.27854,8.57390,1.49882
264.1140,1.23545,9.64414,-0.20591
264.1190,0.09817,9.17965,-0.54111
264.1369,0.29210,9.05036,1.10615
264.1566,1.23066,9.70878,2.41582
264.1794,0.03591,9.17726,2.47329
264.1980,0.43336,10.18046,0.17478
264.2397,0.82602,10.34327,-0.88109
264.2398,-0.30886,10.45340,0.99362
264.2566,-1.02236,10.10384,3.19636
264.2766,0.18915,8.58348,3.21072
264.2984,-0.50759,9.96018,2.78215
264.3163,-0.96968,11.02324,3.12692
264.3393,-1.49163,10.34087,1.95373
264.3733,-1.13728,9.83808,2.90426
264.3959,-1.24263,9.79737,1.34558
264.3982,-0.32562,10.39115,1.18517
264.4185,-0.73504,10.79578,1.64726
264.4363,-0.37830,9.66808,3.44057
264.4563,1.55628,9.15331,2.33202
264.4795,0.54589,10.46298,2.58103
264.5145,-0.64885,10.61621,2.37033
264.5312,-0.34238,10.12060,0.81405
264.5394,-0.85236,9.32809,1.24502
264.5562,-0.27295,9.54119,0.94574
264.5762,-0.43097,9.36880,-0.21548
264.5996,-0.43097,10.33608,-1.41023
264.6160,0.70631,9.72076,1.10615
264.6373,0.62012,8.03040,2.25062
264.6595,0.30647,9.35204,3.57705
264.6762,0.39506,9.20359,1.13967
264.6962,-0.80208,9.67287,3.50761
264.7191,-0.88588,10.61143,3.43578
264.7379,-0.01915,9.29936,2.85637
264.7586,-0.59857,10.05835,-0.85954
264.7819,0.08380,10.79100,2.96172
264.8017,-0.46928,9.34007,2.89707
264.8163,-0.15084,8.41588,3.21551
264.8384,-0.50040,9.93145,1.96331
264.8563,-1.43656,9.99849,2.60018
264.8764,-0.25140,10.08947,2.11654
264.8989,-1.69275,10.59467,3.35917
264.9187,-0.45491,9.47893,-0.80926
264.9458,1.48206,9.19402,0.98165
264.9626,0.04549,10.12778,2.35357
264.9779,0.99602,9.03120,0.25619
264.9962,-0.05267,8.20279,4.27139
265.0192,-0.72068,11.03521,-0.21548
265.0377,-0.82842,11.20760,3.98647
265.0565,-0.74462,12.04320,0.41900
265.0844,0.57941,10.08229,3.50282
265.0958,-0.14605,10.09666,2.93778
265.1212,0.00479,9.40471,1.49882
265.1381,0.71828,10.92029,1.92500
265.1559,-1.06306,9.77104,1.92260
265.1758,-0.68716,9.36401,-2.32724
265.2001,-0.70871,9.08388,-3.43339
265.2185,2.34878,8.64573,-0.77814
265.2362,3.08383,9.14374,-2.00640
265.2585,2.14288,9.90033,-0.60575
265.2761,-0.85476,9.20359,1.65684
265.2961,-1.12291,10.18764,2.54033
265.3184,0.11732,8.60263,0.61293
265.3373,0.31126,8.94980,-0.26816
265.3673,-0.11014,11.08070,-0.44055
265.3784,-0.45252,9.02642,-0.13408
265.3959,-1.82923,11.58590,1.21390
265.4160,-0.51237,9.52682,2.24104
265.4385,-0.20830,10.54678,-0.17239
265.4562,1.40783,9.31133,-2.40864
265.4774,1.08940,10.30256,1.44375
265.5048,0.34956,9.74949,0.15084
265.5168,-0.04310,10.10623,1.61135
265.5362,-1.42459,9.53640,2.13569
265.5611,-0.96010,9.64653,1.09658
265.5773,0.75659,9.89075,0.81166
265.5981,0.35435,9.67526,-0.50998
265.6203,0.65124,8.54277,-0.09098
265.6530,-0.40463,11.92828,0.37351
265.6569,-1.31206,10.58030,2.32484
265.6790,0.63209,9.19162,-1.34079
265.6964,1.27615,10.19482,1.85796
265.7163,1.25221,8.85882,-1.05348
265.7387,1.70951,9.51245,-1.77176
265.7565,-0.68955,11.29379,0.87630
265.7823,1.20193,9.14374,1.81486
265.7984,0.70152,9.47415,0.23224
265.8158,-0.72786,9.96497,0.26576
265.8361,0.74701,9.12937,2.39427
265.8583,0.45970,10.01525,1.07742
265.8772,0.65843,9.71597,0.08141
265.8981,0.23224,11.52125,-2.14288
265.9301,0.24900,9.39753,0.54350
265.9362,0.37830,9.63456,3.71113
265.9560,-1.71191,10.85804,1.80528
265.9805,-0.30647,9.33049,1.95133
265.9963,0.83560,10.37918,1.83880
266.0164,0.09338,10.03441,0.62251
266.0425,0.30168,8.55953,3.49085
266.0703,-0.56984,8.57629,0.23224
266.0850,0.68955,9.56273,1.05109
266.0995,-0.57223,9.42387,0.71589
266.1169,-0.97686,8.49010,4.40068
266.1372,-1.51558,9.04796,1.24981
266.1596,-1.05827,9.42626,1.51079
266.1801,-0.34478,9.01205,0.46688
266.2113,-0.00718,8.89713,1.18277
266.2192,0.95771,9.08627,-0.95053
266.2368,0.63448,8.31771,0.88109
266.2570,0.04310,10.32411,1.78373
266.2792,0.52674,9.78061,2.09738
266.2970,-0.97926,9.46936,2.43019
266.3390,-0.69434,11.67688,1.26657
266.3523,-0.72307,9.03599,1.00799
266.3566,0.58899,11.42309,-0.08619
266.3769,0.47407,9.79019,0.66561
266.3991,-0.60096,11.07352,0.17957
266.4169,0.96250,8.82530,-0.87870
266.4369,1.20432,9.55316,0.78772
266.4617,-0.68476,10.15412,0.32802
266.4791,0.80208,7.75266,2.81567
266.4979,0.29928,8.11420,1.49403
266.5201,-0.14845,10.13018,0.85954
266.5378,0.31365,9.23711,1.76458
266.5618,0.22267,9.91709,1.31446
266.5840,0.70631,9.34725,1.19235
266.6172,1.31446,9.04796,2.67919
266.6172,-1.10615,11.28182,0.29210
266.6401,0.16760,10.75748,1.57064
266.6576,-1.46051,8.11899,4.07984
266.6789,-1.47487,9.52682,2.11654
266.7010,-0.29450,10.16848,2.71032
266.7202,0.05028,9.01444,3.00721
266.7453,-0.83081,9.45739,0.94574
266.7623,-0.45731,9.28260,0.47646
266.7801,0.18675,10.13975,2.17400
266.7993,0.13408,9.31373,1.82444
266.8233,0.14845,9.43105,1.29770
266.8409,-0.05986,10.41031,2.01837
266.8595,-0.23703,9.53640,3.12453
266.8882,-0.69913,10.46059,1.41262
266.9029,-0.86194,10.32172,1.96091
266.9194,-0.59139,9.21317,2.68638
266.9415,-1.76219,10.44383,2.79891
266.9605,-0.90743,8.95938,2.09020
266.9795,-0.14126,9.13416,-0.11732
267.0025,-0.64645,9.89314,-0.65843
267.0236,0.49801,9.20599,-0.33041
267.0412,-0.30647,9.24669,-0.19872
267.0630,-0.07183,10.41510,0.32562
267.0795,-1.11573,10.04398,2.48526
267.0997,-1.40065,10.16848,2.87552
267.1221,-1.38629,10.50847,3.99365
267.1396,-1.37910,9.81413,2.20034
267.1597,-0.57941,10.70720,1.52276
267.1909,-2.14766,9.46936,1.38389
267.1994,-0.66800,10.43425,0.96968
267.2198,0.16042,8.71995,0.66800
267.2419,-0.72068,9.18683,2.24822
267.2596,-1.30727,8.38475,2.73666
267.2795,-0.99841,10.19003,0.75899
267.3027,-2.37033,10.55875,0.16760
267.3274,-0.77814,10.85564,-0.45012
267.3398,-0.78772,10.24271,1.10615
267.3619,-0.48125,9.73512,0.21070
267.3794,-0.72547,11.42787,0.92180
267.3996,-1.85317,9.43105,2.49962
267.4219,-1.22826,8.63136,2.61694
267.4420,-0.60815,9.34485,1.91303
267.4611,-2.54990,10.03201,0.52195
267.4819,-1.95612,9.74230,1.90105
267.4995,-1.49403,9.72554,1.32643
267.5196,-1.51558,9.57471,0.80687
267.5420,-0.03352,8.89473,-0.10774
267.5609,-1.98725,9.10543,-0.67758
267.5812,-1.92500,10.07990,0.05746
267.6132,-1.18995,7.40789,-0.76617
267.6201,-0.46688,9.97694,-1.27136
267.6397,-1.38629,6.20117,-1.84359
267.6618,-1.05109,8.01603,-1.89387
267.6795,1.22587,8.48770,0.44294
267.6995,-3.75183,11.05676,0.47407
267.7228,-2.93538,9.38795,-0.04789
267.7570,-2.73905,11.67448,2.90665
267.7612,-2.43737,10.32172,-1.05109
267.7818,-2.60497,10.52763,1.20911
267.7995,-2.40146,8.97374,2.23386
267.8194,-1.89627,9.27303,1.93457
267.8417,-3.66085,10.05595,-0.16999
267.8612,-1.15404,9.39992,-0.40463
267.8819,-3.45733,8.59305,1.05348
267.9033,-2.93299,10.77424,0.93616
267.9200,-1.90345,10.15651,1.14686
267.9399,-3.37114,9.32331,-0.63448
267.9625,-2.39188,10.83649,-0.97926
267.9810,-3.23706,10.92508,-0.15084
267.9998,-0.97447,10.65692,-0.17718
268.0324,-3.11974,11.22197,-1.43178
268.0397,-2.90186,7.47493,1.78134
268.0593,-1.29770,10.54199,-0.60096
268.0814,-4.50363,7.67844,-1.87472
268.0992,-1.78134,7.52760,-2.58582
268.1205,-3.24664,8.55714,2.59061
268.1458,-4.35040,8.76783,0.14605
268.1620,-1.61614,8.70319,0.47885
268.1810,-1.92500,9.10543,2.29372
268.2019,-3.93379,9.39513,2.29132
268.2197,-2.32245,9.68484,2.57145
268.2397,-1.77895,10.03919,2.36794
268.2632,-3.52437,10.78142,0.82842
268.3042,-2.39427,9.37119,0.88349
268.3179,-3.74225,10.15651,1.46290
268.3221,-2.84679,9.68963,-0.21309
268.3393,-3.49804,10.05356,1.68557
268.3593,-1.86514,8.31053,1.92260
268.3831,-1.92500,7.42704,1.34798
268.4005,-3.17960,10.50368,0.60096
268.4208,-2.84679,8.98092,2.71511
268.4482,-3.28734,11.11422,-0.11493
268.4596,-1.55388,9.74709,-0.05028
268.4791,-3.33522,9.93385,-0.38548
268.5016,-2.23386,10.39594,0.55787
268.5193,-2.60018,9.35443,0.37830
268.5423,-3.05270,10.00567,-0.07422
268.5648,-2.57145,10.28580,1.35516
268.5832,-3.30889,9.77104,0.71110
268.5993,-3.19875,10.22595,-0.77814
268.6215,-2.44934,9.84047,1.69036
268.6393,-2.60497,10.45580,1.42220
268.6613,-3.94576,9.82850,1.04390
268.6824,-3.09340,9.98173,1.22108
268.7011,-2.38949,10.70001,-0.58660
268.7219,-3.19396,9.12458,1.38629
268.7437,-2.95932,9.30415,2.10457
268.7603,-2.94975,9.30176,-1.01278
268.7803,-2.46850,9.34725,-1.04390
268.8043,-3.13171,9.24669,-0.86194
268.8229,-2.93059,9.44781,-0.49083
268.8420,-2.63370,9.44541,-0.58899
268.8653,-1.81247,8.41588,-1.58022
268.8878,-2.20034,7.01762,-0.28731
268.8999,-2.97848,6.37117,-0.79729
268.9225,2.28174,10.38876,-3.11495
268.9421,-7.28099,15.71841,0.44294
268.9639,-5.61936,10.88677,6.37835
268.9843,-1.04869,8.72474,7.42465
269.0114,-2.77736,12.08391,2.26498
269.0213,-5.40148,11.07831,1.37671
269.0425,1.47727,7.87956,-0.34478
269.0603,-3.87633,10.09187,-0.10056
269.0801,-3.73267,9.50048,-0.16760
269.1026,0.78293,10.75987,-1.54431
269.1209,-3.55789,10.81494,1.00560
269.1517,-3.58423,9.93385,1.89866
269.1629,-3.70155,10.79339,0.30647
269.1801,-3.89309,9.76864,-0.15084
269.2000,-0.95292,4.35040,-6.03836
269.2225,1.24981,6.06470,0.87630
269.2460,-4.85559,13.96102,-7.70717
269.2600,-4.86277,9.22754,6.09822
269.2828,-0.38548,11.30337,0.33041
269.3004,-2.55709,7.73830,4.24744
269.3201,-3.90746,12.94345,-3.48367
269.3469,-1.20193,7.54197,-1.16122
269.3625,-3.09819,9.93385,-2.72947
269.4028,-1.56825,9.03120,0.09577
269.4028,-2.87074,11.33210,-1.31446
269.4204,-1.90584,9.26105,-0.24661
269.4401,-2.67919,10.61621,-0.98644
269.4626,-3.57226,9.86920,-0.43336
269.4800,-3.49325,10.63297,0.11732
269.5001,-3.69676,9.85244,2.92580
269.5244,0.44773,10.28820,2.69835
269.5439,-3.60817,9.77343,-0.16999
269.5602,-2.37991,9.90512,1.56825
269.5818,-4.18998,9.56513,1.13249
269.6000,-1.11813,8.27940,0.55068
269.6219,-2.40146,8.50925,0.27534
269.6438,-3.16284,9.85244,-0.66800
269.6635,-1.40065,8.83248,-0.96250
269.6816,-1.37671,8.69840,0.62251
269.7048,-2.99045,9.88596,0.16760
269.7201,-1.76219,8.84206,2.41582
269.7418,-2.99045,8.68643,1.16841
269.7625,-1.80289,9.98652,1.08461
269.7836,-2.54990,10.00328,2.62413
269.8202,-2.51399,9.55316,1.92979
269.8359,-0.86673,8.90910,2.36315
269.8399,-3.65366,10.78142,0.30168
269.8601,-1.11094,10.63058,-1.97767
269.8824,-2.19076,9.88357,0.37111
269.9038,-2.63849,10.36242,1.83880
269.9238,-3.75183,8.98811,1.31685
269.9617,-2.09260,9.72794,0.59617
269.9636,-3.34001,9.77104,1.11813
269.9805,-2.35836,9.20838,0.86673
270.0029,-2.70553,9.74470,1.98964
270.0199,-2.69356,8.94262,-0.70631
270.0415,-2.88510,9.48851,3.69197
270.0661,-1.38150,10.51565,-2.69116
270.0985,-1.97767,9.59146,2.56666
270.1172,-3.73986,10.49171,-1.18995
270.1227,-0.35675,10.99451,1.30009
270.1396,-3.29452,9.79737,1.42938
270.1599,-2.21949,10.18764,-0.77096
270.1837,-2.14048,8.67446,-2.56187
270.2033,-2.21949,9.75667,-3.47649
270.2397,-1.25221,9.82610,-5.56669
270.2542,-3.26340,8.05913,-0.07183
270.2609,-2.27217,11.38478,-5.43500
270.2817,-3.00721,11.32492,-1.67839
270.3051,-2.42301,11.44463,0.91940
270.3201,-2.31766,9.92666,1.58501
270.3405,-2.63610,8.32489,2.15964
270.3629,-1.85317,9.40711,-0.96968
270.3799,-2.55469,10.14215,-4.24505
270.4010,-4.01041,11.10944,-2.24344
270.4229,-2.82046,9.75428,-3.10059
270.4397,-3.59381,12.13179,-0.84039
270.4603,-3.18199,10.47735,1.49163
270.4834,-2.16682,8.87797,1.26897
270.5004,-2.40864,8.72234,0.95053
270.5226,-2.83961,8.88515,1.98725
270.5428,-2.73426,11.74871,0.75899
270.5632,-4.01041,11.45900,-0.76856
270.5819,-3.62733,9.49091,-0.68237
270.6029,-2.48526,10.76227,0.03831
270.6203,-4.58264,12.58431,6.59144
270.6597,-3.28016,6.55074,-1.22108
270.6789,-0.10056,7.62098,-3.73267
270.6825,-0.17718,6.89312,-1.16601
270.7002,-5.37036,11.32492,-4.88911
270.7232,3.22030,4.80770,-2.62891
270.7412,-3.32325,11.96659,0.84518
270.7630,-2.61934,11.82293,-7.43422
270.7832,-5.51880,10.61382,4.48927
270.8183,1.51797,9.55795,-6.23230
270.8217,-4.49405,12.47178,0.76138
270.8454,-5.31768,13.78384,0.40224
270.8628,0.57223,9.58189,2.41343
270.8829,-3.92182,9.51245,-2.06386
270.9069,-5.46613,11.33929,-0.30168
270.9398,0.39027,6.12695,-0.58420
270.9579,-3.68000,12.19165,-6.87875
270.9630,-4.35279,8.24349,2.84679
270.9824,-3.17241,8.92107,-2.26020
271.0005,-1.12770,5.64331,0.99123
271.0229,-2.45413,7.10860,0.71349
271.0424,-5.20037,20.19571,-2.71990
271.0800,0.62251,6.41666,9.19402
271.0981,-1.74303,16.17572,-5.38472
271.1024,-3.98168,8.07828,5.30092
271.1205,-1.41262,13.20443,-1.90584
271.1432,-4.13012,9.82610,-1.34079
271.1609,-3.17241,10.12778,-3.44057
271.1826,-1.45811,8.57869,1.64487
271.2067,-3.84042,11.27943,-1.82923
271.2246,-5.74865,10.48692,-0.60336
271.2406,2.67680,9.15092,-0.64167
271.2631,-3.77338,9.96018,-1.71191
271.2808,-3.68479,10.26426,0.15802
271.3033,-1.77176,9.10303,-2.21470
271.3237,-1.78852,9.92666,-1.35755
271.3422,-2.69835,8.62418,0.13887
271.3640,0.36393,9.59146,-0.92898
271.3851,-1.49403,9.09824,-2.26259
271.4006,-2.71271,10.11821,1.52515
271.4217,-4.59940,11.31774,-0.29689
271.4430,-3.68000,9.80695,-1.02236
271.4605,-1.64726,8.41109,1.63290
271.4806,-3.46691,8.97853,1.17798
271.5078,-2.68159,9.85244,1.41502
271.5235,-1.81247,10.78621,-1.58022
271.5405,-3.31607,10.53241,-0.33280
271.5630,-3.64169,9.48372,-1.34558
271.5809,-0.51716,8.67206,1.54670
271.6023,-2.40625,10.31693,1.74303
271.6490,-2.23146,10.87719,-2.53554
271.6492,-2.27935,9.23951,-1.41262
271.6637,-1.21150,13.11584,-2.12612
271.6852,-4.41744,10.67128,0.99841
271.7004,-1.86275,8.58348,-1.22587
271.7203,-1.43896,7.66407,1.75261
271.7445,-2.89947,7.53239,1.80768
271.7789,-3.70634,9.81174,-2.50681
271.7902,5.46134,8.04237,3.24903
271.8025,-4.15407,9.03120,0.69195
271.8208,-4.11815,13.38878,-4.38392
271.8405,-4.88911,10.75987,2.51638
271.8643,-1.99204,7.82688,2.10936
271.8822,-3.58423,9.72794,-1.59459
271.9020,-3.46212,11.24351,-1.08700
271.9349,-3.10777,9.34246,1.47248
271.9404,-3.29692,9.28021,-2.30090
271.9604,-4.27139,9.66569,-0.31844
271.9826,-1.64487,7.86280,0.86433
272.0006,-3.77577,12.10306,0.48125
272.0205,-2.80609,9.62498,-2.14527
272.0521,0.43815,6.14850,1.21629
272.0645,-2.38470,8.80614,-1.68318
272.0802,-4.23068,10.05117,0.81405
272.1038,1.86035,10.17806,-3.14368
272.1205,-3.41184,9.74709,-0.64645
272.1442,-2.08302,9.07670,2.18358
272.1866,1.22826,8.87558,0.41660
272.1867,-3.62733,10.45101,-0.19633
272.2024,-2.01119,10.12539,0.95053
272.2237,-1.41262,11.31774,0.03352
272.2413,-2.80130,9.75428,1.92500
272.2616,-3.01439,10.33130,-2.26498
272.2839,-3.71831,9.22514,-0.20591
272.3033,-0.10774,8.78220,-0.53392
272.3358,-1.04151,9.49330,-2.78933
272.3442,-3.88351,10.52284,0.50280
272.3615,-0.21309,8.96416,-4.21392
272.3815,-0.28013,8.42785,-0.66321
272.4039,-1.78373,9.39992,-0.34717
272.4232,-1.72148,10.88198,1.10855
272.4564,-2.17161,10.40073,1.14925
272.4746,-1.50121,10.49889,-1.22347
272.4836,-1.07742,10.87240,-1.69275
272.5014,-1.14446,10.53002,0.12211
272.5241,-0.44055,10.72635,-1.15404
272.5433,-1.28812,10.13496,-1.07503
272.5628,-2.61455,9.60104,-0.43097
272.5858,-1.48684,9.07670,-0.79490
272.6034,-0.06465,8.62657,0.09338
272.6226,-0.90025,8.45897,-0.65364
272.6436,0.38548,9.80934,-1.21629
272.6614,-0.13647,7.76463,-2.42540
272.6825,-3.08383,9.67766,2.94975
272.7055,-1.55628,9.57231,-0.25379
272.7558,-0.91701,9.90990,-3.69437
272.7559,0.66800,10.15172,-5.41346
272.7705,0.84518,7.50605,-2.41582
272.7856,1.42459,9.70878,-4.47011
272.8011,-0.77575,10.51326,-0.75420
272.8234,1.94415,9.54597,-4.15646
272.8413,0.68476,8.71516,2.40385
272.8625,-0.90025,9.24430,-0.32083
272.8929,0.00958,9.21556,1.98964
272.9016,-0.68476,9.74470,1.61135
272.9213,-1.00081,14.15735,-3.55789
272.9437,-0.36393,9.10064,0.02155
272.9626,4.16604,9.45020,-4.11815
272.9816,-0.53392,8.73910,-2.29132
273.0181,0.05507,10.86282,-2.15485
273.0318,-0.27295,10.82930,-1.79810
273.0414,-1.96091,10.77903,-0.18196
273.0652,-0.09338,9.60104,-1.86514
273.0823,-0.06704,10.08469,0.17239
273.1022,-1.59698,10.56115,-1.82683
273.1250,-0.84278,10.57791,0.49801
273.1443,0.05986,10.54678,-1.09897
273.1629,-1.54910,11.32013,-2.36075
273.1841,-1.04390,11.23873,-3.07185
273.2013,-0.77575,9.11500,-0.59378
273.2211,-0.28492,9.59625,-0.83800
273.2457,0.14845,9.88596,-1.98725
273.2616,0.17957,9.96976,-2.65764
273.3015,-0.66800,10.64495,-0.08380
273.3190,0.08141,7.97533,-1.76219
273.3217,0.34956,8.90191,-1.77895
273.3416,-0.25858,11.36083,-0.39984
273.3667,-0.77335,11.02803,-3.69197
273.3817,-0.83321,10.29778,-0.32802
273.4014,-1.83401,9.85005,0.10535
273.4345,-2.43977,10.15651,0.15802
273.4464,-1.24981,10.01765,0.07183
273.4610,-0.85954,10.13018,-0.36872
273.4851,-1.29291,10.39594,-0.20112
273.5012,-1.36713,9.19880,1.15404
273.5221,-0.54350,8.95938,0.79969
273.5445,0.59139,8.90910,0.33280
273.5699,-2.11414,9.79977,1.81965
273.5813,-1.12531,10.28102,-0.72547
273.6031,-0.88109,10.08708,-0.49083
273.6208,0.80208,9.29936,-2.63131
273.6411,1.71670,8.55953,-2.32724
273.6639,1.76219,9.08148,-0.51716
273.6833,-1.73345,9.52443,1.90105
273.7139,-1.69515,9.00487,1.52515
273.7324,-1.05109,9.64653,0.33999
273.7411,-1.31206,8.57629,0.00958
273.7629,-0.67040,10.23074,0.05267
273.7833,-0.86194,9.89554,-1.27615
273.8010,0.03352,10.66171,-2.14766
273.8221,-0.27534,10.85325,-0.93137
273.8444,-1.93457,9.94821,0.06943
273.8740,-1.50839,10.38876,-0.09338
273.8976,-0.55068,9.52921,1.67599
273.9037,-0.70152,10.42467,-0.17478
273.9208,0.20351,9.77343,0.56265
273.9411,-0.24182,10.13496,0.67997
273.9632,-0.58420,10.05356,-0.31604
273.9808,-0.23943,9.92188,1.67599
274.0108,-0.37590,9.31133,-0.15323
274.0249,-0.44773,10.49411,0.08619
274.0426,-1.33361,10.03201,1.84599
274.0609,-1.23305,10.21637,-0.31126
274.0855,-1.08221,9.72554,0.86194
274.1015,-0.42618,9.36161,-0.55547
274.1242,-0.54111,9.28021,0.39027
274.1577,-0.84039,9.01684,0.20830
274.1608,-0.37830,9.23711,-2.62652
274.1810,0.41421,9.44302,-0.82124
274.2033,-0.14845,9.37359,-1.07742
274.2222,0.31365,9.54358,-2.00401
274.2451,-0.50040,8.81572,-2.86595
274.2833,-0.54111,10.43186,-1.32643
274.2964,-0.53871,10.66649,-2.45653
274.3012,-1.39826,10.61143,-3.07425
274.3233,0.33999,10.39355,-1.76697
274.3409,-0.04789,10.30975,-1.00560
274.3611,0.22267,10.46777,-1.41980
274.3831,0.51716,10.89395,-0.70871
274.4016,-0.16281,10.16370,0.53871
274.4299,-0.49561,9.54597,0.88828
274.4433,-0.08141,10.22116,0.00000
274.4625,-0.13169,9.20359,0.71589
274.4809,0.25379,8.71277,0.62012
274.5051,0.23703,10.32651,-0.96489
274.5226,0.53632,10.44143,-1.83880
274.5456,-1.24023,11.07592,-1.35037
274.5642,1.15643,8.31532,-1.83162
274.5809,-0.84997,11.04958,3.65127
274.6031,-5.78696,11.97616,-2.05908
274.6237,1.25939,7.02001,0.79011
274.6422,0.04549,11.06634,-2.28174
274.6622,1.24742,7.82688,-8.15011
274.7010,1.13967,6.60102,-4.18998
274.7164,-2.67201,10.64734,0.07183
274.7206,-2.29850,9.03360,6.00484
274.7433,-2.45413,11.31534,7.35521
274.7610,-1.13728,12.33051,4.07506
274.7809,0.69195,10.39834,-4.64010
274.8035,3.54353,6.87157,3.00003
274.8324,2.93538,16.42233,3.32325
274.8504,-4.35279,10.09905,4.09421
274.8634,1.17559,11.89715,0.77814
274.8809,0.00239,4.07506,-0.71349
274.9009,-0.03591,11.07352,-7.94420
274.9249,0.80208,10.53720,-2.25780
274.9425,0.03591,11.40393,1.13010
274.9890,-1.68796,6.14371,-1.04630
274.9892,-1.82683,12.15813,1.43178
275.0062,0.95053,10.34566,-8.22433
275.0205,2.35597,7.95857,-1.55149
275.0431,-0.61772,10.09187,-2.71511
275.0606,0.35196,8.88276,-0.32562
275.0851,0.06465,11.20999,0.55308
275.1218,-0.57463,7.79336,-2.02077
275.1357,0.48364,9.43105,0.41182
275.1410,0.17957,9.42147,-1.15883
275.1628,-0.91461,11.06634,-1.96331
275.1806,-1.01517,9.30655,0.33280
275.2006,0.50519,9.43105,-0.22027
275.2269,0.06943,9.41429,-0.41900
275.2656,-0.66800,10.43425,-0.11014
275.2656,-0.13169,9.56752,-0.98165
275.2851,-1.03433,9.43584,-0.87870
275.3022,-0.84757,10.30496,-0.34956
275.3207,-0.70871,9.70400,0.24182
275.3482,0.63927,9.57231,0.13408
275.3643,0.00000,9.57949,-0.10295
275.3979,-1.01757,10.20919,0.11732
275.4160,0.15563,10.25229,-1.66881
275.4210,0.28492,7.82210,-1.35037
275.4409,-0.04310,10.12778,-1.35037
275.4631,0.49561,8.64573,-0.87152
275.4806,1.10615,10.23074,-2.03513
275.5006,0.02155,8.96416,-2.49962
275.5267,0.10535,10.28102,-2.67919
275.5453,-0.11253,9.14374,-1.71909
275.5611,0.78772,9.28260,-2.33921
275.5830,0.45252,8.81093,-1.59459
275.6008,-0.13887,9.24430,-0.39745
275.6258,0.03831,9.97694,-0.36872
275.6467,-0.19872,9.22514,-0.12929
275.6617,0.13408,10.75269,0.47407
275.6930,-0.38308,10.53481,-0.76856
275.7030,-0.43097,11.03761,0.97686
275.7206,-0.72307,10.67128,-0.24422
275.7409,-0.33041,9.82371,0.50998
275.7643,-0.45491,10.51087,-0.51956
275.7841,-1.07982,10.87958,-0.63927
275.8018,-0.03831,10.48453,0.68955
275.8364,0.31126,9.30655,-0.68716
275.8405,-0.35435,10.45819,0.98644
275.8610,-0.42858,9.08867,1.28094
275.8852,-0.41900,10.24271,0.67040
275.9018,-0.43097,10.29778,-1.24742
275.9223,0.34717,10.45819,-0.33041
275.9449,0.14126,9.24190,-1.56825
275.9636,0.13408,10.92986,-0.47885
275.9870,-1.03433,11.43985,-0.62730
276.0031,0.11014,9.81892,0.90982
276.0206,0.88828,9.19402,-0.45731
276.0407,0.06465,8.58587,-1.10376
276.0644,0.42858,10.17327,-0.84997
276.0819,-0.55068,9.29218,-0.57463
276.1069,0.36872,9.94342,-0.97447
276.1228,0.60575,9.87160,-1.69275
276.1405,0.74462,9.31133,-0.78772
276.1604,0.46449,9.21556,-0.51237
276.1829,-0.44055,9.84765,0.15323
276.2004,-0.80687,9.17007,0.52913
276.2382,0.17718,8.58826,0.69673
276.2529,-0.65124,10.38876,0.41660
276.2615,-0.35914,9.50527,0.24900
276.2805,-0.24422,11.49491,-1.15404
276.3025,0.22506,8.61699,0.59139
276.3206,-0.33041,9.89554,1.20432
276.3404,0.13169,9.40232,-0.10774
276.3665,1.47966,9.25627,0.00239
276.3804,-1.32403,10.41270,0.64645
276.4012,-1.29770,9.42147,1.81486
276.4238,-0.65843,8.93304,1.10137
276.4411,-0.99841,9.62738,0.21788
276.4640,0.28971,9.26105,-0.46928
276.4865,-0.18436,10.75508,-1.11334
276.5228,0.10774,9.76146,-1.00799
276.5426,0.86433,8.70558,-1.51558
276.5435,0.59139,10.07032,-0.53392
276.5615,0.78772,8.61221,-1.03193
276.5814,0.20351,10.67368,0.80687
276.6079,-0.77575,10.08947,1.00799
276.6250,-0.29928,10.72875,0.69913
276.6614,0.03352,8.90910,-1.04151
276.6768,-0.33759,10.65931,-0.72547
276.6817,0.36632,9.45978,-1.06066
276.7055,0.46928,10.46298,-0.30168
276.7251,0.10535,9.59865,-1.58262
276.7413,-0.14605,10.95381,-0.82602
276.7661,0.25858,9.63456,-3.13411
276.7859,0.68716,9.52682,-0.83321
276.8153,0.73983,9.67287,-2.03034
276.8244,1.11813,9.37598,-1.03433
276.8444,0.94095,9.52203,-2.56906
276.8634,-0.02394,10.14454,-1.43656
276.8821,-0.24182,9.74470,0.63688
276.9057,0.42858,9.74709,-0.01676
276.9314,0.23703,10.48932,0.94574
276.9439,0.58899,8.53798,-0.29210
276.9646,-0.79490,11.35126,1.18995
276.9818,-0.18436,9.92906,-1.53712
277.0038,0.17478,10.00807,-0.73265
277.0260,-0.24422,9.29457,-1.28333
277.0434,-0.60096,10.25707,1.28812
277.0651,-0.61293,9.58668,0.89785
277.0966,-0.16760,10.03201,1.34079
277.1036,-1.13728,9.45978,1.18517
277.1232,0.05267,9.11261,-0.31126
277.1476,-0.87391,10.09666,0.71110
277.1654,-0.12690,9.75667,-1.53952
277.1855,0.37351,10.12539,-1.69994
277.2337,-0.26337,9.48133,-0.72068
277.2338,-0.23703,10.11821,-1.24502
277.2483,-0.36154,10.18046,-0.82842
277.2680,-0.31604,10.14454,-0.14845
277.2841,-0.19633,9.40232,-0.96968
277.3054,0.03113,10.66410,-0.32562
277.3292,-0.70631,9.36161,-0.50280
277.3468,-0.22267,10.34806,-0.65603
277.3799,-0.13169,11.31534,-2.25301
277.3894,-0.67519,9.96497,-0.18915
277.4060,-1.45811,10.03201,-0.52674
277.4263,-0.49561,9.17486,0.37351
277.4490,-0.59139,8.86361,-0.52913
277.4669,-0.02634,9.25148,-0.45970
277.4870,-0.09098,9.84526,-0.26098
277.5190,-0.06704,9.87160,-0.10056
277.5263,-0.76138,10.52523,-0.42618
277.5473,-0.51956,10.29299,0.04310
277.5684,-1.42699,10.53960,0.74701
277.5874,-1.10615,9.63456,0.45012
277.6057,0.22506,10.25707,1.18995
277.6289,-0.47167,9.01205,-0.06225
277.6473,-0.80208,10.34566,-0.70392
277.6662,-0.64406,9.31373,-1.41023
277.6884,-0.74223,10.48213,-0.14366
277.7059,-1.55628,11.39435,-1.02475
277.7263,0.56265,8.72713,-1.37431
277.7499,0.22027,8.84445,-2.36794
277.7680,-0.55068,10.49650,-0.16281
277.8040,-0.12929,10.68086,-0.20112
277.8094,-1.29770,9.91709,2.31526
277.8260,0.90025,8.53559,-0.80926
277.8462,0.92180,8.76305,1.28094
277.8702,-1.59219,10.89874,2.12612
277.8861,-2.32724,9.85244,1.70951
277.9057,-1.44375,9.92666,1.97528
277.9277,-0.73744,10.87958,1.34558
277.9472,-1.15165,8.61221,2.76060
277.9672,-0.73983,9.00247,-0.13408
277.9895,-0.23703,8.19321,-0.85236
278.0052,-2.56906,12.14616,0.50759
278.0591,-0.29210,10.05356,-3.15805
278.0592,-0.39745,10.09187,-4.48927
278.0750,-1.50360,11.81096,0.13408
278.0848,-2.68398,10.53720,-0.04310
278.1133,-1.28094,10.63537,1.86035
278.1251,0.01676,10.56594,0.50040
278.1454,-1.96809,11.18845,0.45012
278.1675,-1.36234,9.90272,-0.84278
278.1877,-0.50280,10.64495,0.34478
278.2130,1.32403,11.92828,1.71909
278.2281,1.27136,6.57228,1.36953
278.2454,-0.10535,12.64656,0.63209
278.2667,-1.60177,8.28180,4.66644
278.2877,-0.18196,12.53642,-1.73824
278.3069,-1.29051,9.74949,4.17322
278.3258,1.84120,7.94899,-1.96570
278.3587,2.73905,8.48292,-0.29210
278.3664,0.31844,10.90113,-0.56026
278.3854,-1.16841,9.07670,-1.20671
278.4073,-0.94813,10.99212,-0.89067
278.4254,-0.11014,9.05754,-1.38389
278.4454,0.77096,9.21078,-4.05590
278.4796,0.83560,8.99529,-1.81725
278.4971,1.28094,8.70079,-1.59219
278.5062,1.85317,11.25309,-0.82363
278.5280,2.96172,11.86124,-2.16682
278.5469,-0.57463,8.93304,1.23545
278.5653,-0.28013,9.18204,0.20830
278.5877,-1.64487,11.83251,0.38308
278.6056,2.94017,6.43102,-4.43420
278.6329,2.33681,7.12297,-4.17801
278.6482,1.66642,8.29137,-1.27375
278.6658,-0.39506,8.81811,-0.13887
278.6870,0.31365,8.39912,-1.04630
278.7077,0.14126,9.13655,1.10615
278.7254,0.52674,9.58189,-2.10457
278.7472,0.51477,9.59625,-0.89546
278.7770,2.32005,8.11420,1.02236
278.7855,-2.47329,11.86124,4.92023
278.8054,0.30168,9.40950,0.80208
278.8279,2.99284,8.54756,-0.77814
278.8468,0.89785,10.85804,3.15805
278.8657,-3.50282,12.97458,4.25223
278.8880,-1.62811,8.49010,1.84359
278.9143,1.46530,12.69923,-0.64645
278.9265,1.64726,13.34090,0.46688
278.9492,-3.18678,12.98415,3.39269
278.9670,0.51477,9.90512,1.92500
278.9871,-1.32164,7.65210,3.66324
279.0106,-1.58980,12.28981,-4.19477
279.0350,0.80926,8.23870,-1.11813
279.0466,-0.78293,10.91071,-1.95852
279.0685,-2.29372,7.42704,-0.06943
279.0869,2.40864,7.37197,-7.48211
279.1064,2.00401,9.63217,-2.03753
279.1289,-2.63131,12.49333,-5.71992
279.1461,3.47170,3.68239,-1.91781
279.1684,1.99204,9.19162,-7.06311
279.1900,-0.83800,8.51883,0.59617
279.2059,-0.16042,12.74951,-5.65288
279.2259,-0.11014,8.86121,0.72786
279.2487,-1.04869,10.11102,0.25619
279.2675,0.28731,8.85882,2.72229
279.2863,0.70631,11.67688,-1.27615
279.3088,0.92419,8.70558,0.73744
279.3263,-0.32083,10.38636,0.87630
279.3464,2.09738,11.47097,-1.40305
279.3691,3.00721,9.39513,1.04390
279.3866,-2.97608,12.48135,0.67040
279.4077,-1.22108,8.69361,2.51159
279.4304,-1.00320,9.23951,2.91623
279.4480,-0.91222,10.50847,0.26337
279.4748,1.70472,8.89234,-0.26337
279.4903,2.31048,7.84125,-2.33202
279.5062,-1.92979,9.94582,-0.19394
279.5263,-1.47008,10.15651,1.42459
279.5489,-1.46051,12.41192,1.93936
279.5677,1.26897,9.70878,-1.44854
279.5865,0.20112,7.49647,3.11256
279.6089,-1.03912,10.57072,-0.28013
279.6263,-1.63768,9.38795,1.86514
279.6462,-1.16362,11.26746,3.75662
279.6700,0.08859,10.14454,0.61533
279.6880,0.25379,10.94662,0.43815
279.7083,-1.37431,9.75428,2.05668
279.7305,-0.69195,11.78223,0.18915
279.7512,-1.65205,9.72076,2.08062
279.7701,-0.68237,12.41671,2.24344
279.7889,-0.13169,9.81892,1.43896
279.8060,-0.81166,11.04479,-2.58103
279.8265,0.39984,9.16528,0.25619
279.8490,1.20432,8.48292,-0.11014
279.8759,-0.48364,8.70558,-0.36632
279.8937,-0.05507,9.51485,-0.54829
279.9086,-0.14845,10.42467,1.10137
279.9267,-1.13967,11.44703,-0.37830
279.9467,-1.10376,11.33210,0.36393
279.9694,-1.17080,6.93861,-1.53234
279.9871,0.11253,9.84765,-0.26576
280.0068,-0.58181,9.18204,-1.29291
280.0304,0.05028,10.37679,-2.12612
280.0465,0.83321,5.02319,-7.16367
280.0664,3.05988,9.62259,-0.44294
280.0894,2.70553,6.85002,-2.31287
280.1071,-0.77814,11.46139,1.05109
280.1273,-0.61054,11.60026,3.83084
280.1499,1.36234,11.34168,-0.05507
280.1707,-3.20354,11.91631,6.56989
280.1875,-1.94415,9.97215,2.49723
280.2098,-0.71349,10.06314,1.10137
280.2288,-0.50759,8.50446,-3.83563
280.2473,0.64645,7.35282,-4.05590
280.2698,2.49244,9.03120,-6.36638
280.2873,-0.72068,10.66410,3.17960
280.3099,1.44135,9.73991,2.17879
280.3292,3.42142,11.43985,2.31526
280.3468,-3.20833,11.34647,11.23633
280.3672,-1.28812,10.24989,3.17720
280.3893,2.53554,11.09268,-1.99683
280.4076,0.31126,8.85882,-3.56268
280.4275,-0.35675,8.55953,-3.67761
280.4493,-0.62730,9.29697,-0.61772
280.4671,-0.48125,10.06074,-2.15964
280.4872,-0.06465,10.46777,0.06465
280.5094,0.91461,12.85007,1.88669
280.5282,0.09098,7.42465,3.94098
280.5483,-1.28812,10.82691,-5.01122
280.5714,-0.46449,10.38876,-2.74623
280.6040,2.74384,5.81809,-9.58189
280.6243,3.10777,7.43422,-3.31846
280.6293,3.94816,9.28260,-4.63292
280.6476,-3.20833,11.79180,4.58504
280.6671,-2.91623,13.10387,7.48211
280.6896,-2.12372,16.33614,7.07987
280.7073,-1.45572,3.61057,6.00484
280.7285,-0.23703,11.67688,-11.11662
280.7512,-0.20112,7.91787,-7.29775
280.7689,1.48684,9.44302,-11.86124
280.7906,-1.55628,4.21153,-4.79334
280.8128,2.93299,12.41910,-13.05359
280.8305,-0.46688,10.11102,7.58267
280.8596,-1.04151,13.58272,3.13171
280.8810,0.35914,8.63136,-3.11256
280.8905,1.60656,8.38715,4.42223
280.9095,-1.79571,13.09908,3.39029
280.9305,-0.02873,10.44862,3.96731
280.9494,-2.10696,11.46618,2.92102
280.9698,-2.60497,10.93465,3.99126
280.9944,-0.26337,8.83966,0.90025
281.0248,0.07901,9.67048,-1.94894
281.0281,-1.16122,11.45900,0.24182
281.0506,3.81887,12.00010,2.16442
281.0680,-2.93538,6.53158,4.13731
281.0885,2.33921,7.71914,-7.18043
281.1128,0.79729,7.15649,-10.53002
281.1463,-3.90506,12.00250,-2.59061
281.1655,5.32487,6.87157,-3.05031
281.1704,-4.62334,9.51245,-1.99683
281.1883,-0.67279,8.01603,6.28258
281.2081,-0.90982,11.08070,0.39266
281.2305,0.50040,7.45817,1.01757
281.2483,0.18675,11.54759,-0.74941
281.2682,1.94415,10.23074,-1.51558
281.2933,2.41582,9.20838,-0.79969
281.3082,0.46210,11.79659,0.74223
281.3300,0.25379,10.06314,-0.13169
281.3529,-3.53874,6.21554,2.93299
281.3705,0.41660,10.24750,-4.41983
281.3905,0.46928,7.38155,0.12450
281.4296,-1.54191,8.12856,-1.50121
281.4298,1.78613,8.66009,-1.07264
281.4480,1.02954,11.86124,0.06465
281.4705,2.57624,9.37119,4.72869
281.4879,-0.31126,12.72557,0.88828
281.5081,0.28971,8.86121,2.25541
281.5321,-0.05267,10.11821,0.60096
281.5498,-0.90982,9.19880,1.18517
281.5808,-1.03912,11.05197,2.43737
281.5923,-0.60815,10.75029,1.09179
281.6089,-0.64885,9.51006,1.70472
281.6302,0.57223,11.16690,0.91701
281.6526,0.18675,9.09824,1.86275
281.6680,0.30407,10.15651,1.18038
281.6901,0.53392,8.89952,-0.16281
281.7157,0.19872,9.72794,-1.62092
281.7321,1.16122,9.84765,-1.42220
281.7477,1.08700,11.30577,-0.18196
281.7701,0.42379,12.16052,-2.20992
281.7893,0.89067,10.69762,0.23943
281.8081,0.93137,10.41988,0.49322
281.8304,0.38308,10.12778,0.08141
281.8485,-0.10535,10.79578,1.97288
281.8685,-0.88349,9.69442,2.08781
281.8902,-0.21788,11.07831,-0.22506
281.9079,-0.82842,10.51087,-0.38069
281.9322,-0.12929,10.41031,1.01996
281.9546,-0.38308,9.57949,0.85236
281.9902,1.01757,9.40711,-0.80448
281.9903,1.56107,9.34964,-2.01119
282.0114,1.11334,9.82131,-3.14129
282.0285,1.26657,9.64893,-0.86194
282.0481,0.53392,8.69122,1.20193
282.0705,0.68237,9.40711,-0.40942
282.0883,0.87630,8.51883,0.64645
282.1083,0.76377,9.81413,0.49083
282.1330,0.88828,10.50129,1.70951
282.1480,0.46928,8.93783,2.80609
282.1679,-0.43097,9.00726,2.39427
282.1914,0.31844,10.35284,0.89306
282.2078,0.64885,9.39992,2.05668
282.2295,-0.01197,10.50129,0.98405
282.2534,1.27615,10.65931,-1.29530
282.2899,0.35435,9.32331,1.87711
282.2901,-0.47407,9.81174,2.69835
282.3105,0.02394,9.75667,0.49322
282.3283,-0.45731,9.23232,1.01038
282.3483,-0.66082,9.56273,1.31685
282.3706,0.14605,9.38795,0.54589
282.3896,0.52913,8.62897,1.72148
282.4152,-0.13169,9.77104,3.39987
282.4320,0.52435,9.42387,1.61853
282.4478,-0.31126,9.49809,2.67201
282.4697,-1.07503,9.09585,1.36953
282.4941,-0.31844,9.56273,1.04869
282.5094,0.26816,8.91628,1.48445
282.5472,-0.25140,11.08789,-0.05986
282.5714,0.18436,10.83888,-0.74701
282.5715,0.03831,10.55396,-0.12450
282.5898,-0.99123,9.69681,0.30407
282.6135,-1.01038,11.25309,0.66800
282.6293,-0.38787,9.43584,1.60416
282.6506,-0.29210,9.90990,-2.17879
282.6718,0.60815,8.65530,-2.43019
282.7068,1.40783,8.92346,-1.63768
282.7095,0.76377,9.77343,-1.68078
282.7317,0.44534,10.13018,-2.28653
282.7490,1.01278,8.64333,-1.36234
282.7716,0.88349,9.00487,-0.79729
282.7913,0.81645,9.61301,-1.52515
282.8093,0.46210,8.95219,0.56265
282.8358,-0.79011,10.05835,-0.22267
282.8514,0.25858,9.98891,2.09978
282.8690,-0.95292,10.22355,2.23865
282.8888,-1.27615,11.12859,1.54910
282.9110,-0.41182,10.19482,1.84599
282.9285,0.35914,9.26824,2.19076
282.9489,-0.56505,10.24989,2.66004
282.9780,-0.92419,9.61780,0.80448
282.9904,0.16281,9.51006,1.39347
283.0114,0.11971,8.60981,1.78134
283.0339,-0.47885,9.16528,0.55068
283.0498,0.74941,9.64893,-2.13569
283.0714,0.75180,9.60822,-2.20034
283.1110,1.12531,10.23313,-1.56825
283.1112,0.95053,9.25866,0.14845
283.1300,0.40703,9.95779,-0.71110
283.1519,1.37431,10.24989,-0.04310
283.1698,-0.25140,9.87638,2.43019
283.1898,0.03113,10.57791,0.79011
283.2120,0.63927,10.72156,-0.87152
283.2307,0.29210,9.31133,1.91542
283.2603,1.23784,9.34725,1.07264
283.2729,0.89785,11.77265,0.50759
283.2894,0.05267,9.68005,0.11014
283.3099,0.29210,9.61062,-0.06704
283.3321,0.02873,9.57231,1.39826
283.3498,0.02155,9.62977,-0.05746
283.3700,-0.50998,10.30975,-1.34319
283.4004,-0.33280,9.70400,-1.83162
283.4102,0.42379,9.45020,-1.38868
283.4294,0.18436,10.23313,-0.78053
283.4517,-0.12929,9.50767,-2.63849
283.4706,1.34319,9.32331,-2.52596
283.4912,0.88109,9.50767,-1.12531
283.5163,0.38308,9.71836,-1.79331
283.5355,0.64167,10.37439,0.32083
283.5511,0.89546,9.77822,-1.41502
283.5726,1.46530,10.22116,0.03113
283.5895,0.73265,9.43344,1.34558
283.6097,-0.07183,9.12219,0.73025
283.6320,0.37590,9.19402,0.30168
283.6495,0.79969,8.65770,-1.72388
283.6840,1.63290,9.23232,-1.91542
283.6924,1.83641,9.21556,-1.62571
283.7094,2.06865,9.09346,-1.54191
283.7296,1.38150,9.51006,-0.58420
283.7519,1.64487,9.73273,0.00958
283.7697,0.32562,10.19243,1.02714
283.7921,-0.10295,9.77822,-0.19872
283.8281,0.49083,9.80934,-0.80208
283.8295,0.96968,8.59545,0.06225
283.8496,0.37111,10.07750,0.07901
283.8735,0.62730,9.85484,-0.96010
283.8896,0.14366,10.34566,-2.35836
283.9111,0.79729,10.45580,-1.51558
283.9332,1.14925,9.12219,-0.97447
283.9568,0.73744,10.51087,-0.17239
283.9708,0.12690,10.04159,1.49163
283.9913,0.75659,10.43186,-1.10137
284.0096,0.65843,9.43105,0.22506
284.0297,0.22267,10.41749,0.46449
284.0517,-0.38548,9.30655,-0.06465
284.0697,-0.75180,10.67607,1.55867
284.0955,-0.47885,10.44862,-0.33041
284.1116,0.73744,9.66808,0.62969
284.1294,0.14126,9.37119,-1.01038
284.1505,0.41900,9.61301,0.79490
284.1734,1.10615,8.27701,1.62811
284.1924,0.23703,8.88755,1.25939
284.2120,-0.33041,9.97215,-0.27774
284.2408,0.42618,10.59945,0.26337
284.2512,-0.90264,10.55875,0.28971
284.2694,0.27534,9.80695,1.09179
284.2950,0.92658,8.94022,2.03992
284.3132,1.02954,11.44942,-0.21309
284.3309,0.55068,10.74790,1.14446
284.3541,1.05827,10.35763,0.38787
284.3716,0.05507,10.23792,2.13090
284.3907,-0.52674,11.37759,1.51318
284.4114,-0.13887,11.04958,1.84359
284.4294,-0.37111,11.14295,2.14288
284.4492,-0.13408,10.08229,1.01757
284.4717,0.60336,10.09666,-0.59617
284.4907,0.66800,10.72156,0.58420
284.5124,1.28812,10.00089,-0.28971
284.5331,0.72547,8.89713,1.54191
284.5494,0.68237,9.92427,-0.85476
284.5692,0.56744,10.23553,-0.20112
284.5918,1.35995,9.51724,-0.40224
284.6094,0.53392,9.58668,-0.56984
284.6294,1.29770,8.73910,0.28731
284.6520,0.18675,10.04877,1.23784
284.6695,0.01197,11.47576,-0.29928
284.6897,0.16999,9.61780,-1.35277
284.7117,0.36154,9.58907,-2.03992
284.7295,0.75420,8.45658,-2.22428
284.7495,1.14446,9.45739,-3.44776
284.7719,1.72148,8.78220,-0.11253
284.7969,0.82602,8.93543,-1.84599
284.8119,0.71828,8.97135,1.28812
284.8319,0.03352,8.74150,-0.79969
284.8495,-0.56744,9.99370,0.73744
284.8696,0.12211,8.36320,1.21629
284.8919,0.29210,9.14613,0.52195
284.9096,0.27534,9.20838,-0.28492
284.9358,0.52195,8.68164,0.92658
284.9514,0.17239,8.70319,1.16122
284.9692,0.10774,8.76065,1.18038
284.9890,-0.78772,10.57072,0.88828
285.0134,0.03591,9.34964,0.62730
285.0307,-0.05267,9.22754,-0.00718
285.0510,-0.35675,9.35922,-0.21070
285.0791,0.47646,9.42626,0.25140
285.0953,0.75420,9.88357,0.43815
285.1103,-0.73504,9.96737,0.60575
285.1315,1.05588,9.38316,-0.01197
285.1493,-0.03591,9.51964,0.40224
285.1705,-0.78532,10.27144,0.70631
285.1931,-0.43097,9.85723,0.59857
285.2225,0.39745,8.43264,-0.45012
285.2303,0.05267,10.27862,1.46769
285.2515,0.96010,10.25229,0.61054
285.2692,-0.23464,9.51245,1.03912
285.2918,-0.35914,10.60424,-0.22985
285.3114,0.34238,8.05195,1.39107
285.3466,0.03352,9.91948,0.43815
285.3637,-1.08221,9.80216,2.47568
285.3716,-0.59378,9.81413,2.88989
285.3889,0.16042,10.05835,1.28573
285.4090,-1.17319,9.94821,1.48445
285.4316,-1.07742,11.23394,1.29530
285.4494,0.16760,11.16450,0.30886
285.4707,0.60575,8.92346,0.98405
285.5045,1.18995,9.50048,0.78772
285.5114,-0.16281,11.09268,1.40065
285.5364,0.20351,9.89075,0.79490
285.5513,0.16999,9.76385,0.69195
285.5694,-0.09338,10.06793,0.57463
285.5924,-0.04549,9.86681,0.53632
285.6151,-0.14366,10.22116,0.75180
285.6347,-0.60575,9.95300,-0.21309
285.6501,0.21548,9.22754,0.76856
285.6733,-0.07662,9.62977,0.59378
285.6903,0.01437,9.75188,0.51237
285.7102,1.13728,10.88198,0.68476
285.7326,1.19474,10.02004,-1.68318
285.7534,0.16042,10.56115,0.08619
285.7901,-0.06225,10.38158,0.68955
285.7928,0.18436,10.04638,0.98405
285.8099,0.17478,9.01923,1.60895
285.8300,0.20351,9.61541,0.65843
285.8521,0.71349,10.12299,-0.36154
285.8717,0.21548,10.44622,0.40463
285.9015,0.17957,11.21957,-1.07024
285.9182,0.79011,10.82930,1.18038
285.9306,-0.62730,13.80060,1.25460
285.9500,-0.94095,13.50132,3.06467
285.9724,1.32403,6.62256,-4.23787
285.9905,2.05908,6.68960,1.72388
286.0140,-1.51558,10.08947,1.64487
286.0518,1.99443,9.30894,-2.29611
286.0655,2.97608,3.98407,-0.76856
286.0701,1.73106,5.04474,0.12450
286.0934,-2.52117,11.88757,-1.18517
286.1097,-0.01676,9.54597,0.10774
286.1298,2.43498,14.74394,-6.19159
286.1522,-0.41421,9.39992,6.02639
286.2016,-3.79253,12.84050,1.09658
286.2017,-1.71430,10.10145,2.40146
286.2146,3.86675,9.35683,-1.45572
286.2297,0.89785,7.99448,0.23703
286.2499,-1.11094,10.75508,0.15323
286.2724,3.73986,8.11659,-0.85715
286.2900,0.66082,6.98889,5.33684
286.3102,-0.56744,12.39037,-1.48924
286.3335,-0.83560,10.05117,1.02236
286.3498,-2.17161,10.13018,1.63529
286.3697,0.96250,5.34402,2.66004
286.3936,3.90506,10.79339,-4.91305
286.4115,-1.07024,7.23310,4.41504
286.4302,-2.15006,8.13096,-3.60338
286.4724,-0.18675,6.29694,6.27539
286.4729,1.40065,6.54355,1.54191
286.4908,0.29450,11.78462,-4.22111
286.5122,-0.87391,9.01444,3.05749
286.5315,0.73983,11.35605,0.08380
286.5499,1.60177,8.65291,0.58899
286.5723,0.89306,8.60981,3.47409
286.6045,1.70712,15.43110,-5.10699
286.6205,-0.45012,7.60901,9.22993
286.6320,-1.15643,18.36409,-4.84122
286.6497,0.21309,10.08708,1.37671
286.6699,1.12052,9.49330,-0.89067
286.6923,0.08619,8.66967,-3.64887
286.7116,1.40065,10.77903,-3.48128
286.7316,1.41980,10.04877,-0.15323
286.7532,1.63768,11.75589,-2.08781
286.7702,-0.19154,8.77262,0.19154
286.7910,0.09098,10.57312,-2.52357
286.8131,1.42459,8.92346,-0.21309
286.8325,1.51079,10.50847,-0.05507
286.8525,0.77814,9.39753,0.15084
286.8758,-0.20112,11.55956,-1.80289
286.8933,0.94813,10.75748,-2.36315
286.9109,0.93856,9.48612,-0.41421
286.9330,0.26337,10.67368,0.25379
286.9505,-0.08380,9.90990,-0.76617
286.9713,0.49083,9.96018,-0.23224
286.9953,-0.11971,10.59467,-0.00718
287.0113,-0.15802,9.28021,-0.61533
287.0316,-0.61533,10.63537,0.84039
287.0542,0.17957,10.54918,-0.49561
287.0704,-0.49322,10.48932,-0.84518
287.0907,-0.37111,10.34566,-0.19394
287.1129,-0.82124,10.17327,-0.67040
287.1307,-0.35435,10.09187,-0.48125
287.1658,-0.66561,9.58189,-0.89306
287.1809,-0.17957,9.80455,0.10535
287.1912,0.76617,10.15412,-1.15165
287.2115,0.65364,10.55157,-1.19714
287.2352,0.66321,10.69283,-2.84200
287.2517,0.04789,10.52523,0.43097
287.2729,0.07422,10.13736,0.35196
287.2957,-0.70631,10.05595,-1.55867
287.3253,0.50519,10.10623,-0.67758
287.3398,1.54910,9.30176,0.17718
287.3536,0.99362,10.64016,-1.48684
287.3711,0.57941,11.05437,-1.88190
287.3921,0.24182,10.71438,-1.12052
287.4145,0.06704,10.41988,-0.34717
287.4320,0.18196,10.74790,-1.67839
287.4624,0.37590,10.64495,-0.91940
287.4739,0.90025,9.27781,-1.92739
287.4915,1.22587,9.22275,-2.37991
287.5115,0.56984,10.18764,-2.23625
287.5341,0.56505,9.89554,-2.29132
287.5517,0.74462,10.42946,-1.36474
287.5716,0.27774,10.67128,-0.25140
287.5967,0.74223,9.04318,-1.55867
287.6133,0.07901,10.40552,0.83321
287.6313,-0.43336,11.42548,1.69754
287.6537,-0.06465,9.47175,0.87870
287.6712,0.04310,10.01765,0.81405
287.6925,-0.45970,9.65850,0.26098
287.7319,0.53632,10.53960,1.01757
287.7477,-0.31844,11.95222,1.08700
287.7516,-0.36872,10.90832,-0.85476
287.7756,-0.08141,10.34806,1.18277
287.7915,0.34238,9.51485,-0.28492
287.8134,-0.64406,9.33288,-0.12211
287.8354,0.50519,9.49091,-0.26337
287.8532,-0.14366,9.76864,-0.23943
287.8732,0.28013,9.41908,-0.39984
287.8987,0.15802,9.27303,0.67040
287.9135,0.30886,10.24750,-1.60416
287.9335,-0.07183,11.69603,-0.30886
287.9560,0.84039,9.92666,-1.65923
287.9735,0.31604,9.44541,1.18277
287.9952,-0.38069,10.72635,2.02316
288.0225,-0.55308,9.15331,0.99602
288.0334,0.41182,10.13257,0.25140
288.0533,1.59219,10.12539,-0.33041
288.0759,1.53712,10.11821,-0.37590
288.0933,0.20112,10.33608,-0.71828
288.1135,0.27055,9.64414,-2.80848
288.1371,1.06066,8.95459,-0.54350
288.1711,-0.60815,10.39594,1.77416
288.1743,-0.74462,10.80057,2.97608
288.1961,-0.39506,9.78061,2.39427
288.2136,-0.31844,10.67368,1.08940
288.2336,-0.37351,11.46139,1.58262
288.2563,-0.96489,9.29218,0.61293
288.2761,0.26576,10.92747,-0.02394
288.3031,1.60895,8.54038,0.71110
288.3157,0.73744,8.54277,-0.28731
288.3332,0.46688,11.14295,-0.44773
288.3535,-0.86912,10.28580,-0.79490
288.3762,-0.34956,9.63935,1.54431
288.3934,-1.02475,11.86842,-0.42139
288.4152,0.41900,9.42865,-3.39987
288.4456,-0.00479,10.17088,0.89067
288.4547,-0.20351,9.91230,-2.19076
288.4733,-0.16760,9.83329,-1.18277
288.4953,0.21788,9.65132,0.21548
288.5144,-0.78532,9.84526,-0.02394
288.5335,0.62012,9.16050,-0.58420
288.5554,-0.64885,8.94980,-2.35118
288.5842,0.94574,10.72396,-2.83003
288.5938,1.36713,9.16528,-0.06943
288.6174,1.07503,9.50527,-1.60416
288.6352,0.75420,10.74311,0.87630
288.6553,1.28094,10.40552,-2.66483
288.6764,1.88908,9.76385,-1.24023
288.6946,0.70871,11.01845,-3.49564
288.7258,1.04390,7.22113,-0.31365
288.7357,1.32643,9.57949,-0.83560
288.7550,1.92500,8.48052,-1.82683
288.7771,2.21470,9.37837,-1.35037
288.7957,1.97288,9.35204,-1.44854
288.8135,0.81884,9.13895,-0.02873
288.8534,0.56505,10.46777,2.54272
288.8654,-0.82363,10.23553,-0.24900
288.8734,-0.32323,10.05356,4.04393
288.8932,-0.21070,9.75667,2.29850
288.9158,0.39027,9.85962,1.96809
288.9384,1.01757,9.34007,1.65684
288.9584,-0.42618,10.44622,1.86514
288.9775,-1.14446,10.18524,1.68796
288.9969,1.73345,9.24908,-0.96250
289.0138,0.54589,9.66090,-1.35277
289.0354,-1.32643,9.14613,1.22347
289.0529,0.94334,8.65770,-2.42061
289.0732,1.16122,9.14852,0.19394
289.0966,0.41182,10.43664,-1.33840
289.1133,1.19474,10.10863,-1.00799
289.1385,0.07422,9.18444,-1.61614
289.1552,0.12929,8.19560,0.41660
289.1729,0.71589,10.68086,0.02873
289.1934,-0.43097,9.65611,1.67360
289.2155,-0.57941,9.60104,1.10855
289.2333,1.56346,8.61939,-0.26098
289.2537,-0.55068,7.88914,0.02873
289.2866,-1.37910,10.90832,0.59857
289.2931,0.02634,8.58108,0.84039
289.3132,0.71110,9.20120,0.53153
289.3354,0.91940,9.23711,0.04070
289.3548,-0.39506,8.28898,1.28333
289.3747,-0.96968,9.98891,1.30009
289.3965,-1.73585,9.09106,1.91063
289.4229,0.14605,9.79737,0.06465
289.4333,0.75659,8.73192,0.91222
289.4554,-0.02155,9.19402,1.01038
289.4733,0.13647,8.54517,1.54910
289.4935,-0.03591,7.80055,-0.17478
289.5158,-0.02394,9.34246,-0.32802
289.5665,-0.66561,8.46616,0.36872
289.5666,-1.25939,10.15891,1.24263
289.5821,-0.06943,9.14613,-0.34717
289.5925,0.77814,9.67526,-1.13249
289.6129,1.22347,9.06712,-0.89785
289.6355,-0.50519,8.76783,-0.65124
289.6536,-0.30647,10.08947,-2.20752
289.6735,-0.14845,8.95219,0.06465
289.7057,-0.18436,9.15810,-0.99123
289.7129,-0.29450,9.27303,0.60096
289.7329,1.04151,9.34485,-1.04869
289.7573,1.31446,8.87797,-1.70951
289.7732,0.75899,10.24750,-1.71670
289.7944,0.39984,9.68484,-1.18995
289.8172,0.44773,9.34485,-1.79331
289.8354,0.87870,10.00328,-0.04310
289.8559,1.20911,8.58348,-0.21070
289.8760,-0.22985,10.35524,0.78532
289.8933,0.20351,10.09666,1.18995
289.9135,-0.81645,8.94740,0.76138
289.9357,0.96489,10.45340,1.83401
289.9535,-3.34480,14.01130,2.90186
289.9827,0.86912,3.74704,-7.92984
289.9956,-3.30170,12.60586,8.47813
290.0134,0.60336,9.23951,13.27865
290.0333,9.87160,10.92268,14.07834
290.0558,-4.63053,13.82215,0.50998
290.0734,2.12133,7.66407,0.84757
290.0941,2.10696,8.97374,-8.49968
290.1223,0.94334,9.63217,-4.65686
290.1324,1.95133,2.60737,-7.52760
290.1532,-1.69754,11.44703,-1.99443
290.1766,0.43576,15.97460,10.03201
290.1945,-1.27615,3.73746,-4.12773
290.2146,-2.09738,5.84442,-3.49564
290.2552,2.18118,8.65530,-2.46131
290.2554,-0.27295,6.90269,5.61218
290.2724,-0.92180,11.47815,-0.16999
290.2952,-0.23943,6.81889,3.67282
290.3129,-0.22506,11.10944,0.55547
290.3337,-1.61135,10.46298,1.16362
290.3557,-0.10056,8.26982,0.38787
290.3740,-0.50759,9.52682,0.20591
290.4086,0.07422,9.59386,0.26576
290.4160,0.39027,9.24430,-1.39586
290.4331,1.38868,9.00008,-0.67997
290.4547,0.60575,9.08867,0.82842
290.4772,0.99841,9.03360,-0.18436
290.4964,0.53153,8.88515,0.42379
290.5319,0.40463,9.58428,1.80528
290.5451,-0.11971,9.99370,0.98165
290.5548,-0.36632,8.24109,0.07183
290.5746,0.65124,10.54918,-0.03113
290.5975,1.05588,9.03839,-2.83003
290.6141,-0.41660,8.97135,0.10535
290.6341,0.15323,9.81892,0.74941
290.6562,0.27295,9.30176,0.56026
290.6863,-0.27295,9.81413,-0.36154
290.7023,0.02155,9.66569,0.28971
290.7149,1.11813,8.26982,-1.61853
290.7328,-0.04549,10.03441,1.35995
290.7525,1.08461,9.07670,-0.19394
290.7751,0.14845,8.97135,0.63448
290.7929,-0.17239,11.08070,-0.32323
290.8140,0.57941,8.47813,-0.10535
290.8350,0.46449,10.16130,-0.90743
290.8532,0.08141,9.22035,-0.02155
290.8729,-0.27295,9.53161,0.98884
290.8962,-0.15084,9.82131,-0.04310
290.9162,-0.11732,10.52044,-0.70392
290.9347,0.18196,8.43503,-0.82363
290.9550,0.23943,8.71037,1.39586
290.9726,0.96968,9.48133,0.69434
290.9923,0.67758,8.78938,-0.41900
291.0141,1.56825,9.74230,-0.80208
291.0318,0.26337,8.22433,1.44135
291.0523,0.57941,9.62259,-1.20911
291.0747,0.90504,8.77023,0.05028
291.1037,-0.25858,10.30256,-0.15323
291.1118,0.10295,9.45499,-0.19154
291.1339,0.68716,8.95698,1.90584
291.1523,-1.09897,10.17327,-2.29372
291.1716,1.39826,11.03282,-1.51558
291.1950,4.42701,4.42462,-6.95537
291.2126,-4.55152,14.90915,-5.12614
291.2323,2.74863,-0.19394,-8.43024
291.2545,1.84120,5.17642,-12.65614
291.2724,3.53634,9.99610,-0.81884
291.2924,2.63610,7.44141,5.58105
291.3150,1.86514,12.47178,-0.07901
291.3361,-2.62173,9.47893,6.07667
291.3707,-0.27295,4.73827,-0.34238
291.3854,1.81247,10.33369,1.92979
291.3929,-2.76778,3.80211,8.58348
291.4128,1.22108,6.86439,-2.01359
291.4348,1.54431,4.48927,1.45332
291.4529,0.58660,15.45026,-0.67997
291.4728,-2.09260,4.66884,9.53879
291.4978,-0.58420,12.07672,4.08224
291.5222,0.47885,4.37434,3.07904
291.5331,1.93697,14.04482,-6.41905
291.5550,0.56265,5.33205,2.55948
291.5731,0.22267,10.75987,-1.39586
291.5960,0.30886,8.28658,1.15883
291.6180,0.86912,9.04078,-0.30407
291.6337,-0.16760,9.80934,1.26418
291.6543,-0.37590,10.44622,0.15323
291.6756,0.31365,9.62020,-0.99841
291.6928,0.07901,8.94740,1.65205
291.7129,1.02475,9.33767,-0.45491
291.7352,0.98884,9.78780,-0.41182
291.7540,2.10457,8.64812,-2.14048
291.7728,1.21390,9.07430,-0.19394
291.8061,1.04151,10.12060,-0.21548
291.8124,-0.02394,9.50288,1.84120
291.8326,-0.11493,9.24669,-0.97926
291.8549,0.84039,8.54517,1.83641
291.8736,-0.55308,9.60344,2.31766
291.8928,-0.16042,9.23711,0.37590
291.9194,0.26816,8.85882,-0.05746
291.9405,1.58980,9.41189,0.09577
291.9537,0.88828,9.69202,-0.21548
291.9756,0.50519,10.38158,0.26098
291.9924,0.75899,9.65372,-0.37111
292.0130,0.41421,9.36880,0.34717
292.0352,0.05267,10.53002,-0.10295
292.0540,-0.45970,10.26186,-0.64167
292.0866,-0.52913,10.81015,0.22027
292.0965,-0.43097,9.81653,-1.08221
292.1133,0.59139,10.90113,-1.32643
292.1334,0.03831,10.22595,-0.14366
292.1574,0.42858,10.05117,-0.80208
292.1749,0.50280,9.72554,-0.36393
292.1973,-0.01676,9.56992,-1.63768
292.2310,-0.21309,9.08627,1.48206
292.2340,0.23703,8.62897,1.56107
292.2553,0.15802,9.05754,0.98405
292.2771,0.15323,8.72713,0.39984
292.2946,-1.14207,10.70001,0.23703
292.3134,-0.55547,8.82769,1.10615
292.3358,-0.40942,9.30655,1.14446
292.3550,-0.65603,9.73512,1.83401
292.3748,-1.04630,9.73752,2.43977
292.3954,-0.59857,9.67526,1.10376
292.4134,0.43336,8.30574,0.34956
292.4335,1.09897,9.22035,1.03672
292.4558,0.50519,9.15571,-0.04310
292.4742,0.66082,8.67206,0.56984
292.5053,0.24422,8.79657,0.21548
292.5157,0.58420,10.05595,-0.42139
292.5351,0.90504,7.93702,1.86753
292.5537,0.33759,8.34405,0.98165
292.5758,0.90264,8.50925,-0.07183
292.5952,0.16760,8.45179,-0.27295
292.6228,0.21309,9.00487,-0.30886
292.6354,0.26816,9.51006,0.41660
292.6534,0.19154,8.20757,1.61853
292.6734,0.32323,8.45897,1.77176
292.6970,1.10376,8.63854,-0.83800
292.7135,0.09817,9.54837,1.01757
292.7344,0.55068,8.84924,0.24900
292.7586,0.57223,9.53400,-0.07662
292.7760,0.74223,9.19641,0.90743
292.7939,0.09577,10.05117,0.78293
292.8156,-0.21548,9.35204,-1.07503
292.8333,1.11094,8.46376,-2.01119
292.8534,0.74701,11.38717,-0.28971
292.8756,0.58420,8.80375,0.04070
292.8956,0.90743,9.32570,-0.42139
292.9271,0.34717,9.81174,0.39984
292.9405,0.01915,10.25468,-0.68955
292.9532,-0.57223,10.98733,2.31287
292.9740,-0.18196,9.34246,0.43576
292.9966,0.28971,9.08148,1.63529
293.0136,-0.27295,10.06074,2.26498
293.0337,0.06225,9.39274,0.99602
293.0573,0.24182,10.50129,2.20273
293.0752,0.40463,10.45580,-0.10774
293.0935,0.86912,9.70878,-0.91461
293.1161,1.00081,10.61621,-3.07904
293.1352,0.00958,9.66090,-0.26098
293.1535,-0.25379,10.43425,-0.55068
293.1773,-0.28492,9.46457,1.58262
293.1975,0.39984,9.64893,1.41262
293.2149,-0.57223,10.00567,0.65364
293.2361,-0.10295,8.39433,-1.35037
293.2536,-1.47727,10.31932,0.58660
293.2734,-1.30967,9.72076,-0.11014
293.2968,-0.46449,8.73431,1.56346
293.3139,0.53153,10.17088,-0.67997
293.3354,1.04390,9.95300,-2.56187
293.3564,1.16122,9.01923,-2.04950
293.3753,0.75899,10.60903,-2.48765
293.3953,1.39347,9.41908,-1.14446
293.4181,1.15165,9.76146,0.56984
293.4356,0.64645,9.91230,-0.46449
293.4557,0.04070,9.90990,1.63050
293.4879,-0.25379,9.65132,1.55628
293.4958,-0.64885,10.46537,1.53473
293.5139,-0.93616,10.04159,1.50839
293.5364,0.13647,8.82290,0.28971
293.5541,0.87630,8.89952,-0.14605
293.5757,0.64406,8.99529,-0.17478
293.6056,0.25140,9.44302,0.33280
293.6160,0.71589,9.72315,0.44055
293.6354,-0.33041,9.66569,-0.25379
293.6563,0.32562,9.75428,-1.35516
293.6746,0.47885,9.65132,-1.04630
293.6957,0.15084,10.08469,-0.05746
293.7181,0.55308,10.71438,1.09658
293.7368,0.17478,10.00807,0.87152
293.7553,0.46688,10.58988,-0.68955
293.7763,1.05348,10.85804,-1.13728
293.7941,-0.29689,10.50608,-0.46688
293.8141,-0.05746,11.23154,1.04390
293.8366,-0.33999,9.70878,2.79172
293.8543,-1.16601,10.06074,0.34956
293.8746,0.21070,10.56354,-1.23305
293.8999,0.11014,9.80695,-0.78293
293.9160,0.56026,9.50767,0.29450
293.9349,0.60815,9.63696,-0.74701
293.9572,-0.00958,9.53640,-0.05746
293.9752,0.61293,8.55714,0.21548
293.9951,1.34558,9.47415,-0.43336
294.0184,0.37590,9.27781,1.23545
294.0484,0.32323,10.15172,1.33361
294.0640,-0.17718,10.37200,1.74782
294.0790,-0.65124,10.35524,-0.76138
294.0964,-0.07422,9.88357,-0.90982
294.1168,0.37590,10.49411,-0.88109
294.1389,0.12211,8.93064,1.83880
294.1747,0.09577,9.42147,1.23545
294.1878,-0.04070,9.27063,2.37033
294.1977,-0.09098,9.07909,1.23066
294.2149,-0.14366,10.74072,2.63370
294.2359,-0.26337,9.62259,3.11256
294.2583,-0.34956,10.35524,2.63370
294.2777,0.00239,9.55076,2.27456
294.2982,-0.50519,9.73991,-1.50121
294.3196,0.88109,9.32091,0.77575
294.3364,0.05986,9.25148,0.38308
294.3557,-0.60336,9.98413,1.27854
294.3782,0.03831,10.60424,0.19633
294.3958,-0.44055,9.24669,-1.29051
294.4157,0.39266,9.42865,-0.29450
294.4397,-0.29210,9.95300,0.91940
294.4709,0.82842,10.52763,2.45174
294.4762,0.85236,9.91709,0.10774
294.4979,-0.07662,10.07750,-0.10056
294.5159,-0.10774,10.03919,0.66082
294.5357,0.02394,11.70561,2.57145
294.5593,0.45731,8.77981,1.14686
294.5857,0.49322,9.58189,0.54350
294.6008,0.08141,10.30017,1.02236
294.6211,0.38069,10.42467,1.80768
294.6381,0.56744,9.99849,-0.45491
294.6569,0.17957,9.85723,-1.49642
294.6803,-0.38787,8.96177,-1.32643
294.7068,1.02954,9.61301,0.43336
294.7188,0.63688,10.03201,-0.09338
294.7390,0.38069,10.38158,0.39506
294.7569,-0.24661,9.67287,2.37991
294.7786,-1.18038,10.31693,3.47409
294.7992,0.34478,10.88437,1.56346
294.8185,-0.64645,9.43823,0.84039
294.8521,-0.40463,10.83409,0.01197
294.8712,0.44534,10.23313,-0.40942
294.8795,-0.82602,9.12458,0.38787
294.8969,0.49322,9.83089,0.16520
294.9203,-0.07422,10.20679,1.66881
294.9370,-0.84997,10.37439,1.18517
294.9556,0.56265,9.75667,0.06943
294.9778,0.43815,9.30415,0.09098
294.9963,0.10774,10.68804,1.11094
295.0165,0.20830,10.69283,-0.46688
295.0382,-0.46210,10.20201,1.34558
295.0566,-0.85476,11.34886,1.14686
295.0766,0.20351,7.93942,1.65684
295.1028,0.17239,9.60344,-0.39027
295.1302,0.74223,9.66808,-0.38069
295.1451,0.80448,9.47654,0.57463
295.1593,-0.19872,9.63696,-0.98405
295.1762,0.01437,10.45340,-0.71828
295.1988,-0.88828,10.41510,0.28492
295.2200,-0.95292,11.60984,0.51716
295.2379,-0.23464,9.39513,1.80049
295.2593,-0.35675,9.29218,0.45491
295.2799,-0.57463,10.01046,-0.69913
295.2975,0.28013,9.42147,0.85715
295.3175,0.35435,9.25627,1.25460
295.3400,0.19154,10.32172,0.06225
295.3576,0.80687,9.50288,0.64406
295.3796,0.18675,10.70959,0.70152
295.4109,-0.12211,10.90832,1.84359
295.4196,-0.10056,9.81653,1.92739
295.4389,-0.82363,8.98332,2.07584
295.4599,0.21309,10.29059,0.67997
295.4776,-0.26098,8.93783,0.55308
295.4976,-0.12211,9.93385,0.50519
295.5198,0.39027,10.62100,1.65684
295.5399,0.23703,8.22433,1.47727
295.5574,-0.02634,8.92825,-0.39745
295.5799,0.73983,9.03120,-0.53871
295.5985,0.22027,8.58108,-0.02634
295.6189,-0.66561,10.13736,0.71349
295.6412,-0.06704,9.40711,-0.35675
295.6591,1.12531,9.09824,0.25379
295.6923,0.82842,11.06394,-0.79011
295.6996,1.54431,10.35763,1.24023
295.7174,0.29928,9.43105,1.75979
295.7375,-0.70631,11.86842,2.05189
295.7597,-0.23224,11.68167,0.79250
295.7775,-0.99602,11.04718,0.73744
295.7986,-0.90743,11.25549,-0.32802
295.8251,0.18436,10.74790,-0.08619
295.8372,-1.51558,10.51805,0.16042
295.8574,-0.82842,9.69442,-0.20351
295.8795,-0.80208,8.88276,1.10615
295.8975,-1.20193,9.00966,1.54910
295.9174,0.05746,8.97135,1.40065
295.9395,0.95532,7.92984,1.11813
295.9569,1.33122,9.32809,0.01915
295.9775,1.14446,9.50048,-0.25858
295.9995,0.98644,9.98891,-0.59617
296.0172,0.09577,10.76466,2.28893
296.0374,0.42379,10.53481,-0.47646
296.0611,0.53392,10.24750,0.52913
296.0784,0.69434,10.09187,-0.45970
296.1111,0.40942,9.76385,0.93856
296.1206,-0.63209,10.33130,-0.15802
296.1396,-0.02394,9.80216,1.42220
296.1590,-0.08859,9.46936,0.62730
296.1817,-0.42858,10.48213,2.27217
296.1978,-0.70152,9.40950,2.68638
296.2180,-0.15802,9.83568,1.66642
296.2432,-0.24661,8.17884,1.84599
296.2581,-0.12929,9.13416,2.64567
296.2778,-0.33759,10.69762,3.42381
296.3013,0.18196,11.05916,-0.29210
296.3176,-0.26816,10.10863,2.71271
296.3377,-0.98884,11.10704,0.31365
296.3611,0.94334,11.42069,0.26337
296.3823,-0.19872,10.87240,2.80848
296.3978,1.08700,8.09025,-2.07823
296.4203,1.82683,8.86839,-0.63927
296.4376,-0.51716,11.29379,-1.21150
296.4573,-0.40463,8.64094,-0.52913
296.4795,0.04070,8.35602,1.97767
296.4973,-0.76138,9.93145,0.23224
296.5170,-0.15802,8.73192,-0.58660
296.5394,-0.82602,9.08627,0.61293
296.5576,1.90584,7.12297,-2.08781
296.5771,0.57702,9.62738,1.49882
296.6001,-1.01278,10.80776,-0.65603
296.6176,1.06785,9.93385,-1.72148
296.6376,0.62251,9.27063,-0.68955
296.6656,-1.04630,10.31693,1.03672
296.6777,0.14845,11.37759,-0.13408
296.6984,0.75659,9.86441,1.72148
296.7200,-0.03831,9.43823,0.78293
296.7375,-0.25140,10.71199,-0.52435
296.7584,-0.24900,10.10863,1.24981
296.7802,-0.50280,10.05117,0.49083
296.7993,0.20591,10.00807,1.57543
296.8179,0.28252,9.56752,0.17239
296.8401,1.25221,9.78061,-3.32804
296.8575,-0.51716,10.72156,-0.71110
296.8776,-0.90982,10.71438,-0.29450
296.8999,-0.03352,10.47974,0.06704
296.9174,0.17957,9.30655,0.67997
296.9391,1.00081,10.02722,-1.34319
296.9599,0.84278,9.95539,0.61293
296.9774,-0.10535,8.52841,-0.03113
296.9976,-0.05507,10.25229,0.20351
297.0199,0.73983,9.54358,-1.45811
297.0374,-0.47167,10.24271,-0.98165
297.0576,0.03591,11.04718,-0.16281
297.0844,-0.16042,9.40471,0.51956
297.0992,-0.08380,9.59625,0.20112
297.1193,-0.26098,10.47016,-0.51716
297.1400,-0.52913,10.42228,2.32245
297.1575,-0.51477,10.05595,0.83800
297.1777,-0.24422,10.50129,-0.64645
297.2002,-0.08859,9.70160,0.17718
297.2180,1.03433,9.78301,-0.34956
297.2389,0.97926,9.77104,0.20351
297.2598,0.30886,10.03680,0.43815
297.2776,0.63209,8.79657,1.08461
297.2978,0.48125,8.72474,-0.09577
297.3198,0.68476,9.17726,0.76617
297.3374,0.02155,10.42467,0.48364
297.3640,0.15323,9.81892,0.34717
297.3802,0.36393,10.53960,1.07024
297.3977,0.20112,9.06951,0.17957
297.4174,0.02634,10.93226,-0.90504
297.4398,0.70392,10.28102,0.75659
297.4581,-0.08141,10.60424,-0.69195
297.4776,0.09098,10.39355,0.03113
297.5009,0.01437,10.08947,-0.40703
297.5168,-0.48843,9.67048,-0.04310
297.5374,-0.64885,10.76466,-0.31126
297.5591,-0.39506,9.84526,0.69434
297.5777,-0.41421,10.25707,0.70871
297.5968,0.56265,8.89473,-0.00718
297.6201,0.73265,8.83248,-0.74462
297.6374,1.01517,9.35443,0.13169
297.6572,0.45970,10.02483,0.67519
297.6793,0.64885,9.31373,0.53871
297.6969,-0.03352,9.90990,-0.01437
297.7168,-0.53392,10.29059,0.11253
297.7389,-0.33759,9.28500,1.45811
297.7581,0.19872,10.37918,2.76060
297.7822,0.29928,10.31454,1.78852
297.7990,0.44773,10.47974,-0.38069
297.8174,0.15563,11.09268,-1.58022
297.8368,0.34717,10.07750,-0.45970
297.8596,0.67997,10.27623,1.57304
297.8774,0.61054,10.01046,1.24023
297.8974,0.44534,10.05117,0.37590
297.9204,0.50759,9.87160,0.06225
297.9373,0.57941,9.72794,-0.19633
297.9600,0.68955,9.10064,0.73025
297.9796,0.82602,10.22355,-0.59857
297.9973,1.02475,10.24989,-0.34717
298.0172,0.83560,9.51006,-0.67758
298.0397,0.25140,10.06793,1.03193
298.0572,0.98644,10.03680,-0.41900
298.0771,0.49801,10.59467,0.64885
298.1009,0.91701,9.47654,-1.08221
298.1173,1.09897,9.49091,-0.44773
298.1375,0.64885,9.93624,0.50519
298.1597,0.63927,9.51485,0.93856
298.1772,0.22746,10.19482,1.12052
298.1997,0.08859,8.88515,2.37273
298.2194,0.04789,9.97455,3.31128
298.2372,-0.63448,10.60424,2.99763
298.2578,-0.16042,9.26345,1.52515
298.2795,-0.28013,9.73752,0.65124
298.2974,-0.05507,10.67607,0.25140
298.3172,0.09577,9.69681,0.35196
298.3397,-0.22746,9.07191,2.26738
298.3574,0.12929,9.36640,-0.03831
298.3772,-0.08619,8.46376,0.61054
298.3999,0.33759,8.67206,-0.66800
298.4173,0.81405,7.56351,-0.12690
298.4376,1.25221,9.94103,0.33280
298.4606,-0.13647,12.73994,0.74941
298.4796,-0.52674,12.79740,-3.50522
298.4977,1.25699,9.40471,-0.11014
298.5199,1.68796,9.40711,0.40224
298.5375,-1.66402,13.82694,4.95136
298.5578,-1.03912,9.99610,2.99524
298.5802,1.59698,7.68323,0.88588
298.5977,0.55068,7.77660,1.18995
298.6187,-0.81166,13.82454,0.02155
298.6411,3.62254,12.25390,-1.88908
298.6577,0.66561,8.45179,2.61455
298.6778,-0.96968,9.10064,0.58660
298.7003,0.00958,10.70001,-1.29291
298.7179,0.82363,9.75906,-0.69673
298.7380,0.94574,8.99290,-0.24900
298.7624,-0.14845,9.20359,0.35914
298.7780,0.63209,10.06793,-0.85476
298.7979,0.92180,9.34964,-0.74462
298.8203,0.34238,9.80216,0.26337
298.8381,-0.04789,9.11022,0.84997
298.8577,0.68476,10.04398,0.50998
298.8803,0.33759,10.53241,-0.46210
298.8989,-0.25140,9.84765,0.58899
298.9196,-0.89306,9.79498,1.02475
298.9430,-0.64645,10.63537,1.30727
298.9588,-0.38308,10.19243,2.55469
298.9800,-0.14126,9.46696,2.12851
299.0027,0.20351,9.10303,1.78373
299.0200,-0.31604,8.88276,2.21470
299.0399,-0.18915,9.45020,0.71589
299.0620,0.25619,8.55474,0.24422
299.0799,-0.66561,10.45101,-0.30886
299.0999,-0.03352,9.73752,-1.38868
299.1235,0.08619,9.88357,0.25140
299.1400,-0.40942,10.53241,0.21070
299.1599,-0.39027,9.51485,-0.04789
299.1822,0.12690,10.16370,-0.10535
299.1996,-0.55068,10.26186,-0.11971
299.2198,0.07183,8.42306,0.29210
299.2435,0.33280,9.13655,-0.56984
299.2599,0.22985,8.97374,-0.57702
299.2801,0.70392,9.90751,-0.45731
299.3089,-0.74701,11.40154,0.15563
299.3210,-0.04070,9.19162,-0.73744
299.3414,0.75899,9.50527,-1.07264
299.3637,0.25858,8.44700,-1.47966
299.3800,0.66082,9.69202,0.40703
299.4000,0.72068,8.83727,1.72388
299.4221,0.25858,9.72315,0.81645
299.4398,0.19872,9.89793,0.19394
299.4664,-0.34478,10.56354,0.04070
299.4823,0.48364,9.68724,1.01517
299.4996,0.20112,9.79019,1.85077
299.5197,-0.45731,9.77104,-0.01676
299.5421,-0.05986,8.73192,0.46210
299.5609,-0.11971,8.84445,0.99123
299.5794,-0.86673,10.02004,0.88588
299.6032,0.00479,9.23232,-0.29450
299.6197,-0.36154,9.23232,-1.39586
299.6408,-0.09577,9.40232,0.12211
299.6619,-0.46928,9.94103,-1.28333
299.6797,-0.28971,9.06472,0.22027
299.6999,-0.85954,9.52921,-1.27136
299.7234,-0.98644,10.60903,1.35516
299.7402,-0.74462,10.19722,-0.99602
299.7600,-0.19154,10.64016,-0.95532
299.7827,0.73265,9.93624,0.11971
299.8015,0.41660,9.53161,1.37431
299.8204,0.38308,11.36083,0.48125
299.8428,0.72068,11.78462,1.87951
299.8601,0.50998,10.64973,-1.76937
299.8838,0.75180,4.29293,2.97130
299.9021,-0.28971,13.71201,3.83563
299.9203,-2.34400,12.87880,0.32802
299.9415,-0.35435,9.48612,-0.50759
299.9637,0.10774,4.77418,-1.45811
299.9803,-0.08859,9.79498,1.20432
300.0004,1.01996,15.53405,-3.20593
300.0245,0.59139,9.83568,3.47649
300.0399,-1.56107,-1.84599,4.20674
300.0602,-0.49083,4.91545,2.95214
300.0824,3.18917,15.19646,-3.23706
300.1002,0.71828,14.11425,4.83404
300.1213,-0.45012,9.49091,2.30090
300.1422,0.49083,9.69442,1.71670
300.1675,-0.46928,9.55555,2.26498
300.1805,0.61533,9.87638,0.30886
300.2017,0.61772,9.79737,-0.62491
300.2197,0.10295,9.34485,-0.26337
300.2401,0.51716,10.11102,-0.63927
300.2619,0.51716,10.52523,-0.89067
300.2800,-0.56984,9.27542,1.81007
300.3023,-0.42858,10.34327,1.66402
300.3237,0.39506,10.18046,-0.66321
300.3401,0.31604,9.96976,0.10774
300.3597,-0.54589,10.81494,1.64966
300.3827,-0.13408,10.62340,0.28731
300.3997,0.50519,8.07349,-1.51079
300.4202,0.91701,9.02881,-0.70871
300.4443,0.25379,9.58907,0.10774
300.4604,0.19633,10.55157,-0.80448
300.4803,0.71589,10.00089,-1.57304
300.5029,0.81166,8.82530,-0.81405
300.5218,0.73025,9.65372,-1.32882
300.5407,0.23224,11.76068,-0.96968
300.5627,0.16760,9.09346,2.35357
300.5843,0.11014,8.55714,-0.04310
300.6017,0.22027,9.30176,-0.19154
300.6222,0.04310,8.51644,0.59617
300.6397,-0.10774,8.64333,0.76138
300.6597,-0.17718,11.54040,-0.13647
300.6819,-0.78532,9.79977,0.92419
300.6996,-0.37830,9.34246,1.10855
300.7239,0.08380,9.19641,0.90264
300.7432,-0.18915,9.70878,0.80926
300.7594,0.33759,10.06553,0.83321
300.7816,0.05507,9.57231,-0.93856
300.8028,0.24422,10.01765,0.10056
300.8217,-0.08619,10.09905,-0.49561
300.8409,0.12211,9.04557,0.54111
300.8677,0.38548,10.72635,-0.21309
300.8805,-0.01437,10.01525,0.82842
300.9003,0.01197,10.69283,-2.03513
300.9231,0.87152,10.32890,-0.51956
300.9406,0.94334,10.44383,-0.16520
300.9606,-0.22746,11.01127,-0.62730
300.9844,0.14366,11.40154,-0.15802
301.0038,0.11732,9.35443,-0.28492
301.0208,0.19872,10.74790,0.77575
301.0432,-0.10295,10.21877,-0.64167
301.0609,0.42858,9.19641,-0.71110
301.0814,0.76138,9.50288,-0.19394
301.1032,-0.21788,10.46059,-1.58501
301.1374,-0.24422,9.97215,0.68237
301.1535,-0.29450,9.99131,0.01197
301.1642,-0.26816,10.23313,0.93616
301.1813,0.03113,9.41908,1.09658
301.2015,-0.18915,9.47654,-0.16760
301.2253,-0.04310,9.13416,1.00081
301.2412,0.64406,8.88755,-0.74701
301.2629,1.14207,9.67766,-1.37431
301.2964,0.42858,9.24190,-0.39506
301.3014,0.28731,10.04398,0.05028
301.3209,-0.10295,9.91469,0.28492
301.3436,0.36632,9.79498,-0.77814
301.3608,0.32562,10.22355,-0.26098
301.3809,-0.05267,9.16528,-0.61533
301.4042,0.92419,9.75428,0.12929
301.4207,0.34478,8.89234,-0.57463
301.4417,1.21150,10.41270,0.42139
301.4633,1.18038,8.99050,-0.30886
301.4808,0.51477,9.44781,2.15006
301.5016,0.17957,9.16050,1.77655
301.5230,-0.04310,10.03919,1.62092
301.5407,0.58899,9.36401,2.02795
301.5693,0.40942,9.67287,1.44854
301.5829,0.45731,9.60822,-0.68955
301.6007,0.77096,7.93702,0.29928
301.6208,0.25858,10.65452,0.86673
301.6446,1.04630,9.14852,0.56984
301.6846,0.54350,10.02722,0.35675
301.6850,0.55787,8.45658,-0.38548
301.7032,0.70631,10.26904,0.73744
301.7211,-0.68476,9.88836,-0.30647
301.7420,-0.60575,10.59706,1.41741
301.7636,-0.07901,8.82290,0.95292
301.7827,-0.22027,11.37999,0.21070
301.8015,-0.01437,9.91230,-1.93218
301.8303,0.32802,11.02803,-2.27935
301.8492,-0.23464,9.41908,-1.94655
301.8615,0.10535,11.13817,-0.98405
301.8845,-0.09577,9.37598,1.29530
301.9035,0.02394,11.50210,-0.26337
301.9217,0.42139,8.84445,-1.11094
301.9520,0.48125,10.23553,-0.81884
301.9690,0.55308,8.47334,-0.92419
301.9814,1.50600,10.22595,-0.29689
302.0034,0.62491,9.35683,-0.04310
302.0209,0.70152,10.17088,-0.44534
302.0409,-0.30647,9.20838,-0.83321
302.0646,0.26816,9.90751,0.15563
302.0829,0.52674,8.86839,0.35675
302.1142,0.67519,9.35683,0.60096
302.1253,-0.03831,8.81093,-0.11971
302.1410,0.40463,9.76864,-1.14925
302.1624,0.31126,8.71516,-0.38308
302.1850,0.63927,9.12219,0.56984
302.2025,-0.06943,11.28901,0.63927
302.2241,0.46688,9.99610,0.64167
302.2561,0.04310,9.94103,-0.06225
302.2616,0.28252,10.37200,1.99922
302.2822,0.40942,8.36560,0.20112
302.3036,0.63448,10.66649,1.47487
302.3214,0.12690,9.28021,0.13647
302.3415,0.24900,9.70160,-0.40463
302.3651,0.07422,10.02483,-0.28492
302.3840,-0.37111,11.06394,0.52913
302.4010,0.15084,11.02324,-0.34238
302.4232,0.28492,10.94423,-0.14605
302.4409,0.44294,10.25229,-0.78532
302.4609,0.22985,10.23074,0.58181
302.4838,0.31844,9.39513,-0.48125
302.5039,1.12052,9.70160,-0.40224
302.5314,0.40942,9.53161,-0.89067
302.5434,-0.30168,11.75828,0.15563
302.5609,-0.09098,9.55555,0.22985
302.5806,0.64167,9.86920,-1.28812
302.6031,0.70152,9.61301,-0.95053
302.6209,1.19953,9.66808,-0.31844
302.6411,0.68955,11.36323,-0.88349
302.6722,1.13489,9.67287,0.59378
302.6813,0.15084,10.17327,0.29689
302.7012,0.83321,8.42545,1.20193
302.7235,0.34478,9.14134,0.88349
302.7411,0.35675,9.86202,2.97130
302.7621,-0.74223,9.71836,1.57783
302.8036,0.50519,10.83409,0.17957
302.8037,0.83560,8.72713,-0.57223
302.8206,1.07264,9.85005,-0.01437
302.8431,-0.17239,9.79737,0.41421
302.8608,0.04549,9.66808,0.73983
302.8806,0.29450,10.01286,-2.03992
302.9032,0.33759,9.44302,0.01915
302.9209,-0.31365,9.57710,-0.25858
302.9496,0.49561,9.51245,-0.52674
302.9635,-0.21548,7.88914,0.15323
302.9804,-0.16042,9.51724,-1.00320
303.0004,-0.82363,10.02004,-0.99123
303.0262,-0.20830,8.93304,-1.09658
303.0415,0.39266,9.28500,-1.87711
303.0627,0.26576,10.84367,-1.96809
303.0933,0.18436,11.38478,-2.49483
303.1024,1.27375,9.78780,-0.94334
303.1216,0.31126,10.18524,-0.28971
303.1440,1.11813,10.22116,-2.02077
303.1636,0.11014,11.24591,-0.87391
303.1818,0.25140,8.70558,1.63290
303.2059,0.22027,10.09905,0.28731
303.2227,0.75899,11.79420,-0.76377
303.2419,-0.82363,10.53002,0.05986
303.2638,0.96250,10.89156,0.41182
303.2818,0.69195,8.48052,-0.09817
303.3018,0.63927,10.50368,-0.85476
303.3245,1.12531,10.10384,1.00081
303.3434,0.00239,10.05835,1.98725
303.3638,-0.14605,12.82852,-1.28333
303.3839,0.41900,10.38636,-1.07024
303.4023,0.66800,9.80455,-1.86753
303.4226,1.28333,10.06553,-1.31685
303.4452,0.60815,9.51964,-2.14527
303.4629,1.38629,9.75428,-0.46449
303.5021,1.36234,8.72474,-1.32882
303.5196,1.19474,11.23394,-1.19235
303.5223,0.73983,8.54996,-0.01437
303.5425,-0.33280,9.59146,2.13569
303.5648,-0.02873,9.47175,1.02714
303.5825,-0.88349,9.19641,2.00640
303.6024,-1.05348,9.99131,0.29210
303.6450,0.13408,9.68245,-0.54111
303.6591,0.97447,9.10303,-1.01038
303.6630,0.70392,10.10384,0.18915
303.6865,1.12052,9.22275,1.28333
303.7048,0.61533,11.80856,2.78694
303.7248,0.08619,8.45418,1.54670
303.7465,0.40463,10.15891,0.34238
303.7786,-1.33840,8.17884,1.53473
303.7969,0.14366,9.34007,0.15323
303.8051,0.57223,7.90350,1.31206
303.8224,0.03352,9.16768,1.18756
303.8423,0.22027,12.14855,-1.43896
303.8648,0.04070,9.98891,-0.02873
303.8826,-0.49561,10.43186,0.31126
303.9027,-1.17319,11.05916,-0.22506
303.9374,0.54589,9.78540,0.28731
303.9424,0.88349,9.78301,0.21309
303.9626,0.67758,9.11979,1.91063
303.9849,0.63927,9.83089,0.91461
304.0042,1.08221,9.36401,-0.13887
304.0241,1.15165,9.24430,-1.02954
304.0471,1.27136,8.94740,-0.62969
304.0788,0.79969,8.54277,-0.06225
304.0941,0.37351,8.82530,1.75979
304.1057,-0.64167,10.83170,-0.62969
304.1229,0.74223,10.63776,0.25858
304.1433,-0.16042,9.62498,-0.72307
304.1655,-0.17957,11.24112,0.85236
304.1827,0.54111,10.23553,-0.23703
304.2031,0.49322,10.34327,0.21548
304.2253,0.29689,8.37517,-0.66082
304.2431,0.50998,9.36640,0.99362
304.2632,-0.17718,9.57710,-0.25858
304.2854,0.58660,9.28021,1.25939
304.3040,-0.23464,10.75748,0.39745
304.3231,0.18915,10.32651,-0.49083
304.3473,-0.03113,9.42626,-0.39984
304.3688,-0.41421,9.56034,0.64885
304.3837,-0.06704,9.29218,-0.03352
304.4074,-0.24422,10.10384,0.19633
304.4233,-0.30407,9.24430,-0.53632
304.4435,0.20112,10.09426,0.52674
304.4748,-0.48125,10.08229,2.24583
304.4900,-1.15643,10.84128,1.60895
304.5034,-1.37192,9.95300,0.96729
304.5257,-1.42699,10.35045,1.15165
304.5431,-0.04789,9.40232,0.06465
304.5651,-0.59378,9.87399,-0.82842
304.5894,0.07901,10.99690,-0.14126
304.6284,0.87630,9.26584,-1.49163
304.6286,0.38069,10.17567,-2.11175
304.6474,0.19394,10.32172,-0.88828
304.6634,0.54589,9.47893,-1.00799
304.6834,-0.00718,11.60505,-0.05746
304.7056,0.51477,10.61382,0.72068
304.7233,-0.55068,9.42387,0.25140
304.7451,-0.00958,10.67607,0.13169
304.7764,0.37111,8.24349,0.01676
304.7832,-0.05267,9.61062,-0.08380
304.8055,0.20112,9.86681,-0.50280
304.8260,0.39027,8.92825,-0.66561
304.8448,-0.17478,9.61541,-0.88588
304.8635,0.67519,9.99849,1.09658
304.8898,-0.94334,9.95539,0.28971
304.9097,0.54829,9.82610,-0.42379
304.9245,0.34717,8.88515,-2.16921
304.9464,-0.23464,10.69762,-1.44614
304.9643,1.34798,9.22993,-2.19555
304.9855,0.25858,10.40312,-2.31048
305.0067,0.27295,10.73114,-3.11256
305.0261,1.89627,9.11979,0.87152
305.0454,1.22108,8.87079,-0.63209
305.0672,1.21150,9.37598,-1.22108
305.0842,0.19394,7.89153,1.36953
305.1044,-0.50998,9.17726,2.61215
305.1269,-0.63209,9.75667,3.76859
305.1456,-2.08781,10.81973,1.14925
305.1674,-1.44614,9.80695,-1.30249
305.1991,-1.98246,10.61861,0.84278
305.2137,-1.47008,10.19003,-0.52674
305.2253,-1.62811,10.33369,0.60096
305.2473,-1.44614,10.39834,1.58022
305.2639,0.09817,9.64653,-0.16999
305.2841,1.56825,8.82290,-1.04151
305.3065,0.61054,9.55555,-2.91144
305.3266,2.25780,6.98889,-0.44773
305.3440,0.41900,9.21078,-0.16999
305.3675,2.00640,9.46457,-0.84997
305.3839,-1.16122,11.66730,1.60895
305.4052,-0.50519,10.74790,0.19394
305.4280,-0.05746,10.26665,-0.06704
305.4654,0.12929,11.11901,0.16760
305.4655,-0.27295,9.65132,-0.80448
305.4861,-0.60096,10.91789,1.57783
305.5052,-0.06943,9.31612,-0.06465
305.5240,0.72307,10.18285,-0.43336
305.5491,1.06066,9.70639,-0.63688
305.5657,0.23703,11.19323,0.36872
305.5866,0.42139,9.80934,-0.77096
305.6174,0.13169,10.18764,0.11971
305.6238,0.07662,10.64016,-1.32643
305.6440,0.91222,8.90191,-0.30886
305.6664,-0.09817,12.58191,0.52195
305.6841,1.70233,6.28258,-0.86673
305.7042,2.39188,8.73671,-1.43417
305.7278,1.93697,9.25387,-5.39670
305.7469,1.71430,6.22272,-0.88349
305.7682,-1.06066,10.27144,0.85954
305.7864,-0.35675,9.41668,-0.51956
305.8053,0.83800,8.67206,2.65286
305.8253,0.49801,11.67209,0.48125
305.8465,0.35196,6.68003,-0.74223
305.8656,1.99922,9.87399,-5.77260
305.8885,0.50280,8.94262,4.62574
305.9063,2.22189,11.59308,1.35277
305.9241,0.46688,9.99370,-0.60815
305.9439,-0.98884,10.56594,-0.49322
305.9667,-0.91222,10.25707,5.33684
305.9843,-0.07183,10.97775,-2.51159
306.0042,-0.24182,8.72474,-1.88429
306.0339,3.35917,5.46613,-3.16044
306.0440,3.39269,11.39196,-2.89468
306.0637,-3.40705,10.59467,0.93616
306.0859,0.91701,11.71998,-2.32484
306.1038,-0.88828,7.81491,3.93858
306.1239,-1.20193,8.69361,0.86912
306.1474,-1.25460,11.11422,-1.41741
306.1711,-1.50839,10.62340,0.67997
306.1833,-0.41660,11.05676,1.85077
306.2059,-0.19154,11.11901,-0.33520
306.2238,0.73265,10.12299,0.15084
306.2440,0.51237,11.20521,-0.35914
306.2681,-0.40942,9.25627,0.32323
306.2836,-0.51477,9.49091,-0.14126
306.3145,0.44534,9.57471,0.22027
306.3270,0.19633,10.61621,0.24900
306.3449,-0.65364,9.41668,1.05588
306.3648,-0.33999,8.73431,0.13647
306.3859,-0.76856,9.73991,1.59219
306.4037,1.97049,9.37119,-1.47487
306.4234,1.54910,8.33208,-1.13010
306.4507,0.97926,9.07909,-0.84757
306.4644,-0.04789,8.64333,0.30407
306.4834,0.16999,10.31214,1.09897
306.5063,0.42858,8.75347,-0.42379
306.5234,0.78053,9.56273,-1.43178
306.5447,0.90982,9.36880,-3.01679
306.5660,0.31365,10.28820,-1.69036
306.5962,0.48604,8.24828,-1.55628
306.6056,0.95532,9.25866,-0.22506
306.6262,1.36713,7.72154,0.48843
306.6439,-0.76377,11.83490,0.91701
306.6654,-0.78772,9.01205,1.17559
306.6862,0.80208,10.93226,1.29770
306.7185,-0.64406,9.91709,1.93218
306.7347,-1.01038,9.46217,3.19636
306.7466,-0.46210,9.57471,-0.42618
306.7655,-0.08380,10.19003,1.08221
306.7873,-0.45970,9.33767,0.71349
306.8077,0.83081,9.72076,-0.81884
306.8277,-0.28252,9.89075,1.89866
306.8628,-0.15802,9.21078,0.36872
306.8789,0.12690,10.30256,2.01598
306.8851,-0.77335,11.29140,0.45970
306.9047,-0.21788,9.21317,2.18358
306.9261,-0.23703,9.11979,1.10855
306.9448,-0.08380,9.52682,1.61614
306.9649,0.10056,9.22514,1.05827
306.9882,0.10056,10.34806,0.58420
307.0073,-0.51956,8.86121,0.99602
307.0244,-0.64406,12.16292,-0.45731
307.0466,-0.68237,9.50527,2.74384
307.0648,0.65364,9.52682,1.88190
307.0849,0.37351,11.05916,2.12851
307.1090,0.11253,10.26665,-0.54111
307.1281,0.84518,9.28739,0.45012
307.1457,0.35675,9.79258,0.06225
307.1678,1.27615,10.30496,-1.54191
307.1845,1.21390,9.16289,-0.19394
307.2070,0.40703,9.05515,0.59857
307.2292,0.44773,10.76705,0.01197
307.2477,0.80208,10.38636,1.38868
307.2692,-0.26576,11.22915,-0.49801
307.3015,-0.68716,10.60903,0.38069
307.3063,-0.62730,10.09187,-0.56984
307.3266,0.38069,9.70878,0.38069
307.3489,0.26337,8.37996,0.99123
307.3667,1.01038,10.62579,-0.76856
307.3883,1.58262,9.52443,-3.13171
307.4090,0.44773,11.31534,-1.09658
307.4285,0.84039,8.13575,0.51237
307.4472,0.98165,9.28739,0.67279
307.4689,1.07024,7.75027,0.09577
307.4865,-0.33520,10.66171,0.99123
307.5071,-0.48125,9.22754,3.72789
307.5293,-0.67279,10.93465,0.37351
307.5485,0.33999,9.99370,0.39745
307.5808,-0.19633,9.59865,-0.06943
307.5903,0.26576,9.34007,1.53952
307.6064,0.08141,9.37598,1.53952
307.6274,-0.02873,9.01923,1.08700
307.6495,-0.49322,11.05197,1.42938
307.6673,-0.57702,9.58428,1.92500
307.6892,-0.82602,9.80934,2.23625
307.7240,-1.56346,11.40393,1.62092
307.7275,-0.20351,8.73910,0.93616
307.7474,0.60336,9.41429,-1.03672
307.7701,0.24422,9.05754,0.77335
307.7878,0.22746,9.61062,0.06225
307.8079,1.37431,9.65372,-1.85556
307.8320,1.23066,10.35045,-2.04232
307.8643,0.64645,9.66090,-1.77176
307.8675,0.57463,9.05036,-0.13887
307.8895,-0.47407,9.69442,0.80687
307.9073,0.46449,9.97455,1.16601
307.9286,1.55628,8.51644,-0.73744
307.9521,0.77575,9.95539,-1.27375
307.9875,0.00958,9.10303,0.82124
308.0060,0.33520,9.49330,0.19872
308.0097,0.19633,9.98652,1.40783
308.0272,0.73744,9.28021,0.19154
308.0477,0.59617,8.41109,1.04390
308.0713,-0.68476,10.16370,0.19154
308.0878,-0.33280,9.78061,2.35357
308.1076,0.42858,9.30655,0.57463
308.1422,0.23224,8.65051,1.43896
308.1494,0.42618,9.10782,1.18756
308.1690,-0.43815,8.28898,2.04950
308.1898,0.08380,10.14454,0.73504
308.2090,1.55149,8.52601,0.76856
308.2278,1.59698,9.44302,1.34558
308.2503,2.33681,8.61221,-1.78373
308.2748,1.17798,10.01046,1.27136
308.2876,0.03591,10.82930,-0.24182
308.3096,-0.32323,10.67368,-0.89785
308.3275,0.42618,9.35922,0.68237
308.3490,0.59617,8.61699,-0.10056
308.3712,-0.37830,8.43982,0.38069
308.3892,0.45491,9.92666,-0.45012
308.4194,0.32562,8.87318,-1.28094
308.4307,-0.00958,11.55238,-0.94095
308.4483,0.55068,9.55076,-0.90504
308.4683,-0.25140,9.76625,2.06386
308.4914,-0.16999,9.25387,0.01915
308.5099,0.64406,9.76146,-0.81645
308.5290,0.08619,10.10145,0.94574
308.5572,-1.11813,10.14215,0.55547
308.5731,0.83560,9.59865,0.37590
308.5883,0.15802,10.73353,-0.50519
308.6109,0.60815,9.81653,0.67758
308.6285,1.35755,8.18603,-1.01278
308.6484,0.08859,9.68005,0.81166
308.6705,0.83081,11.28422,-2.37033
308.6906,1.57304,9.53400,0.83321
308.7082,1.10855,11.00648,0.42139
308.7299,0.39506,10.32172,-0.07183
308.7482,1.44854,9.45978,2.75102
308.7684,2.06865,7.40549,1.62092
308.7924,-0.53153,10.58030,1.05588
308.8177,-0.39506,9.90751,1.09179
308.8403,1.00560,10.05356,-0.85954
308.8514,-0.28013,11.86603,1.59698
308.8683,-0.71589,10.43664,-0.03352
308.8881,0.57702,9.64174,-0.79969
308.9109,1.78134,8.85882,-1.93936
308.9300,0.58899,9.42387,0.95532
308.9518,1.00081,8.53080,-0.06943
308.9821,2.24344,9.46696,-0.66800
308.9880,1.09179,8.91628,1.57543
309.0082,-0.47885,9.53161,1.34319
309.0337,-0.16042,9.16050,1.46530
309.0485,-0.03113,9.32091,2.03274
309.0686,-0.15084,9.15571,3.14608
309.1066,0.45491,10.89395,0.18675
309.1208,-0.50280,10.46059,0.05746
309.1294,0.41182,11.32013,0.33041
309.1504,-0.32802,10.81494,0.88588
309.1694,0.63688,9.04318,0.47885
309.1916,1.41262,9.21078,1.64247
309.2120,-0.12450,8.36081,0.85715
309.2297,-0.47646,9.96497,1.43178
309.2619,-1.02236,9.80216,2.74863
309.2713,-1.10615,10.29538,2.26259
309.2878,0.03831,8.75107,-0.02394
309.3080,-1.10615,9.24669,2.04711
309.3318,-1.38389,10.31693,3.45733
309.3496,-0.40942,9.64414,1.27375
309.3705,-0.37351,9.66569,0.28492
309.4015,0.69195,9.54597,0.13887
309.4113,0.84997,9.55555,0.40703
309.4301,-0.25140,9.76385,1.46530
309.4522,-0.65603,11.02085,0.02634
309.4705,0.55547,9.14852,0.46210
309.4907,0.86433,8.02800,-0.36632
309.5177,-0.56026,10.23074,2.17640
309.5482,0.29689,10.49171,2.25062
309.5484,-0.04070,9.51724,1.81486
309.5713,-0.09817,10.93944,1.75500
309.5898,0.83800,8.63854,0.03591
309.6111,0.23224,10.22834,0.45491
309.6314,-0.02873,10.52044,0.64167
309.6839,-0.56265,8.75586,-0.18675
309.6840,0.03113,11.10465,-0.42379
309.7011,0.70871,9.74709,0.05507
309.7096,0.80448,9.66090,0.09817
309.7309,0.85476,8.97853,-0.19154
309.7500,0.70631,9.68963,1.18038
309.7678,0.56505,10.39594,1.13728
309.7890,-0.12690,10.02962,0.17239
309.8145,1.19953,9.35443,0.37830
309.8265,0.84757,9.42387,0.43336
309.8471,-1.29051,9.96258,2.35118
309.8701,-1.49163,10.59467,1.15165
309.8869,-0.66561,9.98891,1.09418
309.9067,-0.48604,10.35284,1.62092
309.9353,-0.09817,9.61541,-0.25858
309.9528,0.20591,9.45499,0.21070
309.9683,0.11493,10.41749,-0.24422
309.9896,0.78772,8.77262,2.46610
310.0076,0.48125,9.06712,0.40703
310.0302,-0.30647,10.75987,1.21390
310.0538,0.38069,9.08627,1.10137
310.0872,-0.54589,10.10145,-0.36872
310.1013,0.06704,9.72554,0.10535
310.1120,0.67997,9.48133,0.23703
310.1279,-0.92180,9.67287,2.07344
310.1479,-0.01437,10.04398,-0.59857
310.1708,-0.59378,10.59945,-0.39506
310.1890,-0.87630,10.19243,-0.05986
310.2096,0.21309,7.94899,-0.13887
310.2430,0.06704,9.08388,1.58022
310.2483,0.99362,9.19162,1.79810
310.2677,0.93616,8.67446,0.25140
310.2914,0.95292,9.73512,-0.46210
310.3094,-0.73504,9.79019,1.17559
310.3292,-1.07742,9.84047,4.92263
310.3499,-0.94095,9.45020,3.51958
310.3743,-0.17239,10.55636,2.08781
310.3878,0.37590,10.47495,0.86433
310.4102,0.32323,9.70878,-0.49801
310.4283,-0.29928,9.42626,-1.67360
310.4484,0.06465,9.68963,-1.44854
310.4714,-0.17478,8.59305,1.18756
310.4903,0.90504,8.79896,-1.58022
310.5206,1.18277,8.93304,-1.75500
310.5304,0.36632,8.27940,0.33041
310.5476,-0.64885,10.48213,0.73025
310.5676,-1.08461,8.59066,1.50600
310.5901,-0.63209,9.33049,3.39029
310.6093,0.21070,8.59545,3.39508
310.6294,-0.65124,9.97455,1.70951
310.6601,-0.05267,9.94103,-0.11971
310.6713,0.46449,10.28341,1.79571
310.6880,0.88828,10.46777,0.47167
310.7102,1.47248,8.26264,-0.34717
310.7278,0.88588,8.56672,1.54910
310.7494,0.77575,10.38876,2.69116
310.7714,0.62969,9.18204,2.45174
310.7974,-1.02475,11.69364,2.53314
310.8121,-0.72307,9.79737,0.92658
310.8295,-0.36872,9.55316,2.08541
310.8477,0.16760,11.06394,0.56026
310.8678,1.21869,10.40073,-0.07183
310.8898,0.35435,11.50449,2.62173
310.9076,-0.06465,10.72635,-0.25619
310.9279,-0.43576,9.11261,0.28492
310.9501,-0.56505,10.21158,0.83081
310.9674,0.28013,8.74868,2.42301
310.9877,-0.38308,9.54119,1.61135
311.0100,-0.87152,10.27623,1.97528
311.0277,-0.52435,9.30655,2.15245
311.0476,-0.83800,10.87480,3.75901
311.0769,-0.20351,10.14454,2.88271
311.0875,0.04549,9.25627,2.00161
311.1076,-0.21070,10.63776,0.70152
311.1299,-0.34478,9.35443,3.37353
311.1489,-0.72786,10.52763,4.57785
311.1676,-0.95053,8.93783,2.54990
311.1913,0.23464,8.29856,1.92021
311.2091,-0.59139,9.58189,2.53314
311.2276,-0.43815,9.46457,3.89549
311.2501,0.74462,8.52841,3.41424
311.2679,-0.08859,10.16609,2.87792
311.2881,0.67040,9.08388,2.78454
311.3102,1.30967,9.31373,1.14446
311.3292,2.32005,9.60104,3.94576
311.3676,-0.67997,10.71677,4.05111
311.3708,-1.16841,10.90592,4.00562
311.3874,-2.09260,9.78780,2.77018
311.4075,-1.87951,9.90512,6.55313
311.4316,-1.30249,8.99768,2.96172
311.4512,1.55628,8.99050,4.81010
311.4693,3.94098,8.23631,4.57306
311.5042,-2.29611,11.76547,0.13887
311.5081,-2.15724,10.59227,3.50761
311.5276,-0.89067,7.97294,4.53236
311.5504,-2.25062,10.58988,-1.73345
311.5677,0.32323,5.96174,4.75982
311.5880,0.37830,9.79498,-5.77739
311.6103,2.21231,7.41986,-0.89306
311.6291,2.70074,10.00567,5.07107
311.6490,2.31048,9.36401,0.91701
311.6718,-2.97848,14.12622,1.10376
311.6881,-1.93697,9.63935,6.50046
311.7097,-1.18995,10.59706,1.63290
311.7302,-0.44055,8.88276,0.19154
311.7614,2.94017,8.74629,-4.97770
311.7810,2.42540,7.69041,-2.09020
311.7917,3.29692,7.84125,-1.13967
311.8087,-0.47885,10.41270,4.54194
311.8274,-2.71750,11.85645,2.91144
311.8496,-0.73504,9.84047,5.98090
311.8674,-2.23386,11.37281,4.38871
311.8893,-0.98405,9.96497,2.87074
311.9190,-0.14366,8.58348,0.93137
311.9354,1.04869,11.19084,-3.77338
311.9476,2.32005,8.21715,-0.18915
311.9697,1.24742,9.09824,2.21470
311.9889,1.72627,8.67206,-3.53874
312.0076,3.52437,8.67685,5.41824
312.0309,1.39347,9.67287,3.87154
312.0648,-2.76299,12.53882,5.58584
312.0739,-1.75500,8.41109,-0.49083
312.0895,-1.11573,10.31693,3.67042
312.1070,-1.79331,10.90353,2.98566
312.1273,-1.47727,10.89156,5.76063
312.1498,-0.95292,12.73036,-5.64570
312.1689,-0.76377,6.48848,2.40864
312.2016,3.69437,9.81892,-2.05908
312.2098,0.77575,9.73991,0.62491
312.2284,0.19633,13.75511,-1.50839
312.2473,-0.52195,6.15568,6.67763
312.2697,1.87472,10.54918,-0.60575
312.2890,-0.94813,7.12776,1.35277
312.3099,-1.70233,15.03126,-1.31206
312.3419,-0.43097,8.44221,5.06629
312.3493,0.27774,11.17647,-0.27774
312.3673,-0.85954,9.99370,1.70951
312.3897,1.06785,9.50527,0.60336
312.4097,1.00081,9.39035,1.47727
312.4301,0.64645,9.28260,-1.73585
312.4510,0.32562,9.37119,2.00640
312.4717,0.21548,8.13814,1.29530
312.4876,1.15404,9.96258,-1.23305
312.5095,-0.02873,10.71438,0.68237
312.5274,-1.23066,10.73832,3.56986
312.5474,-0.47167,11.60505,2.42540
312.5696,-0.50280,9.38556,1.51797
312.5887,-0.09098,9.03360,3.49085
312.6085,0.18915,8.64573,0.95532
312.6296,0.16042,9.56273,-0.12929
312.6474,1.00320,9.06951,1.18277
312.6672,0.29689,8.73910,1.70233
312.6898,0.38308,9.93145,0.47646
312.7076,0.12211,10.76945,0.44534
312.7283,0.01676,10.40552,-0.18196
312.7625,-0.03113,10.84846,1.23305
312.7679,-0.08859,10.13018,2.40864
312.7875,-0.10774,9.75188,2.43258
312.8105,1.07264,10.07032,3.04073
312.8275,1.33601,11.56914,6.19399
312.8474,-5.30811,14.28424,-0.77335
312.8696,-0.84039,4.18280,10.43664
312.8941,2.48765,5.87316,-4.63532
312.9076,0.15084,10.46059,-2.13330
312.9308,-0.16281,9.83089,1.24742
312.9475,3.42621,7.33845,-0.70392
312.9677,1.35516,8.67685,0.28731
312.9897,0.30886,11.58111,1.86753
313.0071,-2.09978,9.00966,1.05588
313.0371,-0.55308,10.18764,-0.48604
313.0517,2.43977,6.02400,2.88750
313.0695,-1.08940,6.50764,3.18917
313.0881,1.16362,15.30420,-4.86996
313.1105,1.76697,6.64890,3.72789
313.1282,-0.27534,13.43428,0.42618
313.1498,-0.43576,9.37598,4.23068
313.1848,1.92260,9.13655,3.14368
313.1880,-0.76617,9.61062,4.52039
313.2082,-1.58501,10.67128,2.12133
313.2306,-0.30168,11.35365,2.93059
313.2482,0.01676,9.76146,1.85796
313.2683,0.35914,9.47893,0.21788
313.2927,0.30647,9.81892,0.61293
313.3187,0.07901,10.38876,-0.26816
313.3280,-0.26816,10.77903,-0.86912
313.3506,-0.10295,9.92188,0.92658
313.3684,1.16841,9.38316,0.92180
313.3885,0.69434,8.58108,1.22347
313.4144,0.95292,9.55795,2.43498
313.4319,0.07183,10.64016,2.28893
313.4496,-1.04869,9.93145,1.64487
313.4706,-0.08141,10.45580,2.15006
313.4882,0.36872,8.44940,3.17241
313.5085,-0.49322,8.54038,2.76299
313.5310,-0.53153,10.63058,2.87074
313.5489,-0.04070,8.55953,4.08942
313.5696,0.04310,8.78459,1.77895
313.6026,0.55308,9.42387,2.33681
313.6079,0.07662,9.18204,1.76219
313.6292,-0.72547,10.53960,1.66163
313.6505,-0.39984,9.83568,1.90824
313.6682,-0.23224,8.62178,3.97450
313.6880,-0.43815,9.11500,3.04073
313.7097,-0.29450,9.29697,4.00802
313.7296,-0.11014,9.57471,0.41660
313.7473,-0.25379,10.00567,1.69994
313.7697,-0.50759,9.54597,3.12692
313.7876,-0.78293,9.42865,2.99763
313.8074,0.47407,8.76783,1.72148
313.8298,0.05986,9.17007,2.00161
313.8476,0.25140,9.59386,0.39745
313.8725,0.67758,8.95459,0.71110
313.8899,0.58181,10.09905,1.84359
313.9079,0.16042,9.92906,0.38787
313.9293,0.78532,9.33049,2.19555
313.9507,-0.18196,10.08229,2.01598
313.9702,0.55308,9.19162,0.93856
313.9897,0.50998,9.21556,1.24742
314.0269,0.15563,8.79657,0.70392
314.0289,0.57702,8.92586,0.24422
314.0484,0.22267,9.45499,1.43656
314.0706,-0.01915,9.53640,1.36474
314.0882,-0.14126,9.42387,2.78215
314.1099,0.50759,10.27383,2.61934
314.1320,0.27774,10.23074,1.81965
314.1586,-0.18196,9.92906,2.79412
314.1770,-0.83321,10.46777,3.19157
314.1903,0.24661,10.24750,2.75102
314.2078,-0.06225,10.83170,1.70472
314.2277,-0.10535,10.91550,0.51716
314.2517,0.26098,11.07831,0.01437
314.2697,0.01915,10.36003,1.70472
314.3026,-0.22506,10.30017,1.64966
314.3120,0.10056,9.51245,1.10615
314.3278,-0.38787,10.14694,1.17080
314.3495,-0.74701,11.08549,0.04310
314.3714,-0.99602,9.45499,1.03433
314.3892,0.23464,9.88117,1.04630
314.4095,0.71110,9.16050,0.73504
314.4317,0.87870,8.91867,0.72307
314.4477,1.31925,9.93863,-0.76856
314.4676,0.92898,9.92427,-0.02394
314.4900,0.18675,9.88596,1.09658
314.5078,-0.03352,10.66649,1.07024
314.5291,-0.33280,9.57949,1.83880
314.5530,0.04789,9.36161,1.53712
314.5718,0.15323,9.16528,0.87630
314.5878,-0.13647,8.79657,1.75500
314.6113,0.62491,9.25387,2.26738
314.6274,0.47407,9.44302,2.92580
314.6479,0.17239,8.98811,0.92180
314.6700,0.26098,9.82610,0.78293
314.6877,-0.06465,9.61780,2.45174
314.7082,0.02155,10.60185,1.93218
314.7300,-0.56505,11.29379,1.46051
314.7478,0.57702,9.82850,0.23224
314.7676,-0.11732,11.15732,0.42618
314.7912,-0.21070,8.93783,-0.13169
314.8096,-0.36154,8.52841,2.52357
314.8289,-0.18675,8.74629,1.87951
314.8580,-0.40463,8.19081,1.78613
314.8675,-0.04070,9.64174,-0.65603
314.8885,-0.16999,8.58348,0.50280
314.9097,-0.31604,9.81413,2.12851
314.9277,-0.67279,9.92906,1.83880
314.9477,-0.50998,10.28341,-0.05746
314.9720,-0.48843,11.06155,0.23224
315.0046,-0.52913,9.85244,0.53153
315.0075,-0.07422,9.59386,2.87552
315.0301,-0.75180,10.05117,2.10936
315.0475,-0.47885,11.11662,1.27375
315.0713,-0.33520,10.48932,0.12211
315.0939,-1.00320,9.70639,2.68877
315.1273,0.29210,9.95300,1.55867
315.1305,-0.59139,10.01765,2.65525
315.1496,-0.75180,11.68646,1.44375
315.1689,-0.33280,10.01765,3.07664
315.1893,-0.77814,11.57871,2.83961
315.2123,-0.32323,8.78938,1.20193
315.2300,-0.16281,9.62259,1.37192
315.2759,-0.58181,8.32968,3.34720
315.2760,-0.22506,7.71914,2.14288
315.2888,0.13647,8.98092,0.63688
315.3077,-1.23545,9.35922,0.14605
315.3298,-0.29928,7.90350,-3.68958
315.3485,1.76219,4.64489,-4.40786
315.3690,2.58582,11.14774,-1.30249
315.3916,1.25221,9.18683,4.88432
315.4105,-0.88109,10.17088,2.43498
315.4274,-1.41262,9.76864,1.52036
315.4504,-2.60258,8.79178,0.45012
315.4674,1.65684,9.66329,3.69197
315.4888,1.01996,11.77983,1.70712
315.5112,0.00958,10.78860,7.31930
315.5469,-3.17720,11.25309,5.93062
315.5491,-2.24822,5.79654,-2.41103
315.5702,2.89468,5.41346,-0.44773
315.5874,3.15326,12.89078,-5.57627
315.6075,-6.50046,13.85567,6.21793
315.6297,-0.87870,13.72877,12.46220
315.6474,-1.41741,15.67532,3.64409
315.6675,-3.07904,12.83810,1.43178
315.6923,1.20432,9.89793,-3.87873
315.7077,0.84997,7.89632,3.48606
315.7277,-1.80049,10.81733,1.79092
315.7500,1.14207,8.81572,-0.02634
315.7690,-0.06465,7.94420,0.74701
315.7900,1.39586,7.85083,1.99204
315.8116,2.00161,10.37200,1.68078
315.8295,-3.10777,11.49970,3.42381
315.8476,-0.79729,10.35524,2.67680
315.8716,-1.94415,8.09265,4.13491
315.8885,-2.01359,9.48133,1.06066
315.9073,1.95852,9.40950,-8.12856
315.9298,2.55230,4.76700,-2.95454
315.9472,-0.61533,8.92825,3.36396
315.9745,0.58660,10.23074,3.84999
315.9896,1.14207,9.30894,1.80289
316.0085,-0.48843,7.21395,2.29132
316.0296,0.22746,7.66886,1.91781
316.0513,0.37111,10.39834,0.89785
316.0673,0.44294,8.66967,2.57385
316.1057,0.50998,9.01684,2.26738
316.1245,0.26816,8.66249,1.99683
316.1335,0.50759,9.86202,1.00081
316.1475,-0.00239,9.56034,1.25939
316.1695,1.02954,7.60182,1.45093
316.1882,0.65843,7.84364,2.24104
316.2091,0.68476,8.56193,1.90345
316.2486,1.01757,8.68164,1.56346
316.2489,0.21788,9.00487,1.56825
316.2713,0.25140,8.57869,2.98566
316.2895,0.56265,9.78540,2.68159
316.3075,0.56505,8.96656,2.88750
316.3272,-0.09338,8.44461,2.07344
316.3508,0.97447,8.24828,2.06865
316.3690,-0.62969,8.45179,0.60575
316.3941,0.46688,9.63696,-0.05746
316.4110,-0.70392,10.57072,-1.98007
316.4271,2.60497,9.73752,-0.31126
316.4471,2.26020,10.36242,1.24742
316.4693,1.02236,11.92588,0.70631
316.4888,-0.55068,12.56515,1.84599
316.5074,-0.96010,10.81973,0.82602
316.5450,1.16362,9.87878,3.12453
316.5520,-2.18118,10.56115,2.14048
316.5709,0.11493,9.50767,7.57309
316.5898,-2.48286,7.47014,-2.37991
316.6076,-0.74701,7.77182,-1.90584
316.6275,3.71591,8.99290,2.22189
316.6510,3.33283,10.43186,-9.14852
316.6809,-4.41744,9.49330,2.76778
316.6878,-1.53473,10.28341,6.10061
316.7099,-2.23625,9.57949,5.29614
316.7275,-2.06626,10.91311,3.64648
316.7470,-1.39586,8.90431,3.96492
316.7694,-1.28573,8.38236,2.83961
316.7871,-2.23625,9.63456,2.31048
316.8089,-0.89546,9.16528,2.37033
316.8292,-0.03591,14.87084,-5.01601
316.8472,-2.29611,5.51880,4.14449
316.8668,2.79172,8.40630,-4.50842
316.8891,1.55388,11.06394,0.33520
316.9062,-1.94655,11.40154,1.11094
316.9269,-1.76937,11.97616,0.92898
316.9504,-0.36393,10.63058,3.68718
316.9655,-0.71589,9.42865,1.26418
316.9884,-0.78772,9.15331,-2.02316
317.0101,0.11732,10.32411,0.11014
317.0302,-0.79490,12.16292,2.93059
317.0498,0.44534,5.05431,-4.56349
317.0723,0.01437,6.62496,4.69278
317.1049,-1.14207,9.05515,0.45731
317.1083,3.23706,9.23232,-0.43336
317.1299,2.07105,9.76625,0.45491
317.1482,-1.43178,7.70956,1.71430
317.1663,0.27534,9.53400,0.75420
317.1922,-0.89546,10.39834,0.31365
317.2279,-0.53632,10.87001,-0.35196
317.2399,-0.18675,11.01366,-0.03113
317.2513,-0.82363,10.83888,-1.39826
317.2690,-0.65124,9.49330,1.93218
317.2891,-0.14366,11.94264,2.75820
317.3134,1.13728,9.67287,-4.02717
317.3278,-0.84278,9.91230,-2.49962
317.3600,-0.58181,11.82053,13.73117
317.3789,-3.03115,4.01520,-2.77496
317.3894,0.28492,14.15974,-2.08541
317.4077,2.71990,7.81012,4.25223
317.4292,1.18277,9.81413,-2.83243
317.4478,1.97049,10.99451,-0.04310
317.4677,-0.43576,8.55474,5.95217
317.4892,-0.91940,10.64973,3.25382
317.5157,-2.49962,10.44383,3.87873
317.5283,-1.67360,11.63139,1.23545
317.5494,-1.08461,10.49411,1.92979
317.5676,-0.66082,10.53960,2.45413
317.5894,-0.48843,10.95141,0.90025
317.6099,0.13169,11.15493,0.37830
317.6281,-0.20830,11.40633,0.02155
317.6579,-0.33280,11.33210,0.08619
317.6733,-0.41900,9.27542,1.37431
317.6895,0.80208,9.45260,-0.03113
317.7098,0.69434,8.66249,1.97528
317.7325,0.25379,8.33447,0.82363
317.7494,0.65364,9.55795,1.19714
317.7696,0.07901,9.57949,1.53234
317.8049,0.09098,8.37517,2.50202
317.8092,0.85236,9.23472,0.98644
317.8344,0.72068,9.18923,0.35675
317.8506,0.45970,8.93064,-0.27055
317.8708,-0.02394,9.37837,0.75420
317.8890,0.61054,9.33767,1.68078
317.9223,-0.17478,9.22993,1.80768
317.9297,0.40942,9.60583,0.75180
317.9505,0.31844,10.28341,0.34717
317.9719,0.41900,10.19003,0.75180
317.9894,-0.84757,9.98652,2.29850
318.0096,-0.54589,9.84765,2.45174
318.0318,0.14126,9.20359,2.10936
318.0491,0.16042,10.03201,0.73504
318.0722,0.17239,10.43186,1.45332
318.0919,0.04789,10.10623,2.20752
318.1096,0.30168,9.71836,2.20034
318.1298,0.56744,9.54119,1.41741
318.1517,0.42139,10.26186,1.17798
318.1702,0.65124,9.85723,1.36713
318.1911,0.44534,8.49728,3.55310
318.2133,-0.02394,9.25627,2.39427
318.2302,0.15323,9.20838,1.44375
318.2504,0.03113,9.78540,0.69195
318.2736,0.09338,9.30655,2.41822
318.2903,-0.13647,9.19641,1.41741
318.3103,0.10535,9.04318,0.37590
318.3326,-0.16042,9.56752,1.24981
318.3578,0.31844,9.12937,1.07742
318.3706,0.54589,9.28979,0.61054
318.3922,-0.00479,10.53960,0.73983
318.4115,-0.25858,9.81892,0.78772
318.4318,0.05746,8.41348,4.01759
318.4525,-0.00718,10.07750,1.41262
318.4703,-0.33041,10.23792,1.40065
318.4916,-0.39745,10.27623,2.65286
318.5125,-0.58420,9.77104,3.30170
318.5302,-0.81884,9.55555,3.40705
318.5500,-1.15643,9.98413,2.11175
318.5726,-0.37830,8.63375,3.26819
318.5901,0.29210,9.21796,1.87472
318.6101,0.41660,8.93064,1.32643
318.6322,0.20830,9.98891,0.88828
318.6506,0.57702,9.95061,2.35118
318.6703,0.82602,9.79977,2.41582
318.6928,0.92419,9.96737,2.59539
318.7105,0.41182,11.09746,2.85398
318.7322,0.16042,10.89395,1.56825
318.7524,-0.13169,10.08469,2.69595
318.7754,-0.32323,10.69523,1.36713
318.7922,0.33041,10.14933,1.16841
318.8123,0.48125,10.19482,1.41502
318.8299,-0.14845,9.74949,1.67839
318.8526,0.46928,9.85005,1.83641
318.8732,1.01517,9.76146,0.62730
318.8912,0.19872,8.83487,2.40864
318.9263,0.37111,10.05595,1.74064
318.9333,0.32802,10.13496,1.50360
318.9505,-0.21548,8.95938,3.06707
318.9716,-0.16520,9.82371,2.64567
318.9943,0.04310,9.05036,1.97528
319.0118,0.39745,9.29218,1.13010
319.0331,0.39266,9.64893,0.53632
319.0650,-0.22746,9.95539,0.47646
319.0738,0.09577,9.78540,0.14845
319.0913,0.20591,9.56513,-0.43815
319.1135,-0.02873,9.43344,0.09338
319.1311,0.29210,10.00807,1.49163
319.1512,0.58181,9.28021,0.74941
319.1738,0.24422,10.58030,-0.57941
319.1939,1.03672,9.92666,0.33520
319.2113,0.12211,10.97296,-0.02155
319.2340,-0.11732,11.36802,1.92021
319.2509,-0.71110,9.98891,4.36955
319.2709,-1.01517,6.78777,-4.50363
319.2936,1.63529,8.76305,5.70316
319.3114,-0.91701,7.43662,8.82051
319.3330,-2.18837,13.64737,-1.64487
319.3536,1.22347,7.67365,10.30496
319.3713,-1.77416,10.40073,2.77975
319.3911,1.55149,8.41348,0.06225
319.4133,4.51321,7.38634,-0.36154
319.4311,0.53871,10.08708,0.14126
319.4510,-1.49642,7.50126,2.53314
319.4814,1.06306,7.67844,2.04471
319.4925,-2.18597,11.28661,1.70233
319.5122,-1.63529,10.07032,3.13411
319.5336,-0.67040,9.48133,2.96172
319.5512,-1.13489,10.47256,2.53554
319.5712,0.20351,11.89236,0.96010
319.5941,0.13887,11.53322,1.69036
319.6107,-2.51399,13.73595,2.20273
319.6302,-1.71670,6.94100,2.53075
319.6525,0.08619,21.61551,-2.74384
319.6704,-4.40068,-0.47885,12.33530
319.6904,-2.27696,9.00008,-22.58998
319.7137,-1.86035,4.44617,-5.80372
319.7311,-1.49642,19.96825,-1.00799
319.7530,-2.49244,2.92580,10.35763
319.7744,1.93457,16.09671,-16.39599
319.7915,-0.58660,7.24508,4.19238
319.8115,1.76458,10.60185,4.80052
319.8337,2.01598,10.57312,7.02720
319.8524,-2.01119,2.57145,1.17798
319.8733,3.43578,13.02007,-3.25861
319.9088,-2.66483,3.92182,9.49091
319.9136,-2.62413,15.60349,-12.18686
319.9329,5.25064,4.54433,-0.39984
319.9556,2.37991,14.44227,-8.50925
319.9722,-1.01996,6.31610,6.16526
319.9918,-3.85478,13.64737,-10.89395
320.0155,2.28893,4.73348,7.58506
320.0436,-3.06228,14.52128,-1.92500
320.0529,-2.59539,9.98652,6.86917
320.0798,-1.99683,10.92029,-0.71349
320.0928,0.05028,11.00169,0.36872
320.1142,-1.62092,7.43422,9.81892
320.1365,-2.98087,14.91394,-4.45335
320.1540,2.37273,8.34165,6.78059
320.1858,-1.07742,13.81018,-5.84203
320.1950,0.14366,8.65770,11.47576
320.2122,-3.47409,9.20838,0.42139
320.2325,4.41983,11.90912,2.46610
320.2549,-0.51237,6.70636,4.58504
320.2738,-0.39745,18.58197,-8.04955
320.2939,-4.47011,0.88109,14.60987
320.3289,0.51716,8.93543,-2.11414
320.3320,3.32804,7.88674,5.50683
320.3539,-3.01918,20.23162,-0.11493
320.3776,-0.97208,9.28021,13.02964
320.3923,-0.84997,6.21075,6.61778
320.4141,2.57145,9.72076,-2.21949
320.4442,-0.42139,3.88351,9.49569
320.4595,-2.97130,17.16216,-6.96973
320.4720,3.98647,6.37117,8.60023
320.4956,-0.32562,11.37041,-3.28255
320.5133,2.78454,10.96099,-1.15165
320.5335,-1.70951,2.96890,10.40073
320.5565,0.16281,13.13020,-7.58027
320.5746,1.98246,6.48848,9.50767
320.6057,-1.60895,10.60185,-0.89306
320.6156,1.45811,11.03761,0.31844
320.6350,0.09817,8.23391,9.09824
320.6533,-3.22748,14.61705,-2.02556
320.6756,3.81169,11.82053,1.01038
320.6963,-3.34241,4.53236,11.15971
320.7145,-2.61455,13.97778,-6.42863
320.7545,3.84760,7.65210,3.61536
320.7548,-0.87391,9.84526,-1.48206
320.7735,-2.06147,9.25866,3.01679
320.7976,0.04070,8.31771,2.51638
320.8136,0.43815,8.64573,4.53715
320.8354,2.29850,10.17088,-0.67279
320.8745,2.14527,9.47415,0.23464
320.8747,-0.64645,8.05913,4.04393
320.8936,1.69754,11.18605,-0.36393
320.9181,-0.62251,10.17327,-0.32802
320.9344,-0.46449,11.89955,-0.29928
320.9533,3.51958,10.22116,7.16846
320.9758,2.20992,8.47094,1.90345
320.9946,-3.53634,10.44383,1.14446
321.0214,-2.04950,11.08789,2.44934
321.0374,-1.15883,8.01364,3.36396
321.0529,2.61934,7.69520,-1.01517
321.0743,0.90504,8.19560,2.98087
321.0966,0.87870,11.73913,-1.49882
321.1143,1.68318,10.28820,2.45653
321.1531,1.31685,8.30095,0.78532
321.1702,0.38069,8.55235,2.01359
321.1742,0.68716,10.45101,-0.69195
321.1941,-0.28252,9.32809,3.99604
321.2164,-0.09817,10.64734,-0.03591
321.2338,0.34717,8.49968,1.50360
321.2540,0.31604,9.89793,-0.37111
321.2781,0.33759,8.84206,2.33921
321.2961,0.83800,9.55076,0.24182
321.3154,0.18436,9.30176,1.12052
321.3363,1.13010,9.44541,-0.02155
321.3540,1.16841,8.72474,2.28174
321.3745,0.72786,10.01286,0.76617
321.3986,-0.90504,8.60263,4.11336
321.4294,0.79969,10.55157,1.20671
321.4445,1.52036,9.10543,3.42142
321.4561,-1.04869,10.21637,2.77975
321.4738,-1.88190,11.16690,1.78852
321.4936,-0.56744,11.30098,0.84757
321.5166,-1.18277,8.76783,3.32804
321.5364,-0.62251,10.71199,-0.02634
321.5576,-0.10535,8.11899,3.59381
321.5891,-0.58420,9.88596,-0.27295
321.5953,0.29928,8.77741,2.09260
321.6157,0.38548,8.82051,2.25780
321.6376,-0.85476,9.40232,3.04312
321.6539,0.33999,10.81015,3.21072
321.6758,-0.30886,11.75350,1.26657
321.7075,0.40463,8.82290,2.32484
321.7252,-1.40065,10.85325,2.30569
321.7355,-1.93936,9.65611,2.36554
321.7563,1.06066,8.00406,-3.59141
321.7743,2.88510,8.25307,3.10537
321.7975,0.38787,9.24190,3.33762
321.8181,-2.83961,12.68008,2.11175
321.8353,-0.79490,11.07831,3.91225
321.8581,-0.96010,9.83329,2.86355
321.8776,-0.42139,9.38316,3.25621
321.8941,0.97208,9.08627,1.67120
321.9140,0.57463,10.38397,1.90105
321.9366,0.32562,9.51245,0.73025
321.9546,0.02873,9.50527,0.96010
321.9748,0.68955,9.47893,1.94176
322.0009,0.73983,8.87318,1.31925
322.0187,0.07662,8.63615,2.92580
322.0375,0.23464,9.76146,2.67201
322.0562,-0.12211,9.42865,1.80528
322.0740,0.16520,9.75667,1.16601
322.0939,-0.36872,9.36161,1.78613
322.1159,-0.72547,10.02004,2.49483
322.1335,0.50759,9.83568,1.93218
322.1536,0.18436,10.42707,0.98644
322.1760,0.89546,9.79977,1.75500
322.1936,-0.38308,10.06553,1.04630
322.2141,-0.15563,9.51485,1.43896
322.2364,-0.43815,9.10064,2.46610
322.2703,-0.05267,8.66249,2.06147
322.2875,-0.28971,9.56513,0.64167
322.2975,0.14126,9.72076,0.64406
322.3134,-0.12450,10.77663,1.33361
322.3336,0.05267,9.52921,1.34558
322.3562,0.11014,9.74470,0.52674
322.3750,-0.07662,10.23792,0.57702
322.3947,0.84278,9.78780,0.82842
322.4254,0.79250,8.70798,0.81884
322.4335,0.65843,10.03919,-0.24661
322.4539,-0.13408,9.57231,1.40783
322.4761,-0.37590,10.73353,-0.26098
322.4954,-0.52913,9.51245,2.60737
322.5168,0.36393,10.66171,0.45491
322.5543,0.36154,9.60583,1.24023
322.5692,-0.71828,8.73431,2.24583
322.5742,0.31844,9.33049,2.35597
322.5959,0.40463,9.78540,1.72388
322.6161,-0.03352,9.18923,1.91303
322.6352,0.50998,9.43823,0.00718
322.6584,0.75420,10.20919,0.62969
322.6765,-0.43815,9.05754,2.44695
322.7064,-0.72307,9.51964,1.78852
322.7159,0.33280,9.64893,1.12531
322.7335,0.78532,9.77822,0.07662
322.7534,0.45012,9.50767,1.08461
322.7761,0.02394,9.68484,1.30009
322.7952,0.48604,9.39753,1.00320
322.8183,0.15563,9.86681,0.53632
322.8500,0.24661,9.31373,-0.15084
322.8555,0.32323,9.93385,-0.42139
322.8737,0.21548,9.79498,-0.93616
322.8963,0.13408,9.78301,0.28492
322.9138,-0.97208,10.44622,0.54111
322.9339,-0.51237,10.75508,1.71909
322.9590,-0.55547,10.54918,1.34558
322.9772,-0.28013,10.80297,0.54350
322.9942,0.13169,10.77903,0.40942
323.0159,-0.49083,9.95779,1.86275
323.0356,0.44773,10.68325,-0.40703
323.0556,0.35196,9.63456,-0.33999
323.0783,-0.31844,9.50048,1.77655
323.1195,0.62491,9.35443,0.05028
323.1195,-0.19154,8.31771,1.41741
323.1379,0.46210,9.41429,0.67758
323.1584,0.91701,9.96976,0.20830
323.1744,0.14845,8.83487,-0.50040
323.1971,0.61054,8.35602,-0.46210
323.2146,0.24661,8.70558,-0.35675
323.2363,-0.21070,8.92107,0.08380
323.2735,-0.30168,8.85163,-1.03912
323.2784,-0.67519,8.65051,-0.34238
323.2947,-0.77575,9.04796,0.18436
323.3175,-1.22108,9.66569,-0.48364
323.3347,-2.12851,10.42707,-0.46449
323.3554,-1.36234,9.75906,-0.47407
323.3793,-0.59857,7.92026,-0.05028
323.3978,-0.61772,9.11022,0.18915
323.4145,-0.07662,8.18124,1.76937
323.4371,-0.55547,9.80934,0.71349
323.4547,-1.93218,10.71677,0.51477
323.4760,-2.00640,10.53960,0.99841
323.4987,-1.87951,11.23633,1.68318
323.5161,-0.65843,10.74551,-0.18196
323.5451,0.20830,10.19482,0.15563
323.5565,0.02873,9.98173,0.90504
323.5744,0.00718,10.24510,0.34956
323.5941,0.09817,10.26186,-0.14366
323.6175,-0.00239,10.90592,0.03113
323.6348,-0.30886,10.52763,0.13887
323.6573,-0.62012,10.78860,0.03591
323.6930,-0.90504,10.42946,-0.07662
323.6968,-0.49083,10.48453,0.05028
323.7155,-0.62730,10.29778,-0.70871
323.7389,-0.40463,9.37598,-0.81166
323.7561,0.05028,9.56992,-1.06306
323.7761,0.16520,9.14852,-0.70152
323.7983,-0.09577,9.38316,-0.30168
323.8185,-0.74223,9.29936,0.63209
323.8363,-0.90743,10.21637,-0.41182
323.8566,-1.32403,10.23792,0.32562
323.8757,-1.20432,9.77104,-0.10056
323.8956,-1.01278,9.07430,-0.09817
323.9181,-0.58181,9.48133,-0.21548
323.9355,-0.81405,9.99610,-0.36632
323.9650,-1.50360,10.41270,-0.60336
323.9769,-2.07344,10.24031,0.89306
323.9944,-1.17559,10.23074,-0.62730
324.0144,-1.55388,9.64653,-0.84518
324.0369,-1.83162,9.65611,1.10855
324.0547,-1.65444,9.80216,-0.11253
324.0791,-1.63768,9.66808,-0.31365
324.1101,-1.88429,9.51006,0.53392
324.1160,-1.99204,9.34007,0.05267
324.1362,-2.27217,9.59146,1.41741
324.1571,-2.57863,10.47495,1.78613
324.1763,-2.58821,11.15014,-0.66561
324.1966,-1.98246,8.69361,0.72786
324.2460,-1.38868,9.11022,-0.19154
324.2461,-1.60416,9.32331,0.62730
324.2619,-2.30090,10.25707,-0.60575
324.2776,-2.95214,11.25070,-1.33840
324.2951,-2.32005,11.20521,-0.39027
324.3165,-2.68638,8.77741,-0.38548
324.3389,-2.13569,10.59945,-1.49882
324.3572,-2.29850,10.85804,-0.98405
324.3894,-3.03355,9.61541,-0.86673
324.3993,-2.48286,9.49809,-0.44055
324.4164,-2.39906,9.42147,-0.30886
324.4352,-2.28414,10.12778,-0.88349
324.4578,-2.81567,10.01765,-1.77655
324.4754,-3.07904,10.56833,-0.53153
324.4971,-2.79412,9.28739,-1.34558
324.5185,-1.50360,8.57869,0.14605
324.5352,-0.62491,8.96177,-2.34878
324.5574,0.76856,8.02082,0.52674
324.5780,0.85236,11.36083,0.48364
324.5991,-2.92102,10.84128,0.46928
324.6192,-2.41582,11.81575,0.65843
324.6411,-1.57304,10.82691,-1.18038
324.6591,-1.52276,9.81892,0.20830
324.6778,-3.39508,10.34087,-1.30249
324.6985,-2.63131,9.98413,0.65124
324.7163,-2.81327,9.09346,0.87630
324.7363,-4.26899,9.64174,0.51237
324.7586,-3.47409,9.25627,0.01915
324.7763,-3.48606,9.60583,-0.03591
324.8039,-4.27139,10.02004,-0.85236
324.8185,-3.11256,9.13895,-1.16841
324.8362,-3.40466,9.90033,-0.78772
324.8560,-3.90746,9.64893,0.12211
324.8799,-3.69437,10.14215,0.58899
324.9011,-3.87394,9.73273,-0.11014
324.9212,-3.52677,10.11821,-0.37830
324.9402,-3.43818,9.63217,-0.60815
324.9564,-2.91383,9.64653,0.33041
324.9758,-3.47649,10.33608,0.95292
324.9998,-3.67042,10.47974,-0.91701
325.0186,-3.03833,9.98413,-0.64645
325.0378,-2.69116,9.56992,-0.71589
325.0630,-3.73986,10.38636,0.35196
325.0799,-2.87552,10.05595,0.74462
325.0969,-3.48846,9.54358,0.59139
325.1184,-0.72786,8.97374,-0.55547
325.1384,0.04549,8.14293,-0.33520
325.1573,-0.38069,8.06152,0.37351
325.1796,-0.63927,8.32489,0.39984
325.1974,-0.18196,8.75586,0.13169
325.2177,-1.12052,9.98413,-0.33280
325.2391,-1.54670,10.63537,-0.70152
325.2561,-1.77176,10.07511,0.03352
325.2782,-2.15245,9.76385,-0.04070
325.3019,-2.05908,9.02402,0.42858
325.3195,-1.58022,8.42066,0.12450
325.3637,-1.65923,11.02324,2.86116
325.3638,-2.35836,11.90433,-1.09897
325.3890,-7.24986,12.30897,-4.37673
325.3973,1.67120,6.49567,-0.53871
325.4205,-4.55152,9.90272,-5.02319
325.4372,-4.07027,11.26985,-1.07982
325.4582,-2.60976,9.71597,2.12372
325.4794,-3.09101,11.14056,-0.06943
325.5099,-2.87313,9.70878,-1.96091
325.5171,-1.60416,9.12458,-1.32164
325.5410,-1.66402,10.00807,1.30009
325.5605,-2.45174,10.41510,-0.12690
325.5771,-3.72549,10.94902,-0.37351
325.6011,-2.31526,10.44862,-0.70152
325.6296,-2.05189,9.37359,0.86433
325.6557,-2.36794,9.61301,0.26098
325.6619,-0.09338,8.68403,0.66800
325.6805,-0.57702,8.47813,-0.81405
325.6975,-0.96250,8.40869,-0.87870
325.7217,-0.45970,8.72713,-1.83641
325.7406,-2.67440,9.69921,-1.62811
325.7778,-2.13569,8.70558,0.29928
325.7923,-1.24742,9.73273,-1.14925
325.7976,-1.54191,8.78220,-0.46688
325.8172,-1.69994,8.98332,-2.13569
325.8406,-0.52435,8.39672,0.21070
325.8574,-0.35675,8.24349,-0.87630
325.8774,-1.81486,10.67368,1.29051
325.9011,-2.05668,11.35844,-1.22347
325.9320,-2.28893,10.86522,0.16042
325.9364,-1.77176,10.81733,-0.52674
325.9605,-1.59219,9.93863,-0.35914
325.9770,-2.23865,10.98254,-1.14925
325.9969,-1.66642,10.72875,-1.55388
326.0210,-1.29291,9.98891,0.26098
326.0388,-2.39667,9.89075,0.97686
326.0706,-1.66642,10.38636,1.05109
326.0792,-2.40625,10.54439,-1.27615
326.0968,-1.88190,10.55396,-1.13010
326.1183,-2.22428,10.35763,-3.01200
326.1398,-0.89785,9.89075,-1.77176
326.1570,0.33520,9.20359,-1.06785
326.1779,-0.00239,9.43344,0.16042
326.2094,-0.35675,9.26824,-0.46449
326.2181,-0.48364,9.01444,-0.91222
326.2371,-0.41660,9.18204,-1.45811
326.2592,-0.18196,9.28979,-0.02155
326.2781,-0.03352,9.71118,0.10774
326.2979,-0.26337,9.53161,-0.43815
326.3219,0.01437,9.07191,-1.33601
326.3530,-0.46449,9.07430,-1.00320
326.3584,-0.33759,8.86839,-0.17239
326.3800,-0.34956,9.50048,0.40703
326.3969,-0.11971,9.88117,0.16520
326.4168,-0.45012,9.92906,-0.96250
326.4392,-0.18196,9.27063,-0.45731
326.4581,-0.54829,9.53879,0.02873
326.4858,-0.19154,9.79737,1.20432
326.4994,0.04789,10.71677,-1.70712
326.5169,-1.25939,9.33049,1.87711
326.5366,0.55787,9.06712,-0.79969
326.5606,0.00000,9.88836,1.20671
326.5792,-1.74303,11.49970,-1.69994
326.5979,-1.55867,10.82212,-1.09897
326.6346,0.45252,10.77663,-2.75820
326.6380,1.16841,8.63375,-0.94095
326.6580,0.37590,11.50449,-1.97528
326.6830,0.60815,10.64495,-0.94095
326.7003,-0.52913,10.19003,-0.83321
326.7204,-1.11334,10.04877,-1.82204
326.7560,-0.12211,9.67048,0.54111
326.7731,0.28013,9.93145,0.67758
326.7768,-0.29450,9.92666,-0.25140
326.8002,0.59617,9.36640,-1.02714
326.8168,0.26576,9.50288,-0.88109
326.8368,0.07422,9.34246,-0.35196
326.8592,0.03113,9.56752,-0.84039
326.8792,0.22267,9.21317,-1.43417
326.9145,0.29689,9.31373,-0.68237
326.9193,0.32562,10.10384,-0.28492
326.9374,0.20112,9.39035,0.19394
326.9561,-0.05507,9.86681,-1.89627
326.9795,-0.53392,10.01525,-0.82124
326.9968,-0.24422,10.15172,-0.19633
327.0164,0.28013,10.37439,1.04390
327.0423,-0.19872,9.73033,-1.23066
327.0561,-0.41421,10.23313,-1.09897
327.0766,-0.30407,10.95620,-0.64167
327.0990,0.02155,10.67368,-0.67758
327.1181,-0.50759,10.59227,-1.25699
327.1379,-0.06465,9.44063,-2.25301
327.1606,0.01197,9.50527,0.33520
327.1919,-0.05746,10.18285,0.10295
327.1983,-0.21788,9.58428,-0.81884
327.2191,0.29450,9.53640,-1.23545
327.2368,0.15084,9.53161,0.20351
327.2569,0.04310,10.45340,-0.44534
327.2788,0.05507,9.38077,-2.03034
327.2964,0.18196,9.74949,-1.41023
327.3230,0.58420,9.36640,0.00000
327.3387,0.15802,10.47735,-0.78772
327.3564,0.30168,9.91709,-1.44375
327.3782,0.20591,9.59146,-1.24981
327.3989,0.10295,10.26426,-0.09577
327.4165,0.07662,10.27383,-0.87870
327.4382,0.37830,9.73512,-1.58740
327.4684,0.73504,9.60104,0.10295
327.4777,-0.02155,10.21637,-0.44534
327.4974,0.05746,9.75428,-1.33122
327.5191,0.05028,9.36161,-1.39107
327.5367,0.69195,9.36401,-0.48604
327.5587,0.21788,9.84526,-0.22267
327.6120,-0.07422,9.37598,-1.41262
327.6121,0.28731,9.64174,-1.07503
327.6279,0.22746,9.54119,-0.01676
327.6386,0.14605,10.38397,-1.30727
327.6583,-0.13887,9.59146,-1.28333
327.6787,-0.11732,10.01286,-0.04070
327.7012,-0.07901,10.22595,-0.86433
327.7274,0.01197,9.79498,-1.85556
327.7369,0.25619,9.77343,-1.28333
327.7612,0.15563,10.10623,-0.82602
327.7777,-0.33041,9.91948,-2.17400
327.8013,-0.06225,9.67526,-0.90504
327.8205,0.07901,9.70160,-0.24900
327.8378,0.55308,9.61780,-0.80687
327.8582,0.20591,9.58428,-1.23784
327.8943,0.20830,9.80455,0.23943
327.8966,0.06465,10.26904,-0.84757
327.9164,0.05986,10.02243,-1.47727
327.9383,0.20112,9.85244,-0.48125
327.9579,0.16042,10.33130,-0.87870
327.9802,-0.24182,10.39115,-1.48445
328.0195,0.18436,9.70878,-0.24661
328.0196,0.07662,9.70878,-0.08380
328.0371,-0.11253,9.96497,-1.00560
328.0610,0.44055,9.87399,-0.73025
328.0795,0.46688,9.92666,-1.51558
328.1000,-0.23224,9.82850,-0.90264
328.1227,0.21548,10.11821,-0.89546
328.1553,0.37111,9.59865,-0.27295
328.1707,-0.15323,9.99131,-1.14686
328.1792,-0.19154,10.36003,-0.31844
328.1960,0.23703,9.75667,0.19394
328.2176,0.46449,10.17806,-1.24742
328.2385,0.53392,10.02483,-0.09817
328.2577,0.28971,9.65850,0.36393
328.2982,0.07901,9.76864,-0.91222
328.3136,0.49083,9.76146,-0.20112
328.3163,0.63209,9.70878,-0.94095
328.3364,0.34478,10.01286,-1.60895
328.3584,0.45012,9.78061,-0.53153
328.3778,0.23464,9.45978,0.00239
328.3979,0.56265,9.78780,-1.53473
328.4205,0.66800,9.69202,0.15323
328.4519,0.30886,9.82131,-0.34478
328.4565,0.18915,9.85005,-1.37671
328.4784,0.74941,9.84047,0.02873
328.4962,0.26337,10.43664,-1.63529
328.5211,0.10056,9.91948,-1.43656
328.5413,0.40942,9.78540,-0.85476
328.5766,-0.03113,9.93863,-1.13967
328.5909,0.00000,10.17327,-0.93137
328.6001,0.20830,9.80455,0.02873
328.6164,0.08141,9.46936,-1.20432
328.6369,-0.12211,9.45978,-0.01437
328.6594,0.17957,9.50527,-0.79250
328.6769,0.40463,9.73512,-1.35995
328.6986,0.28731,9.51006,0.04789
328.7257,0.00000,9.57710,-0.72307
328.7394,0.50998,9.64653,-1.12770
328.7558,0.44294,10.06793,-0.01197
328.7784,0.28971,10.08708,-1.66402
328.7955,-0.22027,10.18285,-0.67758
328.8157,-0.07422,10.01525,0.04310
328.8387,0.12929,10.01765,-0.62012
328.8627,-0.25858,9.98891,0.53632
328.8768,-0.41900,9.84765,0.22027
328.8982,-0.38308,9.52682,0.64167
328.9161,0.42139,9.15331,-0.30886
328.9364,0.00479,9.82131,-1.13010
328.9602,0.07183,9.95061,-0.19154
328.9786,0.30168,9.93863,-0.36872
329.0151,0.31126,9.13655,-0.94813
329.0182,0.32323,9.32570,0.82602
329.0366,-0.06225,9.86681,-0.36872
329.0562,-0.23224,9.78780,-0.05267
329.0796,0.06465,9.92427,-0.15323
329.0976,0.35914,9.43584,-0.69673
329.1176,0.21309,10.14215,-0.09817
329.1539,0.07183,9.45739,-1.23545
329.1571,-0.23464,9.55795,-0.27774
329.1773,-0.35196,9.90990,0.01676
329.1985,0.11971,10.02962,-0.96489
329.2165,0.11014,9.43344,-0.89546
329.2366,0.52195,9.43344,-1.39586
329.2610,0.75420,9.90512,-1.43417
329.2801,0.13169,10.37918,-0.93616
329.2971,0.09577,10.08229,-1.70472
329.3189,0.75659,9.93145,-0.68476
329.3363,0.18915,9.78780,-0.16760
329.3569,0.11971,9.54597,-0.48364
329.3780,-0.17239,10.12299,-0.18915
329.3958,-0.29928,9.41429,-0.56984
329.4159,-0.07662,9.73512,-0.59857
329.4382,-0.42618,9.54358,-0.06704
329.4558,-0.67758,9.72076,-0.49083
329.4758,-0.14845,10.17806,0.06704
329.4987,0.49322,9.52921,-0.71349
329.5164,0.29210,10.24750,-1.20671
329.5364,0.68955,9.22514,-1.58740
329.5685,0.58660,9.76146,-0.33999
329.5760,0.25140,10.34566,0.36632
329.5972,-0.41182,10.00089,-1.34319
329.6184,-0.25619,10.29059,-1.12531
329.6361,1.26657,9.14134,-1.36953
329.6562,0.79011,8.94501,-0.72068
329.6787,-0.13647,9.83329,-1.94176
329.7117,0.16520,8.99050,-0.27774
329.7162,-0.08859,10.38397,0.54829
329.7426,-0.36393,9.70400,-0.51477
329.7575,-0.39506,10.37679,-0.33280
329.7770,-0.85236,9.86681,-0.85236
329.7984,0.20830,9.76385,0.75180
329.8162,0.13647,10.19482,-0.52195
329.8446,-0.06704,9.03599,-0.62251
329.8582,0.44534,9.40950,-0.35914
329.8757,0.39745,9.53161,-0.79969
329.8957,0.71589,10.20201,-1.22826
329.9186,-0.67519,9.34964,-1.66402
329.9362,0.13169,9.85005,-2.22428
329.9572,1.14207,9.77104,-0.38548
329.9897,0.48125,9.74470,-0.92898
329.9980,0.83800,9.78780,-0.83321
330.0156,1.49163,9.21317,-1.01996
330.0379,1.50360,10.42467,-2.13090
330.0559,0.08859,9.75906,0.20830
330.0760,0.17478,10.32890,0.15563
330.0993,0.82602,9.17007,-0.05746
330.1174,0.37351,9.33288,-0.86433
330.1370,0.02873,10.07990,-2.40385
330.1593,0.63688,10.29059,-1.31925
330.1765,1.08461,10.25229,-0.73025
330.1993,-0.03352,9.40950,-1.30249
330.2210,0.02873,10.37918,-1.05588
330.2512,-0.04789,9.32570,-0.12211
330.2688,0.47167,10.44383,0.01197
330.2795,-0.35435,9.71357,-1.04151
330.2986,-0.16281,10.09187,-0.19633
330.3186,0.41421,9.86681,-0.19872
330.3393,0.87630,10.17806,-1.04869
330.3570,0.74223,10.05595,-1.21150
330.3943,0.70152,9.43344,-0.76377
330.4060,1.10376,10.23553,-1.61853
330.4172,0.70152,8.49249,-0.09577
330.4373,0.23943,9.62977,-0.06943
330.4617,1.08940,9.18683,-0.96010
330.4778,0.82602,10.82691,-0.70392
330.4993,0.01915,9.53879,-2.22668
330.5379,-0.02155,10.90113,-0.83081
330.5526,0.08859,9.28979,-0.45970
330.5577,-0.16281,10.05835,-0.20830
330.5798,-0.69913,8.63136,-0.80448
330.5975,0.27055,9.73991,-1.22587
330.6175,0.04789,9.48851,-1.57543
330.6400,-0.38308,9.86920,-0.04070
330.6595,0.12211,9.44781,-1.89387
330.6773,0.99362,9.82131,-1.18517
330.6999,0.33999,9.34007,-1.52036
330.7174,0.61533,9.62020,-1.72867
330.7379,0.50040,9.60583,-0.88109
330.7604,0.59617,10.39594,-0.15084
330.7775,-0.24422,9.80216,0.05746
330.8018,-0.20351,9.78301,0.46928
330.8203,0.23943,10.08708,0.97447
330.8377,-0.12929,9.61062,0.02873
330.8586,-0.22267,9.75906,-0.12450
330.8822,1.38868,9.04557,-0.70631
330.9000,0.98165,9.14374,1.18038
330.9188,0.09817,8.95219,-1.17798
330.9722,-0.54589,10.26186,0.57463
330.9723,0.14366,9.61062,-1.13249
330.9875,-0.03831,10.14694,-0.48843
331.0004,-0.42139,10.09187,-0.33999
331.0176,0.44055,10.58030,0.78772
331.0374,0.16520,8.58108,0.14845
331.0601,0.44294,10.55396,-0.56744
331.0790,1.28094,9.70878,-0.56026
331.1001,0.48604,11.00888,-0.96968
331.1199,-0.01197,10.17567,-0.73983
331.1375,-0.71349,9.17726,0.59378
331.1575,0.67040,9.11500,-0.40463
331.1811,0.92419,9.60583,-1.33122
331.1987,0.47407,9.06472,-2.05429
331.2202,0.97447,10.31932,-1.64487
331.2596,0.61533,10.32411,-1.00799
331.2598,-0.10774,10.49650,-1.53952
331.2777,0.55068,9.90033,-0.48364
331.3001,0.31126,10.70001,-2.65286
331.3178,0.79969,10.17327,-1.76697
331.3378,0.28013,10.10623,-1.74543
331.3602,1.29770,10.70959,-2.01837
331.3922,0.67997,9.80455,-2.32484
331.3974,-0.02634,10.17806,-0.76377
331.4197,0.04070,8.95459,0.14126
331.4376,0.51237,9.18683,-0.96729
331.4592,-0.64167,9.24430,-2.09499
331.4818,0.03352,9.66808,-0.37830
331.4993,0.38787,10.77903,-2.13809
331.5188,0.54111,10.03201,-1.87472
331.5415,0.82363,9.60822,-1.92021
331.5575,-0.10295,10.35284,-0.90504
331.5776,1.08221,10.87719,-1.87232
331.6001,0.09817,9.58428,-1.58262
331.6178,1.42938,11.13817,-1.68078
331.6392,0.63209,9.95300,0.00479
331.6621,0.49801,9.18683,-0.69673
331.6775,0.04789,8.59545,1.20432
331.6974,1.07503,9.40950,0.20830
331.7205,0.46928,9.38077,0.44534
331.7378,0.94095,9.91469,-1.08221
331.7579,1.30249,10.38636,-1.82444
331.7816,0.73744,8.69840,-2.88989
331.7990,2.41343,8.55714,-2.13569
331.8184,1.93697,9.52203,-2.33442
331.8399,-0.04549,11.60984,-1.39586
331.8591,-0.26098,11.85405,-0.23703
331.8774,1.20193,7.66647,0.50998
331.8997,1.36953,7.74787,-1.31925
331.9189,-0.17239,8.39912,-1.51797
331.9518,1.93697,7.56112,-0.37590
331.9602,1.60416,7.08466,0.47407
331.9773,0.88109,9.38077,-0.03352
331.9992,1.20432,10.40312,-1.00081
332.0215,0.52913,10.65213,-1.31925
332.0410,-0.15802,10.46777,0.00958
332.0924,1.27136,9.18444,0.51956
332.0926,1.28573,10.78142,0.61293
332.1071,0.05028,11.97377,-0.06465
332.1180,0.77335,11.53083,-1.45093
332.1398,1.69036,11.41590,-1.88908
332.1575,-0.05267,10.17088,-0.51477
332.1788,0.01676,11.02085,0.01197
332.1996,0.76856,9.98173,0.93856
332.2184,0.73504,8.94740,0.38787
332.2366,-0.00239,10.95860,0.16520
332.2593,0.65603,12.10545,-5.13093
332.2791,0.98884,9.84286,-0.77575
332.2966,0.78293,9.87160,-2.20034
332.3213,1.26657,8.55953,0.19872
332.3423,-0.24900,10.56833,-0.10295
332.3564,-0.54589,10.80297,-1.52994
332.3782,0.36632,9.33288,-1.41262
332.3958,0.51956,10.08947,-1.84599
332.4163,0.41182,9.77582,-1.35755
332.4390,0.48604,10.20919,-1.23066
332.4564,0.27774,10.55636,-2.50441
332.4761,-0.39984,9.19402,-1.29770
332.4990,0.19154,10.36960,-1.54191
332.5162,-0.36872,9.39274,-1.16601
332.5369,0.85476,9.34485,-2.25541
332.5591,1.19474,10.34087,-0.60096
332.5771,0.49801,8.70558,-1.72867
332.5974,0.94574,10.16130,-0.40224
332.6194,1.48684,9.50527,-0.80448
332.6365,-0.28731,9.49091,-0.23703
332.6573,-0.60096,9.72315,-1.22826
332.6785,0.55547,10.22116,0.75180
332.6961,0.37351,8.98571,0.14126
332.7171,-0.36154,10.85564,0.30168
332.7429,0.02634,10.44862,0.32802
332.7587,0.33041,8.46616,0.57463
332.7905,0.35914,9.82850,1.93697
332.8000,0.19633,10.39115,0.59378
332.8172,0.49083,10.28341,1.40783
332.8392,0.81405,10.23553,-0.37830
332.8612,0.29450,10.64255,-2.51878
332.8768,0.86194,9.98891,-1.43417
332.8973,1.98246,8.96177,-0.41421
332.9195,1.89387,8.92346,-2.42061
332.9369,1.76219,9.83329,-1.73824
332.9566,0.99602,8.81333,-0.61054
332.9790,0.21070,9.88357,-1.02954
332.9969,0.00000,9.92427,0.99841
333.0169,-0.41182,9.64414,-0.06225
333.0392,-0.38308,10.25707,0.14605
333.0609,0.11014,9.85723,-0.46688
333.0770,-0.50519,10.03919,-1.08940
333.0995,-0.31844,9.74470,1.23784
333.1173,-0.13408,9.25148,-0.14126
333.1387,1.41741,9.94103,-1.43178
333.1623,1.91063,9.55795,-0.70152
333.1788,0.76138,11.16211,-1.86993
333.2062,-0.00958,10.89395,-0.42858
333.2195,-0.09817,10.16130,-1.35037
333.2371,0.25379,10.27383,-1.18995
333.2567,-0.43576,11.27464,-2.02077
333.2792,-0.03591,10.42467,-0.08380
333.2970,-0.59378,10.28820,0.78772
333.3259,-0.34478,9.39274,-0.21788
333.3409,-0.01437,9.80216,0.37111
333.3571,-0.38548,8.68882,-0.28731
333.3786,0.67279,9.44781,0.10295
333.3994,0.76617,9.54358,-1.11813
333.4171,1.20432,8.50686,0.22985
333.4370,0.89306,9.28021,0.31604
333.4597,0.52195,9.04318,-1.55628
333.4804,0.10056,9.91948,-1.72867
333.4980,0.59378,9.34007,-0.72068
333.5190,0.30647,9.17247,0.32323
333.5370,0.56265,10.12539,-0.36154
333.5569,-0.18915,10.01286,-1.29770
333.5802,-0.74223,9.42865,-0.57463
333.5985,-0.09577,10.25707,-1.33122
333.6299,0.11493,10.78381,-0.34956
333.6395,0.28252,10.71199,-1.40305
333.6586,2.07823,9.34964,-1.95133
333.6770,2.15964,8.72713,-1.55388
333.7014,2.06865,9.61780,-0.67279
333.7170,0.96729,10.89395,1.18038
333.7457,0.58899,10.07750,0.52435
333.7678,1.20911,8.57869,2.09260
333.7774,2.09738,7.75984,1.58022
333.7969,4.54912,8.28658,2.95693
333.8195,-4.54673,9.71597,-3.05509
333.8372,1.80289,7.64731,0.92658
333.8591,1.49403,8.71277,-2.21470
333.8806,0.87391,7.69520,-0.57702
333.9171,3.67042,5.95456,-1.32643
333.9173,-0.96968,15.55081,1.71909
333.9408,-2.82046,10.77663,1.64966
333.9570,-1.51558,12.54839,0.09098
333.9772,-0.97447,13.41273,-0.77575
333.9995,0.66800,13.77905,-0.87391
334.0174,-2.97369,11.59787,0.65843
334.0384,-0.96968,13.73117,-3.05509
334.0600,1.34319,7.51084,-1.80528
334.0774,6.70397,10.82930,-8.84685
334.0973,1.85556,7.98012,-0.39266
334.1197,5.36557,10.04877,-7.53718
334.1375,-3.24185,8.67206,-1.88429
334.1579,4.30969,6.18441,10.80057
334.1857,5.90189,16.83654,3.17002
334.1984,-2.61934,3.40705,9.72076
334.2192,-0.19633,14.00651,2.97369
334.2413,2.13569,6.90748,-3.49325
334.2591,2.92102,9.03360,-4.72869
334.2810,5.02079,7.56830,1.49882
334.3296,0.69913,12.11742,-3.53395
334.3297,0.74223,8.60502,-2.28174
334.3452,0.92658,10.60424,-1.60177
334.3589,1.13010,8.91149,0.13647
334.3769,2.00880,9.36161,-2.19316
334.3968,2.98327,7.76942,3.48846
334.4192,5.41824,9.83089,2.83243
334.4482,-2.73666,11.06873,3.43818
334.4668,-1.60416,5.06389,1.91303
334.4790,-0.18675,9.40711,1.35995
334.4968,3.37593,5.06150,2.09020
334.5172,3.29692,11.71758,-9.85244
334.5392,1.95373,8.93543,-1.18756
334.5583,2.29372,10.83409,-1.87951
334.5798,0.33520,8.50207,1.35516
334.6126,1.97767,9.06951,1.29770
334.6179,1.14686,8.02800,2.24344
334.6369,-0.43576,11.03282,0.86912
334.6590,0.11971,10.38636,2.17640
334.6779,-0.83800,10.32172,1.45572
334.6981,-0.46210,9.64414,0.31844
334.7209,0.15084,10.20679,0.60815
334.7393,0.42139,10.33130,0.17239
334.7574,0.65124,10.25947,0.05507
334.7792,0.20830,9.67287,0.56984
334.7969,0.33041,10.71438,0.05986
334.8166,-0.15563,10.73593,0.00239
334.8396,0.77096,10.40073,1.34558
334.8581,-0.67519,10.13736,2.12612
334.8799,-0.56984,8.65291,0.88588
334.8999,-0.01437,9.61541,1.06545
334.9179,0.18436,10.60664,-0.51956
334.9366,1.10376,8.76783,-3.53874
334.9595,1.24263,9.75667,-2.25301
334.9770,1.34798,10.45101,-3.79493
334.9980,1.14686,9.71357,-3.44776
335.0319,1.17080,10.04159,-2.06865
335.0377,0.18675,10.03919,0.08859
335.0575,-0.70392,8.80854,-1.05348
335.0801,0.54111,9.11261,1.17559
335.0979,-0.36393,8.91389,-0.35914
335.1179,-0.06225,10.00089,-2.82764
335.1402,-0.14366,9.10303,0.42379
335.1717,0.65124,10.93944,-2.61455
335.1766,0.60575,9.42626,-2.06386
335.1989,0.92419,9.49809,-0.96250
335.2169,1.12531,9.88357,-1.87951
335.2389,1.30727,10.36960,-1.22587
335.2614,0.88109,9.70160,-1.72388
335.2787,0.40942,9.68245,-2.63131
335.3124,0.81166,9.10064,0.21309
335.3186,0.91461,9.05515,-0.83321
335.3368,-0.33520,9.64414,-0.61293
335.3565,0.79490,9.86202,-0.03352
335.3789,0.82124,8.85882,-2.01837
335.3995,-0.23943,9.99370,-1.21869
335.4178,0.60336,9.89314,-0.46210
335.4449,0.90982,10.80297,-1.95133
335.4601,0.60336,9.29457,-0.81166
335.4762,0.61293,9.97455,-0.37590
335.4988,-0.11253,10.78621,0.16760
335.5161,0.86912,9.37359,1.08221
335.5380,1.17559,10.34087,-0.60336
335.5605,0.33999,10.21398,0.33999
335.5899,0.63209,9.79019,-0.65364
335.5966,0.68716,11.46858,-1.86753
335.6191,0.31604,11.33689,-0.99841
335.6375,-0.09577,10.64734,-0.25619
335.6576,-0.26576,9.86920,-1.71430
335.6814,-0.00718,9.85723,-0.23224
335.7014,0.19633,9.53879,-0.73983
335.7198,0.01197,8.15251,-0.09577
335.7399,1.45332,7.56591,-0.23703
335.7573,1.84120,8.56911,-3.88351
335.7773,1.66642,10.45340,-0.89785
335.7997,0.32083,11.77504,-2.89228
335.8175,0.94813,9.90751,-1.20671
335.8375,0.17957,10.37439,-0.48125
335.8711,-1.01517,10.88916,0.00718
335.8775,-0.57702,10.44143,2.66962
335.8975,0.28971,10.06793,1.69994
335.9211,-1.41502,10.94184,-0.13408
335.9398,-0.65603,10.19722,1.23545
335.9597,0.54111,9.83089,-2.24583
335.9821,-0.25858,9.82131,1.86514
335.9998,-0.44773,7.97294,1.10137
336.0186,0.48843,9.57949,-1.44614
336.0413,0.55787,8.24109,-1.55628
336.0603,2.71990,8.37757,-1.73106
336.0822,2.00640,8.41588,-2.92102
336.1042,2.04232,9.65850,-1.58501
336.1373,1.57304,9.88596,-2.65525
336.1512,1.08461,9.62738,0.40942
336.1623,0.75659,8.49728,-2.18597
336.1784,-2.13569,11.47097,-0.73265
336.1984,-1.76697,12.03123,-0.73504
336.2218,0.41660,8.98571,-2.16682
336.2396,1.93936,6.25145,0.92180
336.2595,0.45970,11.70561,-3.39029
336.2921,-2.62652,11.54519,1.50600
336.2981,0.20830,10.06553,-1.18277
336.3179,0.68955,10.91071,-0.70392
336.3406,-1.20193,8.89713,-1.12052
336.3586,0.10295,10.80536,-3.69676
336.3787,1.32643,11.59547,-4.14449
336.4026,-0.93137,7.79336,3.76619
336.4199,-0.61772,13.29541,-2.93299
336.4398,0.99362,7.54675,0.93137
336.4608,1.07982,10.86282,-2.84440
336.4809,-1.59459,11.30098,1.69994
336.5009,-0.63688,11.27943,0.64167
336.5219,1.65205,11.19084,-1.66881
336.5393,0.41900,8.63136,2.12851
336.5658,-1.79092,11.39196,1.65205
336.5809,1.78852,9.31852,0.13169
336.5981,0.42139,10.03680,0.47646
336.6195,-1.22108,8.96895,-0.58420
336.6406,0.58660,9.93863,1.02236
336.6612,0.12690,9.95779,-0.72547
336.6981,-0.36393,8.71995,-0.89785
336.7219,0.93377,8.91389,-0.00239
336.7221,1.42459,10.05835,-1.05827
336.7382,-0.02394,10.18046,0.39745
336.7617,0.79969,8.95698,-0.04310
336.7785,1.02236,9.04318,-0.68716
336.8011,0.48604,9.49809,1.71191
336.8220,-0.29689,9.10543,0.38787
336.8535,0.22267,10.16848,0.29450
336.8586,0.67040,10.62819,-0.30168
336.8816,-0.16760,10.67607,1.15643
336.8988,0.51237,10.78381,-0.71349
336.9204,0.03591,8.79417,0.10774
336.9428,-0.40942,10.12299,-1.05827
336.9584,0.24661,9.31612,0.05507
336.9924,0.43336,8.19321,0.16042
337.0001,0.38787,8.31053,-0.57463
337.0179,0.80687,8.77262,-0.65603
337.0379,0.51237,9.62977,1.36953
337.0604,0.66321,9.66090,-2.29611
337.0781,-0.08859,9.66329,-0.79729
337.0981,-0.60575,10.08947,-0.72307
337.1291,-0.78293,9.61062,0.20112
337.1386,-0.39984,10.51326,-0.79011
337.1586,-0.21788,9.97694,-1.17319
337.1808,-0.48604,10.22116,0.36632
337.1983,-0.67758,9.76864,-0.13408
337.2187,-0.71828,8.95698,-0.60096
337.2408,-0.57463,8.90670,1.18277
337.2718,0.13887,8.83248,0.46210
337.2796,0.06465,9.30655,1.35516
337.3003,0.11971,9.73752,0.21309
337.3178,0.36393,9.76625,-0.32083
337.3379,-0.15802,10.59945,-1.10137
337.3633,-0.42858,10.64973,-0.12211
337.3802,-0.02155,10.19961,-0.80926
337.3985,0.20351,9.61541,-1.12291
337.4206,-0.05507,9.87399,0.44294
337.4381,0.11014,9.29218,-0.89067
337.4579,0.36872,10.20440,-0.92658
337.4805,-0.22267,10.29538,-1.42938
337.5000,0.32323,9.32331,-1.29530
337.5194,0.45970,10.81254,-0.75420
337.5556,1.08700,8.30334,-1.55149
337.5584,1.21629,9.46217,0.27295
337.5778,0.71110,8.12138,-1.60895
337.6016,1.26657,10.18764,-1.28333
337.6195,0.09817,10.10863,-1.63050
337.6395,-0.19872,8.78938,-0.80687
337.6649,0.27774,9.05994,-1.01757
337.6918,0.40703,9.41908,-0.88588
337.7061,0.58420,9.56752,0.41900
337.7219,-0.34956,10.68325,-0.56984
337.7378,0.12450,10.43425,-0.74223
337.7578,-0.04789,10.39115,0.04789
337.7808,0.62969,9.82131,-0.42139
337.7982,0.34478,9.56752,1.58022
337.8303,-0.24661,10.24750,0.46449
337.8409,-0.04549,10.58509,1.43896
337.8581,0.14605,9.52203,0.05746
337.8776,0.42618,10.39115,0.15323
337.9001,0.58660,9.15571,-0.02634
337.9188,0.55308,9.94582,1.00320
337.9394,0.34717,10.55875,-0.60575
337.9742,0.84518,9.24430,-1.30727
337.9779,1.08940,9.43823,0.62012
337.9979,0.50519,8.43982,-0.89546
338.0204,0.51237,10.04638,0.72786
338.0380,0.21788,9.60104,-0.66561
338.0592,0.48604,10.28102,-0.40463
338.0840,0.25379,9.22275,-1.18517
338.1012,-0.17239,9.97934,-1.41023
338.1190,0.42379,9.91230,0.88349
338.1400,0.42858,9.82850,-0.48843
338.1592,0.55068,10.03201,0.36154
338.1774,0.96250,9.56513,-0.83321
338.1996,0.80926,9.87638,-0.48843
338.2194,0.09098,9.65132,-0.53153
338.2392,0.30407,9.52443,-1.13489
338.2611,0.11014,8.81093,0.08859
338.2779,0.16760,9.37837,-1.41262
338.2978,0.39745,10.17088,-0.30168
338.3219,0.85954,9.24430,-0.17957
338.3394,0.65124,10.20201,-1.14207
338.3593,0.96489,10.19243,-1.79092
338.3923,0.94095,10.90113,-1.59219
338.3974,0.68476,9.94342,-1.06306
338.4182,0.71349,10.04159,-0.28492
338.4399,-0.39266,10.55636,-0.50759
338.4584,-0.03831,10.45819,-0.16999
338.4774,0.56505,10.75269,-1.18995
338.5005,-0.13647,10.58509,0.11971
338.5175,-0.04310,10.92029,-0.17718
338.5388,0.10056,7.82688,-1.14446
338.5605,0.51716,8.59305,-0.05746
338.5773,0.44055,9.08388,-1.59698
338.5974,1.49163,8.40390,-1.60656
338.6197,1.54431,9.08867,-1.05109
338.6373,0.72068,8.32250,-2.14527
338.6697,-0.51237,10.88916,0.11253
338.6799,-0.04549,9.40232,0.67279
338.6977,0.14366,10.40312,-0.16760
338.7203,0.25379,10.53720,-2.14527
338.7419,2.17879,9.09106,-4.71672
338.7600,0.95771,7.82210,-2.18837
338.7794,-0.29689,9.96258,3.59141
338.8036,-0.34238,9.95061,1.20911
338.8203,-1.70472,11.67688,1.07024
338.8375,-0.26816,8.75347,-1.11334
338.8599,0.35435,9.08388,-1.47248
338.8788,2.67440,10.95141,-1.14925
338.8976,3.39269,8.57390,-1.66163
338.9351,2.49483,10.41749,-2.13809
338.9457,0.28971,9.65611,-2.50202
338.9574,0.46688,8.42545,-0.66800
338.9799,-0.04310,9.11022,-0.04310
338.9976,1.69994,11.40154,-2.35118
339.0175,1.05109,11.00888,-1.47008
339.0399,0.57463,9.33528,1.54910
339.0777,-0.86433,9.00966,0.32802
339.0980,0.11971,7.15888,1.96091
339.1009,1.17798,12.02405,-0.69913
339.1176,-1.52755,10.14694,1.15165
339.1387,-0.45012,10.89156,-1.38629
339.1600,-1.58980,9.63935,1.85796
339.1777,-0.55308,11.43506,-1.03433
339.1975,-0.49561,10.34087,-0.87870
339.2254,-0.63209,11.27225,-0.37111
339.2374,-0.22985,9.92666,1.16841
339.2575,0.34717,10.55396,1.02714
339.2798,-0.51237,10.20440,1.81007
339.2987,-0.38787,10.22355,-0.15563
339.3211,0.26576,11.38717,0.79490
339.3412,0.13647,9.39992,-0.87870
339.3737,0.21309,9.35443,1.24742
339.3794,0.58899,9.84286,-0.16520
339.4001,-0.33520,10.07511,1.16601
339.4176,0.27295,9.81413,-0.01676
339.4377,1.07264,8.55235,-0.12929
339.4599,0.14845,10.59467,0.19633
339.4784,0.48604,9.12458,-1.52994
339.5096,0.82602,9.41189,-0.87630
339.5196,0.36872,9.86202,-1.21629
339.5374,0.71349,10.43664,-2.03034
339.5583,1.09658,9.46696,-1.83880
339.5802,1.03193,11.28901,-1.16841
339.5981,0.83081,9.32331,-0.82124
339.6204,0.67040,10.84128,-1.50360
339.6411,0.79969,9.88117,-1.06066
339.6608,0.71828,8.49728,0.52195
339.6777,0.52435,8.85163,0.89785
339.7016,0.44773,8.71037,0.59857
339.7187,-0.41182,9.39992,2.39188
339.7388,-0.73744,9.77343,1.45332
339.7609,0.25858,9.36401,3.03594
339.7924,-0.76617,11.16929,1.65684
339.7975,-0.23703,10.62819,2.13809
339.8214,-0.42858,10.45580,1.02236
339.8371,0.45731,9.69681,-0.31604
339.8593,1.19714,8.74389,0.03113
339.8829,0.92419,8.80375,-1.73824
339.8989,1.40544,10.55636,-0.77575
339.9262,0.99602,9.60822,-0.31126
339.9403,0.73983,11.22675,-0.16760
339.9583,0.00000,10.97296,-1.73585
339.9783,0.36872,11.38238,-1.66402
340.0006,-0.19872,12.58191,0.09577
340.0182,-1.26418,9.44302,1.83880
340.0597,-0.08859,9.33049,0.69195
340.0699,0.45731,8.10941,-0.45012
340.0796,-0.26816,8.45897,-1.02236
340.1006,1.06545,10.45101,0.03591
340.1236,0.52195,8.25067,1.53712
340.1391,1.21150,9.07191,0.16520
340.1606,1.10376,10.17567,-0.14845
340.1829,-0.95292,11.65772,-0.69673
340.2133,-0.83560,11.47815,-2.90186
340.2193,-1.57064,11.03282,-0.77096
340.2433,-0.61772,9.78780,1.56586
340.2612,1.02475,6.24187,-1.41502
340.2793,0.43815,8.04716,1.01996
340.3051,-1.67839,10.20679,0.25379
340.3386,0.13169,9.44302,-0.10535
340.3500,1.19235,7.51563,1.84359
340.3614,1.05348,6.79974,-1.31685
340.3792,1.81247,9.90512,0.89785
340.3994,-0.81645,11.20999,1.21869
340.4220,0.90982,9.61062,3.11974
340.4397,-1.21629,11.32971,-0.75899
340.4609,0.05267,7.45817,0.37590
340.4904,-1.08700,10.14215,-1.89387
340.4995,1.43896,12.36882,-0.02155
340.5211,0.91940,10.27623,1.71670
340.5434,-1.95852,10.27862,0.43097
340.5604,-2.11175,10.44622,2.99524
340.5812,1.16122,9.95779,3.06707
340.6107,1.61853,10.97296,3.45733
340.6209,2.20992,10.17567,-0.06943
340.6392,1.83880,8.04237,-0.56984
340.6623,0.71828,12.10067,-1.12770
340.6805,0.11014,13.01288,0.31126
340.7015,0.60336,9.34725,-1.59938
340.7234,-0.82842,9.00726,2.68398
340.7441,-1.11334,11.67927,3.23945
340.7622,-0.12211,15.64180,0.94813
340.7816,0.54111,10.84846,-2.77496
340.7991,-0.69913,5.74387,0.30886
340.8192,0.71589,8.11899,-1.26418
340.8452,-1.07742,11.52604,0.16042
340.8611,-0.60815,9.16050,0.68476
340.8826,-0.08380,8.57390,-4.13012
340.9158,-0.67997,5.96174,2.62173
340.9197,-0.44055,7.35282,-0.62251
340.9401,0.43097,8.94980,0.92180
340.9623,0.16760,10.63776,-1.89627
340.9799,0.35675,9.88596,-3.02397
341.0018,0.37830,3.76380,6.31370
341.0241,1.14925,12.59149,-3.24424
341.0526,-0.16042,11.02803,0.22027
341.0657,0.47646,7.95618,2.72947
341.0824,1.12770,9.04078,-0.69673
341.1014,-0.72547,9.44063,-0.64645
341.1205,-0.14126,9.35204,1.71909
341.1428,1.19714,9.24669,1.41502
341.1616,0.06465,9.11022,1.50360
341.1876,0.46928,9.85484,0.77335
341.2023,0.15563,10.66171,1.10376
341.2215,0.08619,11.58829,0.00000
341.2415,-0.28013,10.54199,0.84518
341.2625,-0.29210,9.83808,1.33122
341.2801,-0.04310,10.49171,0.81166
341.3018,0.31126,10.08947,1.31206
341.3370,0.43576,10.70480,-1.27375
341.3408,-0.01676,8.94740,-1.42699
341.3600,0.25619,10.45580,-1.54431
341.3822,-0.07183,10.37200,1.32643
341.4000,0.34238,9.76385,0.36154
341.4202,-0.23943,9.65611,-0.07901
341.4455,0.18675,9.21317,1.22108
341.4641,0.14845,10.18524,-0.85954
341.4798,0.06704,9.41668,0.55308
341.5021,-0.06225,10.29778,0.35914
341.5199,0.19633,9.00008,-0.66082
341.5429,0.71589,9.70160,-2.00640
341.5638,0.60336,9.25387,-0.07183
341.5822,0.33759,9.97694,0.45252
341.6019,-0.12211,10.08708,2.47807
341.6233,0.32323,10.10145,0.68716
341.6400,-0.02873,9.28021,-0.78053
341.6603,-0.09577,9.88357,0.09338
341.6844,0.12211,9.61541,1.78852
341.7034,-0.56026,10.60903,1.96091
341.7316,-0.73744,10.69523,-1.21869
341.7482,-0.26098,8.93304,0.64167
341.7600,0.99362,9.49569,-2.40146
341.7799,0.31365,10.51805,-1.55149
341.8026,1.04869,9.96497,-1.10855
341.8240,0.63448,8.76544,-0.34478
341.8427,0.41900,8.52122,0.52913
341.8668,0.46210,9.13176,0.22506
341.8836,-0.23224,10.51087,0.70871
341.9031,-0.77575,10.39834,-0.33041
341.9232,-0.33041,9.17726,0.79969
341.9424,0.43336,9.09346,0.48843
341.9614,0.06943,9.44781,-0.21548
341.9838,0.66321,10.56115,-0.98644
342.0020,0.70392,9.97455,-0.39266
342.0284,0.51237,10.04877,-0.52674
342.0444,0.39027,10.03919,-0.77096
342.0622,0.32562,10.04877,-1.02475
342.0821,0.17718,10.78860,-0.28971
342.1048,-0.11014,9.95779,0.42379
342.1223,0.90264,9.04796,-0.54350
342.1466,0.77575,10.02483,-0.07422
342.1772,0.07901,9.57949,-0.64406
342.1902,0.49801,10.60424,0.56505
342.2017,0.32083,9.90990,0.66800
342.2252,0.01437,10.11342,-0.98884
342.2421,0.68955,9.67048,0.51477
342.2619,0.26098,9.11500,-1.02954
342.2845,0.28731,9.46217,-0.23943
342.3153,0.62251,9.75188,0.75899
342.3241,0.60815,9.61301,1.39586
342.3441,0.85715,9.28500,-0.89785
342.3631,0.90743,9.76385,0.36154
342.3833,0.54829,9.39513,-0.50040
342.4077,1.25221,9.23951,0.53392
342.4399,0.99841,9.35922,-0.05746
342.4582,0.50759,9.55076,-1.05827
342.4664,-0.20351,9.79258,0.95292
342.4828,-0.00958,10.37439,0.00000
342.5029,-0.30647,10.95620,0.74701
342.5256,-0.39506,10.60664,0.40942
342.5443,-0.31126,10.21877,-0.71828
342.5659,0.29210,9.90751,-1.30488
342.5997,0.20112,9.60583,0.59378
342.6037,0.23703,9.51724,0.45012
342.6227,0.68716,9.63456,-0.73025
342.6461,0.50759,9.62738,-1.64966
342.6626,1.00081,9.55316,-1.82683
342.6827,-0.31126,10.06074,-0.85236
342.7066,-0.74701,10.06074,0.53153
342.7245,0.93137,9.11261,-0.79011
342.7433,0.39745,8.89473,-0.69434
342.7650,0.64167,9.77104,-0.24900
342.7843,1.58262,9.34246,-0.70631
342.8037,0.59617,10.55157,-0.07901
342.8291,-0.20591,10.36003,-0.50519
342.8440,-0.31126,10.00567,-0.54111
342.8784,0.45970,10.44622,-0.09577
342.8859,0.01915,10.85804,0.12211
342.9025,0.29928,10.30017,0.62969
342.9227,0.93856,10.06074,-0.58660
342.9462,0.73265,9.88836,-1.15404
342.9638,0.86912,9.38077,0.97208
342.9852,0.61533,8.98332,3.31846
343.0180,0.43097,9.24669,1.18995
343.0227,-0.38787,9.32331,-0.48125
343.0430,0.10774,9.22514,-0.32323
343.0650,0.28252,9.68484,0.93377
343.0865,-0.06225,10.20679,-0.05267
343.1069,0.42618,9.47415,-1.59459
343.1441,0.54350,9.23951,-0.36154
343.1567,0.60815,9.69442,0.37590
343.1644,0.53392,10.52523,0.60336
343.1851,0.63448,9.87878,-2.06386
343.2039,0.65843,10.17806,0.15563
343.2241,0.91701,9.53161,1.00560
343.2464,0.11971,9.60583,1.74782
343.2659,0.60336,10.24750,1.44854
343.2958,0.67279,10.05356,-0.62491
343.3105,0.83560,10.29299,-1.01757
343.3255,-0.08859,10.96817,0.04070
343.3442,-0.18436,10.28820,1.22108
343.3650,-0.16281,10.06793,0.43815
343.3837,0.41660,9.00966,0.23224
343.4034,0.10535,10.11581,-1.18517
343.4305,0.01197,9.64414,0.74941
343.4435,0.69913,9.68724,-1.86275
343.4622,0.56744,9.90512,-1.82923
343.4848,0.30168,9.78301,-1.10615
343.5036,0.41900,8.81572,-0.52435
343.5244,0.51477,9.28500,0.33041
343.5481,0.42139,9.64414,-0.00479
343.5665,0.53871,9.69202,-1.25939
343.5830,-0.12211,10.36482,-3.26819
343.6059,0.46210,10.03201,-0.18196
343.6223,-0.12211,9.34246,0.93137
343.6423,0.07422,10.41749,0.46688
343.6649,-0.45012,9.44541,0.21548
343.6825,0.62969,9.87878,-1.24263
343.7114,0.42379,10.46298,0.58899
343.7245,-0.44534,9.97455,0.99602
343.7423,-0.05028,10.36721,0.08619
343.7624,0.37351,8.45179,-1.47487
343.7854,0.66561,9.93624,0.64406
343.8029,0.09817,8.97853,-0.32323
343.8242,0.49561,9.53161,0.74941
343.8568,1.28573,9.04318,-0.77814
343.8629,-0.02873,10.03919,-0.20112
343.8822,0.49322,9.27781,0.42618
343.9045,0.97447,9.22993,1.17559
343.9236,-0.77575,10.19961,1.19474
343.9441,-0.86194,10.33369,1.09658
343.9668,-0.30886,9.87878,0.96729
343.9837,0.11014,10.94902,0.38308
344.0026,0.06704,10.33608,0.40463
344.0245,-0.08141,10.76705,-1.59698
344.0422,0.68476,9.87878,-1.71909
344.0623,0.60096,10.27383,-1.08700
344.0846,0.59857,9.57949,1.17080
344.1036,0.50280,10.53481,0.04070
344.1357,0.47167,10.03201,-0.61772
344.1450,0.82602,11.13098,-1.64726
344.1622,1.26897,10.54918,-0.34238
344.1822,0.48843,10.42946,0.34717
344.2061,0.59617,9.92188,-0.69434
344.2235,0.19633,10.32172,-1.51318
344.2439,0.98644,9.07909,0.46928
344.2740,-0.18436,10.31932,1.04151
344.2820,-0.00958,10.32890,-0.53153
344.3020,0.02155,8.34644,0.12450
344.3245,-0.45970,10.84128,2.49483
344.3422,-0.44773,10.91071,1.61614
344.3625,-0.25858,10.15651,-0.03113
344.3885,-0.82124,10.13975,1.32882
344.4148,0.41660,10.06553,0.11493
344.4295,0.38548,11.32731,-1.78613
344.4445,0.54111,9.67526,-1.42459
344.4618,1.39347,9.19880,-2.38709
344.4822,0.40224,10.04398,0.60575
344.5060,0.50998,10.03680,-1.88429
344.5255,0.63927,9.23951,1.67360
344.5431,0.67997,8.84685,0.97208
344.5646,0.45970,9.29936,0.08859
344.5822,0.15084,9.57471,0.85715
344.6022,-0.75420,9.99849,0.78532
344.6258,-0.03113,9.10303,-0.00958
344.6436,-0.12929,9.94582,-0.72068
344.6659,0.61293,9.97934,0.64167
344.6996,0.54829,9.95300,-0.19154
344.7024,0.50998,10.19722,0.48125
344.7221,0.43097,9.88596,0.35435
344.7460,0.51237,10.05356,0.57941
344.7645,0.14366,9.50288,-0.79729
344.7827,0.04549,9.92906,0.98165
344.8156,-0.19394,9.44541,0.65843
344.8286,0.01676,9.28500,0.39984
344.8420,0.20112,9.54837,-0.85715
344.8643,0.58420,8.93304,0.39745
344.8820,0.53153,9.03839,0.62969
344.9037,-0.26816,8.64812,0.40224
344.9260,0.63688,8.37517,1.52515
344.9450,0.18915,9.21078,0.14845
344.9669,0.96250,8.66967,-0.10535
344.9846,1.01517,9.18923,-0.16281
345.0021,0.89306,10.31693,1.86993
345.0219,0.25858,10.24510,-0.00718
345.0444,0.46449,9.99131,2.24822
345.0622,0.12690,9.86681,1.48684
345.0841,0.34238,9.61780,1.98725
345.1051,0.36872,9.61301,1.71909
345.1219,0.26098,9.05036,3.03594
345.1436,-0.62012,9.46696,1.27136
345.1643,0.13647,9.73752,2.77496
345.1819,-0.57463,9.62020,3.45015
345.2020,-1.31925,9.67766,1.39107
345.2372,-1.14207,10.28820,2.20992
345.2433,-0.35914,10.10145,0.42618
345.2635,-0.42139,8.95938,-1.34079
345.2842,0.21788,9.04796,-0.08380
345.3021,0.42379,9.17965,-0.03113
345.3232,0.43097,9.64653,-0.32083
345.3457,0.01437,9.94821,0.84518
345.3634,0.15802,10.04159,-0.09577
345.3956,0.66321,10.77184,-2.14527
345.4046,1.18995,10.13018,-1.13010
345.4218,0.97926,9.72076,0.04549
345.4418,0.60815,10.05595,-0.91222
345.4669,0.32802,10.25707,-0.60815
345.4836,0.35435,8.98332,-0.41182
345.5058,0.50998,10.12778,0.08619
345.5337,0.66321,8.87558,0.79250
345.5468,0.00239,9.71118,0.55547
345.5708,-0.09577,11.25788,-0.97926
345.5841,0.49561,10.22595,-0.91701
345.6019,0.17478,10.78621,-0.53632
345.6231,0.50040,9.85244,0.79729
345.6465,0.57941,9.08867,0.06225
345.6764,0.03113,9.20838,3.04312
345.6831,-0.95532,9.96737,1.32403
345.7045,0.54589,9.85244,1.28333
345.7230,0.08859,9.63456,0.22506
345.7420,0.18196,8.90670,0.64406
345.7660,-0.40942,9.30415,-1.08461
345.7841,0.00239,9.37119,1.69754
345.8182,-0.17239,9.28500,-0.51237
345.8262,-0.04310,9.46936,-1.50839
345.8416,0.47167,10.62340,-0.32802
345.8618,0.14845,9.96737,1.56586
345.8842,-0.05028,10.60903,-0.18196
345.9020,0.58660,8.50686,0.72786
345.9235,-0.73983,10.69044,1.19953
345.9557,-0.50280,10.62579,0.44534
345.9621,-0.25858,9.49569,0.52674
345.9818,0.18196,9.40232,-1.21869
346.0042,0.11971,9.93385,-1.74782
346.0229,0.24182,9.54837,-2.12372
346.0430,0.63927,9.87638,-1.78134
346.0677,0.55547,9.52921,-1.02236
346.0867,0.32802,9.36880,-0.41182
346.1060,0.59617,10.45819,-0.05746
346.1243,0.84757,11.06634,-0.96489
346.1436,-0.62969,10.30735,0.24900
346.1648,0.76856,9.56992,-0.35435
346.1881,1.52755,9.16050,-1.83880
346.2196,0.45012,10.10145,-1.17798
346.2363,-0.15323,10.41749,0.25619
346.2445,0.04549,10.57791,1.57304
346.2617,-0.29928,8.63136,0.71110
346.2831,-1.01278,11.16690,-0.66321
346.3057,-0.76856,9.84526,-1.11573
346.3229,-0.09098,9.56513,-0.11971
346.3432,0.38787,10.13257,-0.44773
346.3764,1.44614,8.15969,-0.98884
346.3829,0.91940,10.36242,-1.82923
346.4017,0.17957,10.52284,0.78293
346.4241,0.06704,9.77822,-0.95532
346.4418,0.53871,8.66249,0.37590
346.4659,0.90264,9.68963,2.12851
346.4882,0.74462,8.49968,0.83560
346.5061,-0.05986,9.07191,1.84359
346.5237,0.13169,8.96416,2.04232
346.5452,-0.02634,8.75347,1.12052
346.5632,-0.61772,10.43186,1.49642
346.5814,-0.76856,10.36721,0.94095
346.6056,0.40463,9.55316,0.34717
346.6245,0.45970,11.30816,0.07183
346.6516,-0.10295,10.10145,2.81806
346.6659,-0.16760,10.65213,-0.68955
346.6816,0.96010,8.59066,-0.36632
346.7032,-0.02394,8.23631,-0.89785
346.7240,-0.53871,8.59305,0.07183
346.7416,0.11493,10.17806,-1.44614
346.7640,0.02155,10.12778,-0.03352
346.8065,-1.08700,11.55238,0.49801
346.8066,0.96010,10.91311,1.32164
346.8215,0.57941,10.24031,-0.52195
346.8454,2.09499,10.51565,2.49483
346.8666,-0.64645,8.88515,-0.03113
346.8831,-2.19794,9.23232,0.03831
346.9203,-0.73025,10.85325,2.01837
346.9238,1.13967,9.43584,2.99524
346.9431,-0.06704,10.14215,0.39266
346.9641,-2.43737,10.22834,-0.28013
346.9832,-1.18277,7.42943,-1.48924
347.0039,3.59141,8.09504,-3.11735
347.0279,0.57463,10.80536,-0.63927
347.0612,-1.77416,11.38957,-1.82683
347.0722,-0.94095,9.60104,0.80687
347.0856,0.64885,7.08226,-0.57463
347.1014,0.43097,8.04955,1.08221
347.1217,-0.43097,9.12937,1.94894
347.1452,2.58821,8.68403,0.49561
347.1633,2.96890,7.82688,0.38308
347.1844,0.43576,8.99050,-1.69994
347.2180,0.51956,8.75586,1.08940
347.2219,-0.48843,10.37918,2.61455
347.2415,-0.69913,9.62977,1.77176
347.2639,-0.34238,9.49330,1.09897
347.2817,-0.74223,10.06793,-0.31126
347.3019,0.21788,10.09426,-0.38548
347.3255,0.67758,9.68005,0.73504
347.3428,-0.07183,10.25468,-0.89785
347.3615,0.61054,10.20201,-1.26418
347.3838,0.70392,10.09426,0.02394
347.4012,-0.00958,10.00328,1.48445
347.4215,-0.29689,10.88916,0.07422
347.4456,0.32802,10.49411,-0.06943
347.4627,-0.22027,11.16929,-0.69673
347.4982,0.05986,10.89395,-1.10855
347.5033,0.02394,9.75428,-1.43656
347.5215,0.67758,8.81811,-2.95693
347.5433,0.20351,9.44302,-3.94816
347.5638,1.30967,11.51167,-1.40544
347.5853,2.27456,5.73668,-3.14847
347.6220,1.76937,8.56432,-2.55709
347.6352,-0.22267,10.62100,-2.74863
347.6427,-0.27055,10.80536,-0.79729
347.6614,2.62173,9.58907,-0.43336
347.6852,1.05348,8.16927,-1.64487
347.7026,0.67519,9.22993,-3.46452
347.7225,0.80926,9.14852,3.64648
347.7451,1.88669,13.57075,-6.77101
347.7719,0.38787,6.02400,1.53712
347.7866,-1.81247,9.17247,0.28252
347.8036,1.15643,10.76466,-1.30488
347.8214,0.04549,10.24510,2.99045
347.8412,-0.37351,9.80934,1.07503
347.8632,0.54111,8.36320,-0.88588
347.8826,0.96729,8.97374,-0.24422
347.9140,0.53871,9.17007,-0.92419
347.9240,0.66561,10.25707,-0.41182
347.9410,0.60575,8.43982,0.90743
347.9613,0.27295,10.18524,-0.77335
347.9841,0.09098,9.91230,0.84278
348.0017,-0.51477,10.61382,1.09179
348.0229,0.06225,10.37200,0.89306
348.0453,0.54350,9.80455,-0.31844
348.0617,0.20830,9.99849,0.35435
348.0813,-0.21548,10.41749,0.92180
348.1037,-0.08619,9.78061,0.70631
348.1228,-0.24661,10.02722,0.07183
348.1454,-0.27774,10.58030,-0.21788
348.1842,0.51237,10.36003,1.36953
348.1843,0.06943,10.43186,0.67997
348.2027,0.90025,10.27862,-1.48206
348.2236,1.65444,8.65291,-0.88109
348.2414,0.39506,10.40312,0.34717
348.2626,0.11253,10.42946,0.53153
348.2873,0.23464,10.44383,-1.33840
348.3229,-0.00479,9.60583,-1.99204
348.3267,0.60575,8.69840,-0.98884
348.3437,0.48125,9.40471,1.64008
348.3617,-0.08141,10.82691,-0.69195
348.3835,0.21309,9.25387,-1.38868
348.4064,0.51716,9.62498,0.74223
348.4284,0.10295,9.86681,1.07024
348.4433,0.15563,10.01046,0.60815
348.4707,0.32323,9.75906,-0.39506
348.4817,0.07183,10.36003,0.08141
348.5009,-0.18915,9.74709,1.75261
348.5230,-0.03113,9.72315,1.04630
348.5424,0.12690,8.56193,-0.42618
348.5609,1.07024,9.14134,-0.25619
348.5995,0.32802,9.34246,2.23625
348.6113,0.06465,9.94582,-0.09577
348.6220,0.63448,9.01205,-1.98964
348.6438,1.05109,9.16768,0.90025
348.6652,0.48364,9.47415,0.76856
348.6850,0.26576,9.97455,0.10295
348.7073,0.66082,9.17965,-0.21548
348.7415,0.81166,9.51006,1.33122
348.7445,-0.02873,8.83009,1.01278
348.7637,0.31365,9.60822,-0.57463
348.7813,0.31604,8.65291,0.70152
348.8027,0.22506,9.64893,2.51638
348.8254,-0.27534,10.13257,1.27375
348.8451,0.60575,10.72396,1.00320
348.8629,0.02394,9.57231,1.59459
348.8878,0.30886,10.16609,1.68078
348.9050,0.17239,9.68484,1.07024
348.9212,0.93137,9.53161,0.70871
348.9432,-0.21070,9.72794,0.95053
348.9612,0.25140,10.27862,0.43097
348.9810,0.00239,9.19162,-1.05827
349.0032,0.58181,9.85962,0.30647
349.0209,0.58660,8.55235,1.78852
349.0411,0.44294,8.61221,0.62969
349.0631,0.40463,9.49091,0.24182
349.0809,0.75899,10.00807,0.02155
349.1009,0.22027,10.30735,-0.41182
349.1234,0.52674,10.37679,-0.88828
349.1444,1.00560,10.19243,0.51716
349.1630,0.20830,10.65213,0.86912
349.1846,0.86194,8.25546,-1.75500
349.2015,0.17718,9.90512,0.48604
349.2225,0.68955,10.19722,0.15084
349.2436,0.86433,11.20999,-2.21231
349.2622,0.55068,9.96737,-0.19154
349.2823,0.38069,9.61301,1.58740
349.3134,0.45252,9.10303,0.21070
349.3227,0.05507,10.05117,-0.31604
349.3410,0.09577,9.40950,0.22746
349.3652,0.46210,9.48851,1.89148
349.3811,0.87630,8.70079,-0.96729
349.4015,0.90743,9.63935,-1.98964
349.4233,1.89627,9.95300,-0.50519
349.4437,0.02873,9.97694,1.56107
349.4619,0.55068,10.07271,1.10376
349.4828,0.61293,9.57231,0.77335
349.5002,0.54829,9.49809,0.74462
349.5204,0.85715,10.70241,0.24900
349.5429,0.37111,9.61301,-2.10217
349.5954,0.19633,10.35763,-0.94334
349.5954,0.86912,10.74551,1.81247
349.6059,0.68955,8.39193,0.57223
349.6215,0.35675,10.02243,-0.19394
349.6470,0.45012,10.41749,-0.03352
349.6637,0.18436,9.78780,0.30168
349.6848,1.24023,10.71917,-3.22509
349.7027,1.11094,9.35922,-1.50600
349.7259,-0.20112,9.81892,0.42379
349.7436,0.66321,9.79977,-0.80448
349.7636,0.05746,9.48851,-0.42858
349.7860,-0.21309,10.09426,1.39347
349.8037,-1.37910,10.73114,1.51318
349.8238,0.12690,10.39594,-1.04151
349.8463,0.14366,9.30415,0.85236
349.8655,1.06306,8.98811,-1.26178
349.8852,0.51956,10.16130,-0.12450
349.9063,1.13728,10.49171,-1.64966
349.9240,-0.00958,9.87878,-0.50519
349.9440,0.76856,10.11581,0.24182
349.9662,0.13169,9.63935,0.11014
349.9877,-0.16520,9.86441,1.05348
350.0333,-0.18675,8.45658,0.13887
350.0334,-0.37111,10.82930,1.00320
350.0478,0.10535,10.07511,0.41421
350.0708,0.44055,9.72315,-0.36154
350.0873,0.25858,10.34087,-1.10376
350.1058,-0.00479,10.76705,-0.86433
350.1263,0.70631,9.65611,0.81405
350.1490,0.24422,9.62259,-0.16520
350.1839,0.54350,9.25866,-0.31844
350.1884,0.41421,9.73752,-0.12690
350.2070,0.36872,9.02402,0.19154
350.2242,0.26816,9.20359,1.34798
350.2446,0.76617,8.94262,0.24422
350.2671,-0.36632,10.38158,-0.36872
350.2844,0.52913,10.78142,-1.66163
350.3060,0.38069,10.56115,-1.17080
350.3278,0.00718,10.11821,0.42379
350.3457,-0.22267,9.24908,0.32083
350.3642,-0.21309,10.17567,1.30009
350.3865,0.28492,9.19880,0.56505
350.4044,0.79011,8.77023,0.02634
350.4243,0.91701,8.94022,-0.39984
350.4466,0.16042,9.27303,-0.32083
350.4644,0.23703,9.97694,0.29928
350.4845,-0.09577,10.09426,0.89546
350.5067,0.00718,9.66808,0.81166
350.5242,1.46051,9.60822,-0.07662
350.5445,0.12211,10.05117,0.70871
350.5690,0.35914,9.75667,3.19396
350.6012,0.19633,10.71917,2.27217
350.6043,-0.05986,10.27623,1.92500
350.6272,0.52195,10.52284,0.58660
350.6449,0.43336,10.33608,0.54350
350.6649,0.39984,10.83888,0.40224
350.6873,0.28013,9.97215,0.55787
350.7048,0.74941,9.30415,-2.06147
350.7323,0.31365,10.66410,-1.47487
350.7469,-0.06943,9.85962,-0.42379
350.7644,0.51716,9.67526,-0.66561
350.7845,0.50998,9.94342,-1.30009
350.8081,-0.18675,9.20599,0.67997
350.8260,0.46449,9.04796,-0.43336
350.8461,0.29210,9.97934,0.16520
350.8849,-0.24182,9.75667,0.70871
350.8851,-0.38069,8.76544,1.83401
350.9052,0.27774,9.94342,0.47407
350.9268,-0.11014,9.31373,1.73106
350.9445,0.26337,9.83808,1.27136
350.9645,0.50519,9.61780,1.95612
350.9870,1.26178,9.13176,1.65444
351.0120,0.79250,8.98332,2.38949
351.0257,1.03433,10.19243,1.36953
351.0468,0.93137,9.70878,1.57543
351.0658,0.01437,10.08708,2.28893
351.0858,0.62251,9.94342,1.42938
351.1083,0.95771,9.94582,0.67040
351.1259,0.94574,10.16370,1.10615
351.1529,1.42699,9.55555,0.79250
351.1666,1.60177,9.55795,-0.19633
351.1844,0.92419,10.12778,-0.51956
351.2043,0.77575,10.12060,0.52195
351.2267,0.67997,10.72875,-0.67519
351.2456,1.28812,9.74709,0.43815
351.2644,0.89546,9.22035,0.50998
351.2952,0.76856,9.30176,0.45970
351.3060,0.64885,9.74949,0.14126
351.3268,0.57702,9.26584,0.12690
351.3497,-0.06225,9.45260,1.26657
351.3656,-0.35196,9.76146,1.75500
351.3855,-0.25619,9.64893,2.14048
351.4090,0.49801,9.95300,2.18358
351.4416,-0.43336,10.54678,1.43656
351.4456,-0.40703,10.07032,0.73744
351.4677,0.90025,9.02402,0.91701
351.4855,0.41660,9.48851,0.69673
351.5055,0.95771,9.37837,-0.09098
351.5294,0.54350,10.86522,-0.87630
351.5480,0.46928,10.61382,0.29928
351.5672,0.17239,10.20919,0.47885
351.5917,0.93856,9.51006,0.33759
351.6055,-0.16042,9.54597,0.39984
351.6256,0.02394,10.75029,0.86912
351.6491,-0.41421,10.36242,0.29689
351.6666,-0.22985,10.75748,2.10696
351.6866,0.09817,9.36640,1.45572
351.7249,0.25858,9.75906,-0.61772
351.7252,0.78772,10.13736,-0.84518
351.7469,0.04070,10.09426,-0.48125
351.7675,0.48125,9.55555,-0.17718
351.7853,0.87870,8.83966,0.15084
351.8053,0.32323,10.09666,0.34956
351.8292,0.39266,9.00487,0.47407
351.8668,0.05267,10.21158,1.26178
351.8671,-0.23703,10.13975,1.65684
351.8882,-0.34717,9.91948,0.81645
351.9052,0.25379,11.32492,0.66321
351.9255,0.74701,9.39992,0.47407
351.9477,0.57702,8.92825,0.33041
351.9658,0.48843,10.24989,-0.74941
351.9928,0.60815,10.74790,0.60336
352.0075,-0.05986,11.24351,-0.11732
352.0255,0.35914,9.84765,0.07662
352.0454,0.80448,10.67368,-1.38629
352.0677,0.77096,10.23313,0.16999
352.0855,0.90743,8.65291,0.25379
352.1097,1.51079,8.38236,0.23943
352.1312,1.71670,8.60502,-1.06785
352.1476,1.65205,8.99050,-0.81884
352.1650,0.36872,11.95222,-0.47167
352.1877,-0.67040,10.84367,-0.83800
352.2054,0.88588,9.73033,-0.16281
352.2253,0.73504,9.87399,0.21070
352.2488,0.56265,9.30176,-0.65843
352.2681,0.82842,9.82850,0.78053
352.2870,0.37830,9.50767,0.80926
352.3077,0.79969,10.03201,-1.69275
352.3250,0.68716,9.39992,0.14605
352.3449,0.19872,9.95300,2.88750
352.3677,-0.06943,10.05356,1.80289
352.4034,1.24742,10.08708,4.08224
352.4183,-0.51477,9.63696,4.17801
352.4295,-0.33759,9.23232,1.57783
352.4480,0.63688,9.10303,1.62811
352.4661,-0.18675,8.54277,3.42381
352.4889,-0.32083,9.70160,3.86197
352.5064,-1.20671,10.27623,1.91063
352.5269,-1.80289,11.12859,0.72068
352.5614,-1.86993,9.87638,2.02556
352.5661,-1.90584,10.48213,1.96091
352.5868,-0.44534,9.73991,1.48445
352.6089,-0.37111,9.73033,0.96250
352.6264,0.56265,9.05994,-0.56265
352.6466,1.21629,9.10782,-1.99204
352.6705,0.81166,9.00487,-0.58899
352.6881,0.00239,9.08627,-0.77575
352.7061,0.29928,9.93385,-0.59139
352.7286,0.45970,10.07990,-0.33280
352.7464,0.52435,9.87399,0.22267
352.7666,0.74941,9.87160,0.20591
352.7890,0.45012,9.68484,1.04630
352.8095,0.78532,9.56992,-0.51477
352.8301,0.10774,10.14694,0.01676
352.8483,-0.29210,10.44862,0.63927
352.8663,0.14845,10.93944,-0.03831
352.8863,0.09817,9.87878,-1.05109
352.9096,0.45970,9.44541,0.00239
352.9268,0.36632,9.37837,0.42858
352.9492,0.10295,9.10303,1.18277
352.9846,0.33041,9.05515,1.54910
352.9866,-0.16042,10.11821,0.56984
353.0066,-0.04789,9.45739,0.27295
353.0289,0.73025,9.75667,0.92419
353.0463,0.21788,10.25468,0.95532
353.0675,0.42379,10.82212,0.62251
353.0899,0.30407,10.22355,0.81884
353.1250,-0.39745,11.39435,0.66800
353.1272,0.23943,10.13736,0.25858
353.1488,0.88349,9.87399,-0.15802
353.1699,0.81405,9.09346,0.20830
353.1897,0.97208,9.06472,-1.30967
353.2118,0.66800,9.12458,0.18196
353.2275,-0.09577,10.29299,-0.89785
353.2635,-0.00479,8.86600,0.33041
353.2701,-0.09098,9.84765,0.88109
353.2873,0.46210,8.74150,0.93377
353.3097,0.18675,10.55396,-0.16999
353.3306,-0.22027,10.46298,0.63209
353.3472,0.62969,9.73512,-0.09817
353.3672,0.58899,10.04877,-0.10056
353.3917,0.78772,9.40232,-0.26816
353.4066,1.63529,9.08388,-0.54589
353.4260,1.04151,9.83329,-1.09418
353.4478,0.39745,10.00328,-0.85954
353.4662,0.78532,10.18764,-1.57543
353.4862,0.26816,10.05356,-1.50121
353.5109,0.37590,9.57710,-0.12211
353.5282,1.34558,9.10064,-0.63209
353.5471,1.15883,8.79417,-0.73265
353.5683,1.01757,9.88836,-0.93137
353.5864,0.12450,9.61301,0.84039
353.6060,-0.49801,10.50847,0.90982
353.6284,0.16999,10.89874,0.24422
353.6474,0.46688,10.40073,1.70712
353.6828,-0.22267,10.49650,1.52515
353.6894,0.11971,10.35045,1.35037
353.7072,0.69673,9.63696,0.43097
353.7279,-0.11014,10.38397,0.72786
353.7499,0.07422,9.82850,0.45731
353.7674,0.43576,9.46217,-0.00239
353.7891,0.38069,9.28021,-0.94813
353.8216,0.00000,9.44541,-0.24900
353.8256,0.45970,9.56513,-0.42139
353.8459,0.22506,10.25468,0.43336
353.8685,0.56744,10.40552,-0.75180
353.8858,1.21629,10.18046,0.11732
353.9074,1.12291,9.42387,1.05109
353.9299,1.35516,9.90751,-0.13647
353.9636,-1.00320,9.33288,2.41582
353.9655,-2.15245,11.64815,3.03115
353.9882,1.44854,8.52122,3.13889
354.0055,4.50842,7.83167,-5.48528
354.0273,4.61616,9.78780,1.44614
354.0480,0.41900,12.50769,4.21871
354.0669,-2.61694,10.49650,6.92185
354.0952,-1.62092,10.64734,3.72310
354.1097,-1.22587,8.15729,1.17319
354.1258,2.21231,11.90673,-3.86675
354.1458,8.47094,13.46780,4.76221
354.1699,4.58982,7.10142,6.84284
354.1874,-3.93858,14.35847,3.57705
354.2081,-0.54829,8.05674,2.96172
354.2292,-0.95532,8.79417,4.31927
354.2482,3.71591,12.16292,-5.02319
354.2660,1.15643,10.10145,0.05986
354.2883,1.51079,10.42946,2.48047
354.3060,0.49083,10.51326,0.53871
354.3259,-0.98884,8.00885,0.80448
354.3676,-0.22267,7.64492,3.23467
354.3859,1.87711,12.39037,0.22746
354.3872,-1.02236,10.62579,3.20115
354.4078,1.52994,10.41270,1.26418
354.4258,-0.42618,9.96976,6.66087
354.4458,-2.61694,10.59945,4.92502
354.4682,-0.28492,9.30176,4.22350
354.4883,-0.90264,9.48851,0.40463
354.5160,-0.07662,8.56193,1.65923
354.5310,0.61054,10.11821,1.58262
354.5455,-0.37111,10.20679,0.98405
354.5656,1.02475,10.13257,-0.20591
354.5882,0.48604,10.86761,-0.10535
354.6057,-0.01676,9.83089,1.09179
354.6257,-0.01197,10.35045,1.05348
354.6548,0.13408,10.06553,0.84997
354.6652,-0.27774,10.01286,-0.16042
354.6857,-0.09338,8.85163,0.68716
354.7081,-0.61772,8.72234,1.72627
354.7274,0.60336,8.85642,-0.44294
354.7476,0.32083,9.41429,-2.20513
354.7725,0.47407,7.76703,-0.53632
354.7901,0.59139,8.42066,-0.11971
354.8060,0.75180,8.90910,-0.74223
354.8279,0.79969,10.01046,-1.24742
354.8475,0.48604,9.87160,0.56744
354.8667,-0.12929,8.73910,2.20992
354.8892,0.97686,9.47415,1.36953
354.9084,0.93377,10.05356,0.21548
354.9394,0.24182,10.82930,-0.89785
354.9482,-0.11014,9.46457,2.12133
354.9667,0.30647,9.87399,1.23305
354.9872,0.19633,9.96497,0.74223
355.0081,0.85476,9.22514,0.60336
355.0270,0.03352,10.72635,0.41660
355.0473,-0.18915,10.76466,0.84518
355.0804,0.41900,10.97775,-0.64885
355.0879,1.01038,10.05117,-0.66800
355.1060,1.06785,10.24750,-0.47646
355.1294,0.88109,10.31693,-0.28492
355.1479,1.49642,10.41510,-1.47487
355.1672,0.74941,10.24989,-1.26178
355.1919,1.09418,9.51964,0.77335
355.2115,1.31685,10.48692,0.09338
355.2255,0.39027,9.66329,1.42699
355.2478,1.06785,10.01046,-0.46449
355.2653,0.75659,9.45739,1.80049
355.2869,-0.25140,10.37200,1.80528
355.3089,-0.16760,10.69762,0.31126
355.3268,-0.24422,10.12060,0.43576
355.3469,0.07183,9.55555,1.94415
355.3676,0.67040,10.44383,0.41182
355.3859,-0.01676,9.37598,0.48364
355.4064,0.05267,9.38077,1.55388
355.4279,0.55068,9.57231,3.63451
355.4469,-0.05986,9.20359,2.30569
355.4667,0.52913,9.14374,1.94894
355.4974,0.93856,9.82850,1.97049
355.5056,0.93856,9.56273,2.25541
355.5255,0.03352,10.94184,0.85715
355.5477,0.59378,9.65372,2.37033
355.5656,-0.36632,10.42228,0.39984
355.5858,0.54350,10.28341,-0.69195
355.6089,0.21070,9.90990,-1.10855
355.6386,0.27295,9.91230,-0.33520
355.6516,0.53392,10.05117,-0.49561
355.6693,0.77575,9.43105,-1.89866
355.6853,1.09418,9.39035,-1.71670
355.7058,0.75180,9.49809,-0.83081
355.7300,-0.55068,10.08469,-1.00799
355.7598,-0.34238,10.00089,-0.31844
355.7784,-0.26337,10.16609,0.65843
355.7881,-0.22985,9.97215,1.58740
355.8054,0.24422,10.41510,-0.90743
355.8270,0.38308,9.05036,-1.88669
355.8477,0.23464,9.39035,-1.08700
355.8664,0.44294,9.46457,-1.15165
355.8856,0.48843,9.11261,-1.38868
355.9161,0.54829,8.60981,0.19154
355.9272,-0.10535,9.38795,0.80926
355.9454,-0.92658,10.70241,-0.02634
355.9679,-1.42220,10.09666,0.18196
355.9904,0.38787,9.35443,0.81405
356.0095,0.97926,9.27063,-0.19633
356.0471,1.07742,9.54358,-1.40544
356.0605,0.74701,9.33767,-0.93137
356.0653,0.25379,9.85244,1.36713
356.0877,0.03591,10.30975,0.47167
356.1053,-0.00239,9.85244,0.79011
356.1258,0.64406,8.83248,-0.66561
356.1482,0.00479,10.16370,0.40942
356.1660,0.15563,9.70160,1.66881
356.2028,0.46210,9.12458,-0.12690
356.2090,0.39506,10.11821,-0.37830
356.2254,0.92419,9.05994,-0.03113
356.2454,0.63448,9.45499,-0.17718
356.2675,0.55787,9.95779,-0.50519
356.2854,0.09817,10.08229,-1.62811
356.3068,0.04549,10.86282,-0.20112
356.3390,-0.11971,11.01366,0.90982
356.3453,-0.46928,9.79258,2.30808
356.3666,0.04310,9.40232,0.55547
356.3882,-0.28252,10.26904,1.37671
356.4053,0.98405,9.15092,0.98165
356.4253,0.21548,9.30176,0.89546
356.4498,-0.38548,9.74949,-0.25858
356.4673,0.05746,9.53400,-0.14605
356.4861,0.50280,9.16528,-0.51237
356.5075,-0.02873,9.95779,1.72867
356.5254,-0.17478,9.09585,1.50121
356.5463,-0.38308,9.95300,0.61772
356.5690,0.05986,9.35922,0.21548
356.5881,0.28252,9.84526,-1.46051
356.6084,0.44773,10.06074,-0.32323
356.6275,0.01197,10.18285,0.97926
356.6452,0.14126,9.36161,3.51958
356.6650,-1.31925,9.48612,4.99925
356.6877,-0.45731,9.05036,3.96971
356.7056,-2.59539,10.64016,2.77496
356.7282,-1.23305,9.43584,3.93858
356.7538,-1.06306,9.44063,3.40945
356.7678,-0.52674,9.77343,1.92979
356.7851,-0.56984,10.14933,0.47885
356.8076,-0.46928,9.44781,0.45012
356.8249,-1.32403,9.82131,-3.93379
356.8451,1.56825,9.32331,-2.64567
356.8690,1.28333,8.81093,-3.79971
356.8923,4.84122,8.72234,-3.16284
356.9055,3.02876,9.47893,-3.33762
356.9279,3.02636,9.47654,-2.62413
356.9473,-1.70951,9.17726,-0.94095
356.9648,-1.77416,10.75748,1.30488
356.9886,0.19154,8.34165,3.02876
357.0063,-0.47407,10.47495,1.11094
357.0365,-0.35196,9.80455,0.33520
357.0478,-0.96968,10.30017,2.76060
357.0646,-0.53153,11.26985,0.91701
357.0853,0.42379,9.90990,-0.52195
357.1075,0.26576,9.41189,0.15802
357.1251,-0.48364,10.93226,-0.01915
357.1467,0.19394,9.00247,0.10056
357.1790,0.12450,9.21796,-1.43417
357.1869,0.15563,9.79498,-0.39266
357.2049,0.39027,9.73991,-1.59459
357.2275,-0.70392,10.21398,-0.86912
357.2452,1.22587,9.07191,-2.92341
357.2651,0.73744,8.98571,-1.93218
357.2873,-0.32802,10.39594,-1.62092
357.3211,0.11014,10.03441,0.15084
357.3270,0.22267,10.58748,-0.67279
357.3475,0.15323,8.96656,2.14048
357.3650,0.43336,8.55953,-0.58181
357.3865,0.44294,9.44063,0.70392
357.4112,-0.04789,9.58668,1.45572
357.4445,0.16042,10.41988,2.81088
357.4491,0.65843,9.27781,2.42061
357.4691,0.10535,10.01525,3.23945
357.4867,-0.10295,10.96578,0.32323
357.5085,-0.72068,10.37439,2.66962
357.5309,-0.96250,10.96578,2.86355
357.5464,-0.67040,9.11740,1.81965
357.5663,-0.20830,9.17247,0.82363
357.6016,0.09338,9.25627,1.63529
357.6050,-0.38308,9.04796,-0.07662
357.6250,-0.45491,8.66727,0.94813
357.6475,-0.06943,9.03360,1.19474
357.6665,-0.03113,9.00726,0.02634
357.6864,0.08619,9.54358,-0.91701
357.7091,0.21788,9.04796,0.53871
357.7256,0.87870,9.16289,-1.71670
357.7460,0.61772,8.86839,-0.82842
357.7708,-0.07422,9.85244,-0.89067
357.7853,-0.15563,10.46537,-0.58660
357.8062,0.37351,9.96737,-0.50759
357.8286,0.28013,9.98173,-1.08461
357.8464,0.23943,10.59227,-0.42379
357.8738,0.30886,10.60903,0.22267
357.8885,0.23464,10.62819,-1.66881
357.9057,0.35435,10.93226,1.04630
357.9256,0.66800,9.81653,2.06626
357.9496,0.50759,10.35045,1.08940
357.9660,-0.45491,10.39115,2.06386
357.9873,-0.59617,10.99690,2.78454
358.0206,-0.62491,10.73114,1.35037
358.0255,-0.89546,11.06634,1.64966
358.0459,-1.29770,10.42467,0.84278
358.0683,-1.08461,9.82131,1.00081
358.0863,-0.62730,10.80057,1.27854
358.1063,-0.31126,9.00726,1.52276
358.1288,-0.28492,9.98173,1.13010
358.1478,0.87391,9.36401,-0.18196
358.1658,0.44534,9.83089,-1.03433
358.1881,0.11732,9.32809,-0.28731
358.2057,0.18436,9.37598,-0.94095
358.2259,-0.06943,8.99290,1.00320
358.2498,0.46449,9.98652,1.20432
358.2669,0.27534,8.59545,2.75102
358.2960,-0.01437,9.23951,2.31526
358.3079,1.07742,8.47573,1.64966
358.3257,0.05267,8.71277,1.71909
358.3457,-0.43336,9.94342,2.61934
358.3686,-0.31126,9.07430,3.75422
358.3863,-0.62730,8.90670,1.20432
358.4083,-0.17478,9.15331,-0.01676
358.4376,-0.20112,10.26904,1.50121
358.4456,-0.38548,9.64653,2.18118
358.4659,0.07901,9.24669,2.37751
358.4877,0.92898,8.88994,1.02954
358.5057,0.33520,9.89554,0.19154
358.5268,-0.53153,11.11183,-0.11253
358.5491,-0.03113,10.38636,-0.32323
358.5844,-0.18196,10.32651,1.66402
358.5879,-0.02394,10.23313,0.83560
358.6084,0.73025,9.88357,0.07183
358.6255,-0.03591,10.12299,0.61054
358.6455,-0.53871,9.99131,1.16841
358.6681,0.60815,9.24908,2.01119
358.6882,0.05028,8.73192,1.98007
358.7079,-0.52435,10.43904,1.30967
358.7284,-0.46928,9.15331,2.06147
358.7457,-0.23943,9.75667,0.84518
358.7672,-0.23464,9.60344,0.55787
358.7917,-0.56265,9.48612,0.52195
358.8096,-0.65843,10.27862,-0.57702
358.8482,-0.05267,10.18764,-1.45093
358.8611,0.17478,10.13496,-2.07823
358.8675,-0.16760,10.03201,-0.40703
358.8860,-0.30886,9.20120,0.41421
358.9084,-0.04070,9.80216,-0.28731
358.9268,0.02873,8.98811,1.74303
358.9473,0.49083,8.86361,1.87711
358.9713,-0.56984,10.41510,0.99602
358.9962,0.79729,8.86361,1.77416
359.0113,0.93856,8.94501,0.90025
359.0289,0.21309,9.32570,1.28333
359.0464,0.64645,8.29616,2.19316
359.0665,0.17957,8.55953,2.32724
359.0904,0.60815,8.08547,1.47008
359.1079,0.32562,8.51883,1.64726
359.1358,0.04070,9.82610,1.43656
359.1488,-0.36872,9.74470,1.41023
359.1663,0.30407,9.56752,0.36393
359.1866,0.56505,9.90033,0.26337
359.2103,0.05507,10.32651,0.38787
359.2307,0.16281,9.99849,1.46051
359.2491,0.61533,10.09666,0.92419
359.2775,0.33999,10.13257,0.57223
359.2890,0.40942,9.76864,0.80208
359.3073,0.97926,9.28979,1.10376
359.3304,0.68955,9.93863,1.01038
359.3490,0.07901,9.93145,1.06306
359.3694,0.27295,9.01684,1.37192
359.3919,0.73025,9.28260,1.51797
359.4107,0.41182,9.53161,-0.24661
359.4272,0.38787,9.99610,0.28252
359.4547,-0.25379,10.56115,0.11493
359.4672,0.96968,9.39753,-0.43336
359.4891,0.24661,10.99930,-0.77814
359.5134,0.17718,11.01127,-0.56744
359.5471,0.47885,11.02324,-1.16601
359.5598,0.33280,11.44224,-1.16601
359.5695,0.43815,10.45101,-1.43178
359.5876,0.28013,11.65772,-0.88349
359.6075,-0.05028,10.69523,-1.03912
359.6337,0.24182,10.71199,-1.18756
359.6514,0.21070,10.77424,-1.74543
359.6698,0.45012,9.73752,-1.49882
359.7009,0.57463,9.81892,-1.61374
359.7086,0.31604,10.02243,-1.34798
359.7291,0.35196,9.38316,-1.97288
359.7515,0.56265,9.21078,-0.68237
359.7691,0.40942,9.56273,-1.75740
359.7893,-0.08619,9.52203,-1.95852
359.8131,0.02155,9.76385,0.56744
359.8334,1.14925,8.24588,-0.92180
359.8492,0.39984,9.28979,-1.17559
359.8696,-0.28252,9.98173,0.61772
359.8872,-0.08859,10.20919,1.41980
359.9073,-0.12450,9.98891,1.62332
359.9318,0.55787,9.21317,2.17161
359.9494,-0.05986,9.60822,2.73666
359.9840,-0.61293,11.05676,2.31287
359.9907,0.37830,10.24989,0.69195
360.0095,0.45012,10.90832,-0.26337
360.0286,0.25140,11.20042,-0.19394
360.0509,-0.19633,10.64255,-1.34319
360.0684,0.21548,10.56833,-1.60416
360.0905,0.27774,9.53400,-3.11974
360.1184,0.53153,9.22514,-2.04711
360.1314,0.91222,8.97374,-3.05270
360.1483,0.69913,9.17247,-1.69754
360.1706,-0.21309,8.95938,-0.05507
360.1874,0.25858,8.84924,0.25379
360.2071,0.05028,9.09585,1.26897
360.2293,-0.02873,10.00328,1.48924
360.2467,-0.02634,9.79977,-0.05746
360.2671,-0.00239,9.94582,0.23224
360.2892,0.65124,9.65611,-0.17478
360.3068,0.11732,9.44781,0.84518
360.3269,0.40703,9.68005,1.09418
360.3488,0.30886,10.06074,1.27136
360.3674,0.68716,9.23951,2.11893
360.3912,-0.29210,10.50608,1.53234
360.4116,-0.19872,10.13975,1.28094
360.4274,-0.05028,10.28341,1.26418
360.4474,0.16520,9.35683,1.49882
360.4709,0.60575,9.21796,-0.40703
360.4872,0.68476,9.21078,0.09577
360.5068,1.19474,9.52443,-1.36953
360.5296,0.61772,10.34087,-1.69754
360.5502,0.08619,9.42147,-1.58980
360.5674,0.64406,9.96976,-1.43896
360.5899,0.83081,10.45819,-1.88190
360.6072,1.17319,9.45978,0.14366
360.6273,1.07503,9.28739,-2.20992
360.6497,0.87630,9.56752,-2.37033
360.6770,0.09577,10.86282,0.57941
360.6875,0.40703,9.62738,0.24900
360.7097,0.63209,9.36640,2.50681
360.7275,-0.28492,8.63615,2.32484
360.7474,-0.16042,9.85005,2.93778
360.7709,0.75899,10.32172,0.50759
360.7875,-0.12450,10.15172,0.67279
360.8075,-0.61293,11.08789,-0.71589
360.8299,0.73265,9.62738,0.27055
360.8471,0.29450,10.13975,-0.18675
360.8695,-0.38069,9.79498,0.61293
360.8898,-0.61772,9.71597,0.57463
360.9085,0.98884,8.64812,-0.12211
360.9278,0.90264,8.31532,-0.69434
360.9506,1.34319,8.76065,-0.72307
360.9673,1.33361,9.75906,-1.28573
360.9879,1.22108,10.20440,0.64885
361.0097,0.20830,9.49569,-1.19953
361.0278,0.75899,9.87160,-0.00718
361.0475,1.14686,8.80375,-2.37512
361.0696,1.23305,12.07193,-0.88349
361.0909,0.00000,6.54595,-3.85957
361.1092,3.95534,9.47654,-1.57064
361.1318,1.50600,9.42626,-0.26098
361.1477,-3.99126,10.74072,3.45973
361.1672,-1.71670,11.93785,5.04713
361.1898,-1.18517,9.88117,4.72151
361.2084,-0.86433,9.27303,1.79331
361.2266,-0.05267,10.53241,0.84039
361.2498,0.79729,8.27940,0.02155
361.2678,-0.38308,9.45978,-3.95055
361.2878,1.60177,8.17405,2.61934
361.3097,2.32963,11.38957,-2.63849
361.3279,0.50040,10.59467,4.38871
361.3489,1.21869,8.91628,1.01038
361.3719,1.84838,8.04955,2.27456
361.3910,0.42139,9.31612,4.54673
361.4095,0.03591,9.16289,4.08463
361.4333,1.46530,10.13257,0.67997
361.4494,-0.42139,8.49968,1.75021
361.4696,0.11732,9.39992,0.92419
361.4925,0.57702,9.94103,1.39586
361.5102,0.09338,10.06314,1.61135
361.5282,1.36234,9.79498,-0.96010
361.5500,1.44614,9.93863,-3.07664
361.5676,1.63529,9.61301,-0.12929
361.5897,1.23784,9.42626,0.20591
361.6117,0.62969,10.07990,1.48206
361.6296,0.24422,9.84526,1.91781
361.6491,-0.40942,9.97215,2.40864
361.6719,-0.30168,10.17806,0.54589
361.6879,-0.11253,8.59305,1.70712
361.7080,0.02873,8.94980,0.04070
361.7304,-0.60575,11.29379,1.48445
361.7477,0.15323,8.75107,0.55308
361.7678,-0.39745,10.30496,-0.28731
361.7936,-0.18675,10.75987,-0.79011
361.8075,-0.02634,9.94103,-2.63370
361.8277,1.07503,9.53400,-0.74941
361.8502,0.51716,9.48612,0.42379
361.8679,1.24742,9.00008,-1.30727
361.8894,1.24981,9.88836,-2.48765
361.9101,0.81166,9.34725,-1.04869
361.9282,0.10774,9.68005,-1.32164
361.9478,1.36474,7.94420,0.86194
361.9705,1.28094,9.25627,-1.12291
361.9878,0.79969,10.31214,-2.27935
362.0078,0.77335,10.07032,-0.63688
362.0298,0.80687,10.27144,-1.29530
362.0489,0.28252,10.11821,1.66642
362.0739,0.36393,9.58428,0.86194
362.0910,0.88109,9.61541,-0.77575
362.1081,0.18915,9.83568,0.20591
362.1283,0.70392,8.37757,2.38949
362.1507,0.38787,9.96018,1.22826
362.1682,-0.15563,10.43425,2.27456
362.1883,-0.45491,9.66808,0.99123
362.2171,-0.05507,10.09187,2.18837
362.2276,-0.72547,9.89793,1.99204
362.2480,0.28013,9.24430,2.00880
362.2704,0.47407,9.49809,0.22746
362.2879,0.44534,9.77343,-0.50280
362.3082,0.79011,9.73991,-0.64885
362.3309,-0.10056,10.79818,-0.38787
362.3503,0.40942,10.64255,-1.07503
362.3679,1.70951,10.11102,-2.73666
362.3898,1.23066,10.71438,-1.32403
362.4077,1.03433,10.20919,-0.34717
362.4281,0.41421,10.78621,-0.96010
362.4513,0.49322,10.66649,-1.03433
362.4714,0.90504,10.19722,-0.55068
362.5002,1.26418,10.18285,0.87870
362.5099,1.07982,9.92188,-1.35277
362.5290,0.62251,9.64653,-2.77736
362.5478,0.92658,10.06793,-2.69595
362.5701,0.55308,9.13655,-0.39027
362.5930,0.32323,9.40232,-0.49083
362.6115,0.39984,9.69681,-1.13489
362.6317,-0.05507,9.53400,-0.62251
362.6476,0.54350,10.58509,0.73504
362.6705,0.32083,10.38397,0.99602
362.6916,0.38787,9.52203,0.59857
362.7076,0.50040,9.67287,1.66881
362.7278,0.39984,8.87797,2.74384
362.7516,0.20351,9.37598,0.63209
362.7724,-0.35435,10.59706,-0.90264
362.7875,0.06225,8.87797,0.75420
362.8096,-0.56265,9.59625,1.42699
362.8272,0.35196,9.40711,-0.67758
362.8473,0.88588,9.62259,-2.05668
362.8698,0.06704,10.31214,0.44294
362.8872,0.50998,10.45819,-0.87152
362.9098,0.19394,10.22595,0.04549
362.9309,0.13887,8.86839,1.39586
362.9470,0.03591,10.54918,1.14686
362.9672,0.17718,10.51087,-1.16601
362.9893,0.08859,9.09824,-0.18675
363.0071,0.72786,10.10863,0.20591
363.0268,0.77096,9.12219,0.24900
363.0494,0.33280,9.75428,-0.92180
363.0667,1.24742,9.05036,-0.83321
363.0868,1.28573,9.43823,-0.25379
363.1093,0.10774,9.19402,-0.21788
363.1275,0.22267,9.63935,-0.79969
363.1470,0.87391,9.58428,1.13967
363.1692,0.27055,10.76227,-1.89148
363.1913,0.80687,9.45020,1.75021
363.2066,0.12211,9.13416,2.71750
363.2289,0.42858,10.05356,1.40305
363.2466,1.57304,9.90272,-0.38069
363.2664,0.69195,8.92586,1.05109
363.2896,-0.14605,10.69523,-0.16760
363.3080,-0.25379,8.46376,3.43100
363.3279,-0.57941,9.72794,2.83003
363.3495,0.02394,8.64094,3.30410
363.3668,0.11732,10.75269,0.69673
363.3864,-0.39984,9.52203,-0.56505
363.4108,-0.39506,9.98413,1.98007
363.4262,-0.31604,9.76385,1.14686
363.4468,-0.64167,10.64973,0.33520
363.4755,0.01676,10.47735,0.47167
363.4872,1.07503,10.00089,0.47885
363.5072,1.12770,9.77104,0.84518
363.5300,1.15883,9.12219,-1.05348
363.5478,1.31925,10.04398,1.05827
363.5676,1.55867,8.92825,0.19154
363.5914,1.74543,10.78381,-3.72070
363.6085,0.68955,8.64094,0.09577
363.6285,-0.10295,10.58748,2.04471
363.6553,1.55628,11.02085,-1.65923
363.6685,-0.14605,9.60583,1.28573
363.6900,0.37830,9.42626,1.26657
363.7124,0.97686,10.05117,-0.17478
363.7389,0.00479,8.73431,1.26657
363.7537,-1.10137,9.56992,2.04711
363.7707,-0.33999,10.10863,0.90743
363.7883,0.46449,9.16528,-1.00081
363.8082,0.96010,8.11659,-0.78532
363.8305,-0.02155,9.59386,0.76617
363.8485,0.46928,10.13018,0.38548
363.8766,0.65603,9.90751,-1.55867
363.8941,0.93377,8.61939,-1.12770
363.9100,0.97208,11.07592,-2.07823
363.9300,1.18517,9.45020,-1.52755
363.9538,0.65124,10.44383,-0.95771
363.9720,0.49083,9.94342,0.69195
363.9916,-0.23224,9.98173,-0.00239
364.0124,-0.10295,8.38715,-0.05028
364.0323,-1.60895,10.79339,-0.06465
364.0480,-0.64167,8.97135,3.27537
364.0706,-1.83641,9.65132,2.70314
364.0893,0.13887,8.44940,0.50040
364.1098,0.50759,9.64174,-0.00239
364.1315,-0.35435,9.19162,-1.08700
364.1493,-0.44055,9.52443,-0.40703
364.1758,0.21309,8.82530,1.06785
364.1909,-0.08619,9.95300,1.54431
364.2090,-0.46449,11.03282,-1.86275
364.2292,0.38548,9.16289,-0.04789
364.2509,1.29530,8.38954,-0.02155
364.2685,0.21070,9.70878,0.31126
364.2911,0.92419,10.15891,-1.14686
364.3121,1.19714,10.68086,0.22746
364.3297,0.54111,9.86681,2.47807
364.3497,0.69195,10.46059,1.11573
364.3720,0.91940,10.08229,0.24661
364.3896,0.78532,11.17408,0.62251
364.4097,0.40942,10.40312,1.84120
364.4318,-0.07183,10.68565,0.10774
364.4499,0.44294,9.78061,1.32643
364.4716,-0.11253,11.12859,0.92898
364.4919,0.08380,10.02962,-1.32882
364.5092,0.71110,9.86441,-1.66163
364.5296,1.10376,9.59625,-0.06465
364.5523,0.90982,9.98891,-1.69515
364.5710,1.09179,8.83248,-1.15404
364.5958,0.14605,8.92107,-1.43896
364.6118,0.38548,7.77182,0.05507
364.6296,-0.55787,8.18603,-0.75659
364.6494,0.98644,9.48851,-0.55308
364.6724,2.76778,8.58348,-5.67204
364.6907,4.66884,10.78142,0.33280
364.7095,-3.00242,11.02324,-2.08781
364.7323,-2.14527,11.08310,0.19394
364.7502,-1.22826,10.28580,1.62811
364.7697,-0.65603,9.88357,3.24664
364.7917,-0.41182,8.97374,1.61853
364.8095,-1.18756,10.41031,-0.31604
364.8296,0.16520,12.68726,0.26098
364.8521,1.17559,8.13814,2.57624
364.8736,1.50839,11.68167,-0.66082
364.8893,1.18756,10.73114,1.88669
364.9133,1.73345,12.64417,-0.55787
364.9295,-1.55149,8.50686,-1.82444
364.9488,1.84838,10.33848,1.62092
364.9709,-2.76539,12.47417,-3.82366
364.9888,1.86993,6.60820,-2.58103
365.0089,5.78936,7.89632,0.36154
365.0311,1.74543,11.75589,-2.14527
365.0491,-1.10855,9.35204,0.87152
365.0693,-1.99922,9.42147,-0.19872
365.0916,-0.48843,10.87958,0.44534
365.1098,0.73504,8.83009,-0.08380
365.1309,1.65205,9.69921,0.78053
365.1643,-0.25858,9.01444,0.74223
365.1707,1.17319,9.83808,-0.19394
365.1909,0.96250,12.58910,3.39987
365.2115,0.65124,9.58189,3.28255
365.2291,-0.05746,10.49411,-1.89387
365.2513,1.22347,8.70079,-0.16281
365.2723,0.48843,10.22595,-1.24981
365.2911,0.91701,8.83966,-0.59617
365.3101,-0.16520,9.94103,-2.05908
365.3324,-0.31365,8.00885,1.28812
365.3491,-0.10774,8.79417,0.46688
365.3695,0.08859,9.16050,-0.79250
365.3917,0.32083,8.91628,-0.03591
365.4093,0.38548,8.32250,0.01197
365.4297,0.11971,9.66569,0.01915
365.4520,0.05986,9.62738,0.51237
365.4695,-0.80687,9.93863,-0.07422
365.4894,0.31126,8.87318,0.51477
365.5120,-0.01676,10.35284,-0.47885
365.5295,0.25619,10.11821,-1.34079
365.5497,0.03113,10.70720,-0.32562
365.5764,-0.43336,11.05197,0.50519
365.5896,0.19633,10.23792,-0.17239
365.6100,0.27774,10.44143,-0.15323
365.6320,0.24422,10.34566,0.41660
365.6516,0.45252,9.22514,0.92180
365.6716,-0.22746,10.53241,-0.52674
365.6938,0.48125,10.81973,-0.05267
365.7233,0.73025,9.68484,0.73025
365.7376,0.05746,10.73353,0.27534
365.7520,-0.28731,10.38876,0.06225
365.7696,-0.00239,10.57072,0.22506
365.7899,0.67758,9.78540,0.48364
365.8123,0.07662,10.76466,-0.55068
365.8384,1.19714,9.47175,0.63209
365.8519,0.85715,9.10064,0.52913
365.8722,1.12052,10.79818,-2.61455
365.8896,0.99841,9.90512,0.32562
365.9109,1.18756,9.41429,1.08700
365.9349,0.48125,9.52443,-1.28812
365.9531,0.53392,8.75586,0.06465
365.9726,0.87630,9.34485,-0.55308
366.0020,0.41660,9.47415,-0.12690
366.0126,0.13647,9.54358,-0.39027
366.0325,1.15883,9.23711,-0.56744
366.0533,0.67997,9.07191,-0.77814
366.0724,1.07264,9.35922,0.12450
366.0949,1.45572,9.27781,-0.58181
366.1151,1.07742,8.63854,0.43336
366.1353,0.18196,10.04159,1.12531
366.1520,0.60336,9.57949,-0.60815
366.1732,1.37910,8.32968,-0.48843
366.1906,0.76377,9.48851,0.88828
366.2124,-0.01676,10.75269,-0.41182
366.2357,0.32083,10.09666,0.72547
366.2534,0.51477,9.17965,-1.07503
366.2856,0.79490,9.34964,-1.63050
366.2929,0.22985,10.16370,-0.14366
366.3104,0.00239,8.97374,0.25619
366.3307,-0.11971,10.41510,-1.47008
366.3532,-0.47646,10.94423,-0.25140
366.3708,0.25619,10.58748,0.16281
366.3907,-0.12690,10.88437,-0.77335
366.4129,-0.38069,10.41988,-0.42139
366.4308,0.78772,8.62897,0.28492
366.4516,0.82842,10.62819,-0.09577
366.4730,0.01197,11.20281,-0.46210
366.4906,0.10774,10.46537,0.01915
366.5105,0.25379,10.41749,-0.18915
366.5340,-0.31604,10.58270,-0.86194
366.5592,0.76617,9.56992,-0.49561
366.5704,0.30647,9.96737,0.46688
366.5930,0.44055,8.59545,-0.59139
366.6106,1.01278,9.72794,-0.73983
366.6318,1.72627,9.66808,0.19394
366.6532,0.20830,9.46457,0.05028
366.6716,0.94095,11.33929,-1.56825
366.6996,0.77335,9.71836,-0.32802
366.7137,-0.00239,9.33528,-2.53554
366.7324,0.55547,10.69523,-0.95771
366.7534,0.41182,9.52443,-0.45252
366.7770,0.76856,9.19162,-0.41421
366.7947,0.34717,10.42946,-1.93218
366.8410,1.04151,8.56672,-1.76937
366.8410,0.42379,9.85723,-2.91383
366.8562,0.23703,10.33130,-1.79331
366.8712,0.53392,9.72794,-1.03433
366.8935,0.38069,9.90990,-0.17718
366.9114,-0.39984,10.39834,-2.07344
366.9317,-0.25619,8.70558,0.36154
366.9538,-0.28971,10.74311,-0.20351
366.9821,-0.44773,10.29299,-0.65364
366.9913,-0.14126,10.15891,-1.17798
367.0140,0.71349,9.15571,-0.78532
367.0326,0.64406,8.90910,-0.54350
367.0517,0.63209,8.87079,-0.53871
367.0753,0.37111,8.88755,-0.67758
367.0940,0.09577,9.65611,0.33280
367.1132,-0.19154,8.83009,1.26897
367.1338,0.04310,9.71118,1.77655
367.1533,-0.01197,10.64734,2.19555
367.1733,-0.08380,10.29538,1.13489
367.1952,0.71110,10.25229,1.53473
367.2129,0.51477,11.20760,0.74701
367.2333,0.43815,10.30735,1.57543
367.2671,1.44135,9.56273,0.77814
367.2717,-0.40703,8.97853,1.58262
367.2916,-0.39745,10.14215,0.48604
367.3138,-0.64406,10.07990,2.01119
367.3342,-0.74462,9.84765,0.38069
367.3531,-0.27534,9.34485,-0.41182
367.3752,0.04310,9.68484,-1.00320
367.3939,0.09817,10.46537,-0.33280
367.4118,0.60096,9.75906,-1.56346
367.4338,0.48604,9.03360,-1.35037
367.4530,0.68476,10.39115,-2.80370
367.4731,0.76138,9.49091,-1.26178
367.4954,-0.07422,9.17486,0.04310
367.5131,0.31604,9.38556,0.40224
367.5329,0.56505,9.75667,-0.45491
367.5534,0.41660,8.97614,-0.90504
367.5751,0.81166,9.50288,-0.59139
367.5929,0.95292,8.40630,-0.17478
367.6154,1.18756,9.08627,-0.75899
367.6332,1.01038,8.97374,-0.33999
367.6539,0.41182,10.72396,0.12690
367.6753,0.62012,10.22595,0.81166
367.6921,0.13647,9.31612,1.95373
367.7114,0.10295,10.26186,0.38308
367.7336,0.11253,10.98254,-0.16999
367.7537,0.22027,9.81413,-0.62491
367.7726,0.08859,10.42228,-0.41182
367.7954,-0.34717,10.11821,-1.35516
367.8286,0.39027,9.98173,-1.02475
367.8317,1.28333,10.69044,-1.66402
367.8584,0.16760,10.36721,-1.38389
367.8716,-0.41182,10.86043,-1.60656
367.8936,0.02155,10.59706,0.97208
367.9138,-0.41421,10.45101,-1.92979
367.9460,-0.07662,9.14613,0.13169
367.9591,-0.10056,9.94342,0.77096
367.9730,0.16281,9.34485,0.61293
367.9910,0.46210,10.09905,-0.39266
368.0111,-0.01915,9.22275,1.24023
368.0339,-0.04070,9.05994,0.78772
368.0540,-0.09577,9.25627,0.15563
368.0725,-0.10056,9.98891,0.02634
368.1026,0.39027,9.54597,1.76458
368.1113,-0.18196,10.35524,1.30727
368.1325,-0.33999,10.29538,1.81725
368.1546,0.78772,9.53879,1.85077
368.1740,0.75659,10.28102,0.95771
368.1939,-0.00239,10.01765,-0.04070
368.2184,0.86912,9.79977,1.15643
368.2355,-0.15563,9.34246,2.33681
368.2525,0.16042,9.05754,0.74941
368.2744,1.08461,8.79657,2.61455
368.2921,0.89306,9.43823,0.22267
368.3122,0.80208,9.39753,-1.04869
368.3358,0.46688,10.31932,0.24182
368.3538,-0.61772,10.04638,1.12291
368.3875,0.23224,10.20201,0.30407
368.3954,0.28731,9.50767,1.03193
368.4133,0.30407,10.39834,0.81166
368.4329,-0.16760,10.64734,1.49642
368.4557,-0.56026,10.55157,-0.07422
368.4733,0.05028,10.84128,-0.39506
368.4942,-0.10535,9.96976,1.31685
368.5269,0.05986,10.70001,0.64885
368.5363,0.49083,9.17247,-0.38548
368.5533,0.53871,9.01923,0.20351
368.5754,0.68237,9.70160,-0.43097
368.5933,0.06943,10.07511,0.01915
368.6134,0.10535,9.41429,-0.35435
368.6398,1.14686,9.23472,0.21309
368.6570,0.30407,10.19722,0.42618
368.6744,-0.55068,10.08469,-0.87152
368.6962,0.25619,9.64174,1.06066
368.7139,-0.48125,10.63058,1.83641
368.7353,-0.38308,9.13176,1.41741
368.7577,0.08380,9.59386,0.91940
368.7762,0.38787,10.09666,1.31685
368.8101,-0.00718,10.34566,1.89866
368.8163,-0.10056,10.33130,0.25858
368.8340,-0.45252,10.49889,0.12211
368.8554,0.69434,9.83329,0.56026
368.8764,1.00320,9.65850,-1.72867
368.8941,0.74941,9.33288,-0.75899
368.9156,0.58660,8.87558,-0.61293
368.9475,0.66800,9.74949,-0.94334
368.9538,0.71589,9.26824,-1.48684
368.9741,0.42858,10.68086,-1.15883
369.0002,0.29450,10.49171,-1.46769
369.0174,0.87630,10.64973,-2.29850
369.0377,0.33759,10.67368,-2.03034
369.0863,0.44773,8.98092,0.04310
369.0864,1.22108,10.56594,0.62012
369.1000,0.00000,10.73832,0.06465
369.1174,0.71349,9.96497,-0.02155
369.1349,2.13809,9.31852,0.35435
369.1561,1.34798,10.02004,-1.39107
369.1768,-0.07183,10.66889,-1.63050
369.1962,0.41421,9.81892,0.36154
369.2153,-0.62969,8.77502,1.04390
369.2374,-1.09658,10.55875,-0.60815
369.2559,0.54829,9.24430,-0.46210
369.2765,0.66321,8.61460,1.07742
369.2986,0.98644,9.27542,-1.52276
369.3165,0.68476,10.70959,-0.18675
369.3365,0.52195,11.03282,1.12291
369.3710,-0.18915,11.00648,1.80528
369.3746,-0.62969,9.96018,-0.09098
369.3949,0.13647,9.52443,-0.47646
369.4174,0.92419,9.44302,0.08141
369.4348,0.13647,9.68484,1.07503
369.4553,0.67279,8.66488,-0.26816
369.4778,0.29450,9.94103,0.16999
369.4987,0.84757,10.60185,-0.59617
369.5168,0.71589,9.37359,0.01915
369.5377,0.55068,10.26665,2.32724
369.5553,-0.74701,10.55157,1.12052
369.5773,-0.59139,10.59467,0.60815
369.6003,-0.16281,10.04638,2.42779
369.6194,-0.72547,10.19482,1.75021
369.6496,-0.13169,9.54837,0.36154
369.6594,-0.76856,10.54918,1.38629
369.6770,-0.05267,10.63537,0.84518
369.6992,0.03831,10.22116,-0.04789
369.7196,0.74701,10.01046,-0.71349
369.7371,0.78772,10.04398,-0.52674
369.7763,0.83800,9.51485,-0.12450
369.7964,0.66321,9.38316,-1.87951
369.7976,0.08141,9.27781,0.29928
369.8169,0.24661,9.17486,0.16042
369.8391,0.35914,9.20599,-0.13887
369.8570,-0.08380,8.76305,0.47407
369.8772,0.53632,9.04796,0.31844
369.9038,0.27774,9.72315,-1.52755
369.9233,0.22027,9.16768,-0.46928
369.9392,-0.34238,9.73512,0.08141
369.9615,-0.90743,10.44622,1.17080
369.9788,-0.45252,10.14215,0.39745
369.9991,-0.36872,9.90990,1.06306
370.0214,0.62491,10.17088,0.17957
370.0405,0.80926,9.91230,0.03113
370.0716,0.45731,10.40791,-0.15563
370.0812,0.42379,10.21877,0.17239
370.0988,-0.11971,9.45978,-0.16281
370.1184,1.02236,8.50925,-0.71110
370.1425,0.84997,9.01684,-0.09338
370.1603,-0.62730,9.07191,1.04630
370.1820,-0.20351,9.21078,-0.55308
370.2121,0.13887,9.25387,1.83401
370.2242,-0.81884,9.61301,0.24422
370.2386,-0.33280,9.40232,-0.86194
370.2609,0.28013,9.63696,1.65923
370.2787,0.10056,9.80695,-0.06225
370.2989,-0.28731,10.11342,-0.03352
370.3244,0.16999,10.09426,0.70631
370.3470,-0.08859,10.11821,0.77096
370.3581,0.39984,10.75748,1.58262
370.3811,0.02873,10.51805,0.71589
370.3985,-0.30407,10.77663,0.20351
370.4187,0.39984,10.13257,1.15165
370.4417,0.36154,10.22116,-0.09338
370.4589,0.17478,10.72875,-1.15165
370.4781,-0.00239,12.54839,1.50600
370.5010,0.74701,10.84128,0.10295
370.5186,0.81405,11.26985,-3.05749
370.5384,-0.28013,12.13418,-0.43815
370.5611,-0.77096,9.92666,2.14527
370.5784,1.03433,10.77424,-1.83401
370.6014,0.12929,9.77582,-1.81247
370.6365,-0.51237,10.18285,0.92898
370.6412,0.63688,8.28658,2.35836
370.6601,-0.65364,11.64815,-2.12851
370.6833,-1.97288,11.15971,1.57064
370.6992,-1.23066,10.29059,-0.33999
370.7191,0.80687,8.30095,0.19154
370.7427,-0.03591,9.63456,-0.55068
370.7743,0.58899,8.70798,0.42379
370.7781,0.35435,10.71917,0.64885
370.8015,-0.87152,9.09346,3.06228
370.8185,-0.31365,8.58108,-0.79250
370.8392,0.08141,10.69762,-1.31206
370.8615,-1.04869,9.96497,1.28812
370.8813,-0.59617,10.16370,0.40463
370.9142,-0.13169,10.05835,-0.75180
370.9221,-0.60575,10.30496,-0.29689
370.9384,-0.24661,8.36560,2.15964
370.9588,-0.05507,8.84206,1.03672
370.9809,0.17718,8.16448,-0.18436
370.9992,0.16042,7.93702,1.05348
371.0201,0.52195,9.15331,0.82842
371.0429,-0.04070,9.49330,0.75899
371.0586,-0.25619,10.01525,0.30647
371.0785,0.02394,10.28820,0.39506
371.1009,0.06943,10.06793,0.14366
371.1214,-0.29689,9.71118,0.57223
371.1403,-0.06943,9.98891,1.87711
371.1706,0.07183,9.75188,0.48364
371.1888,0.25140,10.79578,-0.22267
371.1987,0.82363,9.11979,-0.33999
371.2208,-0.46210,9.98652,0.15802
371.2386,0.57223,10.11581,-0.51956
371.2584,0.83560,8.44221,0.02155
371.2821,0.04789,10.27144,-0.60575
371.3002,-0.18436,9.87638,1.23305
371.3242,1.04151,7.93463,-0.12690
371.3406,-0.00718,12.00250,1.85317
371.3584,0.16042,10.52763,-1.51797
371.3781,-0.05028,10.20201,0.09098
371.4012,-0.10056,10.41031,1.59459
371.4187,0.78532,9.38795,-0.33041
371.4581,1.51318,10.31454,0.68476
371.4722,1.89148,11.73434,0.19872
371.4785,1.32164,10.99930,-0.45012
371.4984,0.47646,9.96976,2.66722
371.5206,0.18675,9.96497,0.48604
371.5410,-0.38308,10.69283,1.51079
371.5601,-0.12450,9.90272,-0.36393
371.5822,0.37830,8.97853,2.37273
371.6000,0.06225,10.64016,0.80208
371.6186,-0.87870,9.58189,1.18277
371.6409,-0.50040,10.95620,0.63688
371.6584,-0.66561,9.56992,0.48364
371.6788,-0.17478,9.14613,-1.12770
371.7023,0.14605,9.28739,0.36632
371.7202,0.21070,9.37359,-1.74064
371.7446,-0.57941,8.80614,-0.73265
371.7615,0.03591,9.39753,-1.01278
371.7782,0.15323,8.77023,-0.10774
371.7981,-0.23224,11.64336,-0.83560
371.8204,0.13647,9.20838,-0.42858
371.8384,0.91940,9.47175,-0.60096
371.8582,-0.32323,8.67446,0.74462
371.8878,-0.29210,9.72315,1.14446
371.8987,0.25619,8.84445,1.01757
371.9180,-0.10056,9.86681,-0.74701
371.9408,-0.12450,9.17007,1.26897
371.9599,-0.08380,9.55555,-1.02475
371.9800,0.87152,9.14134,-2.02077
372.0044,0.72307,9.61062,0.85476
372.0211,0.46210,10.39594,-0.73983
372.0392,0.97926,10.75269,-1.60177
372.0609,1.56346,9.96497,-0.75420
372.0780,1.05109,9.77343,0.05986
372.0981,1.84838,9.08388,-0.05746
372.1204,1.63768,9.31612,-0.55308
372.1380,0.62491,9.97694,0.19633
372.1675,0.63448,9.39992,0.16042
372.1809,0.14126,10.45580,0.33280
372.2003,-0.26098,9.76864,-0.00958
372.2184,-0.35675,10.87001,-0.23224
372.2422,0.16760,10.13257,-0.90743
372.2587,0.12690,10.36482,0.18915
372.2820,0.63448,11.19084,-1.03672
372.3027,0.37590,10.83649,0.54111
372.3181,1.13967,10.61143,-2.32724
372.3421,1.72388,8.44940,-1.32643
372.3608,0.39027,10.56115,0.21309
372.3783,-0.03352,10.20679,-0.19633
372.3995,0.01915,9.52921,-0.53632
372.4226,0.46928,8.62657,0.22746
372.4495,0.43815,8.48531,-0.03831
372.4633,0.74223,8.62657,1.28573
372.4803,-0.00718,11.75589,-0.62491
372.4980,1.04630,9.74709,-0.65124
372.5187,0.42379,9.99131,0.94095
372.5414,-0.45252,8.83009,1.30249
372.5628,-0.86912,11.05437,0.67758
372.5938,-0.57463,10.44143,1.15643
372.6008,-1.01278,11.59547,-0.72307
372.6181,0.27774,10.77663,-1.12770
372.6393,0.92658,7.99927,-1.61135
372.6605,1.43656,10.22116,-1.38868
372.6795,0.37111,11.53562,-1.68078
372.7000,-0.32323,10.08947,2.29611
372.7382,1.00081,9.33288,-1.69754
372.7384,0.78532,8.54277,-0.06225
372.7583,-0.06943,9.63456,1.64966
372.7810,-2.64807,9.53879,-0.14845
372.7983,1.56346,8.44700,3.16284
372.8187,2.20992,9.24908,-0.52674
372.8419,2.02316,8.69840,-2.03753
372.8629,1.36713,10.04638,-2.00880
372.8778,0.57223,11.54998,-0.95292
372.9003,-0.57223,10.69283,-0.34956
372.9178,-0.09098,10.97536,1.49882
372.9378,1.18517,11.52843,-3.82605
372.9615,2.84440,9.12937,-1.45572
372.9792,5.24346,9.94582,-2.74623
373.0010,2.65764,8.03040,5.29135
373.0209,2.68398,9.47654,-0.25858
373.0400,-0.92419,9.72315,2.38949
373.0584,-2.04232,10.45340,2.59300
373.0836,1.59938,9.68963,0.61772
373.0987,0.90982,8.22194,2.01359
373.1187,-2.02795,9.35683,3.66324
373.1478,-1.93697,10.51805,1.62332
373.1588,-2.04950,9.93145,3.22269
373.1781,-1.65923,8.60742,1.51318
373.2015,-2.12372,10.10145,3.71352
373.2194,0.01676,8.30095,3.41424
373.2399,-1.88908,10.81973,1.63050
373.2626,0.19872,7.30014,4.79094
373.2805,-1.57064,12.87402,4.12055
373.3009,-2.37512,9.73512,1.03433
373.3216,0.18436,7.21395,2.20273
373.3387,0.76617,10.36960,-1.58740
373.3605,0.12690,9.32570,-0.83081
373.3827,-0.75659,9.53161,0.41900
373.4013,1.30249,12.17728,-2.83722
373.4210,0.67279,9.49330,3.69915
373.4418,0.48125,16.05840,-2.61215
373.4590,-3.66563,15.22280,3.59381
373.4791,-1.40065,9.87638,4.24026
373.5027,-0.38308,13.96341,-1.25460
373.5201,-1.36713,10.23074,3.71113
373.5710,-0.85476,10.98493,0.57702
373.5711,0.49801,11.23873,-1.06545
373.5849,-0.00479,11.32013,-1.05588
373.5987,-0.23464,9.83089,0.92658
373.6209,0.68237,10.71438,-0.53153
373.6400,-0.23464,10.36721,-0.93137
373.6589,-0.49561,10.53960,-0.00479
373.6813,-0.25858,8.96416,-0.47407
373.7005,0.26576,8.57390,-0.28252
373.7201,-0.09338,9.85484,-0.19872
373.7422,-0.37351,9.66569,-0.12690
373.7606,0.29210,9.58189,-0.45491
373.7805,-0.15084,9.59865,-0.42379
373.8052,0.45491,8.93543,-0.66561
373.8400,1.93457,8.95219,0.17957
373.8579,1.23066,8.89234,0.94095
373.8611,0.61293,10.01286,0.74701
373.8790,-0.56984,11.02324,1.07742
373.8992,-0.41900,10.66171,0.74223
373.9216,0.14845,10.48692,2.81327
373.9396,-0.63209,8.81093,2.09499
373.9618,-0.79250,9.21796,1.35755
373.9934,-0.39984,9.73752,1.22587
373.9988,0.13647,8.97853,-0.67997
374.0200,-0.12450,9.55555,-0.93377
374.0436,0.55547,9.16528,-0.45970
374.0611,0.16760,8.97614,-0.60815
374.0822,-0.09817,9.92427,1.68318
374.1187,-0.68716,9.79977,1.24742
374.1210,0.12690,10.11581,-0.18196
374.1402,0.84997,9.87399,0.49083
374.1618,1.08700,8.37517,-1.70233
374.1798,1.32164,8.95938,-0.95292
374.2021,0.01915,8.94740,0.25140
374.2243,0.71828,9.01444,-1.31446
374.2421,0.67997,10.80776,-0.78053
374.2756,0.52195,8.52601,-0.85476
374.2819,0.57702,9.81174,-0.91222
374.3014,0.35196,9.45739,0.87152
374.3212,0.40942,9.17965,0.42379
374.3458,0.16281,9.53640,0.98644
374.3638,0.08141,9.78540,0.81884
374.3991,0.25140,8.74868,1.21150
374.4186,0.21070,10.56115,0.08859
374.4201,0.06225,9.80455,1.24263
374.4399,0.62730,10.54678,0.35435
374.4626,0.66321,8.07349,1.40544
374.4813,0.87630,9.53400,-1.04390
374.5015,1.49163,8.58826,0.56984
374.5241,0.45731,9.25387,-1.38868
374.5552,1.11334,8.99529,-1.96091
374.5594,0.17239,9.69442,-0.18675
374.5818,-0.09098,9.61301,0.05028
374.6021,0.24661,10.56115,-0.72307
374.6210,-0.07422,10.49650,0.04070
374.6434,-0.27295,10.38397,-1.72148
374.6632,0.52913,8.89473,-0.06225
374.6894,0.54589,9.77822,1.31446
374.7019,0.16281,10.14454,-0.78053
374.7196,0.15323,10.33369,0.71589
374.7394,0.48364,10.64973,-0.21548
374.7614,0.99602,10.03680,-1.15404
374.7791,1.43656,9.16768,-0.61533
374.8058,1.48684,9.30415,0.11732
374.8242,1.50360,9.77104,-0.46449
374.8438,-0.93377,10.77663,1.04869
374.8586,-0.46688,11.12619,1.13010
374.8814,-0.43097,9.81653,1.45811
374.8987,0.56026,9.09106,-1.13728
374.9204,0.73025,9.14852,0.73744
374.9416,-0.73504,11.04958,-0.88588
374.9603,0.52674,9.57231,-1.62332
374.9790,0.50519,9.00726,-2.02316
375.0014,-0.12211,9.56752,-2.20034
375.0190,0.56026,9.82371,-1.27375
375.0391,-0.37111,12.33530,0.05986
375.0614,-0.42379,9.34725,0.74223
375.0811,0.28492,11.20999,0.69195
375.1146,-0.42139,10.82930,1.40305
375.1219,-0.86673,10.91550,-0.24422
375.1394,1.74303,8.60263,1.41262
375.1594,1.24263,8.92107,-0.96250
375.1817,0.07662,10.37200,1.53473
375.1995,0.48125,10.27144,1.79331
375.2211,0.26576,9.41189,1.18038
375.2520,0.93616,10.10623,-0.24661
375.2594,-0.46449,10.78621,-0.16999
375.2795,0.08380,9.22754,0.88109
375.3035,0.28971,8.67446,-0.07422
375.3222,-0.15323,9.74949,-0.53632
375.3432,0.82602,9.83808,-0.83321
375.3827,1.16362,8.95459,-0.37351
375.3828,0.69913,10.08708,0.49801
375.4005,0.75899,9.07670,-0.72547
375.4222,0.75659,8.75586,0.10535
375.4395,0.11732,9.82610,-0.11253
375.4597,0.06225,9.01923,1.27854
375.4833,-0.74223,11.00169,-0.17478
375.5009,0.21309,10.45580,1.54191
375.5211,-0.03831,9.52682,0.34717
375.5416,0.45970,11.87321,2.21231
375.5594,0.29689,9.42865,0.81645
375.5794,0.43097,9.95539,0.57463
375.6017,-0.24900,9.21078,1.49163
375.6194,-0.10056,8.94740,-0.04789
375.6394,0.88109,7.84843,-0.98165
375.6631,0.71110,9.19402,-0.84518
375.6806,0.65364,8.88037,-0.84518
375.6992,0.84518,10.10623,-1.46769
375.7238,-0.18915,9.37359,0.18436
375.7396,0.51237,10.00089,-0.65124
375.7616,0.66561,9.89793,1.01757
375.8108,0.96250,10.48692,-1.53473
375.8108,0.69434,10.18046,0.86194
375.8261,0.58420,10.95620,1.41741
375.8415,1.60656,9.02642,-0.93856
375.8610,0.04789,9.30415,1.92021
375.8797,0.71349,10.09187,1.08221
375.9019,0.50040,9.84526,1.18517
375.9219,0.99362,10.67847,-0.11971
375.9415,0.74223,10.08708,-0.32802
375.9618,0.31844,11.64575,0.80208
375.9803,-0.02155,11.19802,1.91063
376.0002,-0.96729,10.29538,0.45970
376.0224,-0.79250,12.02405,0.46210
376.0404,0.18915,9.59625,-1.44135
376.0615,0.45012,10.44862,-0.29928
376.0920,0.11014,9.44063,1.06545
376.1002,0.79011,10.29299,-0.79250
376.1211,0.63927,10.92268,-0.68237
376.1438,0.02634,10.93465,-1.07264
376.1625,-0.22506,11.00648,1.22826
376.1823,-0.23703,10.31932,1.69036
376.2071,-0.85954,9.78061,0.52674
376.2227,0.44534,9.14374,0.22746
376.2419,0.56265,9.71357,-1.53234
376.2635,0.54111,9.62020,-0.34238
376.2812,0.04549,9.82850,-0.36393
376.3014,0.42618,9.61062,0.73025
376.3237,0.12450,9.60822,0.51956
376.3438,-0.07183,9.43105,0.89067
376.3669,-0.39984,9.56513,2.92580
376.3857,-0.20830,9.99610,-0.02155
376.4058,0.26337,7.70478,0.70871
376.4235,-0.32562,10.20679,0.79011
376.4458,-0.14845,8.76065,-0.52435
376.4632,1.15404,9.23472,0.07901
376.4858,-0.02155,10.04638,2.34400
376.5165,0.50998,9.14852,-1.14686
376.5225,0.71110,9.54119,0.68716
376.5420,-0.13887,8.04476,0.97686
376.5648,-0.07662,8.87318,0.30647
376.5833,-0.57702,12.42389,1.29530
376.6035,-0.77096,8.81572,0.08859
376.6266,-0.00479,10.63297,2.23625
376.6586,0.51477,10.28341,0.54111
376.6619,1.23066,10.09666,0.14605
376.6845,3.69676,11.49252,-1.73345
376.7025,-0.34717,11.59308,-2.61934
376.7226,-1.17559,10.02004,1.25699
376.7450,-0.16042,10.11821,0.15563
376.7659,0.59378,9.37837,0.38548
376.7834,0.88349,11.08789,1.73824
376.8046,-0.05028,10.64016,-1.53473
376.8221,2.19076,12.29221,-2.87792
376.8421,2.17640,7.96575,2.26498
376.8678,3.34480,9.88596,-2.38230
376.8829,-0.67279,9.47175,2.16203
376.9053,-0.79250,8.33926,-4.50842
376.9310,2.52357,8.32250,-1.34798
376.9469,0.35914,10.80536,-0.14366
376.9615,1.38150,9.12937,-0.11493
376.9840,0.68476,8.45897,-0.52674
377.0017,-0.27295,9.05275,1.06306
377.0220,-0.48125,8.84445,0.68955
377.0440,-0.45252,8.40869,2.13569
377.0644,3.37114,9.19162,-0.10535
377.0816,1.15883,9.98413,4.08942
377.1042,-3.61057,12.42150,-0.23224
377.1217,-1.69515,9.52203,3.93858
377.1414,-1.59698,9.35683,5.08305
377.1641,-2.66004,9.34964,3.71352
377.1814,-0.16042,10.08229,-1.32643
377.2044,1.01996,9.76625,-0.67997
377.2243,-0.10774,8.34165,-0.39506
377.2418,-0.27534,11.84208,2.01598
377.2619,-1.23545,11.56674,2.75102
377.2841,-0.98644,9.02642,3.12692
377.3029,0.23464,11.68885,0.65843
377.3280,0.20591,9.61541,-0.69434
377.3471,0.92180,9.80934,0.49561
377.3617,0.43815,10.50847,-0.36872
377.3819,-0.17239,11.10944,-0.58181
377.4054,-0.14605,9.64893,0.78053
377.4216,1.59219,10.01286,-2.02556
377.4780,1.92260,9.50288,-0.47885
377.4782,0.99362,9.87878,-1.99443
377.4911,1.06785,11.43506,-0.95292
377.5021,1.03912,11.33929,-1.42220
377.5242,0.59378,8.28180,-0.37111
377.5440,0.34238,9.84765,-0.49083
377.5616,0.86673,9.84765,0.42618
377.5854,0.78293,10.35284,-0.87870
377.6019,-0.23703,10.81494,0.56505
377.6309,0.90025,8.74629,0.00718
377.6438,1.34079,10.41031,1.07024
377.6615,0.30168,10.80776,-0.80208
377.6831,0.37351,9.92188,-0.31126
377.7042,0.43815,8.00167,-0.77814
377.7219,-0.40224,8.58108,0.61533
377.7451,0.22746,9.29697,0.84757
377.7812,0.89546,8.03279,-1.28573
377.7814,0.68955,9.60344,-1.73824
377.8017,1.04869,8.97135,-2.63610
377.8236,0.91940,10.10623,-0.32323
377.8416,-0.96968,10.98493,1.08461
377.8616,-0.24900,9.33049,1.58022
377.8817,-0.05267,9.52443,0.45252
377.9013,0.97926,10.38876,0.52195
377.9228,1.19953,9.37119,1.01996
377.9457,0.75180,7.66886,0.15084
377.9624,2.15245,8.79657,-0.81166
377.9836,1.45093,9.00247,0.19872
378.0049,0.77814,8.28180,-0.29210
378.0235,1.33361,9.00726,-0.66800
378.0502,0.82602,9.18923,0.64167
378.0659,-0.17718,10.21398,0.64406
378.0829,0.47885,10.49171,-1.06785
378.1029,0.20112,9.65611,-0.67519
378.1242,-0.18436,10.12299,-0.12929
378.1434,0.70631,10.40791,-0.12211
378.1634,1.52755,7.46535,-1.20671
378.1873,1.07742,10.09666,0.72786
378.2060,0.22027,10.23792,-0.73744
378.2250,0.33759,10.99212,-1.42699
378.2469,0.27055,10.78142,-0.60575
378.2642,0.15802,7.51323,-0.12211
378.2831,1.19235,9.17726,0.11253
378.3043,0.81645,9.34964,-1.07742
378.3310,-0.50040,10.17567,-0.51956
378.3429,2.02316,9.64174,-1.09658
378.3652,2.51638,9.83568,-2.41582
378.3829,0.36872,10.41749,0.21548
378.4026,-0.53871,12.44065,-1.33122
378.4239,0.69913,9.61062,0.11253
378.4424,0.39745,8.37757,1.09897
378.4628,-0.17718,9.61062,1.17798
378.4838,1.97288,11.65294,-0.07901
378.5032,0.76856,9.61541,1.63768
378.5225,-0.25619,11.69364,-0.34238
378.5439,0.45970,9.64893,2.66243
378.5656,0.05267,9.39992,-0.54350
378.5896,-0.20830,9.32091,1.12531
378.6075,-0.15323,9.30176,0.26576
378.6252,0.28252,8.85403,1.74543
378.6453,0.88588,9.48133,0.34478
378.6676,0.38069,9.96737,2.15485
378.6851,-0.03591,11.43506,-0.23703
378.7054,-0.30886,10.92268,-3.47170
378.7274,0.63209,7.30254,-1.81725
378.7455,1.57543,8.74150,0.20351
378.7652,1.33601,9.83329,-0.06943
378.7876,1.33361,10.20440,-0.18196
378.8054,0.07901,11.14295,1.21869
378.8249,0.64885,8.17645,1.61374
378.8491,0.65364,9.92666,0.63209
378.8692,0.79729,9.82131,1.04630
378.8876,1.61135,8.45658,1.88908
378.9081,2.60976,9.46217,-2.44695
378.9257,0.76856,8.84206,1.35277
378.9453,-0.79729,11.90433,0.30168
378.9680,-0.28013,9.90990,2.05429
378.9854,-1.23545,8.08068,0.87870
379.0068,-0.93856,9.49809,-2.02077
379.0369,-0.26098,9.60822,0.47646
379.0455,0.15323,10.50129,-0.41660
379.0656,1.64487,8.19321,-0.80208
379.0903,0.53632,9.25866,1.71191
379.1076,-0.39027,9.54597,-1.47487
379.1279,-0.35435,10.15412,1.39347
379.1601,-0.22985,9.82131,0.80448
379.1720,-1.10615,9.99610,1.49403
379.1852,0.23943,8.12138,-0.70871
379.2072,0.91701,9.65132,0.67040
379.2253,0.81645,9.05994,0.35435
379.2448,0.42139,9.73512,-0.02155
379.2663,0.87870,8.06152,-1.13728
379.2913,1.03193,9.19162,1.29530
379.3070,0.84278,10.28341,-0.84039
379.3266,-0.22267,11.01845,1.97288
379.3444,-1.35995,11.38478,0.29210
379.3645,0.23703,10.33130,1.35755
379.3860,-0.50280,12.38798,4.34561
379.4044,-0.55787,7.19719,-1.45332
379.4261,0.09577,9.96976,1.18756
379.4505,0.06943,12.22277,-1.81486
379.4652,-0.04789,11.14295,-2.28414
379.4845,-0.81405,11.95940,-4.80052
379.5096,-1.96331,8.75826,0.18436
379.5266,0.55547,9.42865,1.57304
379.5471,-0.01676,12.68247,-4.26899
379.5691,0.07422,4.92742,3.00721
379.5881,2.24822,9.15810,-6.56031
379.6066,-0.60575,9.41189,3.46452
379.6283,0.25140,12.55318,-1.18038
379.6459,1.90584,6.93143,-0.90982
379.6661,0.58899,8.85403,0.84997
379.6881,1.66402,7.38634,-2.50681
379.7126,2.05189,9.58907,1.22587
379.7332,0.14366,11.23873,1.08461
379.7484,1.16601,8.18603,-0.42618
379.7661,0.61293,8.41109,0.69434
379.7862,0.70631,10.31454,-1.20911
379.8085,1.32164,9.09585,-2.00640
379.8266,3.88112,6.97931,0.74223
379.8452,2.07344,7.40310,-1.80049
379.8696,-0.63927,11.43985,0.95532
379.8882,0.24900,9.68005,-1.69036
379.9073,1.05109,11.38717,4.41504
379.9325,-1.58740,12.64656,2.46610
379.9474,0.95532,10.63297,0.33280
379.9682,1.64008,13.49892,2.65525
379.9964,-0.59617,6.29694,2.89707
380.0124,2.14766,11.24112,-5.28177
380.0281,2.11893,12.50290,0.20112
380.0505,-1.08700,11.40154,1.13728
380.0681,0.02873,6.39511,-3.75183
380.0881,1.58022,10.63297,-2.71032
380.1123,1.91542,9.00966,2.05429
380.1299,-1.52515,13.71680,1.50839
380.1615,-1.76697,11.29140,2.39906
380.1715,0.11732,6.56750,3.75901
380.1896,-1.04869,9.64893,-4.39828
380.2084,0.47646,9.51485,0.40224
380.2311,1.43896,7.84604,0.32802
380.2488,0.94813,11.74871,-0.77575
380.2690,-0.15802,10.59467,0.49561
380.2946,0.85954,9.37837,-1.82923
380.3086,-2.05429,10.10384,2.58582
380.3271,-1.25699,9.51245,4.11576
380.3484,-0.89067,12.24432,2.38470
380.3675,-0.35196,11.45660,-0.73983
380.3865,0.74941,8.66967,-2.83722
380.4100,0.88109,8.81572,-2.94017
380.4286,1.63050,7.82449,1.00560
380.4467,1.59938,9.88596,-0.10535
380.4679,1.65923,9.11022,0.96250
380.4880,0.96968,8.72474,-0.07901
380.5074,0.15563,6.83087,-0.40703
380.5280,1.35037,7.04156,-1.03912
380.5485,1.10855,9.67766,-0.05986
380.5715,0.41660,10.84606,2.07823
380.5914,0.98884,9.87638,-0.32323
380.6093,0.28731,9.34246,1.80049
380.6291,0.07183,10.02722,0.37351
380.6516,0.83081,9.33767,-0.38548
380.6692,0.21788,8.64094,1.75740
380.6905,0.69434,9.80455,0.16760
380.7230,0.76377,10.11342,2.19076
380.7291,-0.22746,8.65051,0.62012
380.7490,-0.27055,10.46537,-0.89785
380.7715,-0.45252,10.98014,-1.44375
380.7892,-0.42379,10.39115,0.42858
380.8092,0.91940,9.75667,1.73345
380.8331,1.97288,8.58826,-0.76377
380.8525,1.20671,10.33369,-0.98165
380.8691,0.22746,10.94902,0.25858
380.8919,0.56265,9.15331,1.04151
380.9089,-0.07183,9.85244,1.60656
380.9303,0.19394,8.47094,0.15563
380.9531,0.89785,9.32091,0.41421
380.9725,1.16122,8.71277,1.07024
381.0060,0.27055,9.82131,2.71032
381.0161,-0.12450,9.11022,1.91542
381.0289,-0.08619,10.55636,-0.12929
381.0490,0.45731,9.78301,-1.60177
381.0714,-0.55787,9.47654,-1.45332
381.0906,0.43815,10.66410,-0.69913
381.1125,1.24023,10.09187,-1.27136
381.1481,1.06306,8.71037,0.54829
381.1493,-0.64406,9.37359,-0.78772
381.1698,-0.69195,9.30655,3.34001
381.1921,-1.14925,10.97775,2.38949
381.2112,0.09338,8.84206,1.53952
381.2316,0.66561,9.21796,-0.76617
381.2546,-0.22506,10.95860,-0.62730
381.2719,0.58181,10.53481,2.52357
381.2918,0.51716,10.18285,0.82363
381.3135,1.05588,10.03919,-0.38308
381.3313,0.57463,10.32172,0.33280
381.3507,-0.34238,9.50767,-0.74701
381.3738,0.44773,9.11979,0.92419
381.3914,-0.61772,9.52443,0.50280
381.4156,0.07183,9.88596,-1.01517
381.4341,0.08619,9.86202,-1.05827
381.4499,0.39984,10.72875,-3.06467
381.4700,0.19154,10.44862,0.15084
381.4955,0.27055,9.91948,0.33999
381.5146,0.81645,10.25229,0.46688
381.5313,0.40463,9.54597,-0.28252
381.5611,-0.18196,9.84047,-0.97447
381.5704,0.86433,9.39992,-0.18436
381.5898,-0.05028,8.71277,-0.45731
381.6125,-0.51477,9.58668,0.73744
381.6301,1.07264,8.89473,0.59139
381.6515,0.44055,10.80536,-0.07183
381.6739,0.48125,10.22355,1.83162
381.6935,0.33999,8.65770,0.23464
381.7109,-0.62251,11.72237,-0.21309
381.7352,0.16520,10.11342,-0.49801
381.7528,0.51477,8.23631,-0.01676
381.7729,-0.04310,10.95860,0.71110
381.7970,-0.09098,8.86121,1.61374
381.8350,0.94813,10.98493,-3.30649
381.8350,0.46210,10.72396,-0.63927
381.8542,0.02873,10.52763,-2.45413
381.8738,1.02236,9.78301,-1.29051
381.8907,0.62969,9.57471,0.32083
381.9144,-0.28731,8.89713,-0.77814
381.9308,0.83560,9.39035,1.52515
381.9507,1.04390,8.65051,0.29450
381.9771,0.57702,9.20120,0.42139
381.9918,-0.76377,9.70878,3.22030
382.0117,-0.08141,9.88117,0.70871
382.0332,0.83321,9.92906,0.72786
382.0512,-0.73025,10.45819,0.72786
382.0717,0.71110,8.94980,-0.58899
382.0946,0.98884,10.05835,0.21309
382.1263,-0.28731,9.29457,0.76138
382.1307,0.49322,10.37918,-0.52913
382.1551,0.38787,9.62259,-0.17478
382.1725,-0.26816,11.87560,0.36154
382.1926,-0.44773,9.61541,1.21390
382.2171,0.69673,9.28260,-0.29210
382.2509,-0.03591,9.94582,2.53793
382.2676,0.67519,10.47974,-1.68318
382.2729,-1.12052,10.12299,2.54272
382.2909,0.00718,11.07113,-2.65046
382.3130,-0.20830,9.12698,0.92419
382.3352,-0.33041,9.97455,1.85317
382.3530,-0.67519,8.90431,1.00799
382.3730,0.72547,8.84445,-0.28013
382.4041,-0.43097,10.74072,0.12690
382.4149,-1.08221,10.28580,-0.74701
382.4331,-0.46688,10.77903,-1.85556
382.4557,-1.49642,10.32651,-0.10535
382.4734,0.17718,9.38316,-1.09897
382.4933,-1.07264,10.42228,-1.11813
382.5166,-0.77096,10.12060,0.04549
382.5417,0.47407,9.69921,-1.19474
382.5568,0.89785,8.41827,-3.48367
382.5769,0.54350,9.19402,-0.69434
382.5935,0.47167,11.16690,0.65603
382.6136,-0.33041,9.19162,-0.28971
382.6363,0.20351,10.16130,-0.88828
382.6554,1.73345,10.25947,-2.93299
382.6880,1.12770,9.70878,-1.26657
382.6969,-0.01915,10.84846,0.34478
382.7147,1.15643,8.48292,0.76138
382.7344,1.22347,9.34246,0.44534
382.7583,0.74701,11.14774,-0.89546
382.7760,0.74701,9.08627,0.65843
382.7971,0.81166,9.99610,1.87472
382.8318,1.64008,8.91628,1.24981
382.8412,0.73025,9.71118,2.16682
382.8564,0.19154,10.65452,-0.12211
382.8770,0.28252,10.34806,-0.88588
382.8963,-0.05746,10.58988,-3.66324
382.9166,-0.78532,10.65452,-1.70951
382.9369,1.20911,9.14613,1.05109
382.9699,1.25699,7.59464,-1.95133
382.9744,0.66082,8.03519,-0.80687
382.9966,-0.53392,9.31133,-1.39586
383.0145,-0.71589,8.26504,0.74941
383.0347,-1.15165,9.21317,0.38787
383.0570,-1.38389,8.22433,1.41980
383.0887,-0.40703,9.07909,-1.12770
383.1042,0.26816,10.17088,0.49801
383.1166,-0.17957,9.28021,1.27854
383.1345,0.00000,9.89793,0.83081
383.1548,0.87630,9.34246,2.84679
383.1774,0.23464,9.70160,1.50360
383.1949,-0.01915,9.05275,2.01119
383.2166,0.02873,11.46618,1.53952
383.2473,0.02873,10.62100,1.66881
383.2545,1.45572,10.02962,0.06465
383.2743,1.26657,10.63537,0.63448
383.2970,0.05746,11.01845,-0.79969
383.3146,-0.30886,10.18764,-0.51237
383.3350,-0.11971,11.13817,-0.80926
383.3585,0.06943,9.05036,1.78134
383.3768,-0.21788,10.08229,1.18756
383.3947,0.65603,9.71836,1.79810
383.4181,0.62251,9.04557,-1.94415
383.4341,-0.28492,9.92188,0.71828
383.4557,0.00479,10.56115,0.49322
383.4769,0.21309,9.70878,1.31446
383.5159,-0.64167,10.65213,1.29530
383.5292,0.12211,10.97536,-0.61054
383.5371,0.17957,10.31693,-0.99362
383.5543,0.70871,9.93863,-0.11014
383.5766,0.29450,10.37679,-0.75420
383.5999,0.57463,10.97536,1.06066
383.6183,-0.10535,8.36081,0.82363
383.6646,-0.41182,8.55235,0.68476
383.6646,0.38548,8.55714,0.87630
383.6809,-0.75420,8.61221,2.22189
383.6956,-0.66561,9.56992,2.63849
383.7168,0.12929,9.74949,0.26337
383.7357,0.20591,10.49171,-0.56026
383.7544,0.20351,10.55875,-2.58103
383.7769,0.63688,7.86040,-0.13647
383.8063,1.03912,10.20201,0.82842
383.8141,1.47727,7.86759,0.65364
383.8368,1.86275,9.99849,-2.03274
383.8557,0.08141,10.32411,0.77575
383.8741,-0.75659,9.34964,0.14605
383.8965,-0.29689,10.13736,0.77575
383.9169,-0.74223,9.52203,0.42858
383.9478,0.27295,9.48612,1.12770
383.9564,-0.19633,9.25148,-0.41660
383.9762,0.37351,9.00487,-0.51237
383.9978,0.88109,9.25866,-1.13967
384.0181,0.98884,9.70878,0.82602
384.0381,0.70152,9.28979,1.07264
384.0710,-0.17478,10.01046,3.11974
384.0882,-0.55308,11.29140,0.12211
384.0940,-0.72068,8.63854,-0.20112
384.1155,0.02155,8.16208,0.13887
384.1369,-0.12690,9.14374,0.85476
384.1546,-0.29928,10.53960,1.86275
384.1760,0.63448,10.73353,-0.18196
384.1979,1.59459,11.30577,-0.64406
384.2158,1.57543,9.97455,-1.91303
384.2339,0.62491,8.75347,-2.22907
384.2577,1.27375,10.20679,0.81166
384.2743,-0.55547,9.44781,3.26340
384.2942,-1.81965,9.40232,2.65764
384.3165,-0.50998,11.74871,3.42381
384.3355,-0.28252,8.46376,2.25301
384.3660,-0.19154,10.12539,1.42459
384.3769,0.62251,8.35362,-0.09098
384.3941,1.15883,9.26345,1.10137
384.4141,0.52435,11.17169,3.76141
384.4379,1.70712,8.20039,2.26259
384.4553,1.37192,10.78621,1.06066
384.4774,0.03831,10.83649,2.30329
384.5094,1.69275,8.74629,0.42139
384.5140,-0.57702,9.14852,2.40385
384.5337,0.49083,9.97694,1.97049
384.5575,1.04151,10.09426,1.47008
384.5740,-0.14126,9.25627,-0.46210
384.5959,1.27375,9.35683,1.85077
384.6216,2.56427,8.28419,1.48445
384.6387,1.27136,9.08627,-0.49801
384.6541,0.87391,9.94821,-1.66881
384.6765,1.46290,8.91628,0.09577
384.6941,-0.81884,10.87240,-0.56984
384.7158,0.04789,10.36960,1.95373
384.7379,-0.72547,9.82850,0.29689
384.7554,-1.38868,9.32091,3.59860
384.7820,-1.37192,10.54918,1.55149
384.7965,-0.07901,10.23553,1.49882
384.8137,1.81247,9.34246,5.45655
384.8338,-0.56265,8.75826,2.53075
384.8563,0.73744,9.20838,1.30488
384.8758,0.54111,11.15732,3.01679
384.8958,0.50998,10.09187,7.69759
384.9220,-3.05031,11.23873,-0.20351
384.9336,-1.79331,9.64653,2.85158
384.9543,-0.57463,8.65530,6.48609
384.9785,-2.70314,10.04877,2.53075
384.9973,-1.81965,8.59545,2.51878
385.0161,-0.35675,13.43188,3.21551
385.0594,-0.31604,10.20440,2.20273
385.0596,0.57463,8.78699,2.64807
385.0795,-0.26098,10.07750,0.94813
385.0963,0.98644,8.91149,-0.00718
385.1140,-0.77814,9.74949,1.36234
385.1340,-2.10457,10.42946,4.47251
385.1562,-1.56825,10.08229,6.75904
385.1754,-1.18517,12.38558,-0.41660
385.2089,-0.07183,9.15810,-0.30168
385.2175,-0.24661,10.05595,0.68955
385.2356,0.35675,10.24031,-0.68237
385.2558,1.05109,10.22595,0.15084
385.2762,1.50121,10.48692,-0.70152
385.2941,-0.54829,8.80375,2.91862
385.3169,-0.54829,9.72076,1.63290
385.3506,0.16999,9.66090,3.20115
385.3541,-0.24422,9.04078,3.05988
385.3756,-0.96489,11.13817,2.67680
385.3962,-0.00479,9.26345,0.99362
385.4139,0.09577,10.20919,-0.76617
385.4342,0.41900,10.36003,-1.93218
385.4580,0.20112,10.75508,0.52195
385.4773,-0.11253,11.21478,0.53632
385.4940,0.21548,10.05356,1.84599
385.5163,-0.23224,10.26665,0.61293
385.5338,-0.08380,9.13655,-0.45491
385.5542,0.49801,9.64414,-0.41421
385.5763,0.05746,9.69442,-0.50519
385.5948,0.19872,9.00247,0.59857
385.6278,0.18675,9.45020,0.68955
385.6361,1.10615,9.17247,-1.76458
385.6553,0.80448,9.63217,-0.95292
385.6759,0.22506,10.58270,-1.08700
385.6985,1.18038,9.26105,-0.95771
385.7177,0.48125,9.20359,0.56505
385.7531,-0.03113,9.49330,0.24661
385.7702,0.64406,9.44781,-0.23224
385.7749,0.56984,9.69442,-0.36154
385.7944,0.66800,9.08627,0.69673
385.8161,0.63927,9.98173,0.25379
385.8338,0.09817,9.98413,-0.56744
385.8554,0.59857,8.65530,-1.07264
385.8777,1.40783,8.36799,-1.70472
385.9053,1.35037,9.00966,0.27774
385.9195,0.36872,9.05994,0.38548
385.9359,0.30647,10.40073,-0.05746
385.9553,0.30886,9.67526,-0.27534
385.9740,0.34717,9.17486,-1.85317
385.9984,1.04630,9.90033,0.81645
386.0280,0.84278,10.06074,1.02475
386.0468,0.05267,9.95779,1.77895
386.0626,0.79011,10.58748,-1.10137
386.0738,1.22587,9.84765,0.17718
386.0933,0.87152,9.87160,-0.23464
386.1157,0.74941,10.84128,-0.34478
386.1334,0.93137,8.43024,0.44773
386.1576,0.16281,10.93465,0.78532
386.1947,-0.23464,9.83329,-0.95532
386.1949,1.13249,9.20359,-0.28252
386.2150,0.59617,10.36003,0.30886
386.2361,-0.40463,11.29619,0.31365
386.2537,0.37351,10.35045,0.92180
386.2754,0.37111,11.06873,-0.99123
386.2979,0.75420,9.38316,0.23224
386.3295,0.97447,10.63297,-0.72547
386.3351,0.64167,9.85723,0.45252
386.3560,0.64167,10.41510,-1.49163
386.3737,0.27295,9.43823,0.53392
386.3953,0.47646,9.17247,-0.19872
386.4175,0.91222,9.21078,0.09098
386.4375,0.31126,9.75906,0.50040
386.4698,-0.08141,9.54837,1.19714
386.4771,-0.36393,9.93385,1.03193
386.5026,0.18675,9.27063,1.15643
386.5141,0.37351,8.70079,1.11334
386.5365,0.88828,8.64094,1.48445
386.5541,1.42220,8.47334,1.24023
386.5742,0.22506,9.38795,1.47008
386.6056,0.39506,9.12698,0.41900
386.6147,0.05028,9.66329,0.48604
386.6368,0.99602,8.43024,-0.44773
386.6594,0.61772,9.71118,-0.67279
386.6769,0.14126,10.91071,-1.76697
386.6970,0.81405,10.99690,-0.24661
386.7288,0.34956,13.37202,0.20591
386.7435,-0.88588,13.09908,1.24263
386.7564,0.64885,11.81335,1.70951
386.7769,-1.14925,10.23553,0.58660
386.7944,-1.81486,10.27862,0.50519
386.8147,0.63688,9.27781,-1.93697
386.8372,-0.10535,10.65213,1.52994
386.8756,-0.76138,9.87638,-0.08141
386.8757,-0.28252,8.93064,-0.08141
386.8969,2.18118,10.37200,-3.60578
386.9146,-0.10535,8.37039,0.97208
386.9344,-0.76138,7.34324,-0.22985
386.9569,1.05827,7.71914,0.67519
386.9746,-0.58420,10.14694,1.37910
386.9977,-0.47646,9.87638,1.38868
387.0235,0.80208,9.31373,0.66561
387.0399,0.36632,10.34566,-1.36713
387.0553,0.49801,9.25148,0.41900
387.0775,0.79969,9.51006,0.92658
387.0954,0.84518,8.30334,1.10855
387.1171,0.63209,10.76227,0.99602
387.1393,0.63448,10.48453,-0.20351
387.1570,0.15563,9.79737,0.87870
387.1757,0.27534,9.76864,1.98246
387.1999,-0.24661,10.28341,0.80208
387.2170,-0.85715,10.29299,0.72547
387.2372,0.13887,10.23553,-0.58899
387.2616,0.39266,10.20919,0.72786
387.2943,-0.21309,11.12619,-1.81247
387.3075,-0.34956,11.40154,-0.54589
387.3177,0.26816,9.65611,-0.98884
387.3373,0.04310,10.09426,-0.89546
387.3574,0.00000,10.09666,-0.40942
387.3816,-0.42379,9.04318,2.26498
387.3993,-0.16281,8.52601,1.10376
387.4370,-0.29689,9.02881,0.17957
387.4499,-0.81645,8.72953,1.47487
387.4556,0.42139,9.69921,-1.12770
387.4766,0.75659,8.87079,-0.03591
387.4977,0.53153,8.78220,0.46210
387.5154,1.06306,8.29856,-0.55547
387.5354,1.15883,7.50605,-0.09338
387.5578,1.57783,7.71435,-0.54111
387.5860,0.93616,7.97533,-0.00718
387.5957,0.78293,8.89234,1.97767
387.6179,-0.21548,9.70400,1.70712
387.6370,-0.26337,11.26027,1.88669
387.6569,-0.05507,10.95381,-0.74462
387.6793,-0.17718,10.39834,-0.49561
387.6966,1.10137,7.97294,0.86433
387.7238,0.57463,11.24830,1.41980
387.7377,0.36154,10.97057,-0.89067
387.7566,-0.14366,11.14535,-0.27055
387.7756,-0.69673,11.31295,-0.02394
387.7980,-0.19394,10.74551,0.70871
387.8156,-0.81166,11.03761,0.02634
387.8378,-0.55547,10.83409,-0.03113
387.8593,-0.56026,10.51565,-1.41502
387.8780,-0.80448,10.85804,-1.13967
387.8952,-0.78772,11.48773,-0.16042
387.9176,-0.30647,10.42946,-0.75180
387.9371,-0.20351,9.50527,-0.54829
387.9571,0.08380,9.83089,-0.45012
387.9799,0.37590,9.05275,-0.22746
388.0142,0.31365,8.31532,0.48604
388.0154,0.54829,8.48770,0.67758
388.0374,0.25858,10.72635,0.18436
388.0553,0.36154,9.29218,-0.22027
388.0753,0.72786,8.38236,-0.69913
388.0976,1.17798,8.52601,-1.55149
388.1172,0.84757,8.79896,0.59617
388.1478,0.69195,9.18683,0.81884
388.1585,0.92898,9.31612,-1.15883
388.1753,-0.00239,9.67048,-0.02873
388.1953,0.45491,10.44143,-0.58660
388.2174,0.47646,10.13496,0.56744
388.2357,0.14605,10.57312,0.63688
388.2576,0.32562,9.23472,0.34478
388.2888,0.89546,9.82850,-1.04390
388.2951,0.61293,9.48372,-0.39745
388.3165,0.73983,10.06314,0.83081
388.3411,0.28252,9.87160,1.77416
388.3588,-0.72786,10.45340,1.09658
388.3789,-0.65364,10.15651,0.42379
388.3998,-0.19633,9.26584,0.09817
388.4181,0.01197,8.69840,-0.31604
388.4365,0.92180,9.64414,0.21309
388.4575,0.37830,9.77822,0.70631
388.4750,-0.10295,9.08627,0.60815
388.4962,0.45012,9.42387,-0.46210
388.5205,0.18436,10.47256,1.59698
388.5380,0.03352,10.84128,0.87152
388.5572,0.50998,10.31693,1.17798
388.5787,-0.16520,10.04638,-1.17319
388.5962,0.15084,11.14535,-0.92180
388.6161,-0.12450,9.92666,0.56984
388.6398,-0.52674,10.23553,0.89546
388.6578,-0.69913,10.29299,0.47407
388.6778,-0.97686,10.18285,0.21548
388.7105,-0.14126,9.51485,0.17478
388.7173,-0.04310,9.46696,0.57702
388.7359,0.26337,10.52763,-0.24661
388.7600,-0.10295,10.13018,-0.60336
388.7778,0.05507,9.55076,-1.18277
388.8000,0.67040,8.64333,-1.22587
388.8374,0.87630,9.60583,0.82363
388.8544,0.40463,9.28739,0.32562
388.8577,0.05986,10.06074,0.83800
388.8830,0.44773,9.53640,-1.14925
388.8960,-0.27534,9.67048,-0.50759
388.9159,0.01197,9.48612,-0.47646
388.9384,0.22027,9.74230,1.55867
388.9746,0.59617,10.61382,1.10855
388.9953,0.11493,9.68963,0.20591
389.0006,0.03831,10.65931,-0.79250
389.0159,2.32245,11.15253,0.58899
389.0361,-3.30889,14.01130,3.05270
389.0597,0.62491,7.59225,-2.69835
389.0777,-1.51079,7.92505,-2.79172
389.0992,-1.60177,10.77903,6.40229
389.1341,-2.73426,9.82610,5.10220
389.1396,-1.69515,10.62579,3.94337
389.1561,-1.26897,10.46777,2.80370
389.1784,-0.35914,6.87636,0.94095
389.1962,2.86116,14.03284,-3.94337
389.2179,1.65923,0.25858,-0.41660
389.2400,4.86756,11.30337,-14.55240
389.2668,-0.37590,4.76461,-0.08619
389.2809,-1.95133,10.73593,-4.11336
389.2981,-2.26738,10.38158,2.87552
389.3158,0.44294,10.56115,0.12929
389.3360,-0.29928,10.92747,2.42301
389.3584,1.56346,10.86282,-1.07742
389.3759,0.98644,10.90592,0.54589
389.4162,0.82602,9.12698,-0.18915
389.4198,0.39745,9.25866,0.12211
389.4361,0.48604,9.64414,-0.50998
389.4561,0.96250,9.31852,1.12770
389.4793,-0.27534,9.42147,-0.05986
389.4971,0.84278,10.40073,-0.94095
389.5172,1.25221,9.91469,0.03591
389.5549,3.31846,8.97374,-1.30727
389.5560,-3.82845,10.11102,-3.88591
389.5758,-0.77335,8.64094,0.04789
389.5979,2.85158,5.66246,-2.95932
389.6159,2.19076,9.65372,-2.87552
389.6358,2.43498,8.02800,-0.07901
389.6593,2.53314,9.73273,0.44294
389.6924,1.74782,10.74551,-1.47727
389.6978,-0.06225,8.60502,-1.69515
389.7209,-0.72307,9.39035,1.07264
389.7378,3.49564,9.39274,-0.54350
389.7579,2.90426,8.09983,-0.29928
389.7828,1.37431,9.56752,-2.13090
389.8142,1.42220,10.22834,0.69913
389.8301,-1.00799,10.16848,1.91781
389.8391,-1.08940,9.57231,4.93939
389.8566,-0.86433,10.00807,2.32724
389.8802,-0.96250,9.31852,0.45731
389.9030,-0.65364,9.25387,1.13249
389.9204,0.22267,9.76385,0.03113
389.9549,1.01517,8.75107,-0.37590
389.9695,-0.20112,10.15412,0.77575
389.9782,-0.07422,9.30894,-0.84997
389.9987,0.70392,9.93863,-0.89306
390.0229,-0.06225,9.87878,-0.83800
390.0406,0.90743,9.06951,-0.11971
390.0604,0.50519,10.31693,3.03355
390.0997,-1.13489,13.59709,3.37832
390.1146,-0.06704,6.11977,0.00000
390.1170,-0.85954,11.39435,-0.43576
390.1392,-1.31925,12.03841,0.28013
390.1570,0.95771,9.85244,-1.30009
390.1778,1.17319,9.68724,1.41980
390.1992,0.77814,8.66727,5.09502
390.2195,0.14605,18.73999,-5.55472
390.2386,1.76937,-4.46772,-1.23066
390.2590,5.13811,6.40469,-15.99615
390.2763,-1.36474,5.71513,5.06150
390.2969,0.06225,17.07357,3.67521
390.3189,-0.34478,6.89312,7.41746
390.3365,-0.72547,15.37124,5.17882
390.3574,3.49564,4.43180,-2.46371
390.3860,2.68398,11.18126,-13.49174
390.3969,1.53473,7.40549,-2.02795
390.4164,3.71831,8.61221,-1.46051
390.4391,2.05429,9.44063,-0.55308
390.4587,1.60416,10.07511,4.00323
390.4789,3.22988,13.52047,-1.25460
390.5021,-0.05267,8.13096,4.44138
390.5187,-2.16682,10.14933,-0.39506
390.5371,1.17559,9.86920,-2.05668
390.5618,0.73025,9.01205,2.27935
390.5793,1.59459,9.45020,-2.59300
390.5977,1.39107,11.74152,-2.13569
390.6201,0.62969,9.90033,0.20830
390.6474,-0.28971,9.48612,2.62891
390.6601,-0.59857,9.31612,2.04711
390.6797,-0.23703,8.96416,0.32323
390.6971,0.35675,8.57150,0.08141
390.7177,0.07183,9.49091,-0.28252
390.7396,-0.43815,10.19961,1.19953
390.7576,0.28492,8.93304,0.12450
390.7776,0.43097,9.68484,0.31604
390.8044,-0.18436,9.07430,-0.73504
390.8187,0.23943,9.28021,0.33280
390.8373,-0.01915,9.91469,1.22347
390.8596,-0.64167,9.63217,1.24502
390.8790,-0.03113,9.11979,1.18517
390.8973,-0.00958,9.79258,-1.24263
390.9356,0.97926,8.71516,-0.83321
390.9500,1.32403,10.65452,0.49322
390.9575,0.53392,8.69601,1.66642
390.9800,0.69673,9.32091,-0.03591
390.9976,-0.29450,11.06394,0.51716
391.0186,0.11971,9.82850,-0.11014
391.0423,0.94574,10.02004,0.38069
391.0587,0.80448,9.15092,0.58420
391.0877,-0.03113,9.80695,-0.16281
391.0995,-0.78293,11.89955,-1.37192
391.1191,0.29450,10.07271,-0.94813
391.1374,0.08141,10.75748,0.45012
391.1611,-0.80448,10.95141,1.47727
391.1788,0.36393,10.10623,-0.03831
391.1985,1.40065,9.62498,-0.63688
391.2337,0.43576,9.54597,-1.32643
391.2386,1.40305,8.99768,-1.84120
391.2574,0.41900,9.60822,-0.73983
391.2799,0.60336,8.89952,0.86912
391.2993,0.06465,10.67368,-0.19872
391.3188,0.37351,10.44143,-0.89785
391.3411,0.52435,9.88596,0.24900
391.3593,-0.00718,9.59386,-0.95771
391.3773,0.08619,10.81494,-1.61853
391.4013,0.84278,9.55555,-1.59938
391.4212,1.06066,9.29218,-1.42459
391.4386,1.68557,9.06472,0.11732
391.4617,0.67519,9.41668,-0.28252
391.4793,0.29450,10.67607,0.28971
391.5037,0.23943,9.62977,-0.10535
391.5192,0.03113,8.99529,0.27774
391.5374,0.66800,9.95061,-1.85317
391.5570,0.90504,9.15331,0.30407
391.5796,0.73744,9.29457,-1.68557
391.5974,0.98884,10.20679,-0.65843
391.6256,0.98884,10.12299,-1.30009
391.6392,0.92658,10.55157,1.46530
391.6574,0.64885,10.39115,1.33361
391.6772,-0.01676,10.77184,1.62571
391.6996,0.13169,11.09746,-0.74462
391.7169,0.65603,8.97853,0.50519
391.7370,0.30407,10.18046,1.80528
391.7598,-0.17957,10.02243,2.00161
391.7774,1.24502,9.19641,0.73983
391.7974,1.32403,8.88276,-0.10056
391.8197,1.25699,10.22834,-1.24502
391.8387,1.74303,9.46936,-0.73504
391.8591,0.96250,9.40471,0.53153
391.8813,1.20911,8.91628,-0.44294
391.8984,1.28812,9.56752,-0.25619
391.9331,0.89306,9.81892,-0.34717
391.9395,-0.19633,10.49889,2.03513
391.9575,0.48843,9.44541,2.33442
391.9775,-0.14605,11.54280,0.38069
391.9996,0.35435,10.98014,-0.65843
392.0175,-0.09338,9.94342,1.16841
392.0395,0.30407,8.88515,1.38150
392.0604,0.02155,9.17486,0.90743
392.0773,-0.35914,9.41908,0.80448
392.0982,-0.36154,9.46457,0.19154
392.1194,0.26576,9.82371,0.91701
392.1382,1.18995,8.98332,0.82363
392.1574,1.70712,9.09585,1.09418
392.1803,0.53871,10.30017,-0.03591
392.2109,-0.29210,10.17088,0.54829
392.2172,-0.38548,10.22595,2.74863
392.2396,-0.92419,11.21718,3.70394
392.2573,-0.38548,9.39753,2.41103
392.2775,0.35435,9.41429,0.04549
392.2999,0.22506,9.31612,-0.21309
392.3202,-0.05986,10.25707,-0.50280
392.3391,0.16520,9.92906,0.39745
392.3596,0.81645,8.28658,-0.33520
392.3775,0.90025,9.75188,-2.02077
392.3981,0.50759,9.52203,-0.91701
392.4208,-0.17478,9.91948,1.68318
392.4386,-0.13887,9.94821,1.01517
392.4587,0.31604,9.47893,0.53871
392.4898,0.50998,8.26743,-1.69754
392.4981,0.47885,9.56273,-1.02954
392.5184,0.91222,10.49889,0.19394
392.5394,-0.09577,10.53002,0.15563
392.5585,0.17957,10.24031,0.18675
392.5787,0.69913,10.47256,-1.20911
392.6031,0.48364,10.77663,0.48125
392.6318,0.23943,10.33130,0.12929
392.6475,-0.09098,9.83568,0.91940
392.6588,0.35914,9.65372,0.24182
392.6769,0.45491,7.69041,0.17718
392.6973,0.88828,8.46616,-0.51956
392.7194,0.91940,11.64336,-0.57941
392.7579,0.86194,10.28102,-1.58980
392.7614,2.81327,8.59784,-3.29931
392.7796,1.28812,10.40552,-3.33283
392.8026,1.44854,10.10863,-2.69356
392.8177,1.39586,10.51087,-1.12770
392.8395,-0.50040,10.87240,0.78532
392.8595,0.59857,10.26426,-0.28971
392.8985,-1.12291,9.04078,-1.01278
392.9138,-0.63688,8.78938,2.85637
392.9165,1.45572,8.48770,1.57783
392.9369,-0.39506,9.95061,0.04070
392.9593,0.74462,9.82371,-0.95771
392.9769,0.84518,9.53640,0.97686
392.9984,0.22985,9.54597,0.93856
393.0211,0.94334,9.36880,1.38629
393.0389,0.25858,10.43904,1.54191
393.0574,-0.08141,9.97934,1.06306
393.0793,-0.19872,9.46457,0.84039
393.0978,0.40703,10.70720,-0.74941
393.1175,1.13249,9.84526,1.54910
393.1410,0.70631,9.09585,0.19154
393.1574,0.95292,9.31612,-1.13728
393.1809,0.82363,10.17088,-1.51558
393.1993,0.72547,10.03680,0.03831
393.2187,0.34238,8.71516,0.96968
393.2369,0.51956,8.90191,0.39027
393.2593,1.11573,9.65132,-0.77575
393.2771,0.86433,9.58907,0.22985
393.3163,0.39027,9.68245,1.59219
393.3304,-0.33759,10.18046,1.86753
393.3382,-0.01915,10.25707,0.87152
393.3565,0.61772,10.64734,-1.04151
393.3792,1.14446,9.35443,-0.54350
393.3981,0.93137,10.37918,0.75659
393.4184,0.79729,9.55316,1.02954
393.4412,0.68237,10.14933,0.14366
393.4629,0.50519,10.17327,-0.60336
393.4781,0.01437,9.71357,-0.38787
393.4993,-0.24422,10.32651,0.51956
393.5169,-0.03591,9.18444,0.34478
393.5369,0.57223,8.33208,-1.18756
393.5593,0.66321,9.18204,-2.36315
393.5783,1.32882,8.92346,-0.72068
393.6085,1.43896,9.98413,-0.19633
393.6191,0.52435,9.78540,-0.45970
393.6365,0.79969,9.89793,0.27774
393.6572,0.38787,10.68565,-1.01278
393.6797,0.08380,10.30496,-0.24182
393.6977,-0.11253,10.69523,0.45252
393.7191,0.09098,9.58428,0.99123
393.7473,0.33041,10.37200,-0.28971
393.7642,0.59378,10.20201,-1.07982
393.7769,0.66561,9.33528,-0.61772
393.7992,0.42618,9.76146,0.62730
393.8169,0.26337,8.86600,1.33601
393.8371,0.01676,9.85962,0.56026
393.8632,0.15323,9.55795,0.40942
393.8805,0.27055,9.71836,-0.61533
393.8969,0.34717,10.18524,-0.09338
393.9192,0.11014,8.68403,-0.77096
393.9395,0.74223,10.13496,-0.82124
393.9594,0.35196,10.63776,-0.77335
393.9809,0.37590,10.67368,1.51318
393.9981,0.40942,10.16609,0.83321
394.0313,-0.47167,10.44862,0.84039
394.0389,0.08619,9.77104,0.22506
394.0586,0.28492,10.21158,0.10535
394.0782,0.84278,10.17806,0.05507
394.1005,-0.46210,9.46457,0.18915
394.1181,-0.14126,9.22035,-0.16520
394.1401,0.80208,9.54358,0.63448
394.1609,1.30488,9.35443,-1.10615
394.1772,1.33601,10.18285,-2.27456
394.1969,0.62251,9.88117,-2.53793
394.2195,-0.43336,8.70558,-2.57624
394.2368,0.37830,9.02402,-0.19872
394.2565,0.11493,8.82530,0.14605
394.2814,1.63290,9.39753,-0.76856
394.3143,1.69754,8.26264,-0.75420
394.3171,-1.81725,13.04880,-0.64645
394.3391,-1.37192,9.97694,5.92104
394.3578,1.01517,9.50048,-0.67040
394.3780,0.44773,8.02322,2.67919
394.4005,2.18597,10.20440,-4.51321
394.4199,0.98884,10.48453,1.47727
394.4501,-0.58660,10.89874,-1.31925
394.4588,-0.35196,8.52841,2.41343
394.4769,0.33759,9.80934,0.17478
394.4970,0.43576,9.72554,-0.43097
394.5193,0.35435,9.91230,-0.56984
394.5370,1.08700,10.34087,-1.15404
394.5603,1.18277,8.95219,-1.24742
394.5950,0.01915,10.06793,-1.08461
394.5965,-0.29210,10.22355,-0.18915
394.6166,-0.34238,9.68005,0.48364
394.6386,0.10056,10.33130,0.32562
394.6568,0.48843,9.50048,0.24422
394.6778,0.96010,10.04638,1.13010
394.7097,0.63209,9.19880,-0.45731
394.7220,0.45012,10.37439,-0.91940
394.7363,0.55787,10.78381,-0.24661
394.7584,0.52674,9.41908,-1.15165
394.7786,0.83560,9.42147,-2.30808
394.7988,0.75899,10.37918,-2.86834
394.8233,-0.09098,8.60263,-0.29450
394.8655,0.86433,9.55795,-1.22347
394.8655,0.64167,9.04318,-0.18196
394.8827,1.07982,10.32172,-1.61374
394.8966,1.08940,10.10863,-0.16281
394.9165,0.08380,9.95779,-0.16999
394.9409,0.71589,8.43982,-0.25379
394.9566,-0.00718,10.50129,1.19235
394.9765,-0.44773,9.33288,4.66165
395.0096,-0.63927,10.25229,4.02478
395.0165,-1.31685,10.32651,1.56825
395.0369,-0.65603,11.00888,-0.27534
395.0589,0.90743,9.00008,-4.51321
395.0779,4.52997,8.57629,5.23867
395.0992,-2.96411,10.22595,0.97208
395.1218,-2.77975,11.45182,7.46056
395.1398,-0.05267,7.06072,0.85236
395.1598,0.83800,9.73273,-1.01278
395.1816,2.15485,8.36081,2.30569
395.1976,-0.77335,13.76469,3.36396
395.2210,-0.63448,5.58105,4.50603
395.2436,2.63849,8.81811,-1.96809
395.2777,-3.12692,8.52601,3.98168
395.2795,-1.49163,11.37041,1.83880
395.2998,0.06943,7.18761,8.54756
395.3173,-0.90982,12.04799,-0.28013
395.3375,-1.30009,7.48929,1.97288
395.3611,-1.19953,11.30337,-0.58181
395.3802,-1.92021,10.17088,5.49486
395.3996,-0.68476,10.68565,1.56825
395.4370,-0.80208,11.95461,-1.58980
395.4372,5.16924,6.94819,-9.01205
395.4576,0.84757,10.63058,-0.59617
395.4795,-3.29452,12.48135,-2.23865
395.4975,-1.40544,6.89791,2.66962
395.5191,0.33520,9.41429,0.25858
395.5424,-0.78532,9.64653,-1.61614
395.5602,-0.12690,9.82131,-2.92580
395.5802,2.09260,10.55157,-2.43258
395.5995,2.45892,9.25387,-3.95295
395.6173,-0.44773,9.93863,5.73908
395.6400,-1.35516,10.47974,0.45012
395.6616,1.68796,6.83565,2.25780
395.6793,-3.11256,10.16609,0.67758
395.7123,-2.08062,10.17088,2.71511
395.7193,0.41660,9.76385,1.50121
395.7372,-0.68476,8.77741,3.09340
395.7570,-0.07422,10.26665,2.83243
395.7795,1.34558,9.68005,0.19394
395.7987,0.46210,10.29059,2.23386
395.8166,0.64167,10.22355,0.29450
395.8409,0.97208,9.83808,-0.35196
395.8568,0.74462,10.25229,-0.91940
395.8774,0.79969,10.06793,-0.27055
395.8987,1.35755,9.35443,0.71589
395.9163,0.34478,9.99370,0.32083
395.9364,0.57702,9.32570,-0.79011
395.9692,1.18756,8.47094,-0.17957
395.9813,0.54350,9.77582,0.45252
395.9962,0.92180,9.57949,-0.16999
396.0187,0.91701,8.41348,0.28252
396.0363,-0.42618,9.54119,-0.66321
396.0566,0.47167,11.01606,0.20351
396.0792,1.09418,9.78540,1.57304
396.0967,1.01038,9.51964,-0.01676
396.1196,1.41502,10.53241,-0.11971
396.1399,1.09418,9.65611,-0.54350
396.1570,0.14845,8.83727,0.73744
396.1808,0.28731,10.02722,0.57463
396.2002,0.50519,9.08627,1.76219
396.2174,-0.47646,9.80695,1.09658
396.2368,0.20351,9.75667,1.76458
396.2591,0.72547,10.61382,1.11573
396.2768,-0.07901,8.99290,1.98485
396.2987,0.87391,9.22275,-0.31126
396.3188,0.28971,8.79896,1.58262
396.3368,-0.95053,11.94504,1.64008
396.3566,0.15323,9.44781,1.55867
396.3788,0.32323,9.73752,2.88031
396.4029,0.27295,10.77424,0.12450
396.4181,1.17080,9.72076,-0.83800
396.4381,0.92180,10.80536,0.78293
396.4561,0.32323,8.14293,0.39506
396.4761,-0.83800,9.77822,-0.31844
396.4990,-0.22267,11.94025,0.70631
396.5175,-0.48125,10.00089,1.88429
396.5427,-0.64406,11.05916,-0.39027
396.5593,0.36872,9.63935,-0.30647
396.5790,-0.28013,9.20599,2.77496
396.5983,-0.15802,10.11581,0.86194
396.6211,1.94176,8.46616,0.66321
396.6384,0.24661,9.61301,0.58181
396.6586,0.09338,11.16690,0.29689
396.6811,0.10774,10.27623,1.84120
396.6982,-1.30488,10.76227,2.53793
396.7170,-0.55308,9.16050,1.07024
396.7394,0.87870,9.61062,0.83081
396.7587,-0.59617,10.12539,1.95852
396.7772,0.35435,9.33288,2.23146
396.7993,0.64885,9.85484,0.51237
396.8268,-0.06465,9.82850,0.47167
396.8399,-0.41660,10.70720,0.81645
396.8600,-0.44294,9.75188,0.52435
396.8775,0.01197,8.11899,1.16122
396.8980,-0.28492,8.94501,0.50519
396.9205,0.25140,10.27862,-0.12450
396.9387,0.30168,8.49489,1.10855
396.9614,-0.15084,10.07271,2.12372
396.9818,0.44294,10.49411,0.70152
396.9980,0.63448,9.55076,0.84278
397.0169,0.20112,11.22915,-0.12211
397.0397,0.27055,8.23870,0.25140
397.0576,0.30407,8.87079,0.81166
397.0774,0.10774,9.64414,1.77655
397.1036,0.61054,9.25148,2.85398
397.1172,-0.02155,9.94103,0.17239
397.1377,0.04789,10.61621,-0.10056
397.1600,0.05746,9.56752,-0.84518
397.1793,-0.33759,9.63217,1.04869
397.1992,0.19633,8.75826,1.01996
397.2219,-0.23464,9.74709,2.10217
397.2434,-0.33999,9.65132,-0.07662
397.2578,-0.44534,9.91469,0.27534
397.2806,-0.07901,9.62738,1.51318
397.2978,0.15563,9.22275,0.76856
397.3192,0.35196,9.50288,-0.35914
397.3403,0.67519,9.07430,-2.09260
397.3719,1.77176,8.69840,-1.08940
397.3898,0.48843,9.74709,-1.15643
397.3998,0.28492,10.24271,-0.61054
397.4195,0.67279,10.53481,0.24422
397.4379,0.28492,10.10863,1.18277
397.4621,0.64406,10.31932,1.16362
397.4797,0.37111,10.51565,2.12133
397.4978,0.39745,8.54517,0.86433
397.5219,0.62251,10.08708,1.64008
397.5378,0.31365,9.49809,1.51318
397.5582,0.44534,9.20120,1.17798
397.5826,0.46688,9.14134,0.60096
397.5982,-0.06943,8.15011,0.62730
397.6183,0.03831,10.06074,0.38308
397.6404,-0.27295,10.23313,1.66402
397.6658,-0.59857,9.23951,1.44135
397.6775,-0.14605,10.66649,2.11414
397.7000,-0.04789,9.82371,2.06147
397.7176,-0.63209,9.77104,3.26819
397.7419,-0.07183,10.42228,1.77655
397.7642,-0.27774,9.74949,2.15245
397.7957,0.07422,10.41031,0.70392
397.8166,0.03591,9.98173,1.11094
397.8219,-0.97926,9.61541,2.32484
397.8401,-0.80687,9.73991,3.21791
397.8601,-0.41660,10.51087,1.75021
397.8815,-0.07662,9.75428,1.75740
397.8992,0.75420,9.00726,-0.76617
397.9193,0.89067,9.86681,-1.05109
397.9441,0.37111,9.73991,-0.30886
397.9586,1.19235,9.19162,-0.75659
397.9789,1.07982,9.52921,-0.49561
398.0010,0.57941,10.18285,-0.49561
398.0203,0.11493,9.83089,-0.03831
398.0401,0.55547,10.33369,-0.55068
398.0654,0.63209,9.51964,1.20193
398.0970,0.58420,10.24989,0.39745
398.0989,0.29928,10.46298,1.40544
398.1210,0.27774,9.67048,1.14686
398.1388,0.31365,9.72076,1.48445
398.1589,0.39745,9.56752,1.06545
398.1816,0.66561,9.56034,-0.76138
398.2003,0.71349,9.36640,0.93377
398.2195,0.38308,9.82610,0.09338
398.2414,-0.25619,9.34485,1.10855
398.2586,-0.33520,10.06314,-0.15563
398.2786,0.04549,9.46217,0.98405
398.3012,-0.42379,10.32172,1.81247
398.3189,-0.21548,9.39753,1.45572
398.3392,0.02634,10.10863,1.15643
398.3615,0.38548,9.54358,-0.02394
398.3804,-0.16520,10.76227,1.41741
398.4003,-0.07422,9.66808,1.97288
398.4211,0.29928,8.51883,1.75500
398.4390,0.22506,9.81413,1.46051
398.4616,0.37590,9.60104,0.14126
398.4941,0.61054,8.27701,0.74701
398.5106,0.51477,10.30975,0.37590
398.5190,0.68716,8.77502,0.22267
398.5412,0.67519,9.68005,0.94574
398.5589,0.13647,9.59146,1.18756
398.5788,-0.06943,10.70241,1.60895
398.6012,-0.17239,10.60185,2.47329
398.6211,-0.22267,11.53083,1.78373
398.6399,-0.55547,10.51805,3.16284
398.6617,-0.17239,10.14454,0.20351
398.6788,-0.33520,9.96976,1.86993
398.6984,0.49083,9.48612,-0.00239
398.7212,0.17239,8.49489,0.05507
398.7387,0.50280,9.11500,-1.85796
398.7587,0.49322,9.50527,-1.16122
398.7911,-0.42618,9.87160,0.57463
398.7986,0.11253,9.30655,-0.50280
398.8204,0.95292,10.48453,-0.29928
398.8426,1.29770,8.31053,-0.43576
398.8604,0.56744,10.21637,0.49801
398.8810,0.50759,10.09187,2.53793
398.9206,0.11253,9.96258,2.11893
398.9331,-0.07901,11.23394,1.11573
398.9386,0.87391,9.65132,0.46688
398.9617,0.99123,9.80695,-1.90584
398.9784,0.41660,10.57072,1.41502
398.9985,-0.04549,10.00089,0.42379
399.0210,0.00479,10.03441,0.13647
399.0549,0.77814,9.49330,0.35196
399.0716,0.68716,8.16448,1.40065
399.0809,0.67758,9.46696,0.62251
399.0988,0.02873,8.85403,2.88031
399.1182,0.10535,10.22355,1.84120
399.1409,0.98644,10.10145,0.58899
399.1585,0.24661,9.33528,1.19474
399.1785,0.41900,10.25947,0.76856
399.2163,0.68476,10.02722,-0.53392
399.2202,0.31365,10.29538,0.23224
399.2386,-0.02394,10.12060,0.83081
399.2622,-0.32083,9.87160,1.28812
399.2784,-0.71110,9.93145,0.43576
399.3006,-0.63209,9.74709,0.99362
399.3509,-0.86912,9.76146,1.66402
399.3510,-0.28731,9.19402,0.52674
399.3689,-0.12929,8.91389,0.03352
399.3817,0.61293,9.62259,1.54670
399.3982,0.93137,8.18603,2.28893
399.4184,0.42139,9.41189,1.44854
399.4409,0.70871,10.48453,-0.48604
399.4584,-0.35675,9.77104,1.67839
399.4793,0.06465,10.27862,3.50761
399.5015,0.46449,9.26345,1.42459
399.5212,-0.52435,9.34007,2.36315
399.5390,0.56505,8.74150,0.88588
399.5631,1.45332,8.27222,0.16520
399.5797,0.36872,9.66808,-0.39984
399.5998,0.10056,10.18285,-1.24502
399.6341,-0.48843,10.26426,1.24742
399.6396,-0.59617,10.26665,0.14845
399.6592,-0.42618,11.04958,0.87630
399.6815,-0.85954,10.10384,2.56666
399.6995,-0.27055,8.82769,2.40146
399.7195,-0.60336,9.99610,1.79571
399.7449,-0.62730,9.89554,4.24026
399.7626,-0.95292,9.85244,1.95373
399.7850,-1.56825,9.75188,0.49322
399.8018,-1.13728,9.26105,2.22668
399.8195,-0.01915,9.96258,2.87313
399.8405,-0.05267,9.93385,2.39188
399.8632,-0.03831,9.65850,1.96570
399.8810,-0.05028,10.24989,2.93059
399.9130,0.03113,9.92188,2.21710
399.9215,1.18277,9.31612,1.68796
399.9392,0.54829,10.68086,1.06545
399.9606,0.54589,10.08229,1.46769
399.9828,-0.04549,10.28580,-0.50759
400.0003,-0.15563,10.11821,0.27774
400.0205,0.65364,9.08388,1.35037
400.0502,0.48604,9.18923,-0.39506
400.0596,0.88828,9.49809,0.08380
400.0792,0.50280,8.93783,1.69275
400.1014,-0.05986,9.82371,-0.62969
400.1193,0.67758,9.62977,-0.79729
400.1411,0.24422,10.85804,-0.74462
400.1842,-0.21548,10.70480,-0.50040
400.1843,0.66321,8.99768,0.68476
400.2066,0.19872,10.62100,1.61374
400.2215,0.62969,10.64016,-0.26098
400.2391,0.56744,9.06951,1.07264
400.2591,0.49322,9.23232,1.49642
400.2816,0.43576,9.86681,-0.37590
400.2993,0.49083,10.17327,-0.30168
400.3271,0.74462,10.41510,-1.13728
400.3436,0.00718,10.45580,-0.17957
400.3614,-0.11014,10.13496,0.55547
400.3816,0.74223,9.48851,1.11094
400.4036,0.33520,8.83727,0.78053
400.4216,0.10535,9.99370,0.46210
400.4689,0.42139,10.07032,1.04151
400.4690,0.11014,10.29059,0.13169
400.4833,0.00479,10.23792,1.62811
400.5019,0.50759,8.91628,0.69913
400.5230,0.27774,9.42865,0.48604
400.5393,0.15802,9.01444,2.09978
400.5593,0.46210,9.37837,1.73345
400.5824,0.94574,9.95539,0.25379
400.6111,0.73504,9.16289,2.67440
400.6199,0.28492,9.59865,0.70631
400.6420,-0.03113,10.54678,0.98405
400.6590,-1.02236,10.40073,3.47409
400.6784,0.68237,8.63854,3.27537
400.7021,0.36632,11.79180,0.82842
400.7202,-0.10056,9.83808,2.91623
400.7520,1.33122,9.33288,3.37114
400.7614,1.73106,7.76703,1.33601
400.7802,1.58022,9.26345,2.49962
400.7989,0.03591,10.24031,5.61218
400.8216,0.41900,9.83568,4.19956
400.8410,1.14446,9.50767,4.12055
400.8623,-0.16520,9.93624,4.11336
400.8921,0.25858,10.05835,5.32487
400.8989,-1.02236,10.65213,2.96172
400.9209,-0.16760,9.72554,2.70074
400.9433,1.79571,8.44940,1.47487
400.9616,1.55867,9.55555,1.56107
400.9803,0.24900,9.91948,1.75740
401.0033,0.50040,9.56992,1.07024
401.0217,0.44534,9.81413,-0.51237
401.0393,0.10535,10.23553,1.90345
401.0615,-0.26576,10.58030,0.94813
401.0789,-0.33759,10.45580,1.32164
401.0990,-0.83560,11.14774,1.47008
401.1228,-1.22826,9.61301,1.35516
401.1543,0.81405,8.40869,0.25140
401.1668,0.86912,9.19402,-0.35196
401.1815,-0.66321,10.48692,-0.41421
401.1989,-0.01915,11.53801,-2.04232
401.2190,0.88109,11.18366,-2.90186
401.2414,0.39266,10.00807,-3.66563
401.2590,0.16042,12.03602,-4.45096
401.2891,0.65364,6.08625,-0.76617
401.3101,3.16523,8.46137,-0.38787
401.3218,0.62730,8.08786,1.49163
401.3390,0.79250,7.36479,1.19714
401.3615,-0.21309,9.91709,1.97288
401.3808,-0.57941,8.96895,2.24344
401.4006,0.09098,8.72234,1.98485
401.4226,-0.92658,9.32091,1.34798
401.4414,0.05267,9.94342,-1.65205
401.4593,-0.10774,9.46936,-0.10056
401.4814,-0.22985,8.89234,0.14845
401.4992,-0.16042,9.52203,-0.17957
401.5192,0.50998,10.54678,-0.18196
401.5415,-0.03352,10.26665,-0.68476
401.5916,0.62969,10.35524,-0.10056
401.5918,0.43815,10.20201,0.46928
401.6046,0.50280,9.60344,0.44773
401.6205,0.51716,10.37200,0.51956
401.6388,0.70631,8.76544,0.65124
401.6626,0.31365,9.67526,-0.28013
401.6809,0.12929,9.99131,-0.13408
401.7013,0.42139,9.36161,0.84278
401.7296,0.63448,8.39193,2.40146
401.7405,-0.19633,9.47415,0.56984
401.7589,0.38308,9.54358,0.26098
401.7825,-0.11014,9.85962,0.48364
401.8003,-0.08141,9.78780,-0.67758
401.8215,0.02155,9.52203,-0.37590
401.8442,-0.45252,10.27623,0.67997
401.8634,-0.10056,10.34327,-0.33759
401.8794,0.70871,10.29059,-0.07901
401.9013,0.58899,10.80297,-0.60575
401.9189,0.09817,11.10465,0.67519
401.9402,0.06225,10.36960,0.62969
401.9624,0.14605,10.91311,-0.02873
401.9804,-0.16999,9.93624,1.17798
402.0070,0.53871,8.11420,1.32403
402.0209,0.52913,9.63456,-0.48604
402.0386,-0.11971,9.50527,0.69673
402.0622,0.07901,9.15571,0.63448
402.0844,0.14126,9.09346,0.58899
402.1020,-0.14845,9.89314,-0.90025
402.1220,-0.72786,9.10303,1.22826
402.1541,-0.81405,9.79498,0.82602
402.1605,-1.42938,10.01525,-0.90504
402.1805,-0.15802,10.69762,0.17478
402.2029,-0.25379,8.71277,0.87391
402.2206,2.67680,9.65132,-0.87630
402.2444,2.67440,8.97135,1.03193
402.2824,0.11493,10.60903,0.48604
402.2825,1.21150,8.59784,0.40224
402.3002,-3.12453,10.15412,0.38787
402.3253,-2.55469,9.50767,3.08143
402.3406,-0.51477,9.56992,2.26020
402.3608,-0.21070,9.41429,2.69116
402.3867,0.09338,9.61780,0.96489
402.4019,0.19633,10.11821,1.04390
402.4381,0.68237,10.33130,0.28013
402.4429,1.65444,8.73910,-0.59139
402.4608,-0.85236,9.67287,4.63292
402.4806,-2.07105,9.80455,-0.06465
402.5045,-0.91701,9.01444,2.74863
402.5222,-0.61772,9.04557,-0.21070
402.5417,0.31365,9.36640,-0.35435
402.5755,0.83800,8.50446,0.79490
402.5809,1.01517,9.39035,-2.48765
402.6030,1.79810,9.90751,-2.32484
402.6248,1.52276,10.00807,-0.99362
402.6425,0.33999,9.45499,2.17640
402.6608,-0.12450,8.87558,3.79493
402.7082,-0.14605,9.83089,1.60656
402.7084,-0.79250,10.60185,1.26178
402.7228,0.20830,9.70639,-0.21788
402.7427,-0.18196,9.62259,1.92739
402.7606,0.69434,8.93304,1.15404
402.7805,0.37111,9.52443,1.17798
402.8049,1.07503,10.40552,-0.80208
402.8224,0.55787,9.90751,0.09577
402.8540,-0.01437,9.63217,0.30168
402.8649,0.38069,9.29218,1.80768
402.8810,0.09577,9.71357,2.24344
402.9023,-0.33759,9.28500,2.01598
402.9246,-0.28731,10.41031,0.93616
402.9433,-0.09098,9.71357,1.58022
402.9796,0.17957,9.75188,0.86194
402.9974,-0.63209,10.43664,-0.50040
403.0076,0.35196,9.77104,-1.27375
403.0205,0.85476,9.39274,-0.84757
403.0431,0.40463,9.99849,-0.02873
403.0627,0.74462,9.94582,-0.37351
403.0827,1.28573,9.72076,-2.39667
403.1158,0.82363,9.82131,-0.93616
403.1291,0.84997,9.86681,-0.85715
403.1425,0.43097,9.94821,-1.41262
403.1650,0.91701,10.04159,1.49642
403.1834,0.16999,10.23074,1.19953
403.2052,0.04789,9.69202,-0.09098
403.2263,0.85236,10.02243,-0.84039
403.2457,1.64247,9.13176,0.13408
403.2650,1.24502,10.02004,-0.05507
403.2851,1.30967,9.45260,-0.66082
403.3022,0.25379,9.05275,0.51237
403.3221,0.27534,10.81494,-0.62012
403.3449,0.39027,9.79258,-0.95532
403.3624,0.57702,9.18923,-0.73265
403.3843,0.84039,9.95061,-0.72307
403.4136,1.22587,9.11261,-0.57223
403.4229,0.74701,10.33608,-0.13169
403.4441,0.76856,9.04078,0.56984
403.4648,0.61533,9.41429,0.18675
403.4825,0.04070,9.48612,1.62811
403.5063,0.34956,9.27542,1.84599
403.5445,0.31126,9.98891,2.11175
403.5606,-0.36632,10.48932,0.52913
403.5641,0.18915,10.16370,0.16760
403.5852,-0.23224,9.44302,0.35914
403.6022,0.56505,9.26345,1.30967
403.6241,1.43178,8.67206,0.43576
403.6461,0.86194,9.27063,0.23224
403.6635,0.73744,10.25707,-0.54111
403.7056,0.96010,9.73752,-1.52036
403.7072,0.57463,10.27862,-0.59139
403.7222,0.11014,9.99849,-0.33280
403.7420,0.96489,9.51964,-1.19953
403.7649,1.39347,9.89314,0.69913
403.7826,1.32164,9.59386,-0.03591
403.8027,1.83880,9.26824,-0.90982
403.8319,1.41741,9.93385,-0.13169
403.8511,0.77096,9.29218,0.77575
403.8620,0.63927,9.96258,0.16999
403.8845,1.06785,9.74470,-0.27774
403.9036,0.59139,10.15172,-0.82124
403.9246,0.41900,10.37439,-1.08221
403.9461,1.33601,9.51245,-0.35435
403.9692,0.83560,9.20120,0.42618
403.9828,1.09897,9.60583,0.51956
404.0045,0.63688,9.30176,-0.76377
404.0233,0.50759,9.30655,-0.05507
404.0422,1.50600,9.80695,0.12690
404.0658,0.96489,9.92906,-0.38308
404.0835,0.64645,10.19003,1.28812
404.1090,0.80926,10.40552,0.11971
404.1244,0.48364,9.44063,0.54350
404.1420,0.34956,10.44862,0.08859
404.1633,0.20591,10.06793,0.05986
404.1855,0.32562,9.47893,-0.37830
404.2031,0.82842,8.78220,-0.79250
404.2258,1.21150,8.41348,-0.72547
404.2564,1.01278,10.09426,-1.12291
404.2656,0.13647,10.14454,-1.76937
404.2833,-0.10056,11.47815,-0.46210
404.3083,0.46449,10.30496,-1.35277
404.3232,0.52913,10.80776,-0.77814
404.3451,1.01996,11.15971,-0.87391
404.3760,0.44294,10.18524,-0.06704
404.3969,1.25221,9.55795,-1.10137
404.4034,1.14686,9.71357,-2.71271
404.4284,0.42618,10.61382,-1.68078
404.4448,-0.54350,10.59706,-0.48125
404.4633,0.63209,10.02722,-1.16362
404.4857,0.66561,9.55076,0.07662
404.5045,0.20591,11.15732,-0.80687
404.5326,-0.34956,11.28661,-0.23464
404.5453,-0.07422,9.77822,-1.33122
404.5633,0.61293,7.63534,-0.82602
404.5832,0.17718,9.31852,1.27615
404.6054,0.18436,8.83966,0.42618
404.6230,0.86433,9.51724,1.32164
404.6449,0.68476,8.71995,-0.14605
404.6752,0.99123,8.84445,-0.31604
404.6830,1.38389,7.87238,0.63688
404.7031,-0.03113,9.36161,0.09577
404.7280,0.23943,10.00567,1.68796
404.7444,0.86912,9.77582,0.76377
404.7649,0.53392,10.25947,-0.27055
404.7908,0.35914,10.48932,-0.35435
404.8093,0.33999,10.02483,-0.36872
404.8236,0.40703,10.14933,1.00081
404.8454,0.33759,9.76385,0.58181
404.8667,-0.04789,9.36640,0.03591
404.8860,0.27055,9.66569,0.77814
404.9076,-0.09338,9.81892,-0.77096
404.9555,-0.25140,10.03441,-0.58660
404.9556,-0.13169,9.97455,0.47407
404.9739,0.69195,9.13655,-1.26418
404.9830,0.29689,9.14134,-0.44055
405.0038,0.73504,9.35443,-0.39027
405.0252,1.09658,9.11261,-0.90264
405.0428,0.54589,10.24750,0.14126
405.0629,0.02394,10.36482,0.54111
405.0921,0.25858,10.45580,-0.22267
405.1042,0.31604,9.67766,1.06306
405.1230,0.35435,10.27862,1.57783
405.1453,0.24422,10.92268,-0.03113
405.1631,0.64167,10.25229,0.81166
405.1830,0.64406,10.10863,0.66082
405.2249,0.25379,9.66808,0.40224
405.2406,0.04070,9.69681,0.83321
405.2431,-0.13647,10.12060,2.31766
405.2655,-0.07662,10.10863,0.61054
405.2830,-0.23703,8.81093,0.47885
405.3035,-0.06943,10.10863,0.60575
405.3268,-0.30168,9.03120,0.35196
405.3445,0.08859,10.09905,-0.12450
405.3636,1.17798,9.77582,0.94095
405.3854,0.87630,9.82850,0.55068
405.4030,0.42139,10.16848,0.02394
405.4235,0.72547,9.59625,0.45491
405.4454,1.10376,9.37598,0.48125
405.4630,-0.11493,10.71917,0.01197
405.4841,0.24182,9.69681,0.73983
405.5159,0.98884,8.70798,0.76617
405.5239,0.72547,10.52284,0.05986
405.5435,0.33759,9.02402,-0.05507
405.5667,0.13887,9.52203,1.06785
405.5838,0.41660,9.50048,-0.21309
405.6046,-0.00958,9.39274,-0.63927
405.6276,0.30407,9.94582,0.13408
405.6463,0.63209,9.42387,0.19154
405.6667,0.26098,9.75428,-1.10615
405.6862,0.76377,9.81892,-0.51956
405.7052,1.19474,9.78540,0.60336
405.7240,0.38787,10.27623,0.56026
405.7464,0.26576,9.85484,-0.57702
405.7652,0.33041,10.09426,-0.09098
405.7833,-0.01676,9.41429,1.25939
405.8056,-0.06225,9.23711,-1.10137
405.8233,0.55308,8.73910,-1.00799
405.8434,0.61772,9.04318,-0.53632
405.8656,-0.03352,9.46696,-0.47646
405.8851,0.13647,8.90670,-0.69913
405.9048,0.21309,9.08388,0.58181
405.9407,0.00718,10.01525,0.05507
405.9434,-0.46928,10.02722,-0.10295
405.9625,-0.66321,10.55157,0.43097
405.9849,-0.25140,10.29778,2.26498
406.0039,-0.32323,10.46059,1.01757
406.0239,0.32562,9.84047,-0.69195
406.0466,0.26098,10.84367,0.45012
406.0739,0.20591,10.81015,0.79250
406.0880,-0.19394,10.15412,-1.30727
406.1057,0.32802,8.98332,-0.21788
406.1223,-0.10535,10.53241,0.52195
406.1431,0.25858,10.28820,2.27217
406.1654,0.20591,10.25229,0.30886
406.1844,0.32323,9.56273,-0.76617
406.2073,0.40463,9.47415,0.72786
406.2252,0.24182,11.01845,0.47646
406.2437,-0.23703,10.69044,1.54431
406.2625,-0.24900,9.82371,-0.37830
406.2851,0.95532,10.93944,0.87152
406.3043,0.31365,10.60664,2.07823
406.3248,0.05028,9.62738,0.97686
406.3613,0.61054,8.99529,-1.82923
406.3637,0.30647,9.84765,0.41660
406.3820,0.46928,9.31373,1.32164
406.4043,0.35914,9.32809,0.37351
406.4221,0.48125,9.88357,-1.10615
406.4435,0.99123,8.72713,-0.05986
406.4643,0.69913,9.90751,1.24742
406.4825,0.35675,9.38316,1.27375
406.5020,-0.23224,9.73752,1.13249
406.5241,0.33759,8.67206,1.91303
406.5417,-0.28492,9.54358,2.08062
406.5615,-0.40463,10.29299,0.79011
406.5844,0.11493,8.94022,-1.08461
406.6010,0.64885,10.21637,-1.22587
406.6257,0.76138,9.32570,0.54829
406.6436,0.56265,9.87878,0.11971
406.6748,1.06066,9.04078,-0.36632
406.6834,1.13489,9.22754,-0.45731
406.7050,1.08700,9.10543,0.53871
406.7244,-0.13887,9.86202,2.19076
406.7472,1.53473,8.92586,-0.93377
406.7664,-0.81884,9.66329,1.63290
406.7821,-0.59139,10.20440,0.48125
406.8014,-0.29928,10.69523,1.91303
406.8244,-0.68955,10.43186,0.13169
406.8425,0.67279,9.70400,0.15802
406.8627,1.32403,9.11979,-1.45093
406.8849,1.02475,9.14613,0.37830
406.9102,0.70871,10.80297,-0.05028
406.9220,0.66321,9.94342,0.49322
406.9446,1.09418,9.72794,-0.66082
406.9620,0.67519,10.48692,-0.58420
406.9839,0.39745,10.06553,0.49801
407.0071,0.19872,10.04877,0.89785
407.0230,1.69994,8.92107,-2.01359
407.0481,2.07823,9.51006,-2.50441
407.0651,0.99123,10.24031,-0.93616
407.0854,0.81884,9.44302,-0.22506
407.1049,0.92419,9.25627,-0.22506
407.1274,0.96489,10.46298,-1.52755
407.1454,0.43097,9.98413,-1.01038
407.1912,0.47407,9.58668,1.01278
407.1913,0.42858,10.23074,-0.30407
407.2050,0.25619,10.26665,-0.40463
407.2222,-0.38069,11.67209,-0.83081
407.2448,0.06704,10.29778,2.45892
407.2626,0.11732,9.32091,1.30249
407.2846,0.20112,9.97694,1.33601
407.3055,-0.03591,10.53960,-1.00081
407.3295,-0.27295,9.84765,-1.09179
407.3483,-0.01915,9.56034,-0.39506
407.3691,-0.42139,9.79019,1.00799
407.3846,0.38787,9.25627,-0.23464
407.4040,-0.21548,10.38636,0.08859
407.4263,0.53871,9.89075,-1.10376
407.4433,0.60575,9.43105,0.84757
407.4638,0.76856,9.79977,-0.05746
407.4859,0.48843,9.88836,0.92180
407.5041,0.34478,10.12060,1.17798
407.5261,-0.36872,10.51565,0.36632
407.5472,-0.53871,10.41031,0.51477
407.5651,-0.01197,10.29778,-0.30407
407.5956,0.91461,9.39035,-2.24822
407.6114,0.31365,9.34007,-1.38868
407.6266,-0.10056,9.25148,-0.01197
407.6481,0.82124,8.10941,1.25460
407.6686,1.14925,9.66090,0.54350
407.6894,1.35037,8.51165,-0.06465
407.7065,0.34717,9.64414,1.49163
407.7480,0.25379,10.40791,1.33122
407.7481,0.37830,9.35204,2.13569
407.7666,0.37830,9.48133,1.54431
407.7883,-0.43097,9.56273,-0.22746
407.8059,-1.44135,10.84367,0.96010
407.8265,-0.45970,10.58988,0.57702
407.8492,0.79969,8.89473,0.88109
407.8669,-0.16042,9.74949,-0.94334
407.8981,-0.24182,10.73353,-0.06704
407.9086,0.90982,9.76146,-0.33999
407.9262,0.67040,10.41510,0.86433
407.9467,-0.64406,10.74311,2.72468
407.9690,0.10774,10.05595,-0.39027
407.9884,0.25619,9.96018,-0.45012
408.0189,-0.00718,9.43823,-0.97926
408.0330,-0.04070,9.70639,-0.71589
408.0459,0.52195,9.45739,-0.00718
408.0677,0.05507,9.65132,0.03831
408.0888,-0.44534,8.74868,0.45970
408.1065,0.39266,9.61301,-2.01119
408.1281,0.54589,10.01525,-1.22347
408.1516,-0.88109,10.05117,0.90982
408.1722,0.02155,9.91709,0.20112
408.1875,-0.38308,9.46936,0.74701
408.2096,-0.71349,9.22035,3.08383
408.2259,-0.53632,9.34007,2.21710
408.2460,-0.13887,9.97215,2.54272
408.2702,0.61533,9.16289,2.96411
408.2879,0.33280,9.42865,1.44375
408.3155,-0.43815,9.96018,1.90824
408.3298,0.36393,9.17726,3.66563
408.3462,-0.60096,9.28739,3.00003
408.3673,0.02634,9.02881,1.24502
408.3922,-0.23703,9.81653,2.14527
408.4082,0.18436,10.11821,-0.16999
408.4365,0.42379,10.06553,0.51716
408.4558,0.19872,9.67048,1.14207
408.4664,0.02394,10.40073,0.42379
408.4862,0.85954,9.79498,1.06785
408.5103,0.50998,9.49809,1.21150
408.5261,-0.23464,10.05835,1.19714
408.5503,0.23464,10.24271,1.46530
408.5898,0.20830,9.70878,1.03672
408.5902,0.04789,10.76945,1.10855
408.6062,0.55308,9.00008,1.51797
408.6281,0.67519,9.37359,1.54431
408.6461,-0.33041,9.74949,1.25939
408.6673,-0.34956,9.93385,1.58501
408.6896,0.53392,9.56992,0.99841
408.7104,0.65364,8.09744,1.13967
408.7421,1.22108,8.42545,0.90264
408.7530,1.50121,8.50686,1.34079
408.7676,0.97686,9.80455,-0.67040
408.7868,0.49322,9.82610,1.14686
408.8118,0.47646,9.99610,1.33361
408.8289,-0.13647,10.22116,1.58501
408.8673,-0.49322,10.40791,2.63370
408.8838,-0.57223,9.50048,2.60018
408.8875,-0.44773,10.58030,1.24742
408.9098,0.23703,10.11581,2.11414
408.9312,-0.30647,8.93064,2.46131
408.9478,0.01197,9.43823,0.10056
408.9671,-0.14605,9.00487,-0.28492
408.9890,0.12690,9.73752,0.17478
409.0123,-0.13647,9.44781,0.11253
409.0290,-0.48125,9.45978,-0.76377
409.0515,0.20830,8.78938,0.86194
409.0694,-0.07183,9.56992,-0.29210
409.0907,-0.13647,10.64495,0.54111
409.1130,0.07422,9.38556,1.11573
409.1326,0.02155,9.37119,-0.17478
409.1509,-0.08141,10.58748,-0.18196
409.1710,0.35914,9.58668,1.63050
409.1890,-0.28252,9.47893,1.32882
409.2089,0.18675,9.55555,0.51956
409.2313,-0.26576,9.95539,0.68476
409.2491,0.22985,9.90033,-0.85476
409.2694,1.61135,9.97934,-1.45332
409.2992,0.41900,9.65372,0.31604
409.3097,0.53153,10.40552,-0.98644
409.3291,1.22587,11.96898,-1.69515
409.3520,-0.00958,4.50363,-6.45736
409.3696,1.54910,7.91308,-2.60976
409.3896,2.17640,7.73590,-0.82124
409.4147,1.96091,7.65450,-2.32245
409.4483,2.65286,10.91311,4.76221
409.4642,-0.07183,10.35763,2.49244
409.4737,2.12133,9.40232,1.18277
409.4886,-1.01996,11.58829,0.94334
409.5088,-1.62571,10.16370,-2.79412
409.5326,-0.57941,2.96172,-1.21390
409.5500,3.31368,15.48138,-3.60338
409.5803,3.58184,8.36320,9.48851
409.5925,1.14207,14.80859,2.57863
409.6089,-1.59459,11.66730,8.77262
409.6292,-2.50202,9.95779,4.54194
409.6526,0.10535,11.16690,2.02077
409.6693,0.78293,8.31771,2.48047
409.6896,-0.37590,8.49249,1.82444
409.7196,0.29689,9.77582,1.08221
409.7295,0.64406,9.23951,-1.05109
409.7489,1.07024,6.82608,3.06467
409.7713,0.07422,15.84052,-2.52596
409.7890,-0.10774,6.66087,1.57543
409.8089,-0.18196,12.10306,0.44773
409.8324,0.99362,8.22673,-1.62571
409.8503,-0.89067,10.07511,-0.06704
409.8693,0.01915,8.90910,2.92580
409.8914,1.51079,9.38556,-0.77814
409.9090,-0.20591,9.54837,1.03672
409.9290,-2.02795,11.54759,-1.26657
409.9542,-0.90982,9.96497,4.70236
409.9721,-2.27696,8.05674,3.71831
410.0090,-1.92260,11.08070,2.92580
410.0135,-0.68716,8.48770,5.30571
410.0308,-0.42858,9.92906,0.93616
410.0517,1.59219,9.38316,1.20432
410.0740,1.03193,10.02722,-0.87630
410.0917,1.09897,11.85166,-0.49083
410.1131,1.49882,7.17804,1.92739
410.1478,1.51797,11.54998,-5.56908
410.1518,1.93697,8.57150,1.82923
410.1719,2.37751,10.47974,0.16760
410.1941,1.96570,7.37676,0.93377
410.2120,0.63209,8.95459,1.45572
410.2320,-1.96331,8.12138,2.24344
410.2572,0.20112,8.89952,0.26337
410.2753,0.04310,9.73273,0.04549
410.2934,-2.80848,11.51407,-1.19235
410.3152,1.42938,8.48770,-1.01996
410.3316,-1.92979,10.52523,2.90186
410.3529,-1.30009,11.88279,1.12291
410.3741,1.84599,7.79815,0.05267
410.3933,3.04073,8.58108,-0.26337
410.4241,2.01359,7.33127,1.40544
410.4376,0.50280,10.10384,-0.89306
410.4538,1.22826,10.34566,-0.53632
410.4773,2.44455,9.10064,1.95373
410.4959,0.46928,9.44541,4.44138
410.5154,-0.22027,10.32651,0.64167
410.5619,0.63927,9.75428,0.96729
410.5620,-0.43576,9.68005,3.76141
410.5810,-0.19633,10.79818,0.41182
410.5970,1.31685,9.81653,1.61853
410.6178,2.67440,11.24830,-2.92102
410.6348,-2.24104,9.68724,5.60260
410.6576,-1.54431,10.90592,4.17083
410.6945,0.23703,8.36799,-0.75899
410.6946,4.71433,8.23391,-0.82363
410.7145,4.30012,10.20201,-3.33762
410.7363,3.53395,8.63615,-1.67120
410.7580,1.96809,9.10064,2.80370
410.7782,3.69915,10.34327,1.69994
410.8006,2.39906,11.33450,-0.57941
410.8372,-1.34319,10.34327,6.23469
410.8374,-0.26337,12.66571,5.83964
410.8586,-3.01439,12.16531,7.49169
410.8751,-1.79331,10.53002,7.75984
410.8944,-1.94894,6.16765,-2.36315
410.9170,1.51558,8.16687,0.06704
410.9345,6.08385,8.77981,1.69515
410.9542,2.29611,8.91389,3.05749
410.9781,1.30488,10.15412,1.64008
410.9945,-0.49322,8.67206,2.53075
411.0145,0.80687,8.60023,3.75662
411.0366,0.96489,10.50368,1.01757
411.0556,-0.23224,8.75826,0.50759
411.0760,3.04552,9.45739,4.02956
411.1002,4.18280,13.44146,-3.60578
411.1172,1.70233,9.31133,6.99368
411.1387,1.51318,10.35045,0.88828
411.1584,3.34480,8.42306,2.95693
411.1769,-1.69515,11.53801,1.67599
411.1965,-0.01676,9.47654,5.16206
411.2193,1.58740,10.50368,1.95373
411.2366,-0.68476,9.26584,4.31448
411.2661,-0.24422,9.99370,2.72468
411.2775,0.02155,9.94342,2.15245
411.2955,0.44055,9.40950,2.54272
411.3175,0.37830,9.36401,1.86753
411.3414,1.13728,9.70160,1.67120
411.3587,0.36154,9.40950,1.96091
411.3941,0.01437,9.51006,1.59938
411.4061,0.28252,10.52523,2.32484
411.4160,-0.02873,9.89554,3.68479
411.4355,-1.14446,9.65132,2.13809
411.4609,-1.02475,10.00567,2.24104
411.4763,-0.34956,9.79019,2.93059
411.4969,0.25140,9.62977,2.66243
411.5195,0.02873,10.45580,0.99602
411.5383,0.62491,9.35922,2.48765
411.5558,0.60336,9.85244,2.64807
411.5774,0.72068,9.17965,0.97926
411.5955,0.26098,8.79896,1.35277
411.6154,-0.17718,9.44302,1.65444
411.6393,0.02394,9.01923,1.57543
411.6579,-0.42379,9.24669,0.90025
411.7024,-0.67519,9.27781,0.90982
411.7025,-0.24182,9.75667,-0.19633
411.7150,-0.32323,9.60104,-0.32083
411.7354,-0.07422,10.65452,-0.49322
411.7576,0.22267,10.02962,-0.71589
411.7760,0.45731,9.31133,0.19154
411.7970,-0.00479,10.96099,-0.59617
411.8289,-0.52674,10.47974,-0.37111
411.8355,0.04310,9.34246,0.08619
411.8554,-0.33759,10.08947,-0.27774
411.8775,-0.37590,10.24510,-0.58660
411.9011,-0.23464,10.16130,0.03352
411.9193,0.10295,9.88117,-0.19154
411.9619,-0.21548,9.24669,0.09338
411.9621,-0.99362,10.00567,1.09897
411.9804,-1.13010,9.52203,1.38868
411.9974,-0.62491,9.43823,0.90504
412.0150,-0.69195,9.50048,1.01278
412.0351,-1.30727,9.62498,1.17559
412.0576,-1.87711,10.20919,0.67758
412.0755,-0.97208,9.95539,0.06943
412.0958,-0.34956,9.45020,-0.42858
412.1175,-0.58899,8.92586,-0.32323
412.1353,-0.47407,10.22834,-1.86275
412.1555,0.01676,9.45020,-1.24023
412.1799,-0.62491,9.57949,-0.27774
412.1975,-0.94095,9.77582,-1.18517
412.2344,-0.64645,9.77343,1.45332
412.2535,-0.31604,11.13338,-0.30168
412.2571,-0.11493,7.34085,-1.71909
412.2775,0.92898,9.46457,0.17239
412.2975,0.62012,9.80455,-0.46928
412.3191,1.02954,8.46376,2.32245
412.3369,-1.07503,12.85486,0.77575
412.3605,-0.32802,10.34806,5.70556
412.3774,-3.34001,9.91709,2.04711
412.3953,-0.26337,10.09666,-1.77655
412.4182,0.64885,9.93624,-4.25941
412.4370,2.80848,10.28580,-0.83081
412.4571,-0.94334,7.78618,-4.98967
412.4774,0.64167,9.93624,-3.05988
412.5060,1.69515,9.43344,-3.30170
412.5170,0.55068,8.97135,-2.98087
412.5387,-0.73744,8.53080,-0.00239
412.5551,0.84278,10.34566,-1.38868
412.5801,1.80289,8.85882,1.89627
412.6032,1.50839,12.40234,-2.58342
412.6210,-0.23943,6.15089,-3.86675
412.6577,0.39984,7.77182,-3.83323
412.6709,2.44216,11.11422,-5.19797
412.6787,-0.96729,9.58189,7.35042
412.6969,0.04310,11.58590,1.75500
412.7195,1.88190,9.45739,-0.51237
412.7372,0.00718,10.25229,1.23545
412.7571,0.79969,8.85882,1.33601
412.8032,0.92658,11.26506,-0.57941
412.8034,-0.27774,8.46376,-1.13967
412.8180,-0.02394,9.35204,0.28492
412.8420,-0.35675,9.61780,-1.78613
412.8578,0.28013,9.35443,0.32562
412.8780,0.05028,9.50527,-0.98644
412.9003,0.45012,10.99690,-1.62092
412.9194,-0.27774,11.56914,-1.26657
412.9547,-0.52195,10.27862,-2.24104
412.9673,-1.17080,10.44622,-1.04151
412.9801,0.38308,10.65452,-1.58262
412.9980,-0.85476,10.16848,0.51237
413.0202,-1.53473,9.65850,1.24742
413.0380,-1.20911,9.62977,-0.92898
413.0586,-1.15404,9.90512,0.08859
413.0843,-1.21150,10.06553,0.40224
413.0982,0.16760,9.78061,-0.78053
413.1180,-0.45252,11.07352,0.67279
413.1418,-0.67040,10.90353,-0.22027
413.1588,0.11971,10.25947,0.20591
413.1803,0.40942,9.26105,-1.05109
413.2177,1.11813,9.26345,0.89067
413.2191,0.37111,9.38316,0.73983
413.2378,0.88349,9.99849,1.26418
413.2614,-0.01676,9.61541,-0.25858
413.2777,-0.38787,9.38795,-0.66082
413.2979,0.30168,9.18444,-2.07105
413.3201,0.23943,9.69202,-1.48924
413.3380,0.08380,9.46457,-2.03992
413.3700,1.53473,8.40390,-1.19714
413.3806,0.56026,9.74709,-1.75979
413.3979,1.14207,8.86121,-0.69673
413.4178,0.37351,9.48133,-0.48604
413.4403,0.33041,9.85723,-0.10295
413.4578,-0.76138,10.48213,-1.23066
413.4794,0.60096,10.26904,-1.18756
413.5138,0.40703,10.78142,-2.64567
413.5182,0.68955,9.78061,0.52195
413.5388,0.57223,11.14295,0.58420
413.5623,0.99123,10.06074,0.83800
413.5818,-1.14207,9.99370,0.96489
413.6018,-1.20671,11.17887,1.73106
413.6394,0.06225,9.11022,1.35277
413.6560,-0.42379,8.90431,-0.62969
413.6579,0.34717,9.73991,-0.17957
413.6799,0.47407,8.94022,-0.90025
413.6974,1.94176,9.09106,-1.31685
413.7192,1.75261,10.55875,-2.10696
413.7417,1.33840,9.79737,-1.91303
413.7594,2.12851,9.74709,-1.47248
413.7940,1.57783,10.00567,-0.49083
413.8003,1.18277,10.64973,-0.58181
413.8189,0.60336,9.84526,0.47646
413.8376,0.84518,10.28341,-1.29051
413.8613,1.49882,9.13895,-0.48125
413.8791,1.56825,10.31214,0.30647
413.9256,0.79969,9.28021,-0.72786
413.9392,1.67839,10.66410,-0.32562
413.9393,1.45811,10.39594,0.18436
413.9589,1.28573,9.17007,0.34956
413.9799,1.62571,9.83568,-1.57783
413.9978,1.16122,9.45978,-0.87630
414.0180,0.92180,10.58030,-0.49561
414.0422,0.91461,9.89314,-0.38308
414.0729,0.79729,9.23711,-0.68955
414.0774,0.84997,9.58189,-2.09499
414.0999,1.75500,10.08229,-2.16682
414.1176,2.12851,10.03919,-0.84518
414.1400,2.04950,9.41429,-1.09658
414.1635,0.64645,9.36880,-1.43656
414.1986,1.70233,9.85484,-1.63768
414.2131,1.46290,9.32091,-1.49163
414.2202,1.92739,9.17247,-1.35995
414.2389,1.31925,9.20599,-0.61293
414.2579,0.82363,10.10623,-0.48364
414.2794,1.84599,9.61301,-1.10376
414.2988,1.66402,8.88994,-1.30009
414.3175,1.41502,10.83888,-0.45731
414.3469,1.01038,10.86282,0.18196
414.3592,1.13249,8.91867,0.38308
414.3772,1.79331,10.45101,-1.19714
414.3998,1.19474,9.87878,0.41660
414.4174,1.61374,10.26186,-2.19555
414.4372,2.50202,10.00567,-2.78933
414.4595,1.70712,9.29218,-0.24900
414.4774,1.23784,10.09666,-2.26738
414.4964,2.44934,9.74470,-1.57543
414.5187,2.15006,9.41429,-0.68955
414.5362,1.01996,9.81892,-1.06306
414.5565,1.87232,9.75906,-1.33122
414.5793,1.21390,10.67128,-0.30647
414.5975,0.89785,9.92666,-0.46449
414.6174,0.91940,10.45101,-0.49561
414.6397,0.70631,11.21478,0.04070
414.6574,0.53632,10.22834,0.04310
414.6775,0.77096,10.38876,0.20351
414.7011,1.37431,9.92666,-0.43815
414.7193,1.35755,9.95300,-2.13569
414.7389,2.30569,9.63217,-3.04791
414.7771,0.62012,9.65132,-1.25460
414.7796,1.83162,10.40312,-2.38230
414.7977,1.61614,8.19800,-1.89387
414.8200,2.08062,9.50288,-2.63610
414.8377,2.29611,9.93385,-0.02634
414.8581,1.11094,10.25468,-2.19555
414.8813,0.67519,10.81733,-0.11253
414.9024,0.70392,10.33130,-0.36872
414.9268,0.38787,10.08708,-1.44614
414.9396,1.45093,10.24510,-0.27295
414.9585,0.23943,10.15891,-1.61853
414.9770,0.43576,10.22595,-1.47727
414.9995,1.80768,11.00888,-0.79729
415.0171,1.20911,8.23870,-0.17957
415.0370,1.89387,9.84286,-1.63050
415.0591,0.68716,10.58030,-1.48206
415.0769,0.79729,10.44143,-0.09817
415.0972,1.16841,10.89874,-1.06785
415.1196,1.01038,10.92508,-1.69994
415.1372,2.30808,9.97455,-0.34238
415.1573,2.35597,9.69921,-1.31446
415.1810,1.66163,9.57710,-1.34319
415.1972,1.15404,10.02243,0.45731
415.2172,0.95532,8.95698,-0.35435
415.2393,2.16203,8.00646,-0.78293
415.2571,0.96968,9.99610,-0.93377
415.2799,0.99841,9.40950,-1.10137
415.3015,1.43896,9.27542,-1.64247
415.3199,0.67040,9.78540,-0.61533
415.3390,1.44614,8.98092,1.39107
415.3596,2.02795,8.55714,0.70871
415.3773,2.73905,9.30415,-1.73106
415.3976,1.17319,9.49569,-1.47727
415.4214,1.14446,9.98891,-0.16999
415.4385,2.01598,7.45098,1.79092
415.4738,1.24263,9.70400,1.16122
415.4821,1.91542,8.43503,0.05746
415.4976,1.95133,8.58108,-1.81965
415.5176,1.07742,10.83888,-1.51558
415.5400,1.01517,9.86681,-0.31126
415.5578,1.18277,9.55076,-0.57941
415.5777,2.11654,9.21796,-0.87391
415.6069,2.03034,9.11500,-0.48843
415.6191,2.32724,10.39115,-0.10535
415.6396,1.82923,9.95539,-0.61772
415.6628,1.08940,10.84367,-1.40065
415.6810,0.11493,10.73832,0.76377
415.6987,0.61293,9.60822,0.34956
415.7425,0.28731,9.75428,-1.63050
415.7428,0.73983,10.19243,-1.33840
415.7592,1.06545,10.71917,0.10056
415.7795,0.81405,9.98652,-0.23464
415.7973,2.26977,9.53400,-0.59857
415.8206,1.45332,9.60583,-1.31446
415.8412,1.37192,11.25788,-0.30168
415.8784,1.89627,9.57949,0.60815
415.8936,1.22587,10.81494,-0.76856
415.9005,1.86514,9.64653,-1.35995
415.9182,2.02316,9.32091,-0.62012
415.9380,1.43178,11.20999,-2.20752
415.9608,1.70233,10.36242,-0.79011
415.9785,0.73744,11.37281,-0.34717
415.9984,1.20671,10.69762,-1.84359
416.0206,2.40385,9.22275,0.14366
416.0409,0.86433,9.55555,-1.20193
416.0598,1.09897,10.15172,0.41421
416.0821,1.41980,9.68245,-0.50040
416.0983,0.57463,10.46059,-0.99602
416.1182,0.47407,8.40151,-1.57783
416.1409,1.72627,10.02962,0.13169
416.1694,1.06306,9.79019,-2.29850
416.1825,1.65205,8.60502,-2.07823
416.2002,1.45572,9.36640,-1.09897
416.2181,0.87391,9.94342,-4.26420
416.2379,2.47329,9.45020,-3.51958
416.2604,1.20671,10.95860,-2.92341
416.2793,0.64645,8.71995,-0.11253
416.3006,1.27375,9.69681,1.53234
416.3212,0.65843,10.43664,0.83800
416.3398,1.69036,9.47415,-0.08619
416.3606,1.85077,9.19402,1.13728
416.3807,1.58501,9.68245,-0.61054
416.3998,1.53473,9.59625,2.25062
416.4194,1.08221,10.42946,2.65046
416.4503,1.79331,9.49809,1.31206
416.4580,0.54829,10.06553,2.49723
416.4781,0.21548,10.06793,1.81486
416.5010,0.56984,9.16528,2.00880
416.5195,1.16362,8.83966,0.42139
416.5382,0.44055,10.42707,1.15643
416.5634,0.72068,9.49330,1.03912
416.5811,2.09499,8.51404,-0.54111
416.6011,2.06386,9.90272,-1.21150
416.6216,0.76617,9.90272,-1.48684
416.6393,0.90982,10.39115,-0.29450
416.6611,1.54910,10.47974,-0.95053
416.6819,2.12851,9.26824,-1.07024
416.6994,1.36713,9.15092,-0.22985
416.7290,1.87472,9.92666,-0.96010
416.7401,1.65923,10.28820,-0.97926
416.7582,0.51477,8.86361,0.05267
416.7798,0.91461,9.93624,-1.24023
416.8004,1.35755,9.46696,-0.31844
416.8183,0.50759,10.05356,-0.38069
416.8584,0.00479,8.59545,-1.28812
416.8721,-0.34717,10.43186,-0.28971
416.8780,-0.30647,10.65452,0.75659
416.8982,0.85236,9.39992,-1.42459
416.9215,0.20830,9.00487,-0.71110
416.9377,0.22267,9.26584,-0.59857
416.9579,0.61293,9.06951,0.79969
416.9804,-0.12929,9.92188,1.66163
417.0131,-1.04151,9.76146,2.16682
417.0179,-0.00958,10.34566,0.15323
417.0401,-0.38069,9.20838,0.25619
417.0576,0.27295,9.90751,0.12450
417.0779,0.46210,9.58907,2.59061
417.1004,-0.22506,9.79977,1.69036
417.1181,-2.27456,10.56833,3.00242
417.1546,-1.43417,9.25866,0.55308
417.1622,1.52515,8.32489,1.22587
417.1790,3.69915,8.85403,-4.18998
417.1986,4.97291,9.02402,0.16042
417.2205,3.80211,11.29140,2.72229
417.2396,-0.21070,10.45101,0.47167
417.2899,-1.60416,8.31053,2.00880
417.2900,0.04310,9.42147,1.17798
417.3062,1.63050,9.33288,5.07107
417.3191,0.95292,9.43105,2.09260
417.3400,1.54431,10.24031,0.34956
417.3578,1.09418,9.59146,-1.03912
417.3779,-1.31685,10.03680,0.35435
417.4002,-0.23943,10.52284,-0.12929
417.4330,-0.06225,9.68005,-0.48843
417.4378,0.25140,9.89075,-0.06225
417.4606,0.73744,9.16050,1.02954
417.4793,0.20112,9.75667,1.25699
417.4996,0.15084,10.40791,1.29291
417.5221,0.18196,9.67766,1.91063
417.5465,-0.12929,9.14374,1.16122
417.5702,0.18675,9.34725,2.20034
417.5803,-0.37351,8.93304,2.38709
417.5994,-0.75180,9.12458,1.36474
417.6179,-0.22746,10.06074,2.09738
417.6432,-1.15883,9.13895,3.16763
417.6617,-0.03352,10.19961,0.39745
417.6975,-0.69673,9.67287,1.01517
417.7122,-0.06465,10.32411,3.58902
417.7177,0.59378,11.33210,2.39427
417.7380,0.57941,10.88198,-1.30249
417.7614,1.33601,9.90512,0.44534
417.7789,1.52755,9.12698,2.26738
417.7993,1.59219,10.30975,2.39427
417.8225,0.25140,9.97694,2.17161
417.8537,0.63448,10.07750,1.94894
417.8600,0.52674,7.98012,2.31287
417.8820,0.36872,8.47094,1.90105
417.9023,-0.24182,8.68882,2.75820
417.9205,0.05986,10.33369,1.20911
417.9430,-0.05746,9.81653,2.44455
417.9839,0.46928,10.55636,1.27375
417.9839,0.14605,10.38397,-0.66800
418.0017,1.16362,6.12216,0.32802
418.0193,0.69673,8.89713,1.86275
418.0386,-0.59378,10.35284,1.70951
418.0615,0.92898,10.46777,5.47810
418.0792,0.53153,10.14454,5.20994
418.1119,-1.67360,10.63776,5.83485
418.1284,-3.06707,11.54759,3.62733
418.1401,0.28971,9.48851,3.04073
418.1586,-0.94813,9.47175,1.52276
418.1815,-0.42858,10.98014,1.78134
418.1998,-0.42139,9.01205,3.08383
418.2189,0.74223,9.88357,1.24023
418.2415,0.99602,8.78459,4.88193
418.2598,-2.77496,10.90832,2.37512
418.2783,-2.16682,10.14454,5.09262
418.3009,-1.39347,10.20440,5.38712
418.3186,-0.28492,8.87558,5.53556
418.3400,-3.85718,11.31295,1.69754
418.3650,-0.46688,9.24430,6.29934
418.3806,3.85239,8.27461,3.27537
418.4086,3.62254,10.64973,-3.01679
418.4230,2.31287,10.40552,0.97926
418.4386,-0.96250,11.48773,4.50842
418.4584,-3.16284,10.09905,2.90426
418.4820,0.86912,11.45660,1.80049
418.4997,-3.98886,11.74152,6.43102
418.5204,-2.54033,10.50368,7.74787
418.5483,-1.92021,10.08947,10.31693
418.5604,-2.17879,10.10145,5.69598
418.5785,-0.58420,8.91628,3.50282
418.6044,-1.02236,9.02402,1.97049
418.6201,-0.26816,9.70400,-0.16999
418.6399,-0.42858,9.96018,1.87951
418.6628,-1.14686,9.78780,6.05033
418.6812,-1.60177,10.11342,3.40226
418.6986,-0.92658,8.69361,2.09978
418.7209,-2.22668,10.41510,2.50920
418.7385,-1.84599,9.72794,2.39667
418.7586,-0.53153,9.24190,3.85957
418.7805,-1.67120,10.22116,3.50043
418.8158,0.30407,8.80375,3.22748
418.8308,0.54829,9.06233,1.39826
418.8413,-0.08619,9.42626,1.55867
418.8584,0.09098,9.82131,3.90027
418.8796,0.30168,9.05515,1.16601
418.9025,-0.20830,8.94980,1.29530
418.9203,-0.60575,10.12539,1.87711
418.9418,0.10774,9.21317,2.54511
418.9760,-0.18436,9.81892,1.88908
418.9781,-0.60815,9.97455,3.62014
418.9983,-0.67279,9.92188,1.94415
419.0206,-0.16042,10.29778,1.05827
419.0393,-0.28731,9.05275,1.03193
419.0600,-0.65603,9.87878,1.75500
419.0806,-0.88349,9.34964,1.72867
419.1001,-0.10295,9.36161,0.98165
419.1184,-0.78532,10.44143,1.93936
419.1403,0.07662,9.51724,2.98566
419.1579,0.45012,9.55076,1.33361
419.1820,0.09098,9.22514,0.37830
419.2049,-0.10535,9.74949,0.27055
419.2383,-0.08619,9.84286,3.81169
419.2551,-0.12211,10.02004,3.95055
419.2615,-0.67040,10.10623,3.79732
419.2782,-0.13169,10.40791,2.15964
419.2984,-0.86433,10.42467,3.51240
419.3221,-0.97208,9.74470,3.88591
419.3412,-1.26657,9.63696,5.12375
419.3604,-1.59219,10.30017,4.38392
419.3917,-1.08700,9.62738,4.09182
419.3994,0.29928,8.47813,1.87951
419.4182,-0.07183,9.88117,3.12692
419.4410,0.72786,9.28500,3.96013
419.4586,0.40463,10.08708,2.90186
419.4786,0.43097,9.98413,0.97208
419.5282,1.04630,9.96976,-0.26098
419.5283,-0.37590,10.15412,4.28336
419.5445,-1.04630,9.93624,4.58504
419.5603,-0.89067,9.84047,5.12375
419.5778,-1.50839,11.43506,4.20195
419.5980,-1.09897,10.21637,2.20513
419.6208,-1.12052,9.39035,3.37353
419.6469,-1.14446,9.65850,2.02077
419.6649,0.22985,8.86839,3.79971
419.6808,-0.09098,9.33049,4.15886
419.6982,-1.05827,9.81653,3.68239
419.7182,-0.02873,9.01684,1.99683
419.7405,-0.02394,8.64094,2.71271
419.7602,-0.65843,9.52921,1.54431
419.7799,-0.97686,10.37679,1.77655
419.8109,-0.08619,9.46217,2.28174
419.8216,-0.57941,9.46457,1.35995
419.8385,-0.05746,10.02483,0.36393
419.8605,-0.22985,8.94022,1.62332
419.8781,-0.15802,9.75188,-0.47407
419.8987,0.27295,9.72315,-0.20112
419.9218,0.25379,9.45499,1.07503
419.9542,-0.28731,9.41668,0.97447
419.9596,-0.18675,9.90272,0.36872
419.9824,-0.35196,10.00807,2.02795
419.9992,-0.67279,10.16609,0.85715
420.0202,-0.54829,10.22595,0.51237
420.0431,-1.40783,10.75987,1.39107
420.0603,-0.05986,9.36880,-0.09098
420.0926,0.40224,8.57629,-0.68237
420.1014,-0.58660,9.24430,1.03433
420.1190,0.52435,10.19003,-0.10056
420.1393,0.93137,8.94740,-1.54910
420.1615,-0.00958,9.85244,-0.20591
420.1792,0.41182,9.15331,0.22267
420.2008,-0.06465,10.38876,0.77096
420.2220,-0.08619,10.64016,0.27055
420.2393,0.22027,10.22834,1.68078
420.2614,-0.01676,10.18524,-0.41182
420.2845,-0.03591,10.70720,-0.34238
420.3023,1.47248,10.16370,-2.37991
420.3225,1.54910,10.25947,-0.97926
420.3472,0.24661,10.36482,-1.43178
420.3651,0.71349,8.65291,0.71110
420.3833,0.56026,9.39513,1.26897
420.4038,-0.87630,9.95539,3.94816
420.4218,-0.75420,9.51245,2.89947
420.4426,-0.61772,10.32172,3.34480
420.4651,-0.58899,9.83089,3.45254
420.4839,-0.09577,8.34644,3.06946
420.5177,-1.04630,10.19722,2.95932
420.5232,-1.86993,10.01765,4.10858
420.5414,0.08380,9.67766,0.83800
420.5609,0.26337,10.01286,1.54670
420.5845,-0.48843,9.45739,2.12612
420.6012,-0.15323,9.94821,0.60815
420.6224,-0.72068,10.43186,0.49801
420.6541,-0.95053,10.44622,0.52674
420.6616,0.80208,9.84286,0.62251
420.6809,0.72547,9.73033,1.91542
420.7032,0.30407,10.30017,1.47008
420.7212,-0.16042,9.89793,3.48128
420.7413,-0.33759,10.13018,3.24664
420.7641,-0.09817,9.64893,3.00721
420.7830,-0.31844,8.91867,2.89947
420.8004,-0.09098,8.74389,1.69036
420.8230,0.04789,8.72953,1.55149
420.8409,0.16281,9.48851,1.60895
420.8619,-0.05267,10.14454,0.73265
420.8832,0.59378,11.02085,-0.17478
420.9026,1.65205,9.64653,-0.76138
420.9208,1.64247,9.51245,-0.41660
420.9434,1.30488,10.04398,0.49801
420.9607,0.31126,8.71995,3.53156
420.9808,0.10774,8.91149,3.01439
421.0033,-0.02155,9.13416,3.36635
421.0211,-0.42858,9.14134,2.80130
421.0416,-0.46210,10.01286,2.14527
421.0713,-0.66321,9.97934,2.36075
421.0827,0.15084,9.22514,2.22668
421.1012,-0.33280,9.90990,2.47807
421.1252,-0.02634,9.63217,2.41582
421.1409,0.49561,9.83329,2.07344
421.1609,0.84039,9.02642,1.76458
421.1852,0.90504,9.79737,1.33361
421.2040,-0.56265,10.89874,3.21551
421.2211,-0.14605,9.61780,4.19956
421.2451,-0.16281,10.20679,4.75742
421.2610,-1.13249,9.82850,4.45814
421.2810,-0.47885,9.63217,4.25941
421.3071,-0.53632,9.87878,4.24505
421.3227,-0.83560,9.16289,3.47170
421.3569,-0.39506,8.70798,2.47807
421.3635,-0.24900,9.34725,3.43578
421.3831,0.19633,9.31852,5.19797
421.4032,-0.15802,9.66569,4.78616
421.4268,0.22985,9.15810,3.86915
421.4449,-0.29450,10.07032,3.73267
421.4828,-0.57702,9.81653,3.14847
421.4972,-0.63688,9.52443,3.90267
421.5009,-0.50519,10.54918,2.71750
421.5209,0.16760,10.96338,2.17161
421.5429,0.70631,9.87638,1.80768
421.5611,0.56744,8.98571,0.58420
421.5812,0.87870,9.48133,1.26418
421.6223,1.18756,9.35443,1.95373
421.6375,0.06465,9.49809,1.35277
421.6410,-0.34717,9.78301,1.89387
421.6634,-0.00239,9.27063,1.64247
421.6810,1.04151,8.93543,1.12531
421.7009,0.79490,8.83966,0.73265
421.7249,0.70392,9.33288,0.05507
421.7428,0.36154,10.33608,1.67839
421.7704,-0.45012,10.20201,2.71990
421.7844,0.33759,9.82610,2.01837
421.8008,-0.61772,10.10145,4.08942
421.8209,-0.69195,9.60822,2.66243
421.8453,-0.29689,9.10303,3.04073
421.8646,-0.41421,9.37837,-0.06465
421.8843,-0.28971,9.26345,0.44294
421.9168,-0.70392,9.88596,3.14847
421.9222,0.40942,8.47094,1.18277
421.9427,-0.03591,9.95779,1.89387
421.9649,-0.37111,10.03919,1.49163
421.9841,-0.17239,10.53481,1.34079
422.0025,0.16042,10.51087,2.09020
422.0271,0.20830,10.33608,2.33921
422.0454,-0.82602,9.42387,3.23706
422.0627,-0.60815,10.06553,2.50202
422.0850,-0.22267,9.58907,3.13171
422.1026,-0.27534,9.66090,3.47888
422.1230,0.82842,8.75347,3.25861
422.1456,0.48843,8.49728,4.68799
422.1637,-0.02155,8.49489,2.73666
422.1885,0.21548,9.18444,2.88031
422.2063,-0.32323,10.50368,2.77018
422.2229,-0.38308,9.02881,5.03277
422.2449,-0.86194,9.69442,5.06389
422.2654,-1.11813,10.72396,4.12534
422.2831,-0.61533,9.76864,4.53715
422.3036,-0.05746,9.34007,4.15646
422.3372,-0.07662,9.58189,3.11016
422.3436,0.80926,10.07990,2.35357
422.3628,0.66321,10.22116,2.05189
422.3866,0.64645,10.14694,1.07264
422.4059,0.61772,10.26186,1.07503
422.4251,0.76617,9.05994,0.45731
422.4502,0.24182,10.19961,2.17640
422.4677,0.47885,9.36880,2.06626
422.4868,0.73744,9.45499,0.15563
422.5086,-1.01517,10.60664,-0.06943
422.5243,1.02236,8.36320,1.58262
422.5458,-0.45252,9.50767,2.19555
422.5689,0.25140,9.72554,2.39188
422.5859,0.19633,9.11022,2.76060
422.6196,0.39266,9.28021,1.42459
422.6267,1.05109,10.08229,2.34400
422.6444,-0.63209,9.70639,3.18678
422.6660,0.04789,9.91230,4.10139
422.6884,-0.42858,9.34725,3.93858
422.7058,-1.32643,11.33450,2.86834
422.7421,-1.36474,10.65931,2.70314
422.7560,-0.18196,8.86839,4.67123
422.7643,0.78053,9.35922,1.41023
422.7859,0.54111,10.55396,1.34319
422.8068,0.93856,9.82610,0.37590
422.8246,0.43097,9.40950,0.57463
422.8461,-0.39266,9.71118,1.51079
422.8708,0.30886,8.94501,2.78694
422.8975,-0.03113,9.66090,1.69754
422.9126,-0.15084,9.64653,2.03992
422.9264,-0.27295,10.63776,1.31446
422.9442,-0.03831,9.70639,0.80448
422.9645,-0.01676,9.32570,0.61293
422.9869,-0.54350,10.53720,1.23305
423.0123,0.51477,10.83170,0.74462
423.0317,0.09577,10.10384,0.62730
423.0468,0.21070,9.11740,1.80768
423.0643,0.08380,9.37837,-1.27375
423.0844,-0.02394,10.72396,0.53392
423.1077,-0.39266,9.28260,1.83162
423.1259,0.45731,8.36081,-0.15563
423.1461,0.48125,11.65054,-1.40065
423.1780,1.41741,10.40791,-0.20591
423.1864,0.39745,8.20518,2.04950
423.2045,0.29450,10.14694,2.26259
423.2280,0.77096,9.69442,-0.35435
423.2445,-0.56026,9.97934,3.94576
423.2646,0.17478,10.70959,2.87074
423.2899,0.55308,9.24669,3.53634
423.3072,-1.39347,11.18126,3.56268
423.3292,-0.48125,10.89874,3.03594
423.3467,2.30090,8.68403,0.47885
423.3642,-0.87391,7.48211,2.33202
423.3854,-1.03193,9.84047,1.99683
423.4067,0.86194,9.59386,0.43576
423.4243,-0.81645,11.61223,1.19474
423.4538,0.10535,11.62181,1.21629
423.4665,0.16520,9.17247,0.52435
423.4843,0.97447,10.92747,0.38787
423.5053,0.93616,8.82530,2.20992
423.5265,-0.62012,7.91547,2.90426
423.5442,-0.30168,9.52203,2.22428
423.5842,-0.67279,8.76783,2.86834
423.6031,-0.28971,7.81970,4.79334
423.6044,-0.52674,8.37278,2.50441
423.6244,-0.94334,8.60742,3.96971
423.6469,0.33999,11.32013,2.73666
423.6668,0.25140,10.13736,3.78535
423.6859,-0.53871,11.00169,2.88989
423.7086,0.02394,8.15969,3.12213
423.7317,-0.62251,11.01366,3.09340
423.7473,-0.55308,9.54119,2.79891
423.7664,-0.24900,10.01286,1.28812
423.7841,0.17718,9.95300,0.50998
423.8059,0.73265,9.39274,2.80370
423.8280,0.85715,9.62977,2.16442
423.8479,0.28013,9.26105,2.22668
423.8816,-0.47407,9.74949,2.95932
423.8867,-0.46210,9.31612,3.44776
423.9059,0.27534,8.25307,3.56508
423.9242,0.49561,8.79178,3.25143
423.9482,-0.39745,10.31693,3.37593
423.9660,-0.34717,10.14694,3.29692
423.9857,0.33999,8.81333,4.09660
424.0169,-0.60096,9.34725,3.03355
424.0317,0.35914,10.14933,2.33442
424.0443,0.47646,10.57791,0.41660
424.0671,0.59617,10.07990,-1.27854
424.0841,0.37830,10.60664,0.56026
424.1039,0.80687,9.52921,1.37910
424.1261,0.79011,8.86121,2.72947
424.1501,-0.01915,10.01286,2.17161
424.1640,0.14605,9.54597,2.23146
424.1861,0.85715,9.53640,1.53952
424.2038,-0.44773,9.05994,2.74384
424.2236,-0.01676,9.17247,4.51321
424.2460,0.51477,9.10782,3.60817
424.2638,0.54350,8.92825,2.59061
424.2937,-0.05507,9.85244,2.43258
424.3062,0.17239,9.45978,2.08302
424.3242,-0.34956,10.47256,2.51159
424.3442,-0.97926,10.66410,2.32005
424.3664,-0.97447,9.81892,4.06548
424.3841,-0.45970,9.85962,2.48765
424.4063,-0.33999,9.26824,2.89228
424.4398,-0.20591,10.13257,2.32724
424.4442,-0.07662,10.21637,1.30488
424.4641,-0.05267,9.05515,3.32565
424.4869,-0.46928,9.09824,3.04073
424.5042,0.29689,9.52921,2.03753
424.5243,0.05746,9.76625,0.68237
424.5466,0.40463,9.72315,0.73504
424.5692,0.09577,9.60583,3.36396
424.5840,0.14126,9.72554,2.97369
424.6064,0.16999,10.02962,1.54191
424.6237,-0.24182,10.99930,1.90584
424.6438,-0.75180,10.54199,2.55948
424.6660,-0.47885,10.60664,3.00481
424.6917,-0.85476,8.97374,2.90665
424.7063,-0.88349,9.03599,1.07264
424.7256,-0.64645,9.44541,1.90345
424.7445,-0.81405,9.21796,1.39107
424.7632,-0.50040,9.05754,1.24981
424.7853,-0.61533,9.56992,1.11094
424.8031,0.17239,9.34725,1.92739
424.8234,0.16760,9.78061,1.18517
424.8483,0.15802,9.78540,2.13090
424.8635,-0.39506,11.02564,1.09418
424.8838,-0.38069,10.49411,1.86035
424.9063,-0.53632,10.47495,1.89866
424.9239,-0.47885,9.29457,1.79092
424.9481,-0.66800,10.14454,1.86514
424.9866,-0.60815,10.00567,2.06147
424.9871,-0.77814,10.61861,1.27615
425.0041,-0.84757,10.77184,1.54191
425.0262,-0.71589,8.27940,1.01996
425.0437,-0.63927,9.27303,1.79571
425.0653,-0.79490,8.83966,3.49085
425.0873,-0.50040,9.87160,0.50998
425.1052,0.75659,9.95779,2.05189
425.1335,-0.01915,10.03441,0.29450
425.1479,0.28492,9.68484,0.65364
425.1635,-0.31604,9.98652,2.14288
425.1838,-0.64645,9.49091,3.42381
425.2079,-1.05827,9.54119,2.60976
425.2241,-0.01915,9.70160,2.08541
425.2443,-0.08141,9.04557,1.49403
425.2705,-0.34238,9.19162,1.99443
425.2840,-0.32802,10.29538,2.08302
425.3041,-0.71589,9.76385,1.59219
425.3260,-0.73025,9.92427,2.70314
425.3471,-0.98644,10.14454,2.52835
425.3676,-0.65843,9.92188,2.97369
425.4056,-0.41660,9.18204,2.50920
425.4191,0.12690,9.91709,2.72708
425.4233,0.40942,10.33848,2.07105
425.4461,0.06704,9.26105,3.59620
425.4654,-0.37111,10.46298,2.28653
425.4840,-0.49561,8.74868,2.37512
425.5076,-0.30407,9.44302,2.27935
425.5258,-0.64885,9.24669,2.91383
425.5442,-0.49083,10.40312,2.20992
425.5673,-0.46928,9.68963,2.30090
425.5860,-0.09577,9.88596,1.41741
425.6042,-0.06704,9.42865,1.33122
425.6273,-0.29928,9.76146,2.81327
425.6451,-0.47885,9.88117,2.61455
425.6652,-0.32323,10.04159,2.39906
425.6978,-0.10295,9.28739,2.92341
425.7036,-0.17718,9.68245,1.53473
425.7237,0.23464,9.30176,1.91303
425.7462,-0.51716,10.09426,1.49403
425.7640,-0.24422,10.19961,1.78134
425.7854,-0.16520,10.50368,1.52515
425.8068,-0.50040,10.34806,1.70951
425.8249,-0.38069,10.27862,1.30727
425.8440,0.00000,9.75906,0.89306
425.8663,-0.05028,9.68245,1.06545
425.8833,0.34238,9.47654,0.44773
425.9037,0.49083,9.32809,0.99362
425.9260,0.37590,9.84526,1.09179
425.9483,0.28252,9.74709,1.27136
425.9678,0.12929,9.66569,1.12770
425.9918,0.06704,10.35284,1.08700
426.0038,-0.10774,9.89075,2.61215
426.0253,-0.22267,9.98413,2.54272
426.0476,0.31126,9.57949,1.86514
426.0637,-0.31365,9.50048,2.30808
426.0989,-0.37111,10.14215,3.68718
426.1140,-0.04070,9.85005,2.31526
426.1255,-0.69673,9.72554,3.24903
426.1450,-0.39984,10.29299,1.89866
426.1656,-0.59378,10.05356,1.33840
426.1837,-0.18915,10.01765,1.58740
426.2034,-0.00479,9.87878,1.34798
426.2269,-0.44055,9.69921,2.26498
426.2517,-0.03591,9.70160,1.50839
426.2646,0.28252,9.07670,0.92898
426.2857,-0.10056,9.26584,1.34558
426.3033,0.01437,9.47654,1.75021
426.3237,0.20112,9.59146,1.29051
426.3459,-0.04549,9.90033,2.76060
426.3633,0.25379,9.60583,1.92979
426.3937,-0.07422,9.80934,1.48924
426.4057,-0.38069,9.99610,1.37192
426.4236,-0.49083,9.51724,1.95133
426.4438,-0.01915,9.73752,1.47966
426.4658,-0.79490,9.80934,2.65764
426.4835,-0.37590,9.44781,0.92419
426.5068,-0.23943,9.52921,1.21390
426.5381,-0.53153,10.19722,1.88669
426.5435,-0.51716,9.59865,1.66881
426.5638,-0.44055,9.62498,1.82683
426.5857,-0.37590,9.64893,2.28653
426.6048,-0.39745,9.41668,1.87951
426.6241,-0.56984,9.89554,3.15326
426.6484,-0.86673,10.70001,2.36554
426.6780,-0.79250,9.89314,3.19636
426.6833,-0.59378,9.91948,3.19157
426.7059,-0.33999,9.56513,3.46691
426.7234,-0.31604,9.36161,2.94975
426.7433,-0.41660,9.68245,2.23386
426.7675,-0.58420,9.96497,2.68638
426.7868,-0.32083,9.52921,2.14048
426.8058,-0.37830,9.48612,2.41103
426.8273,-0.05507,9.53640,2.46850
426.8449,-0.33520,9.39274,2.94017
426.8659,-0.43815,9.66569,3.33762
426.8869,-0.24661,9.06233,3.52677
426.9050,-0.75180,9.01444,2.81327
426.9246,-0.60096,9.73991,2.67440
426.9566,-0.39266,9.81174,3.07664
426.9648,-0.75420,10.13018,2.46850
426.9838,-0.58660,10.26186,2.67201
427.0062,-0.31365,9.95300,2.75581
427.0251,-0.16281,10.01046,1.82204
427.0446,0.32323,10.00807,2.01598
427.0681,0.42139,9.60583,1.58022
427.0854,0.33041,9.79498,2.13569
427.1035,0.26576,9.95300,2.20034
427.1258,0.08141,9.63456,1.90345
427.1432,0.06465,9.78301,1.67599
427.1644,-0.43815,10.25947,1.33601
427.1866,-0.49561,10.06553,2.72468
427.2049,-0.91701,10.29778,1.57783
427.2260,-0.57223,9.31612,1.92979
427.2474,-0.21788,9.14852,2.38230
427.2635,0.67758,9.27063,1.00560
427.2833,0.96010,9.51245,0.82842
427.3073,0.39027,9.89075,1.98485
427.3251,0.26337,10.20679,1.74064
427.3466,0.37590,10.18764,2.35118
427.3749,0.03831,9.57710,2.73905
427.3904,0.11253,10.02243,2.41822
427.4038,0.23464,9.50767,1.76937
427.4255,0.69195,9.22754,2.10936
427.4439,0.88349,9.43344,1.59938
427.4636,0.81405,9.52921,1.61614
427.4859,0.21309,9.22514,2.14766
427.5189,0.37351,9.89554,1.86753
427.5251,0.27774,9.15571,2.66962
427.5474,-0.14126,9.48612,2.68159
427.5633,0.00239,9.97455,2.17640
427.5833,-0.20351,9.36880,2.31048
427.6058,-0.42858,9.31852,2.43737
427.6249,0.03591,9.87160,2.15245
427.6632,-0.71828,9.58668,1.97049
427.6658,-0.84518,10.21877,0.66321
427.6833,-1.14207,9.48851,2.06865
427.7033,-0.45252,9.72794,1.87232
427.7278,-0.04789,9.10303,2.16203
427.7436,0.26098,9.90512,0.91461
427.7820,0.15323,9.67766,1.06785
427.7979,-0.02394,9.75188,1.27615
427.8031,-0.16281,10.07511,1.78134
427.8232,0.20112,9.69202,1.81486
427.8465,0.09338,9.79977,2.87074
427.8633,0.10295,9.39274,2.09978
427.8832,-0.29689,9.62977,2.31048
427.9068,-0.04789,8.84924,3.06228
427.9258,-0.09577,10.08469,2.20992
427.9458,0.04549,9.19402,2.46610
427.9665,-0.06225,9.43823,2.62413
427.9845,-0.04549,9.61780,2.71750
428.0044,-0.40224,9.77822,2.29132
428.0268,-0.10295,9.07430,2.43019
428.0458,-0.28971,9.94821,2.64807
428.0788,-0.44773,9.16289,3.05988
428.0862,-0.58660,10.15891,3.02876
428.1042,-0.09577,9.56752,2.94496
428.1242,-0.24422,10.18524,2.26977
428.1468,-0.07662,9.90033,2.47329
428.1658,-0.52435,10.09666,2.38470
428.1855,-0.39027,9.78780,3.01679
428.2210,-0.57702,9.47654,3.27297
428.2256,-0.56744,9.60583,2.71990
428.2440,-0.41421,9.50767,2.40864
428.2666,-0.34717,9.40471,2.37512
428.2853,-0.01197,9.13895,2.96411
428.3077,0.07183,9.33288,2.34639
428.3438,0.04310,9.31373,2.35118
428.3596,0.08619,9.60104,2.41103
428.3664,-0.06704,9.71597,2.80609
428.3884,0.05028,9.88117,2.03274
428.4041,0.09577,9.74709,1.93457
428.4242,0.03831,9.75667,1.93936
428.4466,0.06943,9.68245,2.52835
428.4679,-0.17957,10.05595,1.58501
428.4936,-0.31844,9.75667,1.89627
428.5071,-0.28492,9.73991,2.59061
428.5239,-0.34238,9.60104,2.36315
428.5442,-0.14845,9.54837,1.93457
428.5663,-0.20112,9.47893,1.99204
428.5854,-0.30407,9.67766,1.19474
428.6053,-0.01915,9.60822,1.03433
428.6388,-0.03591,9.18204,1.62092
428.6454,0.37830,9.55555,0.87870
428.6640,0.23224,9.29457,1.95612
428.6872,0.12690,9.84526,1.50839
428.7061,-0.16999,9.88357,2.17161
428.7265,-0.30168,10.06074,1.87711
428.7492,0.04549,9.79019,1.93457
428.7677,0.10295,9.70400,1.95612
428.7853,0.23464,10.02962,1.64247
428.8074,0.15323,9.69681,1.67839
428.8253,-0.06704,9.88117,1.48445
428.8461,0.11014,9.49809,1.41502
428.8685,-0.06225,9.69202,1.13010
428.8867,-0.10774,9.39513,1.16362
428.9189,-0.12450,9.91469,1.10137
428.9284,-0.05986,9.59625,1.13967
428.9475,-0.22746,9.86441,1.47966
428.9659,-0.15563,9.49809,1.44375
428.9881,-0.24661,10.01765,0.85954
429.0057,0.09098,9.30176,1.02475
429.0276,-0.11014,9.81892,1.07982
429.0624,0.16042,9.55555,0.56265
429.0689,0.04549,10.17567,0.57463
429.0858,0.07183,9.44781,0.99362
429.1082,0.04789,9.99131,0.76377
429.1259,0.12211,9.59625,1.10855
429.1460,0.05986,9.96497,1.01038
429.1720,0.09577,9.55555,1.23784
429.1900,0.10774,9.82131,1.35995
429.2090,0.15084,9.48612,1.38868
429.2292,0.11732,9.84286,1.03193
429.2457,0.08859,9.76864,1.11813
429.2674,0.02155,9.86441,1.05827
429.2893,0.04549,9.65611,1.17080
429.3085,-0.08380,9.74470,1.23305
429.3406,-0.05507,9.78061,1.24263
429.3489,-0.09817,9.70878,0.98644
429.3670,-0.20112,9.94821,1.07982
429.3866,-0.20112,9.68484,1.25221
429.4093,-0.25858,9.95779,1.13489
429.4273,-0.21548,9.72076,1.10137
429.4508,-0.25140,9.91230,1.01996
429.4817,-0.19154,9.73991,1.13967
429.4872,-0.15323,9.96258,0.86912
429.5068,-0.00718,9.57231,1.06066
429.5305,-0.11493,9.92188,1.08700
429.5484,0.10535,9.55076,0.97926
429.5681,0.11014,9.88117,0.71828
429.5919,0.07422,9.67287,1.03193
429.6169,0.13169,9.87160,0.77096
429.6316,0.22746,9.50527,0.79490
429.6488,0.03352,9.88117,0.71589
429.6684,0.16520,9.60104,0.77096
429.6886,0.10535,9.81174,0.60815
429.7129,0.04789,9.73512,0.65124
429.7477,0.06465,9.84765,0.52674
429.7479,0.04789,9.63696,0.65364
429.7690,-0.01197,9.81892,0.64645
429.7866,-0.06465,9.73033,0.89067
429.8072,-0.07901,9.88357,0.67040
429.8295,-0.08141,9.79737,0.82602
429.8483,-0.08141,9.72794,0.86912
429.8694,-0.05986,9.85005,0.86433
429.9035,0.01437,9.57471,0.84997
429.9070,-0.09577,9.88117,0.89306
429.9266,0.00718,9.69202,0.94574
429.9496,-0.10056,9.83089,0.76138
429.9664,-0.09817,9.65611,0.86673
429.9866,-0.09098,9.90990,0.83321
430.0086,0.00479,9.55076,0.91222
430.0323,-0.02155,9.88596,0.85236
430.0464,0.04310,9.60104,0.91461
430.0685,0.00239,9.83329,0.58181
430.0863,0.07901,9.67287,0.88828
430.1109,-0.00239,9.86202,0.62491
430.1302,-0.00479,9.77822,0.62730
430.1497,-0.07183,9.81174,0.62730
430.1697,0.04310,9.86681,0.72068
430.1886,0.00239,9.58668,0.79490
430.2066,0.01676,9.86681,0.72547
430.2267,-0.00239,9.71597,0.79729
430.2494,-0.02394,9.83089,0.69673
430.2670,-0.08380,9.62259,0.75180
430.2873,-0.10535,9.88117,0.74701
430.3130,0.00000,9.63217,0.84518
430.3288,-0.11014,9.85723,0.68237
430.3482,-0.02873,9.63935,0.88349
430.3741,-0.02634,9.90751,0.43336
430.3905,0.06704,9.69921,0.78532
430.4086,0.01437,9.84765,0.52195
430.4318,-0.02394,9.82850,0.55308
430.4500,0.00239,9.82850,0.26098
430.4686,-0.00479,9.88117,0.34717
430.4889,0.02873,9.79977,0.03352
430.5064,0.04070,9.84526,0.08141
430.5264,0.04310,9.77822,-0.08141
430.5489,0.09577,9.76864,0.29689
430.5665,0.04310,9.69681,-0.10535
430.5884,0.12929,9.78061,0.35675
430.6089,-0.03591,9.65611,0.21548
430.6263,0.00958,9.76146,0.52195
430.6462,-0.06943,9.69442,0.32083
430.6689,-0.05267,9.77343,0.58181
430.6863,-0.02634,9.67287,0.48125
430.7082,-0.11732,9.82610,0.64406
430.7354,0.06704,9.74949,0.39027
430.7480,-0.00958,9.84286,0.52195
430.7669,0.07183,9.74470,0.43576
430.7888,0.09338,9.85244,0.14366
430.8061,0.11732,9.74230,0.38787
430.8264,0.17239,9.90033,0.11493
430.8515,0.00479,9.85484,0.15084
430.8737,0.00958,9.86202,-0.11014
430.8881,0.04070,9.86441,0.07901
430.9106,-0.04310,9.67766,0.12450
430.9267,0.01197,9.82850,0.15084
430.9463,-0.01676,9.69442,-0.04549
430.9703,0.07422,9.77582,0.46210
430.9879,0.01915,9.63935,0.32323
431.0106,0.01676,9.81413,0.51956
431.0295,-0.02634,9.73752,0.47407
431.0461,0.02155,9.79977,0.59378
431.0684,0.05267,9.76146,0.30886
431.0901,0.08141,9.78301,0.44294
431.1067,-0.00479,9.71597,0.48843
431.1269,0.02634,9.90512,0.40703
431.1606,0.10774,9.77343,0.32323
431.1664,0.08859,9.90272,0.11014
431.1865,0.11971,9.77104,0.21309
431.2088,0.00000,9.78780,-0.08141
431.2304,0.04070,9.85723,0.13169
431.2502,0.06225,9.78061,-0.12690
431.2897,0.00958,9.78301,0.24182
431.2898,0.04310,9.70878,0.01915
431.3080,0.00958,9.82131,0.28492
431.3303,-0.03352,9.68245,0.36872
431.3497,0.03831,9.81174,0.53871
431.3680,-0.03352,9.67287,0.34717
431.3904,-0.00958,9.87638,0.66082
431.4258,-0.09577,9.65611,0.48843
431.4443,-0.01197,9.87638,0.62730
431.4503,0.07183,9.72076,0.45491
431.4678,0.00958,9.87160,0.53392
431.4875,-0.03591,9.74709,0.37111
431.5102,0.18675,9.83329,0.17718
431.5283,0.07901,9.74470,0.23464
431.5475,0.22027,9.86441,0.15323
431.5832,0.11971,9.75667,-0.05746
431.5864,0.21309,9.84286,0.06225
431.6064,0.12450,9.78780,0.07183
431.6285,0.00958,9.83089,-0.27295
431.6475,-0.00239,9.85723,0.03591
431.6664,0.07662,9.82850,-0.18675
431.6886,-0.10056,9.90272,0.22746
431.7192,0.00239,9.79737,-0.16281
431.7259,-0.12450,9.85723,0.09817
431.7485,0.00479,9.72076,0.35196
431.7662,-0.07422,9.84765,0.20351
431.7864,-0.03352,9.74230,-0.04789
431.8088,0.04549,9.82610,0.78772
431.8260,0.00479,9.64414,0.35196
431.8480,0.01197,9.81653,0.66561
431.8690,-0.01437,9.65372,0.53632
431.8859,-0.02155,9.80934,0.72307
431.9060,-0.00718,9.66808,0.59378
431.9286,-0.07422,9.85962,0.59857
431.9461,-0.06465,9.72554,0.48125
431.9684,-0.00239,9.81653,0.77335
431.9912,-0.02155,9.73273,0.21788
432.0064,-0.06465,9.85723,0.78293
432.0263,-0.04310,9.67766,0.30647
432.0504,0.11493,9.83329,0.16760
432.0667,0.02634,9.67526,0.34478
432.0876,0.05746,9.87638,0.18675
432.1284,0.19154,9.70400,0.14126
432.1286,0.21548,9.89075,0.12211
432.1485,0.14605,9.74709,0.24422
432.1682,0.18915,9.85723,-0.18196
432.1859,0.16760,9.67766,0.04310
432.2061,0.22985,9.87878,0.00239
432.2320,0.06704,9.78780,0.00000
432.2481,0.14845,9.83808,-0.14605
432.2833,0.11493,9.80455,0.01197
432.2890,0.01915,9.77822,-0.12929
432.3061,0.02634,9.78301,0.08619
432.3260,0.06704,9.77822,-0.12929
432.3521,-0.12929,9.84286,0.36872
432.3699,0.07183,9.79977,-0.03831
432.4046,-0.06943,9.79737,0.20112
432.4193,-0.05267,9.77582,0.16281
432.4263,-0.07422,9.86441,0.34956
432.4477,-0.04070,9.77343,0.11971
432.4705,-0.05267,9.85005,0.74462
432.4882,-0.03831,9.73512,0.10295
432.5098,-0.16520,9.87638,0.42379
432.5485,0.01676,9.66808,0.49561
432.5624,-0.09338,9.83568,0.67758
432.5660,-0.02394,9.73512,0.37590
432.5888,0.01437,9.81174,0.84278
432.6060,-0.02873,9.65372,0.41900
432.6260,-0.04789,9.84526,0.88828
432.6483,-0.04310,9.70878,0.40703
432.6674,-0.01437,9.75667,0.88588
432.6878,-0.00479,9.67287,0.56505
432.7086,0.03352,9.86441,0.50519
432.7258,-0.02634,9.71357,0.43097
432.7458,0.05267,9.83089,0.60575
432.7685,0.06225,9.75906,0.18436
432.7876,0.03831,9.86441,0.64645
432.8089,-0.06704,9.73512,0.20830
432.8294,0.15084,9.87399,0.26098
432.8463,0.04789,9.78061,0.30647
432.8661,0.09098,9.90990,0.20830
432.8886,0.21309,9.73033,0.08619
432.9062,0.18196,9.87160,0.14126
432.9298,0.11493,9.71118,0.13408
432.9510,0.19394,9.86202,-0.08619
432.9776,0.12211,9.69202,0.07662
432.9931,0.24182,9.85244,0.00479
433.0080,-0.00239,9.79019,0.06943
433.0257,0.21548,9.84286,-0.08380
433.0455,0.13408,9.78780,0.10774
433.0685,0.05028,9.79498,-0.12450
433.0876,-0.00239,9.77104,0.11253
433.1180,0.12450,9.83568,-0.16760
433.1280,-0.18675,9.82850,0.20112
433.1476,0.07662,9.82131,-0.11732
433.1697,-0.11014,9.82371,0.18436
433.1923,-0.01197,9.76385,0.15323
433.2098,-0.12211,9.87160,0.20112
433.2465,-0.05028,9.79977,-0.04070
433.2594,-0.01915,9.89554,0.58181
433.2658,0.00718,9.71836,0.15802
433.2857,-0.14605,9.85723,0.46928
433.3082,0.00479,9.71597,0.53392
433.3257,-0.05507,9.83568,0.63688
433.3458,-0.00718,9.69202,0.28013
433.3701,0.09817,9.82850,0.87152
433.3873,0.01437,9.67048,0.44773
433.4077,0.09817,9.79019,0.79011
433.4281,0.00718,9.69921,0.41182
433.4456,0.04549,9.82371,0.79969
433.4676,0.00718,9.70160,0.60336
433.4898,-0.02155,9.89314,0.50519
433.5074,-0.07183,9.73991,0.43576
433.5269,-0.01197,9.87160,0.57463
433.5501,0.08141,9.69202,0.23703
433.5658,0.07422,9.88596,0.48604
433.5865,0.03113,9.65132,0.23224
433.6094,0.24422,9.85005,0.02873
433.6258,0.16999,9.75428,0.17718
433.6629,0.11493,9.87878,0.12211
433.6783,0.08380,9.79019,0.17478
433.6858,0.16042,9.91230,0.05267
433.7061,0.14605,9.69202,-0.00479
433.7284,0.05028,9.86441,-0.08619
433.7461,0.10535,9.73273,0.04310
433.7662,0.22027,9.89075,-0.08859
433.7915,0.00000,9.81413,0.09338
433.8115,0.03113,9.77822,-0.15802
433.8255,-0.01676,9.81653,0.00239
433.8481,-0.10774,9.73033,0.09817
433.8656,-0.08619,9.79019,0.08619
433.8872,0.00000,9.74709,-0.07183
433.9096,-0.18436,9.86441,0.43336
433.9272,-0.06943,9.77582,0.13408
433.9592,-0.11732,9.91230,0.32562
433.9682,-0.06943,9.67526,0.39027
433.9856,-0.07422,9.87638,0.40942
434.0054,-0.07183,9.70878,0.43815
434.0277,0.02394,9.82850,0.87630
434.0457,-0.05028,9.66329,0.46928
434.0964,-0.04310,9.85484,0.73265
434.0964,-0.03113,9.69202,0.52674
434.1118,-0.01676,9.81653,0.77575
434.1259,-0.09577,9.71118,0.52913
434.1480,0.09338,9.83568,0.48125
434.1660,-0.02634,9.64893,0.47646
434.1860,0.08859,9.86681,0.67758
434.2096,0.13408,9.68963,0.10295
434.2260,0.08380,9.83808,0.38787
434.2454,0.07422,9.76385,0.30168
434.2677,0.13169,9.89075,-0.01437
434.2859,0.07422,9.71118,0.26337
434.3060,0.04789,9.93863,0.19872
434.3295,0.14126,9.74230,0.13887
434.3479,0.23703,9.94103,-0.01197
434.3793,0.17478,9.66329,-0.01676
434.3890,0.08141,9.84047,-0.09338
434.4055,0.17239,9.76385,0.11014
434.4272,0.11971,9.87638,-0.18915
434.4495,-0.08380,9.87399,0.25379
434.4673,0.12690,9.82371,-0.19633
434.4950,0.02634,9.74709,0.04310
434.5082,-0.01437,9.78061,0.01437
434.5254,-0.12211,9.80695,0.13887
434.5454,0.01915,9.74949,-0.02394
434.5680,-0.05267,9.83329,0.56984
434.5854,0.01197,9.78780,-0.13169
434.6055,-0.05746,9.83329,0.29928
434.6460,-0.04310,9.72315,0.39984
434.6610,-0.02155,9.84286,0.71589
434.6655,-0.01676,9.66329,0.42379
434.6877,-0.03591,9.84286,0.76377
434.7054,0.00239,9.67048,0.56744
434.7255,-0.00479,9.85723,0.69195
434.7495,-0.04070,9.68484,0.50040
434.7690,-0.02873,9.86681,0.80687
434.7864,-0.06465,9.64414,0.56984
434.8076,0.07901,9.83808,0.63927
434.8256,-0.00958,9.63217,0.56026
434.8455,-0.01915,9.82850,0.72068
434.8692,0.02873,9.72794,0.26576
434.8869,-0.01197,9.74470,0.65364
434.9068,-0.05746,9.74470,0.34478
434.9380,-0.01437,9.90751,0.49322
434.9455,-0.07901,9.71118,0.34478
434.9655,0.00239,9.90751,0.63448
434.9885,-0.01197,9.74709,0.06943
435.0068,0.02873,9.87399,0.57223
435.0282,0.09338,9.74709,0.31365
435.0510,0.15323,9.86202,0.19394
435.0686,0.05507,9.78061,0.21070
435.0854,0.16520,9.74949,0.50519
435.1078,0.07662,9.76864,0.17239
435.1272,0.17718,9.80455,0.50998
435.1456,0.02634,9.69681,0.24900
435.1678,0.10774,9.85962,0.31365
435.2132,-0.01915,9.78301,0.36872
435.2133,0.01915,9.84765,0.38069
435.2358,0.07422,9.79019,0.26337
435.2462,0.07422,9.91230,0.30407
435.2653,0.08619,9.73752,0.23703
435.2877,0.08380,9.88117,-0.07901
435.3055,0.07422,9.71597,0.21309
435.3254,0.19154,9.84286,0.12690
435.3570,-0.03831,9.80455,0.13887
435.3665,0.00718,9.85723,-0.21788
435.3870,0.01915,9.75906,0.12929
435.4078,-0.11253,9.71597,0.00479
435.4275,-0.05028,9.79977,0.17478
435.4476,0.05028,9.84286,-0.21070
435.4893,-0.11493,9.77343,0.34717
435.4895,0.04789,9.78061,0.02394
435.5059,-0.06943,9.85244,0.30886
435.5276,0.08141,9.70639,0.30886
435.5453,-0.00958,9.84047,0.45970
435.5662,-0.02394,9.70160,0.40942
435.5885,0.01197,9.81174,0.81884
435.6064,-0.14126,9.67048,0.61054
435.6269,-0.16760,9.96258,0.92419
435.6490,-0.04310,9.83089,0.74462
435.6659,-0.33041,9.82131,1.39586
435.6898,-0.38069,9.78540,0.76138
435.7102,-0.11014,9.82371,0.59617
435.7276,-0.15802,9.74230,0.32083
435.7496,-0.00239,9.85723,0.35914
435.7837,0.07901,9.71357,0.15084
435.7869,0.05507,9.76625,0.34238
435.8059,0.13169,9.73033,0.34956
435.8285,0.18196,9.81174,-0.04310
435.8461,0.19633,9.65372,0.20351
435.8674,0.33520,9.77104,-0.08380
435.8894,0.16281,9.93863,0.07662
435.9098,0.22985,9.78301,-0.10056
435.9278,-0.09338,9.85723,0.23224
435.9501,0.04789,9.75188,0.01197
435.9662,-0.03591,9.85484,0.12450
435.9862,-0.01197,9.80455,-0.24422
436.0103,0.05746,9.79019,0.45491
436.0433,0.01197,9.70639,0.03591
436.0609,0.01915,9.81892,0.49561
436.0704,-0.01915,9.76864,0.33041
436.0858,0.06943,9.74709,0.58420
436.1075,0.00000,9.67048,0.45491
436.1297,-0.10295,9.85723,0.54111
436.1474,-0.08380,9.68963,0.45491
436.1698,-0.06225,9.78061,0.60575
436.2000,-0.01915,9.72315,0.46449
436.2070,0.01437,9.88596,0.58181
436.2260,0.03352,9.76146,0.37830
436.2490,0.23703,9.86681,0.15802
436.2664,0.16042,9.81413,0.40463
436.2867,0.16520,9.90751,0.03591
436.3104,0.04070,9.87160,0.13887
436.3379,0.03352,9.92427,-0.25379
436.3523,-0.01197,9.86202,-0.03591
436.3680,-0.01197,9.65372,-0.05746
436.3858,-0.13408,9.85244,-0.01915
436.4058,-0.01915,9.70400,-0.25619
436.4283,0.03113,9.68245,0.57463
436.4460,0.00479,9.74230,0.06704
436.4717,0.06704,9.76864,0.57463
436.4881,-0.10774,9.80934,0.34238
436.5059,0.06465,9.83808,0.79490
436.5258,-0.11971,9.82610,0.33759
436.5498,-0.02873,9.90033,0.56984
436.5691,-0.04310,9.80934,0.46688
436.5890,0.01676,9.86920,0.44534
436.6189,0.17718,9.68005,0.30168
436.6259,0.11253,9.83808,0.24182
436.6458,0.19872,9.72315,0.27534
436.6682,0.11493,9.76146,-0.16999
436.6867,0.05986,9.80934,0.22746
436.7073,0.14845,9.86202,-0.02394
436.7298,-0.07183,9.84765,0.03113
436.7586,-0.04070,9.83808,-0.18196
436.7682,-0.01437,9.86681,0.20112
436.7882,-0.00718,9.70878,0.11253
436.8057,0.06465,9.82610,0.40224
436.8283,0.01437,9.70878,0.19872
436.8495,0.03831,9.76385,0.56026
436.8673,-0.04789,9.72794,0.39984
436.8995,-0.03113,9.83808,0.61772
436.9081,0.08619,9.69202,0.52674
436.9256,0.00718,9.82610,0.46210
436.9457,0.07901,9.74949,0.52913
436.9682,0.10295,9.79498,0.03591
436.9859,0.01197,9.71118,0.47167
437.0089,0.06943,9.86441,0.16999
437.0345,-0.05267,9.87878,0.11971
437.0469,-0.02394,9.79977,-0.10295
437.0665,-0.09098,9.84765,0.28252
437.0894,0.00718,9.68245,0.11732
437.1066,0.05267,9.79737,0.42139
437.1268,-0.01676,9.73752,0.10535
437.1491,0.07662,9.76146,0.57463
437.1721,0.02394,9.72076,0.21788
437.1868,0.00239,9.80455,0.59857
437.2090,0.04789,9.76385,0.40703
437.2283,0.01676,9.76385,0.50040
437.2469,-0.03352,9.73033,0.40224
437.2720,0.16760,9.78780,0.22746
437.2886,0.07901,9.67048,0.52674
437.3221,0.08141,9.85723,0.48364
437.3292,0.00239,9.84286,0.18436
437.3474,0.07662,9.83808,-0.17239
437.3690,0.01676,9.93385,-0.02634
437.3914,-0.00718,9.76146,-0.20591
437.4091,-0.01676,9.84526,0.16042
437.4584,-0.02873,9.72554,-0.01437
437.4584,0.01915,9.78301,0.57941
437.4776,0.05986,9.68484,0.11732
437.4874,0.09817,9.69202,0.32802
437.5100,-0.09338,9.78061,0.40463
437.5277,0.04789,9.77582,0.72068
437.5494,-0.08141,9.76864,0.48364
437.5717,0.07183,9.86202,0.41900
437.5896,-0.03352,9.73991,0.48125
437.6090,0.06704,9.78780,0.51716
437.6309,0.07662,9.84526,0.30647
437.6475,0.11971,9.83089,0.19872
437.6683,0.12690,9.73991,0.27534
437.6902,0.01197,9.80216,-0.16760
437.7094,0.05746,9.84286,0.24422
437.7293,0.02394,9.74470,-0.14845
437.7500,-0.01915,9.77343,0.33041
437.7711,0.03352,9.77822,0.04070
437.7893,0.03831,9.76625,0.38069
437.8138,-0.00958,9.70878,0.23224
437.8292,0.03352,9.77822,0.63688
437.8496,0.02155,9.68484,0.24182
437.8811,-0.02873,9.85244,0.72307
437.8877,-0.08141,9.76146,0.36393
437.9074,-0.04070,9.75667,0.67758
437.9298,-0.09817,9.76864,0.48364
437.9492,-0.15323,9.84286,0.69434
437.9694,-0.05986,9.72315,0.47885
437.9919,0.19633,9.76385,0.19394
438.0080,0.07662,9.69681,0.34717
438.0280,0.22506,9.83808,0.14605
438.0502,0.06465,9.82371,0.04549
438.0676,0.24900,9.80934,0.05746
438.1038,0.01915,9.90033,0.12690
438.1100,-0.01915,9.81653,-0.27534
438.1274,0.02873,9.87638,0.00718
438.1544,-0.01915,9.86920,-0.26337
438.1712,0.07662,9.75188,0.48843
438.1871,-0.03591,9.73752,-0.20830
438.2086,-0.02155,9.80216,0.47885
438.2294,0.01437,9.69921,0.36393
438.2482,0.03831,9.69921,0.64645
438.2671,-0.02634,9.74709,0.32323
438.2906,-0.10295,9.78061,0.65364
438.3081,-0.11732,9.73273,0.36632
438.3285,-0.06465,9.88357,0.81166
438.3494,-0.09577,9.73512,0.29928
438.3673,-0.04549,9.77104,0.66321
438.3872,-0.07422,9.79498,0.43097
438.4095,0.22746,9.83568,0.26576
438.4270,0.05028,9.67287,0.28013
438.4472,0.23943,9.75906,0.28252
438.4695,0.22746,9.76864,0.16999
438.4873,0.33759,9.83329,0.04310
438.5070,0.16999,9.72554,0.11971
438.5313,0.07422,9.91230,-0.21788
438.5491,0.13887,9.79258,0.12690
438.5772,0.03352,9.83329,-0.32802
438.5952,-0.11493,9.81653,0.29210
438.6073,-0.03591,9.89075,-0.29689
438.6273,-0.19154,9.88596,0.00479
438.6499,0.03591,9.66569,0.21548
438.6675,-0.12450,9.85005,0.44773
438.6875,-0.01915,9.71118,0.20112
438.7113,-0.05028,9.79498,1.06545
438.7287,-0.02155,9.77104,0.42618
438.7474,0.04310,9.67287,0.72068
438.7696,-0.13647,9.81892,0.37590
438.7882,-0.01437,9.82371,0.87870
438.8085,-0.15323,9.73752,0.33999
438.8308,0.01676,9.77822,0.69195
438.8571,-0.14845,9.79258,0.45731
438.8682,-0.08380,9.72794,0.79969
438.8904,0.16042,9.71118,0.23703
438.9080,0.11493,9.74470,0.52435
438.9299,0.21070,9.66808,0.28492
438.9507,0.25619,9.82610,-0.04310
438.9682,0.16760,9.69442,0.20830
438.9969,0.30647,9.86202,0.25140
439.0121,0.11971,9.85244,-0.06465
439.0284,0.23464,9.85962,-0.11253
439.0483,0.14605,9.83329,0.07183
439.0726,-0.05507,9.82850,-0.41421
439.0886,-0.00958,9.82131,-0.03113
439.1179,0.03113,9.85005,-0.27774
439.1328,-0.07662,9.76385,0.39266
439.1486,-0.02394,9.77582,-0.19633
439.1683,-0.16042,9.87399,0.20830
439.1913,0.00239,9.69681,0.17718
439.2094,0.00479,9.71836,0.57941
439.2293,-0.01197,9.70639,0.28731
439.2520,-0.00958,9.76625,0.97447
439.2803,0.04310,9.69681,0.39984
439.2898,-0.01676,9.79258,0.92898
439.3105,-0.08619,9.80216,0.45252
439.3282,-0.06465,9.79977,0.94095
439.3499,-0.18436,9.82610,0.47167
439.3722,0.07901,9.73512,0.62969
439.3909,-0.07183,9.75188,0.26816
439.4219,0.05028,9.79498,0.63927
439.4333,0.19872,9.69921,0.09338
439.4497,0.22746,9.81413,0.32562
439.4694,0.19154,9.69442,0.14605
439.4917,0.23703,9.92188,-0.14366
439.5098,0.19394,9.72315,0.04310
439.5296,0.27534,9.75667,0.06465
439.5562,0.01197,9.84047,0.03113
439.5691,0.28252,9.89314,-0.14366
439.5890,0.08619,9.77582,-0.11014
439.6110,0.08619,9.84286,-0.25379
439.6292,-0.04070,9.87160,-0.01437
439.6495,-0.03591,9.82131,-0.24422
439.6711,-0.08141,9.84286,0.47407
439.6974,0.02155,9.77582,-0.18196
439.7134,-0.08619,9.82131,0.11493
439.7313,0.04789,9.72076,0.24661
439.7485,-0.06225,9.75906,0.50040
439.7690,0.01197,9.73273,0.23224
439.7906,-0.07183,9.76864,0.92419
439.8217,-0.03113,9.77822,0.30886
439.8399,0.04070,9.80695,0.84278
439.8513,-0.16760,9.79019,0.32562
439.8693,-0.03113,9.76864,1.00560
439.8886,-0.07422,9.82610,0.38548
439.9107,0.00718,9.76385,0.66800
439.9282,-0.08141,9.83808,0.50040
439.9486,-0.09098,9.80934,0.94813
439.9814,0.04789,9.70639,0.20830
439.9910,0.05028,9.73273,0.65124
440.0098,0.01197,9.74949,0.22746
440.0314,0.33280,9.74949,0.13169
440.0492,0.06704,9.70878,0.12450
440.0688,0.24661,9.83568,0.29689
440.0973,0.13647,9.84286,0.02873
440.1089,0.23464,9.82610,0.06704
440.1289,0.20830,9.71597,0.07422
440.1512,0.13408,9.82371,-0.27774
440.1688,0.09098,9.82850,-0.00718
440.1889,0.12690,9.92906,-0.18436
440.2131,-0.17239,9.84765,0.10535
440.2305,0.08859,9.83089,-0.31126
440.2628,-0.06225,9.81174,-0.02155
440.2717,-0.03591,9.83089,-0.08141
440.2902,-0.13169,9.78540,0.32323
440.3093,-0.06225,9.76385,-0.11732
440.3320,-0.02634,9.81174,0.83560
440.3506,0.02394,9.69921,0.15802
440.3696,-0.11493,9.75667,0.36632
440.3997,-0.03352,9.78780,0.52674
440.4093,-0.04789,9.76625,0.83081
440.4292,-0.04789,9.78540,0.33041
440.4512,-0.04549,9.78780,0.95771
440.4691,-0.01437,9.77343,0.50759
440.4893,0.00239,9.81892,0.98405
440.5131,0.00718,9.71597,0.23464
440.5306,-0.07901,9.77343,0.89306
440.5477,-0.06225,9.78540,0.44773
440.5724,0.18675,9.76864,0.39745
440.5917,-0.01915,9.75188,0.32562
440.6101,0.20591,9.79019,0.36872
440.6359,0.15084,9.71836,0.04070
440.6693,0.24182,9.88117,0.26816
440.6834,0.14845,9.72076,0.03831
440.6927,0.18196,9.83808,-0.09817
440.7099,0.14126,9.85005,0.09338
440.7300,0.20830,9.83808,-0.20830
440.7543,0.01437,9.79498,-0.05028
440.7738,0.19394,9.87878,-0.12450
440.8193,0.02873,9.84047,0.00239
440.8194,0.04310,9.78780,-0.26098
440.8329,-0.13169,9.81892,0.01197
440.8510,0.00239,9.79977,-0.10535
440.8734,-0.06704,9.79498,0.71110
440.8908,-0.03831,9.73991,-0.08859
440.9096,-0.12450,9.82131,0.39745
440.9314,0.01197,9.73991,0.11971
440.9558,-0.10774,9.80934,0.43576
440.9695,0.02155,9.78780,0.16042
440.9914,-0.05028,9.73512,0.94574
441.0091,0.00479,9.72554,0.27055
441.0305,-0.03113,9.79258,0.91461
441.0519,-0.07183,9.77822,0.38308
441.0713,-0.00958,9.81174,0.88349
441.1037,-0.09098,9.85484,0.42139
441.1107,-0.00239,9.77343,0.97447
441.1295,-0.05746,9.74230,0.30407
441.1492,-0.05507,9.70400,0.85236
441.1710,-0.01676,9.73273,0.31604
441.1892,0.02634,9.77104,0.79250
441.2113,0.00479,9.79019,0.23464
441.2313,0.20830,9.88117,0.46688
441.2506,0.12450,9.72315,0.12450
441.2723,0.22746,9.79977,0.24422
441.2958,0.09577,9.78061,0.00718
441.3136,0.27295,9.80216,-0.01676
441.3318,0.16999,9.79737,0.02394
441.3629,0.02394,9.78780,-0.24661
441.3750,0.11253,9.81653,0.05267
441.3916,0.14366,9.83568,-0.28971
441.4155,-0.16281,9.79737,0.52913
441.4318,0.08859,9.84286,-0.21788
441.4517,-0.12211,9.82610,-0.06704
441.4739,0.01197,9.78780,-0.09338
441.4936,-0.10295,9.81892,0.33041
441.5141,0.00000,9.77343,-0.11014
441.5343,-0.01915,9.79258,0.81166
441.5518,-0.03113,9.75667,0.12929
441.5717,-0.09098,9.80695,0.54829
441.5957,-0.01676,9.76146,0.44294
441.6156,-0.10774,9.74949,0.90504
441.6331,0.03831,9.77104,0.46688
441.6686,-0.07901,9.69202,0.90982
441.6721,-0.09098,9.82610,0.44294
441.6918,-0.02873,9.79498,1.00081
441.7141,-0.11014,9.74709,0.24661
441.7321,0.00479,9.75428,1.04630
441.7523,-0.04310,9.72554,0.42618
441.7761,0.08859,9.76864,0.59617
441.8105,-0.05986,9.80455,0.40703
441.8116,-0.01676,9.82371,0.72786
441.8353,0.17239,9.80934,0.08141
441.8515,0.10535,9.74230,0.60096
441.8717,0.01915,9.74709,0.19633
441.8925,0.21548,9.81174,0.28252
441.9104,0.06943,9.67766,0.09098
441.9432,0.26576,9.89075,0.33759
441.9522,0.18915,9.75188,0.18915
441.9703,0.24182,9.79977,0.11014
441.9911,0.18675,9.68963,0.08859
442.0152,0.26576,9.76385,0.00958
442.0340,0.21788,9.73752,0.03113
442.0689,0.31126,9.84047,-0.04310
442.0903,0.05746,9.87638,-0.01197
442.0929,0.31604,9.88836,-0.17239
442.1122,0.10295,9.85723,-0.33999
442.1317,0.15563,9.92666,-0.17239
442.1541,0.00479,9.72554,0.00958
442.1752,0.04070,9.70400,-0.10774
442.2109,-0.20112,9.75667,0.67519
442.2132,0.03831,9.82371,0.07662
442.2317,-0.23224,9.83329,0.28013
442.2534,-0.01197,9.78540,0.46449
442.2715,-0.17957,9.84765,0.44055
442.2915,-0.07901,9.80934,0.02634
442.3140,-0.04310,9.82850,0.99841
442.3315,-0.03113,9.80216,0.41660
442.3612,-0.03831,9.86920,0.80687
442.3747,-0.00958,9.75906,0.36393
442.3917,-0.10056,9.76625,0.85236
442.4119,0.05746,9.73991,0.50040
442.4342,-0.05267,9.72315,0.96489
442.4519,-0.03113,9.77343,0.47885
442.4743,0.02394,9.73991,1.00799
442.5056,-0.06225,9.72315,0.25858
442.5126,0.00718,9.74709,0.89067
442.5314,-0.06704,9.72554,0.31126
442.5557,0.12450,9.78301,0.40224
442.5719,-0.06704,9.77104,0.32083
442.5937,0.02155,9.83808,0.71110
442.6288,0.16999,9.77343,0.08619
442.6462,0.09817,9.81413,0.36393
442.6529,0.07183,9.84526,0.08380
442.6754,0.26098,9.87638,-0.19633
442.6925,0.11493,9.77343,-0.03591
442.7135,0.25619,9.85005,0.06943
442.7369,-0.12211,9.85484,0.13169
442.7553,0.20591,9.78540,-0.21070
442.7897,0.06943,9.80455,-0.01915
442.7969,0.00000,9.78540,-0.12690
442.8136,-0.05267,9.75428,0.08380
442.8334,0.12450,9.78780,-0.15084
442.8561,-0.18915,9.80934,0.40224
442.8739,0.12690,9.76146,-0.22746
442.8937,-0.12211,9.75667,0.26337
442.9273,0.00239,9.87160,-0.05986
442.9326,-0.17478,9.90512,0.36872
442.9528,-0.11971,9.81174,0.11971
442.9735,-0.13887,9.89793,0.80687
442.9920,-0.03113,9.77822,0.08380
443.0125,-0.15323,9.77104,0.47646
443.0345,-0.03352,9.72794,0.41182
443.0623,-0.13169,9.83568,0.71828
443.0771,-0.05267,9.74949,0.22985
443.0933,-0.05028,9.77582,1.13728
443.1115,-0.03831,9.78061,0.55787
443.1342,0.00239,9.74709,1.09179
443.1555,-0.02873,9.72315,0.51237
443.1912,-0.03831,9.75428,1.05588
443.2076,0.03113,9.78061,0.51477
443.2150,0.00000,9.71597,0.80926
443.2332,-0.00239,9.77822,0.29210
443.2548,0.17239,9.71836,0.46449
443.2766,0.19154,9.74949,-0.01676
443.2945,0.14605,9.82371,0.42858
443.3329,0.00718,9.77582,0.08141
443.3444,0.20830,9.86681,0.06943
443.3543,0.07901,9.83089,0.06225
443.3743,0.18675,9.88596,0.07183
443.3969,0.04310,9.76146,-0.07183
443.4157,0.15563,9.85244,0.11253
443.4355,0.06225,9.69681,0.11014
443.4616,0.08380,9.78540,-0.15084
443.4799,0.09338,9.63696,0.06704
443.4955,0.24182,9.79019,0.03831
443.5165,-0.08619,9.80216,0.10295
443.5340,0.09338,9.77582,-0.29450
443.5557,-0.08619,9.83329,0.17239
443.5779,0.03113,9.79498,0.02873
443.5955,-0.00239,9.81413,0.06225
443.6289,0.12690,9.84047,-0.19872
443.6369,-0.16042,9.89075,0.27774
443.6575,0.04070,9.79498,0.02873
443.6762,-0.16042,9.83089,0.24900
443.6989,-0.00479,9.76385,0.30407
443.7178,-0.16760,9.90033,0.34717
443.7545,-0.03591,9.79019,0.20112
443.7699,-0.12690,9.84765,0.88828
443.7740,-0.04310,9.69681,0.16760
443.7940,-0.18915,9.74949,0.60815
443.8162,-0.00479,9.68724,0.52913
443.8346,-0.15802,9.81413,0.64885
443.8547,-0.05028,9.80695,0.28013
443.8790,-0.03831,9.79498,0.99123
443.8956,-0.03591,9.78540,0.35914
443.9162,0.02634,9.75906,0.87391
443.9380,-0.07662,9.73512,0.26816
443.9561,0.00239,9.74709,0.97686
443.9763,-0.01915,9.75428,0.41182
443.9970,0.00479,9.78301,0.56505
444.0315,-0.05028,9.75428,0.34478
444.0479,0.09577,9.67048,0.88828
444.0586,0.03831,9.70400,0.19394
444.0742,0.07422,9.81174,0.68955
444.0943,-0.02394,9.78540,0.14126
444.1171,0.23464,9.81413,0.22746
444.1344,0.08859,9.80934,0.16520
444.1570,0.11253,9.84526,0.22267
444.1915,0.20351,9.71597,-0.07662
444.1938,0.15802,9.81174,0.16042
444.2139,0.09098,9.81174,0.07422
444.2368,0.19633,9.79258,-0.11014
444.2542,0.14845,9.75428,-0.02634
444.2761,0.25140,9.83568,0.03591
444.2995,0.00239,9.78301,-0.03352
444.3201,0.19154,9.78061,-0.14605
444.3352,0.11014,9.72554,0.09338
444.3569,0.07901,9.78061,-0.10295
444.3738,0.05507,9.74709,0.04070
444.3940,0.23703,9.80455,-0.11971
444.4164,-0.15802,9.83329,0.16042
444.4360,0.15323,9.77822,-0.11493
444.4694,-0.08380,9.83808,0.08380
444.4768,-0.01915,9.89314,-0.09338
444.4939,-0.10056,9.85962,0.05507
444.5156,0.02394,9.83568,-0.24900
444.5364,-0.13887,9.82850,0.57223
444.5558,0.05267,9.79019,-0.18196
444.5943,-0.22506,9.79977,0.07901
444.6159,-0.01676,9.75906,0.44534
444.6161,-0.14126,9.80695,0.46688
444.6358,0.03591,9.77104,-0.08141
444.6593,-0.04070,9.71357,1.07024
444.6741,-0.07183,9.83329,0.17239
444.6938,-0.06943,9.78301,0.83560
444.7160,-0.08380,9.71118,0.46928
444.7421,-0.04549,9.76864,0.88588
444.7535,0.06225,9.71836,0.40224
444.7772,-0.01197,9.74949,0.73983
444.7956,-0.05267,9.80934,0.31604
444.8162,0.00958,9.69442,0.94574
444.8385,-0.05507,9.79737,0.24422
444.8674,0.01197,9.76385,0.98644
444.8820,-0.01437,9.70878,0.21548
444.8962,0.11253,9.75667,0.45012
444.9136,0.02394,9.78780,0.24182
444.9358,0.09577,9.81413,0.43576
444.9576,0.13169,9.75906,0.01437
444.9752,0.05267,9.80455,0.57223
445.0134,0.06225,9.77104,0.12211
445.0290,0.30168,9.80934,0.09817
445.0341,0.15084,9.72794,-0.04070
445.0540,0.17718,9.82610,0.26098
445.0776,0.15323,9.77343,0.02394
445.0948,0.12690,9.80934,0.16042
445.1152,0.14605,9.74470,0.09817
445.1375,0.12450,9.78061,-0.18915
445.1721,0.17957,9.71118,-0.05267
445.1751,0.24182,9.85244,-0.08380
445.1962,-0.04549,9.81174,0.03591
445.2136,0.19394,9.73752,-0.14366
445.2348,0.01197,9.76864,0.11014
445.2578,-0.02873,9.81413,-0.20830
445.2757,0.02155,9.82610,-0.05028
445.3034,0.11971,9.79498,-0.28013
445.3162,-0.12929,9.89554,0.30886
445.3338,0.02634,9.80695,-0.18915
445.3537,-0.22746,9.86681,0.21309
445.3766,-0.04310,9.82850,0.30407
445.3941,-0.16520,9.80695,0.31844
445.4142,-0.03113,9.77582,-0.01915
445.4488,-0.04070,9.69442,0.83081
445.4553,-0.04310,9.76625,0.27534
445.4744,-0.09338,9.77343,0.79969
445.4962,-0.07901,9.79258,0.44294
445.5139,-0.06225,9.76625,0.84278
445.5340,0.05507,9.74949,0.38308
445.5573,-0.03831,9.71357,0.76856
445.5824,-0.02634,9.85244,0.34717
445.5934,0.01437,9.70160,0.97208
445.6161,-0.02394,9.76864,0.19872
445.6337,-0.00479,9.75906,0.84518
445.6553,-0.01197,9.72794,0.15084
445.6780,0.24900,9.78301,0.29210
445.6960,0.01437,9.78301,0.21548
445.7187,0.06943,9.76864,0.58899
445.7359,0.17957,9.77582,0.00479
445.7536,0.18915,9.81892,0.30407
445.7739,0.16281,9.76625,0.08141
445.7964,0.21788,9.85244,-0.24422
445.8140,0.22746,9.68005,-0.04549
445.8341,0.27534,9.85484,-0.05507
445.8758,0.00239,9.79977,-0.03831
445.8760,0.17478,9.88596,-0.25858
445.8936,0.02634,9.87160,-0.05746
445.9158,0.02873,9.79737,-0.13647
445.9337,0.04070,9.81413,0.09338
445.9547,0.06465,9.79737,-0.18915
445.9777,-0.15084,9.73991,0.45731
446.0095,0.04789,9.78540,-0.18436
446.0135,-0.23703,9.82850,0.31844
446.0359,-0.05746,9.78301,0.34478
446.0536,-0.14126,9.77822,0.59139
446.0753,-0.04789,9.75428,0.22027
446.0971,-0.02394,9.76625,0.97208
446.1152,0.03352,9.69681,0.16281
446.1479,-0.07422,9.74470,0.74462
446.1559,-0.05746,9.82131,0.50998
446.1735,-0.07183,9.78540,0.99602
446.1936,-0.13647,9.84047,0.38069
446.2161,0.04310,9.79258,0.81884
446.2339,-0.06225,9.76146,0.38308
446.2559,-0.00718,9.70400,0.74223
446.2863,0.12929,9.70160,0.16281
446.2935,0.02873,9.77582,0.61054
446.3136,-0.02155,9.76864,0.18675
446.3359,0.27534,9.82850,0.23464
446.3536,0.09577,9.73752,0.18675
446.3738,0.27295,9.72794,0.21548
446.4291,0.11014,9.81653,0.12211
446.4293,0.28731,9.86441,-0.02394
446.4465,0.21548,9.70878,0.04070
446.4566,0.09817,9.87399,-0.22506
446.4735,0.07183,9.87160,0.01197
446.4937,0.15563,9.85723,-0.40942
446.5162,-0.12929,9.81653,0.19633
446.5338,0.02634,9.86920,-0.23703
446.5625,-0.16520,9.88117,0.03113
446.5922,-0.03352,9.66090,0.09577
446.5939,-0.16281,9.78301,0.30647
446.6145,0.08380,9.68724,0.24422
446.6359,-0.02634,9.74230,0.92419
446.6535,-0.02634,9.78780,0.16999
446.6763,-0.00239,9.79498,1.01517
446.7030,-0.16042,9.81892,0.31604
446.7135,0.00958,9.78780,1.05827
446.7335,-0.05507,9.78061,0.37111
446.7555,0.00000,9.77104,0.57702
446.7737,-0.11493,9.81174,0.36393
446.7953,-0.07183,9.81174,0.66800
446.8178,0.28731,9.67526,0.18196
446.8345,0.11493,9.79498,0.39027
446.8535,0.12929,9.70639,0.25140
446.8759,0.33041,9.79977,-0.03352
446.8935,0.21788,9.67287,0.10774
446.9136,0.28013,9.83568,0.05986
446.9359,-0.11971,9.92906,-0.09577
446.9552,0.19154,9.81413,-0.26576
446.9886,0.09577,9.91230,0.01437
446.9958,-0.05028,9.73752,-0.20351
447.0132,-0.10774,9.89793,0.01197
447.0335,-0.05986,9.79258,-0.19633
447.0558,0.01197,9.79737,0.72786
447.0736,-0.01437,9.70400,-0.00958
447.1036,0.04789,9.73752,0.81645
447.1159,-0.09098,9.85005,0.38308
447.1331,0.14126,9.72076,0.84997
447.1532,-0.12450,9.73752,0.39027
447.1756,-0.03113,9.87399,0.71349
447.1946,-0.09577,9.75906,0.27055
447.2152,-0.01197,9.79977,0.62730
447.2371,0.16281,9.74949,0.33999
447.2562,-0.01915,9.79737,0.38787
447.2737,0.04070,9.68963,0.38548
447.2954,0.16281,9.86202,0.11253
447.3133,0.18675,9.71836,0.24900
447.3335,0.27295,9.80455,-0.12450
447.3571,-0.10535,9.85723,0.02873
447.3746,0.15323,9.88357,-0.21548
447.4078,-0.02155,9.88836,-0.08380
447.4155,-0.02155,9.82610,-0.11253
447.4334,-0.00958,9.86441,0.17718
447.4545,-0.02155,9.71836,-0.10295
447.4774,0.08380,9.72794,0.83800
447.4954,0.00000,9.65132,0.24182
447.5153,0.03113,9.68005,0.84757
447.5417,-0.15802,9.81174,0.41660
447.5555,-0.03831,9.76146,0.84757
447.5730,-0.12929,9.84526,0.28252
447.5954,0.02394,9.78061,0.53632
447.6133,-0.06943,9.74949,0.47646
447.6337,0.06943,9.81413,0.52674
447.6697,0.14126,9.70160,0.21788
447.6851,0.21548,9.78301,0.38308
447.6938,0.28492,9.65611,0.32323
447.7176,0.15323,9.81892,-0.24422
447.7334,0.12690,9.82371,0.16760
447.7551,0.15563,9.81174,-0.16281
447.7756,-0.07422,9.88596,0.08380
447.8027,0.00000,9.88596,-0.37111
447.8156,-0.16760,9.88836,-0.03113
447.8354,0.07422,9.69442,0.13887
447.8526,-0.02155,9.75188,0.50040
447.8737,0.02634,9.72554,0.17718
447.8979,0.00000,9.77104,0.71110
447.9155,-0.02155,9.72554,0.25619
447.9471,0.05267,9.85244,0.76856
447.9659,0.00239,9.67766,0.31365
447.9734,-0.03352,9.78540,0.64406
447.9932,-0.02155,9.84047,0.48604
448.0170,0.17478,9.75428,0.24900
448.0347,0.14366,9.71597,0.45491
448.0547,0.17478,9.81653,0.25140
448.0770,0.05267,9.85005,0.10056
448.0951,0.11014,9.76146,-0.05507
448.1143,-0.07183,9.86441,0.21309
448.1353,-0.02873,9.75906,0.05028
448.1529,0.01915,9.82371,0.29210
448.1736,-0.03113,9.82610,-0.00239
448.1958,0.14605,9.71118,0.44773
448.2136,-0.05507,9.72076,0.07422
448.2441,0.11253,9.81653,0.53871
448.2556,-0.06225,9.71118,0.27534
448.2728,0.05507,9.81653,0.38787
448.2930,-0.00239,9.76625,0.39027
448.3154,0.12929,9.79498,0.19872
448.3366,0.03591,9.68963,0.41421
448.3548,0.05986,9.81174,0.22985
448.3782,-0.05746,9.88836,0.28971
448.3932,0.00718,9.80695,0.00479
448.4129,-0.08141,9.84526,0.29689
448.4355,0.00239,9.76864,0.16520
448.4531,0.05746,9.76385,0.40463
448.4733,-0.03591,9.79258,0.10295
448.4985,0.09338,9.79019,0.47407
448.5193,0.02873,9.71118,0.11014
448.5332,0.16999,9.80934,0.51477
448.5555,0.07901,9.69681,0.36872
448.5743,0.14605,9.73033,0.37830
448.5943,0.08859,9.64893,0.36632
448.6176,0.05746,9.83089,0.07662
448.6352,0.09577,9.75906,0.34956
448.6650,-0.02873,9.83329,0.08380
448.6797,-0.02634,9.93624,0.31126
448.6938,-0.08859,9.79498,-0.03831
448.7137,-0.07183,9.83568,0.28731
448.7378,-0.04789,9.80695,0.14605
448.7556,0.07662,9.78540,0.37830
448.7756,-0.03831,9.72076,0.04070
448.8045,0.07662,9.86920,0.25379
448.8165,0.07183,9.65611,0.33759
448.8378,0.15802,9.81174,0.21070
448.8575,0.05028,9.72315,0.41900
448.8761,0.18196,9.83568,0.10056
448.8951,0.11014,9.68484,0.35435
448.9187,0.02634,9.84286,0.17718
448.9405,0.08141,9.81413,0.46928
448.9578,-0.05986,9.72794,0.18915
448.9774,0.12211,9.80216,0.44773
448.9974,-0.07901,9.81653,0.15084
449.0170,0.03352,9.73991,0.33041
449.0395,0.05267,9.75188,0.36154
449.0565,0.00239,9.83089,0.16999
449.0856,0.00718,9.69442,0.27055
449.0974,0.02394,9.76146,0.25140
449.1160,0.02634,9.78301,0.45491
449.1362,0.07662,9.79258,0.06465
449.1585,-0.00479,9.87878,0.37830
449.1764,-0.00958,9.80695,0.17957
449.1988,0.07183,9.82610,0.33520
449.2187,-0.05986,9.80934,0.25379
449.2349,0.14366,9.87399,0.47885
449.2595,-0.08859,9.72076,0.24422
449.2774,-0.17478,10.17567,0.28492
449.2947,0.00718,9.50767,-0.28731
449.3147,0.24182,9.81174,-0.10295
449.3556,0.19394,9.56992,-0.44773
449.3725,0.12450,9.81653,-0.22267
449.3760,0.10056,9.75667,0.13408
449.3973,-0.08141,9.77104,0.00239
449.4147,0.01197,9.87399,0.34717
449.4350,-0.03113,9.76864,-0.00958
449.4574,-0.08141,9.94582,0.39266
449.4774,-0.08141,9.84765,0.04070
449.5080,-0.15802,9.94582,0.25619
449.5175,0.05746,9.75188,0.08141
449.5359,-0.06704,9.83568,0.45731
449.5546,-0.00479,9.79019,0.17718
449.5770,0.09817,9.76864,0.65603
449.5949,0.10535,9.73752,0.20351
449.6146,-0.03831,9.84765,0.44055
449.6400,0.02155,9.75428,-0.07901
449.6560,-0.01915,9.82850,0.27774
449.6765,-0.01676,9.68963,0.09338
449.6975,0.02873,9.75667,0.81884
449.7165,-0.10056,9.63935,0.62730
449.7365,-0.07662,9.76625,1.15883
449.7600,-0.15802,9.80455,0.62012
449.7871,-0.08619,9.84526,0.79250
449.8010,-0.07662,9.84286,0.52913
449.8169,0.08859,9.84286,0.22027
449.8351,-0.03113,9.73512,0.34478
449.8565,0.07183,9.75667,0.35196
449.8780,0.08859,9.79737,0.42139
449.9030,0.06465,9.78540,0.13408
449.9168,0.05267,9.80934,0.26337
449.9369,-0.04310,9.70400,0.07183
449.9541,0.03352,9.90751,0.19154
449.9745,0.04789,9.82131,-0.22267
449.9977,0.08859,9.85244,0.34478
450.0156,0.11732,9.59865,-0.01676
450.0374,0.20830,9.75188,0.36393
450.0631,-0.09577,9.70639,0.17718
450.0754,0.07183,9.81653,0.41182
450.0982,-0.02394,9.81653,0.26576
450.1202,-0.00958,9.89075,0.28013
450.1377,-0.03352,9.76385,0.19394
450.1562,-0.05028,9.78780,0.22985
450.1805,0.05267,9.81174,0.19154
450.2129,0.16042,9.75428,0.18436
450.2155,0.10774,9.73752,0.11253
450.2396,0.04310,9.82371,0.11253
450.2574,0.09577,9.71597,0.28971
450.2772,0.21548,9.82610,0.08619
450.3010,-0.14366,9.85962,0.23703
450.3177,0.03352,9.77104,-0.11014
450.3491,0.03591,9.84526,0.08619
450.3577,0.01915,9.70639,-0.14126
450.3753,-0.05507,9.88357,-0.13408
450.3954,0.03352,9.77343,-0.15802
450.4192,-0.05267,9.83329,0.65603
450.4371,-0.00718,9.77104,0.01915
450.4578,-0.04549,9.84765,0.50040
450.4873,-0.05986,9.66569,0.44294
450.4952,-0.04070,9.86441,0.65364
450.5173,0.02155,9.65372,0.25140
450.5417,-0.09338,9.82371,0.76617
450.5594,-0.07662,9.67287,0.35675
450.5793,-0.10295,10.02962,0.51716
450.6002,0.16281,9.59386,0.39266
450.6176,0.16999,9.80695,0.62251
450.6354,0.05267,9.64653,0.31126
450.6578,0.07183,9.87399,0.70152
450.6758,-0.08859,9.64893,0.49322
450.6966,-0.13169,9.87878,0.69913
450.7179,0.02394,9.62977,0.28971
450.7358,-0.01676,9.85005,0.57941
450.7633,0.02873,9.68484,0.26816
450.7780,0.00000,9.87878,0.63688
450.7957,-0.02634,9.64893,0.26098
450.8157,0.03591,9.89075,0.63448
450.8380,0.04310,9.69921,0.33041
450.8557,-0.06943,9.91948,0.64645
450.8758,0.09577,9.65611,0.40224
450.9049,0.03352,9.91469,0.55068
450.9198,0.06943,9.64414,0.25379
450.9424,0.10535,9.89075,0.55068
450.9572,0.07183,9.60583,0.34238
450.9751,0.06704,9.92188,0.53153
450.9956,0.06943,9.71836,0.29450
451.0184,0.05267,9.89314,0.48843
451.0349,0.05986,9.71836,0.39984
451.0550,-0.07901,9.83568,0.58181
451.0774,0.05507,9.62020,0.54589
451.0951,-0.00718,9.81174,0.85236
451.1152,-0.03352,9.66808,0.39745
451.1393,-0.05507,9.88357,0.76377
451.1568,0.02873,9.58907,0.74462
451.1895,-0.32323,9.79737,1.09179
451.1975,0.29210,9.69681,0.13647
451.2153,-0.03352,9.94582,0.50040
451.2354,0.14605,9.81653,-0.39027
451.2582,0.10774,9.90033,0.05267
451.2758,0.00000,9.75428,-0.20591
451.2987,-0.04070,9.91948,-0.01676
451.3185,0.16999,9.72315,-0.18196
451.3351,-0.01676,9.76385,0.08619
451.3554,0.16042,9.67048,-0.11014
451.3787,-0.08380,9.78540,0.05028
451.3965,0.24900,9.77343,-0.51477
451.4163,0.22985,9.79977,-0.34717
451.4388,0.07183,9.81174,-0.18436
451.4571,0.09098,9.87638,-0.06465
451.4755,0.10774,9.87638,-0.29210
451.4974,-0.14126,9.87160,0.39266
451.5153,0.05507,9.97694,0.19154
451.5352,-0.01437,9.68484,0.10535
451.5590,0.06225,9.88117,-0.31604
451.5764,0.18675,9.71357,-0.39984
451.6060,0.13169,9.85005,-0.33999
451.6176,-0.02873,9.70400,-0.07662
451.6349,0.07183,9.91230,-0.01197
451.6558,0.03831,9.62738,-0.17478
451.6786,0.07422,9.91469,-0.20591
451.6970,0.11014,9.64414,-0.19872
451.7171,0.04789,9.86681,-0.14366
451.7498,0.18915,9.55555,-0.05746
451.7555,0.09338,9.88117,0.01915
451.7753,0.09577,9.59386,0.02155
451.7974,0.19394,9.89314,-0.22985
451.8152,0.12929,9.60822,-0.20112
451.8353,0.12211,9.97934,-0.30407
451.8592,0.17239,9.78301,-0.28013
451.8809,0.10056,9.90751,-0.22985
451.8981,0.12211,9.68484,0.11971
451.9193,0.02394,9.90512,-0.09098
451.9354,0.01437,9.71118,-0.03591
451.9587,0.08380,9.89314,-0.33280
451.9823,0.04070,9.68245,-0.07422
452.0279,-0.09098,9.89075,0.04549
452.0279,-0.02155,9.70878,0.25619
452.0426,0.10535,9.85244,-0.28492
452.0570,0.15802,9.67287,-0.09098
452.0750,0.09338,9.86202,-0.19872
452.0975,0.07183,9.78061,-0.08619
452.1151,0.10535,9.94103,-0.26816
452.1381,0.13647,9.72554,-0.25619
452.1678,0.13169,9.97934,-0.31844
452.1762,0.19872,9.86920,-0.08859
452.1949,0.06943,9.87638,-0.10774
452.2177,-0.01676,9.89554,-0.08859
452.2380,0.04310,9.82371,-0.17957
452.2562,0.05267,9.82610,-0.19154
452.2791,0.01676,9.72315,-0.36393
452.3030,0.01197,9.71357,-0.28971
452.3168,0.07901,9.63456,-0.17718
452.3378,-0.10774,10.02962,0.60575
452.3564,-0.14126,9.62738,0.15084
452.3790,-0.24182,10.02962,0.23464
452.4011,-0.06225,9.71118,-0.02873
452.4361,-0.10295,10.02483,-0.14845
452.4361,0.00479,9.68245,-0.12690
452.4574,0.03113,10.04638,-0.41421
452.4759,-0.01915,9.78780,-0.15563
452.4949,-0.05267,10.01765,-0.29450
452.5206,0.11971,9.80216,0.00958
452.5369,0.09098,9.85962,-0.17957
452.5575,0.13169,9.78301,0.04789
452.5918,0.05267,9.72076,-0.03113
452.5949,0.03591,9.84765,-0.05746
452.6146,0.07183,9.84047,-0.05028
452.6372,0.00479,9.85244,0.09098
452.6551,0.14845,9.73273,0.04789
452.6751,0.19872,9.77104,0.08141
452.7001,0.16520,9.59146,0.03113
452.7175,0.10056,9.94103,0.13408
452.7348,0.06943,9.65372,0.01676
452.7585,0.14605,9.94342,-0.11014
452.7768,0.06465,9.67287,0.00958
452.7989,-0.01676,9.95300,0.01676
452.8210,0.02634,9.90512,0.00000
452.8544,0.01676,9.80216,-0.03591
452.8695,0.06704,9.89075,0.08380
452.8769,-0.10535,9.70160,-0.16281
452.8947,-0.08619,9.77343,0.23464
452.9148,-0.01915,9.71597,-0.07183
452.9375,-0.09817,9.67526,-0.42379
452.9552,-0.08380,9.87638,0.14605
452.9778,-0.15802,9.96976,0.08380
453.0120,0.46688,9.69442,-0.80208
453.0147,0.39506,9.87399,-0.80448
453.0349,0.37830,9.60104,-0.69913
453.0569,0.11014,9.89554,-0.04070
453.0752,0.19154,9.65850,-0.08380
453.0968,0.08619,9.84526,-0.04310
453.1437,0.11014,9.66569,0.11732
453.1439,0.21309,9.90512,-0.18196
453.1591,0.04549,9.74470,0.01915
453.1780,-0.09098,9.98652,-0.17239
453.1948,0.10295,9.65611,-0.00479
453.2147,0.07662,9.93145,-0.16760
453.2383,-0.06465,9.77104,-0.09817
453.2558,0.02634,9.85244,-0.48125
453.2882,-0.04070,9.87399,-0.05507
453.2974,-0.03831,9.80695,-0.10774
453.3164,-0.03352,9.91469,0.17718
453.3366,0.02634,9.81413,-0.10056
453.3573,0.05986,9.95300,0.04310
453.3754,0.01197,9.84047,-0.02394
453.3972,0.06943,9.91709,-0.09817
453.4314,-0.04789,9.74230,0.10295
453.4369,0.08380,9.85005,0.04789
453.4550,-0.04549,9.67287,0.31126
453.4786,0.09338,9.85244,-0.13887
453.4961,0.06943,9.59146,-0.00718
453.5161,-0.00239,9.91469,-0.22746
453.5383,0.04789,9.95779,-0.04549
453.5709,0.05267,9.96497,-0.28252
453.5744,0.21309,9.78780,-0.26098
453.5965,0.12690,9.75906,-0.22027
453.6160,0.09577,9.89554,-0.24182
453.6366,0.00958,9.73752,-0.01915
453.6606,0.10535,9.85484,-0.13647
453.6978,0.05746,9.87399,0.02155
453.6978,0.10295,9.85484,-0.32083
453.7183,0.22985,9.77343,-0.64645
453.7344,0.13408,9.78301,-0.85715
453.7544,0.36154,9.89075,-1.10855
453.7771,0.13647,9.50288,-0.12211
453.7949,-0.11253,10.44383,-0.22506
453.8152,-0.00239,9.70400,-0.60336
453.8382,0.16281,9.86441,-1.19474
453.8576,0.28731,9.56992,-0.71110
453.8745,0.22267,9.52443,-0.55068
453.8966,0.26816,9.33767,-0.18675
453.9161,0.36393,9.48133,-0.49322
453.9365,0.29450,9.44302,-0.83321
453.9597,0.24422,9.97934,-0.68476
453.9795,0.15563,10.08229,-1.12531
453.9952,0.16520,10.10863,-0.90743
454.0170,0.15323,9.89075,-0.59139
454.0344,0.35196,9.29218,-0.24422
454.0545,0.14126,9.13176,0.10056
454.0782,-0.02873,9.50527,0.69913
454.0958,0.25858,10.10623,0.03591
454.1254,0.04789,9.62738,-0.28971
454.1369,-0.22267,10.04638,-0.16281
454.1544,-0.10535,10.12778,-0.73265
454.1746,-0.09338,9.96258,-0.54589
454.1982,-0.35435,10.01286,-0.08619
454.2163,-0.38069,9.95061,-0.66561
454.2374,-0.07901,9.72794,-0.95292
454.2672,-0.10056,9.80934,-1.16362
454.2793,-0.13647,9.72315,-0.74701
454.2945,0.06704,9.85244,-0.71589
454.3166,0.15802,9.93145,-1.35755
454.3348,0.08380,10.14694,-0.41182
454.3547,0.16042,9.86681,-0.07662
454.3773,0.52674,9.59625,-0.57941
454.4030,0.28252,9.72076,0.03352
454.4142,0.40703,9.68245,0.04549
454.4370,0.53392,9.48851,-0.55068
454.4551,0.28492,9.84286,-0.00239
454.4784,0.19872,9.74709,-0.17718
454.5003,0.04310,9.83329,0.02873
454.5179,0.09338,9.72554,0.00958
454.5433,-0.11253,9.66808,-0.02394
454.5569,0.03591,9.73991,0.25619
454.5744,0.10535,9.82131,-0.42618
454.5945,-0.31844,9.84047,0.10774
454.6180,-0.35196,9.86202,0.56744
454.6361,-0.14126,9.69442,0.00479
454.6560,-0.25858,9.88596,0.05986
454.6857,-0.02155,9.96497,-0.03591
454.6944,0.00239,9.75188,0.06465
454.7143,0.18915,10.19243,-0.34717
454.7383,0.40703,10.08469,-1.30488
454.7550,0.22746,9.91709,-0.15323
454.7749,0.11253,9.83808,-0.11732
454.7993,0.31126,9.71357,-0.56744
454.8284,0.01197,9.88836,-0.11493
454.8346,0.19872,9.76864,-0.16281
454.8565,0.05986,9.81413,-0.45012
454.8741,-0.12690,9.63456,0.09817
454.8954,-0.10056,9.65132,-0.14845
454.9178,-0.01915,9.69202,-0.30407
454.9358,0.00958,9.70160,0.33280
454.9702,-0.12211,9.73752,0.47646
454.9771,-0.03591,9.73033,0.22506
454.9977,-0.26816,10.04877,-0.06465
455.0185,0.02634,9.85244,-0.15323
455.0421,0.22506,9.68005,-0.06465
455.0563,0.25858,9.80695,-0.17239
455.0742,0.44055,10.02962,-0.52435
455.0961,0.25379,10.15412,-0.43815
455.1139,0.31365,9.87878,-0.05507
455.1329,0.35435,9.83568,-0.14366
455.1565,-0.14605,9.95300,0.93616
455.1737,0.23943,9.74470,0.59857
455.1938,-0.05507,9.85005,0.64885
455.2164,0.05986,9.87399,0.07422
455.2351,0.34956,9.55795,0.01197
455.2547,-0.10056,9.56513,0.45731
455.2777,-0.12450,9.66808,-0.15802
455.2978,-0.22267,9.47654,0.58660
455.3182,-0.26816,9.84286,-0.27295
455.3394,0.18915,9.85723,-1.16601
455.3826,0.13169,9.79019,-0.70871
455.3827,0.41421,10.05356,-0.88828
455.4012,-0.01915,10.07032,-0.65843
455.4143,0.21309,9.81892,-0.46449
455.4341,0.23943,10.02243,-0.12690
455.4582,-0.14366,10.08947,-0.68237
455.4745,0.03831,9.99131,-0.06943
455.5150,-0.05507,9.91948,-0.11253
455.5276,-0.11014,9.80455,-0.23224
455.5358,-0.00239,9.96976,-0.32802
455.5544,-0.38787,9.83808,0.27774
455.5766,-0.00958,9.78540,0.04070
455.5945,0.02634,9.49091,0.41900
455.6145,0.19872,9.74949,-0.10295
455.6366,-0.02634,9.68963,-0.36154
455.6555,0.10535,9.75906,-0.08141
455.6760,0.23943,10.21398,-0.53153
455.6965,0.12211,9.57949,0.31604
455.7139,0.47407,9.58189,-0.61293
455.7344,0.22746,9.74230,-1.14207
455.7579,0.08859,9.90751,0.19154
455.7936,-0.05028,10.59706,-1.13728
455.8126,0.11014,9.24908,0.23464
455.8173,0.33999,9.48133,0.57702
455.8343,0.03352,9.88117,-0.43097
455.8554,-0.05986,10.16609,-0.53632
455.8778,-0.33759,9.47654,-0.90264
455.8955,0.03591,9.94342,-2.08541
455.9158,0.26576,9.91469,-1.64008
455.9372,0.07183,10.25707,-1.85796
455.9544,0.03591,9.92188,-1.17319
455.9744,-0.02155,10.08708,-0.67040
455.9999,0.21309,9.98652,-2.07584
456.0162,-0.31604,9.97455,0.30886
456.0381,-0.11971,10.36721,-0.67997
456.0589,-0.16281,10.25468,-2.43498
456.0942,0.07183,10.19482,-1.76219
456.0956,0.17239,10.15172,-2.93778
456.1169,0.54111,9.97934,-3.31128
456.1341,0.41182,10.08229,-2.39188
456.1541,0.55068,9.79737,-2.77496
456.1768,0.50519,9.65611,-1.60416
456.1943,0.69195,9.41668,-1.60656
456.2257,0.51477,9.64174,-0.59617
456.2363,0.02873,10.20919,-0.74701
456.2550,-0.40463,10.14454,0.30886
456.2754,-0.35914,10.25468,-1.78373
456.2993,0.36154,9.61062,-3.34480
456.3171,0.27534,9.79737,-2.77975
456.3371,0.23943,9.66569,-3.00721
456.3675,-0.03831,9.64893,-0.57702
456.3754,-0.50998,9.78780,-0.31365
456.3951,-0.98644,9.70639,0.51716
456.4175,-0.86194,10.31932,-0.65364
456.4363,-0.25619,10.11581,-1.14925
456.4551,-0.33280,10.37439,-1.22108
456.4782,-0.05746,10.37918,-3.00481
456.5074,0.67040,9.93385,-3.25861
456.5199,0.65603,9.38077,-3.05988
456.5376,-0.08619,9.73273,-1.20193
456.5551,0.27534,9.26105,-0.47646
456.5753,-0.33041,9.71118,0.66082
456.5976,-0.13887,10.36960,0.27774
456.6159,-0.39027,10.06314,-0.26098
456.6460,-0.03831,10.00567,-1.46769
456.6573,0.53632,9.91948,-2.78933
456.6751,0.65124,9.40950,-2.84679
456.6958,0.90264,9.43584,-1.95373
456.7195,0.15802,9.52443,-0.04070
456.7382,-0.15802,9.38795,0.94813
456.7776,-0.62012,10.01286,0.62491
456.7924,-0.25379,9.80216,-0.52913
456.7963,-0.42618,10.23074,-0.57702
456.8158,-0.00958,9.90033,-1.67599
456.8385,0.17718,9.40711,-1.85556
456.8559,0.38308,9.47893,-2.48286
456.8760,-0.11253,9.45978,-2.63370
456.9114,-0.67997,9.82610,-0.54111
456.9285,-0.23224,9.93863,-0.82842
456.9359,-0.32562,9.80216,-0.15563
456.9581,-0.17718,10.55157,-0.53632
456.9759,-0.11014,10.70001,0.18915
456.9986,0.03831,10.28102,-1.57543
457.0206,0.18915,10.19243,-2.38230
457.0386,0.20112,9.60344,-2.11414
457.0719,-0.14366,9.47893,-1.77655
457.0777,-0.23943,9.17247,0.00239
457.0959,-0.27534,9.13416,-0.33280
457.1160,-0.79729,9.55076,0.74941
457.1399,-0.53392,9.75906,0.56984
457.1587,-0.38069,10.03441,0.45970
457.1785,-0.49801,9.85962,0.27534
457.2121,-0.12450,9.98413,-0.79729
457.2161,-0.25858,10.51565,-1.02475
457.2373,-0.22506,9.90512,-0.38787
457.2595,-0.95532,10.37439,1.06066
457.2798,-0.70392,9.90272,0.66321
457.2998,-0.61054,9.84765,0.13408
457.3370,-0.24900,9.34007,-0.80448
457.3371,-0.42379,9.85723,-1.26418
457.3557,0.13408,9.33528,-1.93697
457.3798,0.41660,9.22514,-1.70233
457.3978,0.53392,9.47175,-2.12133
457.4160,0.56505,8.90670,-1.42459
457.4388,0.24422,10.01525,-0.28252
457.4562,-0.44294,10.07032,0.29689
457.4856,-0.23464,9.96737,0.00718
457.4976,0.15084,10.30496,-0.72786
457.5156,-0.20351,10.44862,-0.45252
457.5368,-0.36632,10.67128,-0.38069
457.5581,-0.37351,9.82610,-0.26576
457.5757,-0.23703,10.49650,-0.38787
457.5976,-0.23943,9.45020,-0.22506
457.6289,0.56265,9.39753,-0.22985
457.6436,-0.04070,9.93863,-0.14605
457.6573,-0.27534,9.95539,-0.44294
457.6783,-0.23703,9.61062,-1.52036
457.6954,-0.72068,9.95061,-1.18995
457.7175,-0.48125,9.37119,-0.21548
457.7581,-0.64885,9.53640,0.82363
457.7582,-0.35196,9.43344,-0.13647
457.7780,-0.34717,9.42626,-1.11094
457.7997,-0.31126,10.10145,-0.07422
457.8168,0.16999,9.65611,0.68716
457.8354,0.18915,9.39992,0.85236
457.8578,0.08619,9.98173,-0.95771
457.8752,0.28252,9.88596,-0.64645
457.9010,-0.09577,10.33369,0.89785
457.9176,-0.21788,10.02004,1.41502
457.9352,-0.23224,10.29299,1.44375
457.9544,-0.17957,9.84047,-0.55787
457.9773,-0.30168,9.85005,-0.34956
457.9951,-0.64885,9.61541,0.71110
458.0158,-0.84757,9.88357,1.30249
458.0373,-0.22027,9.41908,-0.75659
458.0563,-0.09338,8.90910,-1.30009
458.0764,0.06704,9.16528,-1.21150
458.0999,0.45012,9.05036,-0.21548
458.1171,0.24422,9.70639,0.82602
458.1376,0.09577,9.42147,1.81486
458.1602,-0.65603,10.31454,0.42618
458.1788,-0.16042,10.31214,0.77335
458.1957,0.20112,10.31454,-0.18436
458.2175,0.55787,10.19961,-0.25379
458.2354,0.11253,9.89793,-1.34079
458.2555,-0.45252,8.88276,0.09098
458.2818,-1.14686,10.27623,1.78613
458.3170,-1.26657,9.52443,2.66962
458.3369,-1.98007,10.19482,1.22826
458.3381,-1.61135,9.94582,0.69913
458.3555,-1.34798,9.28979,0.67997
458.3757,-1.04630,9.13895,0.45731
458.3979,-0.94574,9.45978,-0.34717
458.4168,-0.49322,9.34964,-0.64406
458.4371,-0.42618,10.24510,-0.20351
458.4696,-0.35675,9.94582,-1.43896
458.4764,-0.31604,9.98652,-1.25221
458.4962,-0.44294,9.94342,-0.14845
458.5188,0.02394,10.41031,-1.01278
458.5368,-0.05507,9.67526,-0.68237
458.5602,-0.37351,10.35763,-1.48206
458.5985,-0.05267,9.48612,-1.24023
458.6125,0.08619,9.18204,-1.55149
458.6163,0.75180,9.45978,-2.22668
458.6389,0.23703,9.87878,-0.25379
458.6561,0.89785,10.52523,-0.71828
458.6780,0.17957,11.29858,0.87152
458.7005,-1.10137,11.22675,-0.56026
458.7177,-0.50998,8.03998,-0.22985
458.7465,-0.09817,9.05754,-0.17957
458.7603,-0.46688,9.47415,0.67519
458.7764,0.64167,7.44141,1.94655
458.7963,0.68237,9.80455,-0.37590
458.8188,-0.32802,8.95459,2.58582
458.8363,-1.80768,9.78061,-0.84039
458.8588,-0.71828,10.32651,0.68716
458.8812,-0.82602,10.94902,-0.94574
458.8965,0.51956,8.50925,1.92500
458.9164,0.52195,11.12380,-0.79250
458.9398,-0.58660,10.36960,0.46449
458.9577,-0.75420,10.19482,0.29689
458.9778,-1.26418,11.68167,0.32802
459.0016,-0.69195,11.23154,-2.13330
459.0194,1.08461,9.39274,-0.20591
459.0365,0.77335,8.83966,-0.74462
459.0603,-0.26337,9.17965,-2.24583
459.0762,0.38548,10.07511,-1.24023
459.0964,0.25858,10.24989,-0.90982
459.1191,-0.01915,11.35126,-3.08622
459.1565,2.10696,9.85005,0.76377
459.1701,-0.01437,10.13257,1.05348
459.1805,-0.51716,9.90990,-1.30727
459.1963,0.60815,9.64174,0.18196
459.2162,1.42220,9.85484,-0.95292
459.2385,0.81166,9.25148,-0.89067
459.2564,1.26178,9.22514,-2.12133
459.2772,1.44854,10.47735,-0.63927
459.3101,0.99841,9.34485,-2.94975
459.3162,0.47646,11.03282,-1.97528
459.3360,0.59857,10.13018,-3.61296
459.3585,0.39266,8.31771,0.17957
459.3764,1.36234,10.60903,-2.97848
459.3965,1.15643,8.86839,0.27534
459.4188,0.66561,9.80455,-1.89866
459.4381,0.76138,8.96177,1.63529
459.4581,0.45970,10.70720,0.39266
459.4783,-0.22985,7.76463,0.94095
459.4960,0.96968,10.84367,-0.50040
459.5161,1.52515,10.21637,0.19394
459.5398,0.81884,9.58428,-1.10855
459.5679,1.12531,8.90191,0.67279
459.5881,0.66561,7.82210,2.29850
459.6000,-0.26816,8.51883,3.51001
459.6157,-1.27375,12.16292,2.09738
459.6360,-0.17957,9.29218,-0.66082
459.6585,0.06704,12.44305,-2.91383
459.6763,-2.06147,12.30657,2.10217
459.6988,0.29689,11.10225,0.48125
459.7307,-3.26819,11.27943,-2.15006
459.7362,-1.41502,9.57471,1.51558
459.7563,0.48604,9.52443,2.03513
459.7784,0.96968,9.36161,2.01837
459.7977,0.70871,9.45499,0.90504
459.8203,0.03113,10.92268,-0.03831
459.8681,-0.19872,11.54040,-1.32643
459.8683,1.28812,9.73991,-3.57705
459.8859,0.21788,9.32331,-2.85158
459.8979,0.78772,10.70241,-2.17640
459.9160,1.01038,9.05275,-0.82124
459.9359,0.57702,9.93385,-1.01038
459.9578,0.39506,11.36323,1.07503
459.9826,0.65843,10.27862,-0.07901
459.9979,0.72786,9.81653,-2.81327
460.0181,-0.16520,8.58587,1.19714
460.0356,-0.95532,10.33130,-3.42142
460.0557,-1.34558,8.78938,1.34798
460.0780,0.14845,10.07032,-0.52913
460.0962,-0.16042,8.04476,-0.36393
460.1235,-0.78772,12.00010,-1.80289
460.1424,0.42618,5.88992,1.44854
460.1581,0.13887,10.63297,-4.53715
460.1760,-2.26977,7.92744,0.75180
460.1987,-1.21629,10.46777,0.25140
460.2175,0.04310,8.38475,3.82366
460.2375,0.08141,9.03360,1.48206
460.2673,1.08940,10.68565,0.01915
460.2825,0.48125,9.54597,2.57145
460.2959,0.60336,10.01046,0.60575
460.3199,0.53153,8.83248,3.10059
460.3358,0.76617,9.57949,1.57304
460.3599,1.29291,7.88195,0.28013
460.3817,1.57543,9.82371,0.01437
460.4150,1.15883,10.31454,-1.75740
460.4291,0.58181,10.36482,1.55628
460.4384,1.17080,10.53720,-3.31368
460.4561,-0.40703,8.20997,0.57702
460.4761,0.28971,10.75029,2.00640
460.5005,-0.30647,9.28260,1.95612
460.5195,-0.20830,9.42865,-0.50759
460.5474,1.87711,7.96815,0.69195
460.5681,0.77096,9.25148,-1.47248
460.5769,0.85236,9.65611,0.49561
460.5962,1.18277,9.49091,0.28971
460.6187,0.46210,9.91469,-0.87391
460.6364,-1.43417,9.60822,2.47568
460.6573,-1.61853,9.54358,3.80690
460.6811,-0.64406,10.78142,1.02714
460.6993,-0.70871,7.70238,1.67839
460.7171,0.15563,7.57309,0.53632
460.7379,-1.73585,8.02800,-0.51237
460.7559,1.64966,10.81494,0.07901
460.7774,2.57624,10.25947,-0.32802
460.7986,3.81408,9.86920,2.27696
460.8320,0.17718,8.98571,2.68398
460.8490,-0.82363,12.62501,0.47885
460.8584,-0.39984,10.02483,1.53234
460.8799,0.55068,12.37361,-2.39906
460.8959,0.73265,11.21957,0.02394
460.9184,1.19235,11.38957,-3.64887
460.9358,2.71271,10.90113,0.42858
460.9577,1.58980,11.50928,-1.62092
460.9832,0.78772,9.06472,0.72068
460.9982,-0.49083,10.11581,2.43019
461.0159,-0.24182,8.71995,1.99922
461.0378,0.66082,6.94340,-0.04549
461.0557,0.91701,8.84445,-1.58501
461.0758,-0.24182,10.53960,0.50280
461.1078,-1.09897,10.65931,-3.70155
461.1231,0.99362,10.00089,-1.22347
461.1366,-0.38308,11.18366,-1.49642
461.1582,-2.15485,12.44305,-1.05827
461.1759,-2.83961,12.30178,1.79571
461.1968,-1.99683,6.85002,1.84359
461.2195,-0.38069,7.91547,-3.16523
461.2380,1.25221,5.70795,1.60895
461.2569,-2.76060,12.66571,0.33999
461.2780,-3.15326,10.36960,-5.17882
461.2958,0.55068,9.93624,3.97689
461.3162,-0.12211,11.41830,1.76458
461.3388,0.70392,10.30735,2.37751
461.3564,-2.52357,11.84927,2.08302
461.3981,-2.35357,12.21798,2.01598
461.4118,-1.55149,11.15493,-0.00958
461.4154,0.08619,10.68804,2.88989
461.4356,0.75420,9.34725,0.12690
461.4595,1.59698,8.63375,0.42379
461.4797,1.92500,10.41749,-0.26098
461.4993,0.84997,9.50767,2.38230
461.5196,0.27295,10.81973,-0.76138
461.5376,1.60177,11.07592,-1.22587
461.5556,0.77096,8.07110,-0.98405
461.5797,0.32323,7.60182,-0.49561
461.5977,0.41421,8.76783,2.07344
461.6177,0.69913,9.71118,-1.97528
461.6401,0.09338,9.78540,-0.53392
461.6666,-0.92658,9.26105,-1.38389
461.6859,-0.06465,10.73353,0.13408
461.6976,-0.09338,13.11823,-3.93379
461.7169,-2.77018,11.61463,-0.90982
461.7373,1.84838,4.30969,3.18678
461.7580,2.06386,8.03758,-1.57783
461.7773,-0.44773,8.52122,0.51477
461.8049,-0.95532,13.43906,-0.55308
461.8188,-1.80528,8.70079,1.36234
461.8361,0.94334,8.60742,-0.70871
461.8560,1.01996,8.04716,-1.33122
461.8782,-0.17239,9.47654,-0.27295
461.8961,1.10855,10.63297,-1.66642
461.9193,0.58899,10.57551,-2.18358
461.9580,0.23464,10.44383,-2.10217
461.9583,0.00958,11.20760,-1.53712
461.9759,-0.27534,10.42707,0.90982
461.9977,0.84757,8.21715,-0.88109
462.0155,0.79969,9.06712,0.33520
462.0390,0.99123,8.84685,-2.03513
462.0625,0.53871,10.40552,2.15724
462.0768,0.18436,12.20362,1.14446
462.0984,-0.62012,11.83011,-0.11014
462.1176,0.37351,10.42228,-1.24263
462.1354,1.89148,8.26264,0.24422
462.1556,1.33840,7.56351,-1.44135
462.1780,1.71909,8.42306,-1.28812
462.1956,0.82842,10.44383,-2.17879
462.2158,-0.62969,12.25390,-2.76539
462.2431,0.16281,12.15334,0.44534
462.2573,0.48843,9.63456,-0.23224
462.2759,0.81884,8.59545,0.52195
462.2994,1.18277,9.51245,-0.43336
462.3172,-0.29210,10.37679,1.26178
462.3364,-0.47407,10.86522,-0.10535
462.3693,-0.63209,10.64016,0.29210
462.3965,0.05746,10.40312,-1.82204
462.3966,1.18277,8.55235,-3.36396
462.4193,1.25699,7.26184,-0.56505
462.4369,0.86673,8.57869,-2.20034
462.4571,0.04549,9.21317,-0.08859
462.4793,-0.38069,10.54439,-1.07982
462.4975,-0.51477,9.60822,-0.33280
462.5304,-0.26098,11.15732,-1.24023
462.5391,0.58899,10.14454,-1.13967
462.5570,0.20591,10.16130,-0.51237
462.5765,0.26337,10.12299,-0.16760
462.5993,-0.22506,10.20679,1.23784
462.6169,-0.74223,10.13496,1.54431
462.6550,-0.09338,9.55316,1.28094
462.6732,0.55787,9.24908,-0.15563
462.6769,0.79729,9.03839,-0.04070
462.6964,0.05267,11.01845,0.38069
462.7184,-1.07503,11.93785,0.31844
462.7364,-1.11813,12.02405,1.30249
462.7564,-1.47008,12.02644,0.40463
462.7882,-0.39745,10.28580,-0.36632
462.8008,0.96968,7.77660,1.95133
462.8163,1.12291,8.36560,0.71110
462.8410,0.28971,9.24190,-1.36713
462.8565,1.10137,9.47654,0.47885
462.8789,0.86673,9.20359,0.22027
462.9024,0.45012,9.68005,-0.28013
462.9350,-0.06225,10.97775,0.91461
462.9520,-0.90743,11.41351,-1.30967
462.9592,0.53153,8.42785,-1.76937
462.9779,1.49163,8.24109,0.39745
462.9964,0.78053,7.08705,-0.03113
463.0202,1.25699,7.69280,-0.33999
463.0379,0.82124,10.00328,0.52435
463.0700,-0.32083,10.77663,-0.53153
463.0890,0.21548,10.22116,-0.29450
463.0964,0.77575,9.92666,0.23464
463.1164,-0.42379,11.55477,2.36315
463.1385,-0.88828,11.03042,2.38709
463.1565,-1.01278,10.63537,3.19875
463.1780,-1.59459,10.34566,2.41582
463.2040,-0.67758,10.42946,4.40547
463.2313,-0.29689,9.57231,0.71110
463.2444,0.02155,9.81892,1.00320
463.2591,-0.24422,9.98652,0.88588
463.2759,0.67519,9.74230,0.69673
463.2983,0.81166,8.77502,0.78053
463.3205,0.58181,8.36560,1.71670
463.3365,0.55308,9.66808,1.10376
463.3650,0.30168,9.34964,1.12531
463.3784,0.13887,8.82530,2.51638
463.3963,1.01996,8.40630,1.72867
463.4183,0.74462,9.04557,1.74303
463.4414,0.65364,9.25866,1.55867
463.4588,-0.03831,9.89075,1.21150
463.4792,-1.18995,10.13975,0.86673
463.5166,-0.74941,9.45739,1.62332
463.5169,0.62969,9.34007,1.24263
463.5490,-0.08619,8.25067,2.55469
463.5611,0.22746,9.74949,0.40942
463.5795,0.55547,9.94342,1.44135
463.5994,-0.61054,10.59706,0.95292
463.6358,-0.63448,10.33608,1.31446
463.6555,-0.38548,11.12859,2.21949
463.6585,0.04310,10.47735,1.64966
463.6795,0.94095,9.00247,1.06545
463.6974,-0.13887,9.84286,0.61533
463.7175,0.58420,9.33528,1.06785
463.7395,0.82842,8.91149,2.38470
463.7572,0.21070,10.14933,1.29770
463.7863,0.35435,9.82610,2.09020
463.8006,0.01197,10.24271,2.22907
463.8173,-0.12450,10.79339,0.99602
463.8369,0.32083,9.19880,1.13489
463.8599,0.03831,9.20359,0.99841
463.8777,0.59139,10.55636,0.76856
463.8999,1.04630,9.54119,-0.04070
463.9326,0.14605,9.96497,-0.53392
463.9374,0.29210,10.57791,-0.69673
463.9572,0.53392,9.78780,0.52195
463.9804,0.49561,9.75906,0.91701
463.9986,0.55068,9.90272,0.23224
464.0196,0.46928,9.94342,-0.05507
464.0422,0.48843,9.68484,-0.09817
464.0600,0.25858,9.73273,-0.30407
464.0782,0.94813,8.32250,1.16122
464.1009,0.93377,9.09585,-0.20591
464.1178,0.46449,9.75188,0.30407
464.1395,0.36872,9.80934,-0.45491
464.1620,0.58181,8.71756,0.37351
464.1825,0.68955,9.24908,-0.48364
464.2005,0.24661,9.53400,-0.17239
464.2211,-0.42858,9.84286,-0.41900
464.2379,0.47407,9.91230,0.49561
464.2577,0.19872,9.36401,0.45731
464.2804,-0.11253,9.76625,-0.70631
464.2979,0.38308,10.35284,-0.14845
464.3180,0.39266,10.03919,0.17718
464.3453,-0.12450,10.03919,-0.23703
464.3650,0.33041,10.02483,-0.60575
464.3778,-0.29689,10.11581,0.95771
464.4002,-0.34238,10.81494,0.55068
464.4179,0.16999,9.42626,1.06306
464.4380,-0.06465,10.06074,0.21309
464.4604,0.28971,9.47415,-0.22746
464.4843,0.04549,9.65372,-0.01437
464.4977,0.01915,9.40471,-0.05507
464.5208,0.06943,9.30655,0.39027
464.5379,-0.06225,9.77822,0.33999
464.5581,0.08859,9.85005,0.45252
464.5821,0.09098,9.28260,0.39506
464.6029,-0.11253,9.16050,-1.00081
464.6216,-0.08859,11.19323,-0.28971
464.6401,0.24182,9.51245,-0.24661
464.6579,-0.12929,10.32172,0.88828
464.6794,-0.08380,10.01765,1.18517
464.7019,-0.31844,9.87878,0.57941
464.7195,-0.08619,10.53960,-0.27055
464.7393,0.51956,9.87878,-0.80687
464.7741,0.67758,8.92825,0.69195
464.7777,0.46210,8.50686,0.45731
464.7976,0.51237,9.61301,0.36154
464.8206,0.52913,9.59146,0.32083
464.8381,0.00958,10.15651,0.56265
464.8594,0.58660,9.43344,1.60895
464.8858,0.53153,9.57471,0.56026
464.9039,-0.36154,10.16130,1.38868
464.9189,0.15084,9.97455,1.72627
464.9413,-0.12929,9.75667,1.72627
464.9593,-0.32562,10.35284,1.03672
464.9791,0.06704,9.45260,0.88828
465.0016,-0.39745,9.61541,1.53234
465.0191,-0.53632,10.44622,1.86275
465.0392,-0.47885,9.72315,1.91781
465.0617,0.08141,10.01286,1.75740
465.0783,0.20830,10.08469,0.68237
465.0988,0.43576,9.29936,1.30727
465.1212,0.63448,9.78061,1.14925
465.1388,-0.35196,10.18764,1.41023
465.1589,-0.35914,9.71597,2.76299
465.1844,-0.60336,10.55157,0.77814
465.1987,-0.17478,9.53640,1.95612
465.2189,-0.20351,9.87399,1.08700
465.2424,-0.57941,9.59146,1.48445
465.2589,0.31604,9.33288,0.67519
465.2795,0.17478,9.44063,1.28333
465.3008,-0.28971,10.09666,0.55308
465.3192,0.49561,9.79019,-0.09577
465.3397,0.16999,10.48692,0.12211
465.3627,0.06943,10.48213,1.48445
465.3814,-0.15323,10.55875,-0.20830
465.4014,0.51477,9.99849,-0.80448
465.4236,0.40942,9.51964,-0.98405
465.4421,0.63688,9.37119,0.45252
465.4699,0.54350,8.62657,-0.20112
465.4845,0.36632,9.10782,0.16520
465.5021,-0.77335,9.90033,0.69673
465.5206,0.40703,9.76385,0.72547
465.5448,0.48364,9.50527,0.45970
465.5607,0.63448,9.37837,0.42139
465.5896,0.27534,9.38795,0.52435
465.6056,0.55547,10.48453,0.95532
465.6208,0.17478,9.37119,1.05348
465.6408,0.15563,10.55875,-0.09098
465.6638,0.16760,10.20679,-1.10137
465.6826,0.90504,10.70480,-0.11732
465.7025,-0.14605,10.36003,-0.88349
465.7257,0.01676,10.25229,0.27534
465.7441,0.08619,9.66569,-0.03113
465.7610,-0.15802,10.45101,-0.77096
465.7831,-0.29928,10.01525,0.00479
465.8010,-0.03113,8.87318,-0.10535
465.8210,0.88828,9.39513,-0.72068
465.8445,0.40942,9.72315,-0.64406
465.8828,0.79729,8.56672,-0.32802
465.9038,0.57463,10.00807,-0.29689
465.9081,0.37590,9.98652,1.47727
465.9206,0.55547,9.45739,1.74782
465.9441,0.05986,9.26824,1.61853
465.9660,-0.16042,10.70480,1.22826
465.9843,-0.12211,10.07990,0.55068
466.0020,-0.64167,10.61621,0.27534
466.0356,-0.08380,11.03761,0.93856
466.0408,0.10295,9.37598,0.36632
466.0609,0.06704,9.85484,1.23305
466.0844,-0.13169,9.71118,0.30407
466.1021,0.79969,8.65051,0.02155
466.1219,0.02873,9.76625,0.42858
466.1603,-0.36393,9.19880,0.94334
466.1737,-0.54589,9.81174,-0.00958
466.1805,0.41660,9.63696,0.13408
466.2032,0.55547,9.33767,1.12531
466.2222,0.12929,8.94501,1.40544
466.2410,-0.12690,9.94582,0.64167
466.2633,0.43336,8.92107,1.06785
466.2840,-0.02155,9.88357,0.71828
466.3020,-0.18196,9.61780,0.45970
466.3232,0.45491,9.49809,0.63448
466.3409,-0.17957,10.81733,-0.40224
466.3618,0.12929,10.19243,0.26816
466.3829,-0.42618,10.19722,1.97767
466.4009,-0.01437,10.14454,0.33041
466.4329,0.62730,8.90670,0.85954
466.4505,-0.24422,9.80695,1.33601
466.4610,0.17478,9.73512,0.82842
466.4815,-0.10056,9.57949,0.53392
466.5038,-0.09817,9.42865,0.02873
466.5216,-0.01437,10.01525,-0.17957
466.5416,0.08380,9.08148,0.92658
466.5657,0.41421,9.39274,-0.03831
466.5937,0.25379,9.86920,0.74941
466.6079,0.44534,10.13257,0.28971
466.6238,0.48843,10.27383,0.42379
466.6414,0.55787,10.34087,0.61293
466.6635,0.61293,9.97215,1.05827
466.6860,0.43815,10.33369,1.14207
466.7189,0.22985,9.13176,1.19235
466.7321,0.50519,9.65850,0.88588
466.7452,0.53392,8.92825,0.90504
466.7613,-0.11732,9.39992,0.22027
466.7817,0.09338,9.85244,-0.12929
466.8041,-0.16520,10.53241,-0.35435
466.8228,0.25140,9.51724,0.39984
466.8440,0.34717,9.66808,0.43815
466.8784,0.04789,9.45739,-0.08380
466.8824,0.22746,10.09666,0.28971
466.9015,0.29210,9.29457,0.11732
466.9254,0.01197,9.19880,1.02714
466.9414,-0.28013,9.66329,1.13489
466.9630,-0.11732,9.55795,1.30009
466.9851,0.12450,9.56992,1.80049
467.0083,-0.11014,10.13975,0.36872
467.0214,-0.59617,10.20440,1.44135
467.0434,-0.53632,9.95779,2.20992
467.0616,-0.23943,9.54837,0.87391
467.0818,0.18196,9.57231,0.79011
467.1039,0.27055,9.86681,0.83560
467.1228,0.11014,9.73991,0.60096
467.1436,0.59617,9.45739,0.89785
467.1645,0.61533,9.81892,0.12450
467.1820,0.57463,9.47893,0.58660
467.2021,0.55068,9.77822,0.51477
467.2259,0.36393,9.14852,1.45332
467.2440,0.31126,9.36401,1.54191
467.2649,0.11493,8.99529,1.21390
467.3002,0.12690,9.20359,1.18995
467.3050,-0.16520,10.00807,1.56346
467.3224,-0.10295,9.82131,1.94894
467.3492,0.32083,9.85005,2.63131
467.3644,0.26337,10.09187,1.66402
467.3860,-0.28731,10.01046,2.09738
467.4255,0.24422,9.73033,1.85077
467.4256,-0.13887,9.79258,2.07105
467.4440,-0.10535,9.98173,1.62811
467.4662,-0.19394,9.63217,1.50600
467.4850,-0.29928,9.60104,1.45811
467.5022,-0.17718,9.96258,1.49163
467.5281,0.10056,9.62020,1.34558
467.5612,-0.17718,9.81653,1.14925
467.5741,0.34956,9.80934,0.25379
467.5843,0.69195,9.51006,-0.17957
467.6019,0.84278,9.39753,-0.06943
467.6269,0.38548,9.30415,0.63688
467.6483,0.31126,9.94821,0.99362
467.6659,0.11971,9.57710,0.91222
467.7074,0.54111,9.83089,0.11014
467.7075,0.93137,10.13736,-1.23066
467.7241,0.49322,9.59146,0.34956
467.7430,0.73744,9.88357,-0.23943
467.7654,0.58899,9.97694,-0.03352
467.7849,0.45252,9.24430,0.44055
467.8031,0.47885,10.18285,-0.19154
467.8439,0.70631,9.34485,-0.18196
467.8587,0.18436,10.32411,0.60815
467.8678,0.72786,9.87638,0.79490
467.8853,0.95292,9.18923,1.15404
467.9043,0.23703,9.85005,0.56026
467.9232,0.24422,9.70878,1.01278
467.9454,0.35435,10.29778,1.38389
467.9649,-0.17478,9.29936,1.30488
467.9956,-0.16281,9.80455,0.49083
468.0058,-0.12690,9.83568,1.10615
468.0245,0.10295,9.46457,0.62969
468.0454,0.31844,10.20201,0.03831
468.0656,0.06943,9.47893,0.72307
468.0833,0.37351,9.88836,0.02634
468.1081,0.31365,10.09187,0.81405
468.1275,0.36872,10.03441,0.77814
468.1446,0.48843,9.40232,1.34798
468.1683,0.50998,9.56034,0.90982
468.1870,0.73265,9.32570,0.02394
468.2049,0.56744,9.06951,1.37910
468.2234,0.39745,9.50288,1.73106
468.2466,-0.05507,9.67526,2.62891
468.2655,0.05028,9.52682,2.46131
468.2840,0.16520,9.60822,2.42540
468.3071,0.37111,10.01525,2.40385
468.3230,0.35196,9.88357,1.76697
468.3438,-0.32323,9.94582,1.83401
468.3665,-0.59139,9.89075,2.05908
468.4001,-0.19633,9.61301,1.86753
468.4201,-0.05746,9.85244,1.25939
468.4264,0.12211,9.70160,1.73106
468.4439,0.11253,9.66569,0.99841
468.4640,0.38308,9.52443,0.35435
468.4862,0.59617,9.95539,1.10615
468.5053,0.39266,9.26824,0.77096
468.5254,0.33520,9.72315,1.87472
468.5544,0.46210,9.84286,1.75500
468.5649,0.06225,9.86681,1.64008
468.5838,0.02394,9.77582,1.65444
468.6059,0.06943,9.89554,1.83162
468.6240,-0.09338,9.93385,1.58262
468.6440,-0.07662,10.00807,0.86194
468.6676,-0.34238,9.71597,1.34558
468.6862,0.18915,10.07511,-0.22985
468.7036,0.78293,9.98891,0.10535
468.7260,0.33999,9.40711,-0.26816
468.7449,0.32802,9.75906,-0.00718
468.7672,0.62251,9.55316,-0.41421
468.7898,0.94095,9.33767,0.17718
468.8340,0.62969,9.49091,0.11493
468.8342,0.50998,9.93863,0.93616
468.8486,0.55547,9.72315,1.54191
468.8637,0.38548,9.62738,2.29850
468.8836,0.03591,9.46696,2.45892
468.9060,0.13887,9.71597,2.74384
468.9275,-0.64645,9.45739,2.56427
468.9474,-0.39984,9.67287,2.26738
468.9784,0.06465,10.16130,1.68078
468.9837,-0.20112,9.63935,0.76617
469.0040,0.41660,9.82850,0.56026
469.0259,0.40942,10.10145,0.94574
469.0438,-0.46688,9.49809,1.64487
469.0638,-0.10056,9.81653,0.88349
469.0958,0.26098,9.34007,0.33041
469.1065,0.26816,9.55555,0.22027
469.1238,0.28013,9.75667,0.90025
469.1472,-0.05507,9.47893,0.29928
469.1636,0.28731,9.97694,1.03193
469.1844,0.55068,9.95061,0.24422
469.2066,0.65603,9.98173,-1.04869
469.2266,0.04310,10.30735,0.43815
469.2587,0.23224,9.73033,0.46210
469.2666,0.23943,9.80934,0.70631
469.2834,0.13647,10.08229,0.42858
469.3050,0.19872,9.55316,0.51237
469.3273,0.17478,10.03201,0.35435
469.3451,0.36393,9.60822,0.37590
469.3659,0.11253,9.79977,0.07901
469.4040,0.47646,9.71118,0.38069
469.4041,0.38787,9.31852,0.06943
469.4266,0.31126,10.29538,0.38787
469.4497,0.29210,9.75428,0.20830
469.4673,0.33520,9.60104,0.75659
469.4872,0.49322,9.66090,0.45731
469.5238,0.52674,9.81653,0.37351
469.5322,0.47407,9.94103,0.59617
469.5443,0.57941,9.84765,0.16520
469.5662,0.27055,9.66090,0.18915
469.5851,0.48364,9.95539,-0.14366
469.6072,0.39506,9.75906,-0.53871
469.6295,0.32083,9.59625,-0.29928
469.6617,0.47885,9.80934,-0.36872
469.6832,0.52674,9.77582,0.54350
469.6884,0.39506,9.94821,-0.33759
469.7053,0.18675,9.74709,0.20112
469.7236,-0.37590,9.95779,0.40942
469.7458,0.05507,9.42147,0.30886
469.7638,-0.07422,10.20440,0.66800
469.7841,-0.01676,9.60583,0.68237
469.8095,0.33041,9.69442,0.34478
469.8238,0.40703,9.78301,0.75180
469.8435,0.39027,10.10623,0.40224
469.8663,-0.06704,9.73512,0.46928
469.8850,-0.06943,10.24271,0.68955
469.9051,0.02394,9.93385,0.41421
469.9285,-0.38548,9.85244,0.80448
469.9565,-0.29689,9.68724,0.46928
469.9730,0.18675,9.31612,0.26816
469.9891,0.05507,9.45978,0.77335
470.0032,0.15802,9.37359,0.23224
470.0233,0.02873,9.89314,0.67997
470.0473,-0.11014,10.08469,0.54350
470.0777,0.15563,9.40471,0.77814
470.0959,-0.09817,10.09666,0.28492
470.1067,0.15323,10.24989,0.43815
470.1254,0.62012,9.60822,0.68716
470.1453,0.44294,10.03441,0.68955
470.1659,0.70631,10.17088,1.07742
470.1852,0.24900,10.26426,0.94334
470.2133,0.06225,10.32411,0.71349
470.2277,0.34717,10.26665,0.10535
470.2436,0.45970,9.78301,0.87630
470.2632,0.55068,10.13496,0.84997
470.2872,0.45012,10.09666,0.62251
470.3034,0.49561,9.48851,-0.01437
470.3236,0.75180,9.47893,-0.00239
470.3463,0.55547,9.42147,0.31126
470.3739,0.42858,9.57949,0.16999
470.3854,0.56026,9.32570,0.39984
470.4057,0.63448,9.17247,0.20830
470.4236,0.75659,9.33049,-0.00479
470.4452,0.76856,8.79896,0.37351
470.4697,0.54111,10.18524,-0.17239
470.5049,0.58899,9.99849,0.23464
470.5050,0.26576,10.15412,0.21070
470.5262,0.20591,10.39355,-0.84278
470.5445,0.18915,10.16848,-0.45491
470.5631,0.52195,9.64893,0.29210
470.5859,0.28731,9.99849,0.60336
470.6033,0.03352,9.34725,0.51477
470.6251,0.45491,9.69681,0.30647
470.6608,0.38548,9.52443,0.43815
470.6649,0.21070,9.75906,0.11253
470.6843,0.78293,9.75188,0.68955
470.7057,-0.07183,9.68484,0.50519
470.7235,0.32562,9.64893,0.92419
470.7434,0.36154,9.36401,0.28971
470.7659,0.41660,9.56034,-0.00239
470.7897,0.38069,9.39274,0.47885
470.8033,0.39027,9.79019,0.14845
470.8257,0.21070,10.24750,0.53871
470.8450,0.51716,10.06553,-0.00958
470.8650,0.30168,9.60583,0.55068
470.8890,0.09577,10.13018,0.98165
470.9160,0.74462,9.71836,0.33999
470.9273,-0.00718,10.18524,0.27534
470.9467,0.12690,9.84765,0.42139
470.9644,0.45491,8.75826,0.62730
470.9834,0.12690,9.93385,0.75180
471.0057,-0.01915,9.28021,1.13489
471.0232,0.41182,9.56273,1.11813
471.0683,0.47885,9.76385,0.83560
471.0840,0.75180,9.58907,0.34238
471.1011,0.37590,9.43344,1.01757
471.1064,0.36632,10.26426,0.71349
471.1255,0.16999,9.87878,1.30009
471.1465,-0.02394,9.88117,1.13010
471.1629,0.45491,9.74470,0.85476
471.1856,0.56505,9.55555,0.28971
471.2044,0.58660,10.06793,0.56026
471.2250,0.51716,9.69202,0.65124
471.2466,0.37830,9.86920,1.28094
471.2631,0.23464,9.86920,1.15643
471.2833,0.31604,10.20679,1.11334
471.3066,0.20351,9.82610,1.01278
471.3251,0.11732,9.85005,0.63927
471.3637,0.42858,9.23232,0.84518
471.3781,0.28731,9.82610,0.67040
471.3834,0.36632,9.13655,0.68955
471.4032,0.54589,9.55076,1.20911
471.4255,0.80448,9.60583,0.23703
471.4446,0.61533,10.29778,-0.20591
471.4649,0.60336,9.52443,-0.24422
471.4891,0.19394,9.72315,1.63529
471.5075,0.19633,9.95539,0.47885
471.5239,0.16999,9.46696,0.90743
471.5473,0.05986,9.16289,1.05827
471.5643,0.36154,9.41668,0.32083
471.5868,0.32802,9.56752,0.71589
471.6090,0.10774,10.13736,0.18675
471.6399,0.65603,9.86441,-0.07183
471.6643,0.26098,10.35763,0.24182
471.6662,0.33999,10.66171,0.02394
471.6856,0.42139,9.69681,0.44534
471.7026,0.04789,10.03919,0.23224
471.7249,0.25140,9.85005,0.59617
471.7443,0.27295,9.53400,0.09577
471.7629,0.45252,9.85723,-0.06225
471.7876,0.64885,9.61301,0.23224
471.8026,0.27534,9.66569,0.48604
471.8226,0.05267,10.19482,0.99602
471.8455,0.21548,9.96497,0.97926
471.8628,0.12929,10.13496,0.23703
471.8827,0.21309,10.32651,0.72307
471.9054,0.35435,9.69921,0.57941
471.9250,0.60096,9.58189,-0.07662
471.9431,0.72307,9.72315,0.06943
471.9655,0.67279,8.95698,0.56505
471.9837,0.53392,9.64653,0.07422
472.0292,0.59857,9.19162,0.20112
472.0294,0.32323,9.77582,0.47407
472.0435,0.02394,10.20440,0.59857
472.0739,0.22985,9.61062,0.41421
472.0854,0.47885,9.43823,0.58420
472.1037,1.29530,9.89075,1.07264
472.1238,1.07742,9.81174,2.16442
472.1458,0.49083,9.54597,-0.09338
472.1658,0.64645,10.83170,1.92021
472.1849,-0.61293,9.91948,0.93137
472.2330,0.84757,10.33369,-1.03912
472.2331,1.03672,10.07032,0.05267
472.2432,-2.02077,10.41749,-1.29051
472.2654,-0.58660,10.36721,-1.96809
472.2832,-0.08619,8.67446,-0.47646
472.3032,1.21869,8.62897,0.26337
472.3261,0.82124,10.04638,0.75899
472.3432,0.06943,9.37359,1.32882
472.3632,-1.46530,10.37439,-1.60895
472.3855,-1.62332,9.56752,-0.02155
472.4032,-1.34079,9.98413,1.35755
472.4246,-0.03113,9.27303,0.87391
472.4466,0.20112,9.77582,-0.77575
472.4645,-0.00718,10.16609,-2.05668
472.4963,-0.06704,9.94821,-2.71032
472.5055,0.62012,10.43904,-2.23386
472.5246,-0.25858,9.63935,-0.37351
472.5453,0.02634,10.27862,-1.61853
472.5675,-0.23943,9.69442,-1.44614
472.5868,0.26098,9.28500,-2.89947
472.6219,1.41023,9.35204,-2.60258
472.6364,2.20034,10.13975,-1.53473
472.6432,1.67599,10.35763,-1.25460
472.6629,0.96010,10.03919,-0.75659
472.6862,1.28812,9.75188,-1.26178
472.7034,1.11094,9.24190,-0.14605
472.7240,-0.25140,10.44383,0.71828
472.7622,2.25062,9.79498,-0.89067
472.7771,3.75662,10.70001,-4.34321
472.7849,-0.18196,7.19480,-0.58420
472.8053,3.49804,10.57312,-2.30329
472.8224,0.64406,10.03441,-1.41502
472.8431,0.26576,10.94423,-3.46212
472.8665,1.43656,8.34405,-0.73265
472.8828,-0.06943,9.02642,-1.01757
472.9051,-0.95292,8.54756,-0.40942
472.9255,-0.08141,9.18444,-1.48445
472.9436,0.13647,9.40950,-0.86433
472.9622,0.77335,10.00089,-1.22587
472.9853,0.49561,10.35524,-1.25939
473.0033,1.01517,11.06155,-1.37910
473.0311,0.64645,10.19243,-0.95532
473.0471,0.70871,10.16130,-0.76617
473.0633,0.74462,9.94582,0.43815
473.0841,0.80926,9.90990,-0.15563
473.1065,0.69913,9.66090,-0.98884
473.1242,0.20112,9.83568,-0.02873
473.1440,0.16520,9.61062,0.00958
473.1667,0.16042,9.52682,1.03912
473.1851,0.24900,9.67766,0.86673
473.2041,0.00479,9.91948,0.15802
473.2269,0.22985,10.19003,-1.29770
473.2445,-0.07183,9.98652,-1.09179
473.2685,0.07901,10.11821,-1.21150
473.2926,0.29210,8.98811,0.55547
473.3211,0.20351,9.45499,0.16760
473.3336,0.14366,9.45260,0.34717
473.3568,0.54350,9.42147,-0.68476
473.3656,0.65843,9.05036,-0.79250
473.3855,1.47008,9.71357,-3.13411
473.4081,2.56427,10.98972,-3.58662
473.4258,0.85476,9.79737,0.40463
473.4568,2.51399,10.74311,-0.71349
473.4689,1.10376,8.72713,0.33759
473.4854,0.31126,11.34886,-2.66722
473.5054,-0.33520,9.90272,1.26418
473.5280,-0.83560,11.30816,0.00000
473.5457,-0.39984,9.66808,1.13249
473.5867,0.38308,9.87638,-0.97686
473.5998,0.14126,8.95219,-1.44854
473.6057,0.65124,10.11102,-2.63610
473.6274,0.62012,9.71836,-0.68955
473.6479,0.71349,10.79100,-1.75261
473.6673,0.83321,10.01046,-0.28013
473.6862,0.32083,10.82452,-1.01517
473.7278,-0.07422,10.38636,0.75180
473.7278,-0.24422,11.01606,0.30168
473.7477,-0.39027,10.40073,-0.03352
473.7701,-0.13887,9.73991,0.24661
473.7869,0.00718,9.32091,-0.19394
473.8068,0.08141,9.41189,-0.38069
473.8299,0.03113,9.39753,-0.15563
473.8651,-0.04070,9.74230,-0.40224
473.8799,-0.03591,9.64414,-0.67519
473.8881,-0.13647,9.34485,-0.41900
473.9081,-0.00239,9.21317,-0.69434
473.9255,0.12690,9.49809,-1.11094
473.9479,0.13169,8.93304,-0.42379
473.9668,0.43815,9.50767,-0.74941
473.9880,0.50998,10.06553,-1.33601
474.0251,0.33520,9.29936,-0.60336
474.0264,0.52195,9.56273,0.11971
474.0456,0.53632,9.99370,-0.04789
474.0678,0.69913,9.83808,-2.05908
474.0872,0.41421,10.23553,-1.46051
474.1074,0.49322,9.80934,0.21070
474.1301,0.14605,10.28102,-0.00958
474.1499,0.29689,10.28102,-1.30727
474.1671,0.31844,9.77822,-1.87232
474.1878,0.41182,9.48851,-0.39984
474.2055,1.17080,9.76864,-1.01038
474.2255,1.09179,9.29218,-1.19953
474.2478,1.30727,8.64573,-1.79571
474.2685,0.34956,9.97934,-1.10137
474.2990,0.26098,10.22595,-0.96729
474.3094,0.37590,11.13338,0.13408
474.3257,0.34478,10.51565,0.62012
474.3456,-0.14366,11.71519,-0.50280
474.3715,-0.02155,9.94103,-1.17798
474.3894,-0.65843,10.18764,-0.90743
474.4362,-0.30886,9.06951,-1.51318
474.4362,0.46688,9.08148,-0.51477
474.4488,0.30886,9.05515,-0.11732
474.4655,-0.10295,9.89793,0.20112
474.4874,-0.27055,9.78540,-0.05746
474.5055,-0.89546,10.44143,-0.65603
474.5256,-0.19154,9.28021,-0.88588
474.5682,0.69434,8.95938,-1.03672
474.5829,0.79250,8.72474,-0.82124
474.5854,0.94095,8.93783,0.33999
474.6075,0.90743,8.04716,0.79490
474.6266,0.76138,10.96338,0.79490
474.6489,0.16999,10.78142,-0.19394
474.6694,1.03672,11.73913,-0.57941
474.7034,1.04390,11.42548,-0.05986
474.7184,-0.51716,11.60026,0.66561
474.7279,0.99602,11.30577,-0.43576
474.7452,0.68955,10.36960,2.32724
474.7654,-0.37830,9.82850,-0.13887
474.7894,1.13010,10.09905,-0.92180
474.8071,0.62730,10.11581,-0.40942
474.8267,-0.57941,10.42467,-1.56586
474.8603,0.08859,10.07750,0.51716
474.8659,0.16281,9.52443,0.24900
474.8856,-0.18675,9.00726,-1.07503
474.9082,0.38548,9.52682,-0.69195
474.9258,0.25140,9.01684,-1.36234
474.9492,0.21788,9.55076,-0.64406
474.9706,-0.16999,9.31852,-0.60815
474.9896,-0.77575,9.07909,-0.56505
475.0058,-0.33041,9.14852,-0.70871
475.0276,0.37830,9.34725,-1.15165
475.0453,-0.17718,9.02402,-0.69913
475.0668,-0.20830,9.14613,-0.77096
475.0912,-0.68955,10.48932,0.10774
475.1216,-1.42459,11.77504,-1.60656
475.1389,-1.54670,12.05996,-3.06228
475.1479,0.45012,7.78858,-2.34400
475.1655,-0.08380,8.30095,-1.77895
475.1853,0.45731,9.14374,-2.30569
475.2092,1.07264,9.91230,-2.90904
475.2267,-0.04070,9.09824,-1.57304
475.2470,-0.13647,11.00409,-0.51237
475.2790,-0.68716,10.25707,0.68476
475.2852,-0.79250,10.39355,-1.03912
475.3053,-0.02394,8.85642,-0.14366
475.3275,0.63448,8.57390,-0.79729
475.3453,1.32882,8.87797,1.06066
475.3691,0.88109,10.63058,-0.65843
475.3890,0.97926,9.83808,-2.65286
475.4068,1.04151,10.15172,-0.58660
475.4252,0.66561,10.20679,-1.18038
475.4501,0.19394,10.76227,-0.36393
475.4648,0.28731,10.00089,-1.80528
475.4854,1.73585,9.17486,-1.50600
475.5071,1.25939,9.86681,-1.64008
475.5252,-0.30886,11.18126,-0.38787
475.5490,0.32562,10.52044,0.51956
475.5695,-0.41421,9.56513,1.78613
475.5849,-1.14446,9.38316,1.59459
475.6052,-0.08380,8.64573,0.54829
475.6291,0.19154,9.03599,0.84997
475.6467,0.15802,10.20679,-0.57463
475.6844,0.48125,10.14694,-0.56265
475.7008,0.06943,9.68963,-0.44294
475.7053,0.31126,10.08708,-3.24185
475.7254,0.23224,9.92906,-1.60177
475.7490,0.79969,9.23951,-0.04549
475.7663,0.86912,8.96895,1.16122
475.7907,0.36632,10.35284,0.05986
475.8288,0.11014,9.56034,0.82363
475.8304,0.70152,11.11662,1.06066
475.8462,0.14845,11.03042,-0.08380
475.8683,-0.45252,11.38957,-0.23943
475.8861,0.24422,11.83969,-1.45572
475.9064,0.38069,9.60822,-0.88828
475.9303,-0.40942,10.82212,-0.83321
475.9649,0.23943,10.82691,-1.35516
475.9831,0.86912,11.01845,-4.16125
475.9880,0.86433,9.61301,1.18995
476.0060,2.10217,8.93543,-1.08221
476.0259,2.62652,8.15729,0.50280
476.0499,2.10457,9.51006,1.34079
476.0675,0.92180,8.13096,1.47008
476.0876,1.39347,8.26743,2.75102
476.1205,1.62571,9.59625,2.30569
476.1256,-0.12450,10.28341,2.34160
476.1459,-0.11253,10.19003,2.11654
476.1684,0.47407,10.10384,0.25619
476.1862,1.34319,8.62657,0.70631
476.2066,0.90743,9.35922,-0.34238
476.2424,0.45731,9.67048,-0.47407
476.2577,0.32323,9.52921,0.38548
476.2693,-0.72786,10.62579,-0.53392
476.2896,-0.40942,11.41590,-2.13809
476.3094,0.36393,10.73114,0.54111
476.3296,-0.52435,10.08229,-0.20112
476.3520,0.83081,8.54517,1.65923
476.3852,0.47885,9.94342,2.22189
476.3993,-0.01915,12.45262,0.42618
476.4094,2.11893,8.43264,1.16362
476.4276,1.92500,7.70717,-0.35675
476.4489,1.99922,9.44063,0.42139
476.4683,0.44773,9.83808,-0.15323
476.4876,-0.70871,11.82053,3.51001
476.5149,1.08940,9.10543,2.51638
476.5282,1.65684,9.99849,-0.69673
476.5502,0.59139,11.15493,0.59139
476.5656,0.60336,11.50688,-0.23224
476.5897,-0.34238,10.36482,0.17478
476.6083,-1.89627,11.11901,2.65764
476.6295,-0.85954,9.36640,1.65684
476.6788,0.51477,8.77981,1.31206
476.6788,-0.00479,9.14852,2.45653
476.6939,-1.47248,9.44063,2.27456
476.7081,-0.00239,10.94423,1.68078
476.7257,-0.78772,10.36482,0.10295
476.7474,-1.38150,10.11581,-0.22985
476.7699,0.50519,8.38715,4.24026
476.8003,-0.91940,10.96817,0.52435
476.8177,-1.30967,10.37918,-0.23464
476.8288,0.34956,9.81892,-1.93218
476.8468,2.47329,8.24109,2.12133
476.8671,1.30727,11.07831,-0.90982
476.8907,-0.01676,8.60263,3.37114
476.9084,2.58342,10.52044,-2.26498
476.9288,1.75021,7.28099,3.03115
476.9575,0.52435,11.08789,-3.35917
476.9670,0.88588,9.33288,3.28495
476.9883,0.16281,11.04718,-0.16999
477.0092,-1.85796,9.74709,2.82764
477.0280,-0.26337,10.08947,1.00560
477.0482,0.06943,9.21556,2.54033
477.0735,-0.48843,10.32890,0.18675
477.1101,-0.47885,9.69681,1.59938
477.1102,-0.10295,9.57231,1.10376
477.1301,-0.23464,10.10863,-0.21548
477.1476,-0.25619,9.77822,0.58660
477.1679,0.20591,9.21078,0.47407
477.1923,1.08700,9.36640,0.04310
477.2077,0.12450,9.63935,1.22108
477.2370,0.12690,10.23313,1.04630
477.2497,0.65603,8.86600,1.03193
477.2676,0.16520,10.28820,0.54111
477.2875,-0.27295,9.58428,2.64567
477.3111,-0.26816,9.99131,1.76937
477.3291,0.13169,9.31852,1.18517
477.3492,0.12929,9.78061,0.13408
477.3824,0.05028,9.37837,0.53392
477.3875,-0.13647,9.96976,1.66402
477.4079,-0.25379,10.59227,1.22108
477.4315,0.08141,10.05595,1.41741
477.4492,0.04789,9.57231,0.89546
477.4694,0.05028,9.54358,0.76138
477.4917,0.17718,9.18683,0.78053
477.5111,-0.13169,10.08708,0.79011
477.5313,0.00479,9.35683,1.44135
477.5503,-0.08859,9.71357,1.07742
477.5681,-0.00239,9.17247,1.69515
477.5891,0.13647,10.34087,0.08859
477.6112,0.37590,10.43664,-0.85476
477.6452,-0.40463,10.50608,1.85796
477.6497,-0.23703,10.42467,1.90105
477.6701,-0.09817,10.42228,1.32643
477.6882,0.24182,10.16609,0.42379
477.7076,-0.11253,10.37918,-0.19154
477.7299,-0.18675,10.39355,-0.08380
477.7495,-0.28971,9.47415,1.62092
477.7952,0.00239,9.05036,1.45572
477.7953,0.28971,9.56513,0.13169
477.8104,0.65843,9.89554,-0.08619
477.8277,0.05746,10.15891,0.29689
477.8496,0.07422,10.58748,-0.45012
477.8677,-0.64167,9.13416,1.64008
477.8893,-0.22267,10.09426,0.71349
477.9131,0.32562,10.18524,1.58262
477.9307,0.08380,10.23553,0.49561
477.9504,-0.14126,10.71677,0.10295
477.9733,1.26897,8.92107,0.09338
477.9888,0.89546,8.75107,0.08141
478.0100,0.21309,9.17965,-0.76856
478.0311,0.68716,10.04398,-0.91701
478.0483,0.87391,9.79258,0.62012
478.0735,0.83560,9.78540,0.07422
478.0908,0.80208,9.37598,0.35675
478.1089,0.06943,10.28580,-0.34478
478.1283,0.13887,10.14215,0.59378
478.1508,0.31126,9.70639,1.26418
478.1685,-0.08619,9.62259,0.71110
478.2085,0.32802,9.58428,0.37590
478.2262,0.16042,9.80695,1.17319
478.2295,0.63688,9.93624,1.04390
478.2494,0.55787,10.35763,1.15643
478.2719,0.55547,10.14694,1.35995
478.2912,0.70631,9.93145,0.70392
478.3095,0.82842,9.41668,0.92898
478.3515,1.30727,8.90910,1.61135
478.3516,0.64645,8.99290,1.12291
478.3695,1.02954,10.25468,1.13249
478.3918,0.84278,10.19961,0.72068
478.4124,1.57304,9.96018,0.46688
478.4309,1.57543,9.00487,1.22587
478.4534,1.45811,9.25148,0.27055
478.4719,0.78053,9.59865,0.90743
478.5049,1.21869,9.90990,1.90584
478.5119,0.91940,9.61541,0.62491
478.5296,0.83800,9.94821,0.95771
478.5493,0.52195,9.32331,1.08221
478.5719,0.76617,9.55795,1.39107
478.5896,0.87152,9.13655,0.56265
478.6095,0.57941,9.20359,0.82602
478.6406,0.52913,9.27063,0.49561
478.6495,0.52435,9.76864,0.18436
478.6693,0.57702,9.63696,-0.27055
478.6921,0.53632,9.71357,0.30886
478.7096,0.86194,9.83808,-1.45811
478.7317,0.65843,10.06314,-0.51716
478.7730,0.26337,10.21398,-0.20591
478.7731,0.85954,10.12299,-0.48364
478.7925,1.25699,10.06553,-0.93137
478.8119,1.25460,10.37918,-1.29770
478.8294,0.90025,10.39115,-1.01757
478.8494,0.96010,10.54678,-0.23943
478.8717,1.07982,10.04398,-1.14925
478.8895,1.02954,9.96737,0.42618
478.9174,1.06785,9.40711,0.28731
478.9321,1.34798,9.67287,-0.70871
478.9509,1.02475,9.85962,-0.03591
478.9710,1.35755,9.58668,0.67040
478.9916,1.32882,9.83329,-1.19474
479.0094,0.99123,9.68005,-0.27774
479.0295,0.80687,10.08947,-0.15084
479.0614,0.99123,9.85244,-1.97767
479.0695,0.85715,9.72076,-1.32882
479.0911,0.86194,9.42147,-1.31925
479.1134,0.60096,9.58668,-1.92739
479.1294,0.76377,9.78061,-2.14766
479.1509,0.45252,9.71118,-1.85077
479.1922,-0.17239,10.14694,-1.15165
479.1923,0.77335,9.78301,-2.80609
479.2097,0.37830,10.02722,-2.77018
479.2317,0.13169,10.04398,-2.04950
479.2498,0.26816,10.24031,-2.51399
479.2693,0.29210,10.40791,-2.07105
479.2917,0.21070,10.22116,-1.06785
479.3091,0.43097,9.83089,-1.67360
479.3395,0.88588,10.13736,-1.75261
479.3513,0.41900,9.99610,-0.84039
479.3693,0.54829,9.93863,-0.37830
479.3894,0.65124,9.82610,0.29450
479.4117,0.23703,9.37837,0.58181
479.4294,0.39506,9.86920,0.83560
479.4505,0.57223,9.35204,0.94574
479.4861,0.46210,10.22116,0.56026
479.4905,0.15802,9.17486,1.19953
479.5107,0.16760,9.78780,0.16042
479.5315,0.22746,9.36161,0.54111
479.5490,0.62012,9.33528,0.98405
479.5726,0.14366,9.62977,0.87630
479.6107,0.10295,9.08867,1.37671
479.6111,0.44773,8.99050,0.71349
479.6292,0.24661,8.90910,0.27055
479.6518,0.04549,9.25148,0.46210
479.6693,-0.62251,8.80854,0.62251
479.6894,-0.20830,9.56034,0.88588
479.7116,0.31365,9.00966,0.05507
479.7310,0.76617,9.83808,0.20591
479.7672,0.52674,9.41908,-0.13887
479.7731,0.84757,9.68245,0.35914
479.7892,0.54589,9.87878,-0.17718
479.8099,0.07183,9.95061,0.71110
479.8332,0.44534,10.66889,1.24742
479.8502,0.34478,9.18683,2.13569
479.8724,0.63688,9.65850,1.67120
479.9084,-0.20830,10.24031,1.72388
479.9109,0.24900,9.91469,0.29450
479.9295,0.87152,10.46298,0.11732
479.9526,0.50759,10.49411,0.32562
479.9705,0.42379,10.16370,1.53712
479.9908,0.73265,9.88357,1.98725
480.0132,0.53392,9.99849,2.07344
480.0406,0.36154,9.72076,0.43336
480.0562,0.14605,9.19402,-0.10535
480.0711,0.00958,9.23232,0.81405
480.0889,0.18915,9.06951,1.15165
480.1089,0.57223,9.12458,1.73345
480.1311,0.63927,8.81572,2.29372
480.1485,0.98884,8.60502,0.46928
480.1702,0.56265,9.20120,-0.12211
480.1906,0.14366,9.80695,0.44055
480.2079,0.30886,10.19961,0.76377
480.2282,0.70392,9.74949,1.62332
480.2514,0.59378,9.99610,0.73025
480.2693,0.47646,10.08947,-0.80448
480.2938,0.41421,10.32890,-1.24263
480.3125,1.17798,10.55157,-1.66163
480.3290,0.69195,9.51006,1.01757
480.3494,-0.04789,9.49809,1.46769
480.3734,0.90504,9.43584,0.75180
480.3903,0.02634,9.94342,0.66082
480.4105,-0.06465,10.24031,0.36872
480.4330,0.34956,10.26665,1.66163
480.4648,-0.01676,10.24031,1.27615
480.4695,0.25379,9.53161,0.90264
480.4914,0.38069,9.38316,0.45012
480.5090,0.89785,9.63456,0.66561
480.5304,1.06545,9.38556,1.29530
480.5541,0.67279,9.35683,1.15404
480.5748,0.97447,9.15092,0.41660
480.5937,0.91701,9.12937,0.24422
480.6152,0.52913,9.99370,0.55068
480.6294,0.50280,9.75906,1.72867
480.6494,0.42379,9.74470,1.63050
480.6718,0.21548,9.81653,0.88109
480.6896,0.19394,10.09187,1.28333
480.7133,-0.19154,10.11102,1.46290
480.7320,0.07422,10.05835,1.76937
480.7498,-0.00239,9.55316,1.52515
480.7698,0.08141,9.57231,1.69994
480.7925,-0.29689,10.24031,0.87391
480.8108,-0.01437,9.63935,0.87152
480.8311,0.70152,10.12778,0.71828
480.8600,-0.27295,10.18285,0.07662
480.8751,0.33520,9.94103,-0.64167
480.8919,0.40224,9.43823,-0.59617
480.9140,0.32562,9.76625,-1.01996
480.9315,0.29450,9.84047,-0.46449
480.9529,0.64645,9.43823,0.01915
480.9722,0.56505,9.29457,-0.05267
480.9892,0.22267,9.71357,0.39266
481.0098,0.22506,10.33848,1.53473
481.0314,0.24661,10.37439,0.66321
481.0495,-0.15563,10.12299,0.91940
481.0698,0.00239,9.54597,0.57223
481.0936,0.87152,9.69681,-0.13647
481.1116,0.22985,9.29936,-0.20351
481.1295,0.21788,10.14215,0.25140
481.1614,0.72307,10.04398,0.07183
481.1707,0.41421,9.02402,0.73265
481.1898,0.38787,9.43105,0.41421
481.2119,0.27774,9.80216,0.39506
481.2296,0.49561,9.14374,0.77096
481.2500,0.73265,9.04557,0.10295
481.2735,0.89785,9.72554,0.11732
481.2922,0.42858,10.61621,0.01915
481.3095,0.42139,10.57312,0.07662
481.3338,0.56505,10.32172,0.20351
481.3485,0.36872,10.36242,0.14605
481.3685,0.17239,10.21398,1.07982
481.3908,0.24900,9.93863,0.62251
481.4086,0.09577,9.99610,-0.24182
481.4292,0.46928,10.00807,-0.86433
481.4510,0.60336,9.48133,-0.59857
481.4690,0.40703,9.54358,-0.59139
481.4889,0.14126,9.81413,0.13647
481.5111,0.34717,9.57471,0.02634
481.5291,0.11971,9.48851,0.84518
481.5489,0.40224,9.79977,0.36393
481.5805,-0.09577,9.74709,0.74941
481.5886,0.28731,9.47175,0.76617
481.6083,0.54111,10.02004,0.26576
481.6317,0.29210,9.92427,0.33759
481.6495,0.39984,10.31214,-0.00239
481.6697,0.37830,10.10145,-0.05507
481.6926,0.23943,9.10064,0.35914
481.7104,0.60575,10.22834,-0.16042
481.7295,0.53871,9.58907,0.18675
481.7518,0.71110,9.45499,0.52674
481.7695,0.67519,9.33767,0.08141
481.7931,0.54829,9.81413,-0.56984
481.8154,0.72307,10.05835,-1.08940
481.8488,0.59617,10.13736,0.79969
481.8635,-0.06943,9.60583,1.56825
481.8718,0.41182,9.72554,0.87391
481.8896,0.47407,9.78301,0.17239
481.9105,0.04549,9.87399,-0.49561
481.9332,-0.11732,10.19961,-0.50280
481.9520,0.07901,10.31454,0.15084
481.9732,0.31126,10.13257,0.21309
482.0054,0.82363,10.58270,-0.53871
482.0139,0.38787,9.81653,0.11732
482.0319,0.19154,9.87160,-0.33280
482.0569,0.34956,9.71118,-0.18915
482.0732,-0.11253,9.70160,0.65124
482.0951,-0.11732,9.41189,0.99123
482.1353,-0.06704,9.71597,0.20112
482.1355,-0.00239,9.64174,0.47885
482.1529,-0.01197,10.20919,0.16281
482.1740,0.21309,10.04638,-1.42220
482.1914,0.43097,9.28979,-0.71589
482.2132,0.56505,9.62738,-1.53952
482.2353,1.07982,8.97374,-1.36234
482.2784,0.83560,8.98092,-0.67758
482.2785,0.41900,9.43105,0.55787
482.2957,-0.84039,10.55396,-0.73265
482.3115,-1.05588,11.69364,0.07662
482.3326,-0.15563,11.15253,-0.11732
482.3536,0.00239,8.47094,-0.33999
482.3717,0.40703,9.62738,-0.26337
482.3932,-0.22027,8.73910,-1.73585
482.4189,-0.63448,10.54678,-1.74782
482.4319,0.03831,9.13416,-1.20193
482.4516,-0.46928,10.55875,-1.83641
482.4738,-0.84278,9.68005,-2.21470
482.4931,-0.31844,9.85962,-2.42301
482.5136,-0.45731,10.49650,-1.12770
482.5524,-1.43417,11.49731,-0.59139
482.5524,-0.88349,8.61221,-3.39508
482.5714,1.09897,9.31373,-1.22108
482.5938,-0.62969,11.03761,-2.48047
482.6115,-0.73983,10.66649,-0.54829
482.6326,-2.41582,10.90832,-0.46928
482.6571,-2.00161,9.59146,-1.32164
482.6886,-1.47487,10.02243,-1.63050
482.7060,-0.58420,8.98571,-1.10376
482.7136,-0.59139,8.29137,-0.67997
482.7314,0.58181,8.79657,0.05507
482.7515,-0.07422,10.23313,-2.50920
482.7737,-0.42379,10.19243,0.31844
482.7912,-0.64406,10.23792,-2.50681
482.8114,-0.15323,9.48612,0.02873
482.8441,-0.14605,8.91389,1.37431
482.8518,-2.04711,9.96737,-0.50040
482.8712,-0.19154,10.79578,-1.17319
482.8941,-0.75899,9.75428,1.18756
482.9135,-1.40305,10.70241,-2.40625
482.9335,-0.41660,11.03761,-2.83482
482.9731,-0.84518,10.77903,-1.55149
482.9876,-2.16442,10.40073,0.84039
482.9914,-0.63688,10.93705,-3.10537
483.0143,-1.49403,8.40869,2.59779
483.0312,-0.11971,12.01208,-5.46852
483.0512,-1.81725,8.95459,3.99604
483.0736,0.77575,10.99212,0.01676
483.1092,-4.01280,9.87638,2.04232
483.1134,-0.26337,10.98493,0.85715
483.1346,-2.16921,9.22514,2.28414
483.1548,-1.70712,10.02722,-0.79011
483.1749,-0.52435,8.89473,0.09577
483.1948,-1.38389,10.69762,1.08940
483.2129,-1.94655,10.27862,-1.49882
483.2482,-0.56505,10.41510,-1.06066
483.2624,-1.80289,8.66727,0.38308
483.2715,-1.69994,9.48372,-2.28893
483.2931,0.93377,9.55795,-4.07745
483.3169,-1.43656,8.76783,-1.24502
483.3350,-0.44534,9.21078,-2.12612
483.3550,0.29689,9.99610,-1.34558
483.4023,-0.59857,10.68086,-1.94894
483.4023,-0.99602,9.97455,-0.83560
483.4169,-0.88349,10.76227,-0.13169
483.4334,-0.66321,10.12299,-1.26657
483.4509,-0.44773,10.38397,-0.27534
483.4710,-0.82602,10.41988,-0.91701
483.4936,-0.64406,9.82610,-0.42858
483.5193,-0.46688,10.03919,-0.33041
483.5312,-1.12291,9.12937,-1.35277
483.5536,-0.22267,10.06314,-0.65843
483.5711,-0.09817,9.39035,-0.96250
483.5924,-0.38548,9.75428,-1.64966
483.6151,-0.80448,11.04479,-3.14129
483.6329,-0.37111,9.97934,-2.65286
483.6537,-0.49083,9.90512,-1.45572
483.6917,-1.02714,10.20440,-1.58740
483.6920,-0.19154,8.93304,-0.63927
483.7112,-0.61054,10.57551,-0.98165
483.7337,-0.76856,9.80455,-1.55149
483.7515,-0.21070,10.29299,-1.39347
483.7714,-0.66561,9.24669,-0.61772
483.7936,-0.44534,9.49809,-0.16999
483.8191,-0.37351,10.36960,-0.03113
483.8312,-0.39745,9.23232,-0.45970
483.8533,0.22027,9.79737,-1.88190
483.8713,-0.76377,8.81811,-1.14446
483.8916,-0.32562,9.62020,-0.92898
483.9150,-0.07422,8.73910,-1.44375
483.9337,-0.64645,10.11102,-1.26418
483.9642,-0.62012,9.04318,-1.39826
483.9735,-0.34238,9.85723,-0.65603
483.9913,-0.30407,9.67526,-1.30727
484.0110,-0.16281,9.12937,-1.34558
484.0337,-0.25379,10.64016,-1.70951
484.0515,-0.93137,9.25866,-1.34558
484.0725,-0.22506,10.26665,-0.44055
484.1074,-0.65124,9.63217,-1.37671
484.1111,-0.22746,9.88596,-0.48843
484.1329,-0.69195,9.61062,-0.71110
484.1530,-0.47167,10.75508,0.37830
484.1705,-0.73983,10.61143,-1.03193
484.1905,-0.54111,9.86681,-1.05109
484.2139,-0.60336,9.55316,-0.96729
484.2308,0.13169,9.41189,-0.61772
484.2506,0.50519,10.48692,-1.60416
484.2729,0.21070,10.34566,-1.06785
484.2904,0.29450,10.83409,-1.45811
484.3106,0.25858,9.89793,-2.17879
484.3331,0.76138,11.14535,-1.77176
484.3525,0.26816,9.40950,-1.18995
484.3771,-0.17718,10.89634,-0.51237
484.3957,0.47885,10.00567,-0.32802
484.4136,0.35914,10.63776,-0.56505
484.4321,-0.59378,9.61780,-1.38629
484.4544,-0.66082,10.49650,-0.92180
484.4738,0.28492,8.91149,-1.90584
484.4966,0.45252,10.02243,-1.46051
484.5223,-0.33999,9.58907,-1.15165
484.5377,-0.36393,10.21398,-1.35037
484.5523,-0.01676,8.83966,-2.11414
484.5748,-0.01197,9.93624,-1.40783
484.5929,-0.29689,8.91628,-2.15964
484.6128,-0.12929,9.84765,-1.28573
484.6349,0.47167,8.65770,-0.57702
484.6579,0.02634,10.26426,-1.28812
484.6726,-0.25379,8.17405,-0.87152
484.6951,-0.77814,9.55076,-0.32562
484.7128,0.09338,9.48851,-0.33041
484.7334,0.26337,9.62498,-1.57304
484.7558,0.24900,7.74069,-2.19076
484.7772,-0.12929,9.54358,-1.83401
484.8122,-0.39506,8.62657,-1.83162
484.8160,-1.68078,12.50769,-0.71828
484.8336,0.23464,9.86920,-2.00880
484.8528,0.95771,9.83329,-0.27774
484.8751,1.10376,10.32411,-1.15643
484.8943,-0.97208,10.91789,-1.05588
484.9249,-0.29928,10.95141,-1.61614
484.9438,-0.33999,10.23553,-1.31925
484.9558,0.12929,9.29936,0.07662
484.9773,-1.12531,10.74311,-0.99602
484.9987,-1.13489,10.29778,-0.09817
485.0159,-0.76138,9.70400,-0.11493
485.0364,-0.47646,10.34566,-0.92419
485.0788,-0.34478,9.33767,-1.96091
485.0949,-0.04310,9.33528,-1.34319
485.0959,-0.81405,8.51404,-0.56026
485.1175,-1.49642,9.73273,-0.07422
485.1334,0.14126,10.19482,-3.47170
485.1553,1.58740,9.30176,0.71110
485.1779,0.15563,9.77822,-0.20591
485.1964,-0.79011,10.05356,0.50040
485.2136,-1.86035,9.17007,-0.89306
485.2359,-0.84039,10.05835,0.56505
485.2555,0.21548,9.73512,0.10535
485.2751,-1.22587,10.19243,-1.61853
485.2975,-0.42139,11.17887,-1.34558
485.3153,-0.49801,10.23792,-2.13569
485.3354,-0.46928,10.89395,-0.64885
485.3690,-1.10137,10.30735,-0.93856
485.3748,-0.55547,11.32492,-1.28812
485.3936,-1.00799,10.22834,-1.54191
485.4160,-1.32882,9.94582,-2.10217
485.4373,-0.69673,8.92107,-1.30488
485.4553,-0.19633,9.92906,0.11253
485.4787,-0.92180,10.21877,-1.52515
485.4966,-1.03672,9.51964,0.90982
485.5139,-0.39027,9.36161,1.22347
485.5363,-1.18995,8.64333,-0.80687
485.5552,1.34319,9.81653,-1.28812
485.5742,2.35597,10.04159,-2.45892
485.5981,-2.09020,10.28580,-1.94655
485.6426,-0.01915,8.70079,-2.06865
485.6594,2.26738,11.28182,-3.26100
485.6595,-1.11094,9.97455,-3.63211
485.6734,-1.41741,10.19243,-0.01676
485.6942,1.02236,13.10865,-2.20513
485.7157,4.50603,8.26264,-0.59378
485.7336,-3.63211,9.44781,4.72869
485.7538,-0.54829,10.13736,2.12851
485.7836,4.46532,10.49171,-7.10142
485.7941,-3.08383,8.82290,1.44854
485.8138,-2.94975,9.24190,0.24422
485.8376,-1.35995,12.63698,-0.08141
485.8571,-1.33122,8.70319,-0.45491
485.8775,5.41106,10.62579,2.92820
485.9190,-5.02079,8.58826,1.41741
485.9192,-1.59219,11.08549,-4.69038
485.9340,4.62574,7.90350,-6.73988
485.9562,-0.37111,6.48609,2.27217
485.9734,-2.74863,13.16612,-7.26662
485.9949,6.25624,9.00487,-3.06467
486.0175,-1.96809,5.27698,2.07823
486.0349,-2.66962,16.06798,-3.63211
486.0620,-0.01197,11.81575,4.09421
486.0759,-2.43258,9.97215,1.51079
486.0934,3.02636,11.22197,-4.13491
486.1134,-0.25379,7.06790,5.49486
486.1358,-1.51558,15.58194,-8.80375
486.1535,-0.12929,9.84765,3.20115
486.1745,-0.55547,9.96258,-2.37033
486.1961,-3.00721,8.88037,1.08461
486.2146,-1.51318,9.77822,1.72148
486.2334,-1.16362,9.11261,-6.78059
486.2559,1.19474,10.41749,-2.46610
486.2740,0.77335,9.59146,-1.36474
486.2957,-3.13650,8.98811,0.01197
486.3341,-0.18436,9.77104,-1.81247
486.3502,-1.19474,10.60903,-1.65923
486.3542,-2.69835,9.94582,-0.37830
486.3756,-1.48445,10.33608,0.32323
486.3936,-1.47966,9.12458,0.80448
486.4140,-1.85796,8.72234,0.34478
486.4382,-0.08619,9.04796,-0.99362
486.4581,-0.43815,9.14134,-1.81725
486.4779,-0.92419,10.64255,-1.50839
486.4978,0.81166,10.62819,-0.95053
486.5149,-0.78053,9.45499,-1.39347
486.5338,-2.28174,10.43664,-1.03672
486.5574,-1.43178,10.71438,-0.37351
486.5753,-0.53153,9.55795,-0.95053
486.5953,-1.45811,10.05117,-1.42220
486.6165,-0.01437,10.43186,-1.73345
486.6335,-1.33122,9.14374,0.75659
486.6536,-2.00401,9.68245,-1.52515
486.6760,-1.72388,9.96737,-0.94334
486.6939,-1.55149,9.96976,-1.39826
486.7139,-2.25062,8.71277,-2.53554
486.7369,-2.57863,9.89314,-2.30090
486.7630,-0.26098,9.76625,-2.98087
486.7795,0.75180,8.43742,-1.28812
486.7954,1.52994,9.45978,-3.18917
486.8134,0.07183,9.11979,-2.19076
486.8334,0.07422,8.47573,-0.64885
486.8556,-0.10056,9.61301,-0.75659
486.8735,-0.18915,10.06793,-1.70472
486.9051,-0.77096,8.70319,-1.59459
486.9196,-1.25939,10.03441,0.30647
486.9366,-1.42459,10.47256,1.30249
486.9590,-2.54751,9.87638,1.06785
486.9779,-1.29051,9.53400,-1.02714
486.9947,1.32164,8.97853,1.86753
487.0318,-3.30649,10.85804,-1.23305
487.0464,-2.76778,10.82212,0.22027
487.0547,-1.48924,9.30176,1.64008
487.0734,2.42301,8.02322,-5.20515
487.0977,-1.17319,12.34727,1.29770
487.1154,-3.25382,9.96976,0.91461
487.1369,-1.16362,7.19480,4.62334
487.1787,-1.77176,7.92744,-3.36874
487.1789,3.64648,10.28341,-10.56354
487.1935,-3.21791,9.77104,3.91703
487.2148,-4.11336,11.37999,-3.42381
487.2329,-3.75422,10.95141,4.78855
487.2545,-1.76697,9.99370,5.11657
487.2754,-2.08541,10.44143,3.42621
487.2945,-1.71670,7.13494,-11.61942
487.3147,6.01681,11.67209,-4.41744
487.3352,2.85876,8.29137,5.55232
487.3586,-3.97450,11.31534,-2.59779
487.3741,-5.51641,9.81892,9.18923
487.3966,-1.52036,12.30418,8.87797
487.4192,1.17798,17.90439,5.14051
487.4531,-7.08466,-0.38548,-8.30095
487.4655,4.75742,10.99212,-28.02499
487.4744,-4.92023,3.12213,2.80370
487.4940,-4.64489,16.01052,17.39201
487.5165,-2.67680,14.20044,16.24037
487.5346,-2.37033,4.39110,6.00005
487.5546,-0.26337,10.70241,-8.84924
487.5782,-0.80448,5.96174,-1.10615
487.5949,0.54111,10.23553,-8.83487
487.6140,-0.98405,8.06631,-0.49801
487.6364,0.45491,9.84526,-2.21470
487.6556,1.02954,6.86917,-0.28492
487.6763,0.32083,11.34168,-0.47407
487.6998,-3.04791,11.45182,-3.04552
487.7157,-1.82683,10.10145,3.52916
487.7509,-1.40305,9.96737,-1.91063
487.7569,-0.89067,10.31214,-5.49725
487.7740,-3.70634,11.20042,2.14766
487.7939,-1.98725,10.90113,3.80211
487.8165,-2.04471,10.49411,1.88190
487.8338,-1.92260,9.77104,-2.41822
487.8555,-1.98964,8.38954,-3.77577
487.8846,-1.09897,8.15251,-1.13728
487.8939,-0.14366,9.81653,-1.43417
487.9137,-0.28971,9.89793,-0.89785
487.9362,-0.68237,9.08148,-1.30727
487.9551,-0.87870,11.18605,-4.43420
487.9738,0.34238,10.10863,-2.73905
488.0046,0.28492,8.12377,2.03034
488.0140,-2.78933,12.86683,-2.43258
488.0346,2.77975,9.43584,-0.81645
488.0565,1.34798,8.83487,0.66800
488.0751,-2.26977,9.55795,-2.25541
488.0957,-0.69673,10.25707,-0.72307
488.1200,-1.55867,9.80934,-1.07503
488.1547,-1.15643,11.09507,-2.16442
488.1681,-0.75180,10.53481,-1.65684
488.1767,-1.50600,10.24989,-0.84518
488.1936,-1.05109,10.04398,-2.63849
488.2139,0.05746,10.27623,-2.99284
488.2368,-0.49083,9.08627,-2.27456
488.2541,0.00718,9.55316,-1.97049
488.2748,-0.26098,9.54597,-3.30649
488.2979,-0.58181,9.21556,-3.69676
488.3136,-0.25619,9.92666,-2.83961
488.3339,-1.60416,10.28102,-0.27295
488.3564,-1.60656,9.95061,0.12450
488.3740,-1.02714,8.42785,-0.32323
488.3954,-1.94655,9.01684,-0.63927
488.4190,-2.27217,10.83888,0.84757
488.4372,-1.30488,11.19323,-4.05590
488.4553,1.30727,9.36401,-1.64487
488.4763,0.79969,10.76945,-2.61215
488.4938,0.23943,9.27542,-1.00799
488.5180,-0.66800,9.97215,-2.35836
488.5402,-0.94813,10.91550,-0.90264
488.5573,-1.51797,10.38397,-0.11732
488.5761,-0.85236,9.45260,-0.37830
488.5964,-1.33122,7.92744,0.24182
488.6140,-0.62969,7.92505,-0.20830
488.6356,-0.35914,9.02402,0.45252
488.6584,-0.37590,8.50207,-0.77096
488.6743,-1.63050,8.66727,-0.82842
488.7059,-1.43656,9.49330,1.15404
488.7271,-1.40783,9.81413,0.90264
488.7357,-0.70631,10.67128,-0.12690
488.7539,-0.90982,8.64094,0.14366
488.7773,-0.84278,10.31454,-0.15802
488.7937,-0.75180,9.94103,-0.13169
488.8138,-0.84278,10.95620,-0.88588
488.8375,-1.38389,11.83011,-1.73345
488.8615,0.28252,11.21478,-0.06943
488.8738,-0.65843,8.55714,-1.81965
488.8976,0.87152,8.85882,1.79810
488.9137,-2.28414,10.21398,-0.00718
488.9338,-0.68476,8.58108,-0.77575
488.9559,0.83081,9.39513,-1.35755
488.9919,-1.04869,10.34087,1.17798
489.0142,0.46928,10.01046,-1.28812
489.0161,-0.33041,11.22675,-1.41741
489.0337,-0.78293,8.35841,-1.72627
489.0535,-2.41103,9.16528,0.55787
489.0759,-2.70314,9.75428,-3.20115
489.0935,-1.09418,7.57309,-0.10056
489.1149,-0.82363,8.88755,-2.80848
489.1482,-1.41980,6.70158,-3.51001
489.1538,1.37192,8.84206,-6.22990
489.1748,0.42139,9.94582,-3.16044
489.1960,-0.17478,9.95539,-5.03277
489.2152,0.36393,9.07909,0.76856
489.2369,-0.48843,10.13496,-0.81884
489.2771,0.64885,7.65929,0.59139
489.2944,-1.08221,9.78780,-0.92419
489.2953,-1.66642,9.60104,0.62251
489.3179,-0.80208,9.13176,0.04789
489.3338,-0.03831,9.45260,-0.18915
489.3574,-0.62969,9.34485,-1.41980
489.3809,-0.68955,9.43823,0.97447
489.4124,-0.69913,9.84047,1.59938
489.4258,-0.61054,9.53879,0.89785
489.4373,-0.43097,9.99610,1.47727
489.4536,-1.45093,8.95698,1.78134
489.4737,-1.27136,9.60583,1.41980
489.4962,-1.30009,9.87160,0.46449
489.5139,-1.20193,9.73273,0.16760
489.5339,-1.07264,10.72396,0.69195
489.5651,-1.41980,11.11901,-0.98644
489.5755,-0.94574,10.25468,-1.55867
489.5934,-1.07982,10.18524,-0.33759
489.6170,-1.19474,10.62819,-0.11971
489.6352,-1.48924,10.30735,0.34956
489.6553,-0.93856,11.30337,-1.05588
489.6798,-1.49403,10.66649,1.02475
489.6980,-0.03113,8.96177,0.03591
489.7153,-0.68237,10.05117,0.31365
489.7379,-1.83641,8.84924,0.57223
489.7534,-0.80208,9.39035,0.41421
489.7737,-0.45252,9.64653,-0.27774
489.7971,-0.92419,9.27303,-0.48364
489.8286,-1.85077,10.21158,0.74941
489.8450,-1.30488,10.58270,0.54350
489.8566,-1.42459,10.44143,-0.11732
489.8743,-0.63448,9.34246,-0.59857
489.8953,0.24422,9.68005,-1.80768
489.9192,-0.19872,8.86361,-0.03591
489.9383,-0.41182,10.31932,-1.31446
489.9764,-0.54829,9.73512,-0.99362
489.9943,-0.77575,11.06394,-1.26418
489.9944,-1.49163,9.60104,-0.17718
490.0135,-0.59857,9.98413,-2.58582
490.0362,-0.92180,9.05754,-0.81405
490.0536,-0.96489,10.53481,-0.81405
490.0749,-0.04070,9.57471,-0.48364
490.0960,-0.89067,10.19482,-1.21150
490.1159,-0.04310,9.66090,-0.04070
490.1336,-0.56984,10.31214,1.16601
490.1556,-0.76377,10.60424,0.89067
490.1734,-0.71589,10.33369,1.80528
490.1952,-1.73345,9.86681,2.53075
490.2158,-0.94095,9.28979,0.27295
490.2559,-0.76856,7.76224,2.23625
490.2571,-0.56984,10.05356,1.01038
490.2755,-0.84039,9.72554,0.03831
490.2935,0.06225,9.90272,-0.10295
490.3135,0.10774,9.57231,0.80926
490.3373,0.24900,10.12299,1.07024
490.3553,0.20112,9.55795,1.45811
490.3760,0.10295,10.11102,1.93457
490.4131,-0.14126,10.91071,-0.58420
490.4132,-1.41980,10.98972,1.81247
490.4345,-1.00799,9.69442,1.16362
490.4565,-1.20911,10.32411,1.92979
490.4745,-0.84518,10.18764,2.25541
490.4973,0.38548,8.22912,2.21949
490.5185,-0.00239,10.21398,0.52195
490.5370,-0.05028,8.85163,1.73106
490.5529,-0.52674,10.21877,0.41900
490.5756,0.41900,10.18046,-0.00239
490.5934,-0.37351,10.27383,2.50681
490.6135,-1.73106,10.85085,2.50920
490.6357,0.59857,9.78301,-0.69195
490.6713,0.13647,10.73114,0.40224
490.6879,-0.93137,11.66012,-0.03352
490.6957,-0.30168,8.86361,0.09098
490.7133,-0.66321,8.76783,0.74223
490.7343,-1.36953,10.95620,-1.41741
490.7577,-0.46688,9.77582,-2.79891
490.7755,1.76219,10.53960,-2.06147
490.8117,0.21548,9.26345,-0.59857
490.8165,-0.97686,9.41908,-0.93137
490.8344,-0.65843,9.28021,-2.51638
490.8545,-0.32802,9.56034,-2.06626
490.8768,-0.70152,10.17327,-1.17559
490.8945,1.39826,9.97694,-3.23706
490.9144,0.19154,9.72554,0.51237
490.9377,-0.98644,9.51485,1.02236
490.9709,-0.71589,10.47495,1.47727
490.9755,-1.50600,10.16370,1.67120
490.9976,-0.33759,12.22517,1.40305
491.0154,0.35435,9.85005,0.98884
491.0352,-1.58022,10.66889,-2.29132
491.0574,-1.20193,8.84685,-2.52117
491.0787,0.47167,8.40151,-1.61135
491.1084,-1.13728,10.54918,-3.63451
491.1176,-0.13169,8.65291,-4.07027
491.1352,4.43899,7.87477,-3.74465
491.1558,1.98485,7.67604,1.94894
491.1776,0.97208,9.79258,1.27136
491.1953,-0.54589,9.11022,1.93218
491.2179,0.39745,10.01046,0.62491
491.2458,-1.10137,10.19003,1.55628
491.2594,-2.22189,9.93385,-1.08700
491.2753,-0.11014,9.73033,2.08541
491.2976,-1.04630,10.48453,1.98725
491.3164,-1.75979,10.25229,-1.05348
491.3352,-0.95771,7.25226,0.11014
491.3576,-1.42220,10.37679,-1.13249
491.3860,-1.43178,9.26345,-1.36713
491.3953,2.19794,9.97934,-2.23625
491.4174,0.37111,9.62259,-2.13090
491.4352,3.68000,9.00247,-0.70631
491.4550,0.66321,9.50288,1.68318
491.4775,-1.79331,10.47495,1.22347
491.4978,-2.25301,12.73036,-0.48843
491.5164,-1.22108,9.96737,1.41741
491.5392,-0.60575,10.04398,-1.48445
491.5604,0.05028,8.55474,0.36632
491.5788,-0.11732,9.26584,-1.74303
491.5988,-0.54350,9.31612,0.23943
491.6162,0.22027,10.83170,-1.30488
491.6377,-0.05028,9.53640,1.26178
491.6701,-0.93377,12.27066,-0.51477
491.6769,-1.49642,10.68804,0.23224
491.6952,-2.36554,10.63058,-0.31604
491.7173,-0.72786,9.16289,1.39826
491.7361,-0.31126,8.64573,-1.58740
491.7576,-0.68716,9.56034,-2.26498
491.7809,-0.29450,8.93783,-1.58980
491.7987,-0.77814,9.68724,-1.45811
491.8163,1.08221,9.91469,-0.73265
491.8414,0.41900,9.49569,-0.78293
491.8575,-0.62491,10.37679,-0.06704
491.8793,-1.75979,9.53161,0.57223
491.9020,-0.93856,9.59146,0.82124
491.9321,-0.08859,8.76783,-1.16122
491.9575,-0.46210,9.54358,-1.51558
491.9595,-0.33520,10.46537,-1.66402
491.9772,0.59139,9.12698,0.09577
491.9969,1.05348,9.24669,-0.58660
492.0206,0.64885,9.48372,-2.83722
492.0417,0.39984,10.58270,-1.43656
492.0745,-1.09658,10.07750,0.91701
492.0901,-0.46210,9.94103,0.20351
492.0969,-0.61293,8.40390,0.78532
492.1169,-0.54350,9.61301,-1.42220
492.1394,-0.21788,9.37119,-0.75180
492.1575,0.42858,8.69122,0.51956
492.1775,0.34717,9.12698,1.56107
492.2025,-0.51956,10.41749,0.67758
492.2203,-0.25619,10.53720,0.87870
492.2364,-0.80687,10.69283,-0.55787
492.2592,-0.72786,10.69762,-0.25379
492.2770,-0.51477,10.46298,1.86753
492.3011,-0.24900,9.10303,-0.20591
492.3240,0.30647,10.19722,-0.37590
492.3387,-0.38548,10.35284,-1.12770
492.3660,-0.22267,10.70001,-0.29928
492.3812,-1.18038,11.61223,-2.11414
492.3967,-1.30967,11.14774,0.18675
492.4179,-0.30168,10.88437,0.15323
492.4391,0.02394,9.96976,0.65843
492.4572,-0.02394,8.97614,-1.50360
492.4773,-0.51237,9.51964,-1.44135
492.5033,-0.66800,9.42387,-0.09577
492.5179,-0.07662,10.36003,0.50519
492.5369,-0.75420,10.13257,-0.33280
492.5594,-2.62413,10.21637,1.01517
492.5769,-2.26020,10.65213,2.32484
492.5970,-1.65684,10.36003,3.33522
492.6215,-0.79011,10.13018,1.86753
492.6585,0.19394,9.85723,0.10535
492.6586,-0.34956,9.29697,-1.60416
492.6793,0.91461,9.83808,-3.32086
492.6967,0.88588,8.95698,-2.63610
492.7170,1.47727,9.12698,0.39266
492.7393,0.58899,9.70400,-0.72547
492.7654,-0.39027,10.00807,-0.39984
492.7790,-0.61293,10.61621,-0.85954
492.7990,-1.06785,9.76385,-0.76377
492.8169,-0.71110,9.81174,0.11493
492.8365,-0.56505,11.38238,0.00479
492.8591,-0.50519,10.66410,-0.77575
492.8768,-0.77335,10.36960,-0.58420
492.9174,0.08141,9.73512,-0.23224
492.9300,-0.03113,8.86361,-1.26897
492.9376,-0.60575,9.69202,0.45012
492.9598,-0.37111,9.29457,1.48206
492.9802,-1.05827,9.02642,1.07742
492.9997,-1.18517,9.22035,0.89067
493.0187,-0.09817,8.87558,-0.08380
493.0417,-0.52195,10.81494,-0.39266
493.0605,-0.57702,10.15172,-0.40942
493.0798,-0.24661,11.48294,-1.58501
493.1015,-0.79250,9.75906,2.18118
493.1176,-1.59459,11.09268,-1.85796
493.1377,-1.02954,10.08229,-0.50998
493.1615,-0.88109,10.88437,-0.70392
493.1789,-0.16281,9.86202,-1.58022
493.1994,-0.81884,10.52763,-1.12291
493.2214,-0.70871,9.32570,-0.46928
493.2392,-0.35914,9.76385,-0.19872
493.2574,-0.79729,9.73033,-1.10376
493.2840,-0.59378,9.29457,-0.64645
493.3015,0.06225,9.63935,-0.30886
493.3359,-0.08380,9.30415,-0.78532
493.3510,-0.23943,10.74311,-1.94894
493.3600,0.58660,9.97455,-1.38629
493.3773,1.12770,11.07113,2.48047
493.4001,0.50280,9.91230,1.19953
493.4175,1.15165,9.74949,2.78694
493.4391,0.45970,9.31852,2.10217
493.4624,0.31844,9.47415,0.91461
493.4902,-1.09897,9.00487,0.35914
493.5049,-0.82602,9.51485,1.02954
493.5198,-1.25460,9.15331,1.26178
493.5374,-0.73265,9.89075,-0.99362
493.5576,-0.15084,9.68484,0.09098
493.5813,0.30407,9.24430,-0.71349
493.5997,0.16042,10.19722,0.51477
493.6187,0.65843,10.17567,0.02873
493.6440,0.49561,10.45340,-0.22746
493.6608,-0.24422,10.22595,0.11493
493.6788,-0.82842,9.19402,0.70392
493.7037,-0.86433,9.88117,0.58181
493.7224,-0.57463,10.02962,-0.63688
493.7412,-0.48364,9.05036,-1.02954
493.7718,-0.99123,9.90033,-1.64247
493.7786,-0.12690,9.66808,0.03352
493.7984,-0.21070,9.91469,0.88588
493.8209,-0.43576,10.10384,-0.38548
493.8397,0.08380,9.06472,0.26337
493.8615,-0.28252,9.60104,1.20671
493.8833,-0.24900,9.82131,0.91222
493.9014,-1.28094,9.78061,1.77895
493.9182,-1.28812,10.55157,2.36554
493.9409,-1.14925,10.04159,1.64008
493.9579,-0.56984,9.80695,1.22108
493.9785,-0.69434,10.92268,-0.03591
494.0021,-0.22746,10.29059,0.02394
494.0199,-0.59378,10.28580,0.00718
494.0550,-0.66561,10.20440,0.83800
494.0605,-0.19154,9.27781,-0.17957
494.0784,-0.70392,8.89473,1.99443
494.0984,-0.80926,9.69202,0.89306
494.1209,-0.62730,8.72234,2.13330
494.1401,-0.77575,9.66090,-0.34238
494.1615,-0.79729,9.12458,0.15563
494.1957,-1.38629,9.38316,-0.34717
494.1980,-0.33280,9.80455,-0.19394
494.2184,0.90264,10.14454,1.68318
494.2406,2.67680,9.79258,0.47167
494.2589,0.64167,9.09106,-0.80926
494.2791,0.63448,9.61062,-0.66800
494.3013,-0.14126,9.38556,-1.30727
494.3322,-0.90982,10.73353,-1.61135
494.3380,-0.53392,10.47016,0.20830
494.3609,-0.73983,9.30655,-1.03433
494.3802,-1.24742,10.68804,-1.94415
494.4001,-1.37192,9.67048,-0.29689
494.4221,-0.71828,10.16609,1.02954
494.4412,-0.52913,10.16609,0.90982
494.4785,-0.13169,9.17247,0.00479
494.4831,0.28731,8.78459,0.42858
494.5005,-0.06704,9.14134,-0.14845
494.5194,-0.40224,8.79178,1.02236
494.5420,-0.81405,9.98413,-1.31446
494.5599,-1.66163,9.24190,-0.12450
494.5799,-1.15643,9.75428,0.13647
494.6044,-1.25460,9.97694,2.84440
494.6202,-1.72867,10.42946,1.03433
494.6393,-1.69754,10.44383,-0.11971
494.6616,-0.46449,9.84765,-0.63927
494.6794,-0.24182,9.92906,-0.48604
494.6993,-0.64167,10.50847,-2.98087
494.7215,-1.52994,10.19482,0.39027
494.7450,-1.85077,10.30256,0.52195
494.7594,-0.37590,9.62259,-0.42858
494.7814,-0.05986,8.59305,1.72627
494.7996,-0.58420,9.59386,1.75021
494.8197,-1.60656,9.31373,1.28333
494.8419,-1.19235,9.37119,1.45332
494.8620,0.07183,10.21158,-0.35435
494.8961,-0.09338,9.92427,-1.13728
494.9027,-1.20193,11.01606,0.39506
494.9193,-1.09179,10.39594,0.73983
494.9391,0.37830,9.73273,-1.28094
494.9615,-0.11732,9.30176,0.91940
494.9830,-0.76617,10.21877,-0.52913
495.0176,-0.64885,10.91789,0.92180
495.0310,-0.55068,9.23711,-0.44534
495.0394,-0.49561,9.99610,-1.28573
495.0593,-0.00239,9.42865,-2.04711
495.0833,-0.84997,10.43186,-0.82842
495.1009,-0.28492,9.77343,-1.78134
495.1209,0.52195,9.80695,-1.27136
495.1619,0.01915,9.89793,-1.82683
495.1657,-0.00958,10.69044,-0.47167
495.1819,-0.23943,9.62738,0.21070
495.2013,-0.56026,10.75748,-0.31844
495.2192,-0.63927,8.05434,-0.67758
495.2389,-1.50121,11.68167,0.25858
495.2610,-1.86753,10.03680,-0.76856
495.2788,-1.25221,9.50048,-1.92979
495.2980,-0.73025,10.40552,-3.41184
495.3200,0.08859,8.32250,-0.89546
495.3382,-0.89067,10.95860,-2.16442
495.3593,-0.58181,10.23074,-1.81725
495.3815,-0.34478,9.23951,-1.31206
495.4010,0.84997,9.63456,-2.08541
495.4377,-0.00479,10.20440,-1.37671
495.4528,-1.02954,11.03761,-4.07027
495.4589,-1.59938,8.87079,-0.04789
495.4789,0.03113,9.36161,-2.50202
495.5014,-0.72547,9.00726,-2.47568
495.5192,1.24023,9.51245,-0.55068
495.5402,0.80208,9.02163,0.61533
495.5639,-0.05746,9.94821,-1.82683
495.5931,0.61293,9.80455,1.56107
495.5992,-1.76458,10.07271,2.33921
495.6214,-1.49642,9.59865,2.79651
495.6405,-1.92979,10.51326,-0.03352
495.6591,-1.65684,10.02722,0.95053
495.6815,-1.56586,10.06314,1.08700
495.7010,-0.58181,8.69361,1.30727
495.7293,-0.27295,9.92188,0.00000
495.7541,-0.40224,10.04638,0.01197
495.7599,0.08619,11.16211,-1.52036
495.7792,0.61293,10.15412,-1.12052
495.8015,0.31126,9.73512,-1.30009
495.8192,0.33041,10.39115,-0.02873
495.8393,-0.23224,10.43904,-0.96010
495.8730,-0.11253,9.12219,-1.34079
495.8789,0.49083,9.23232,-0.00479
495.8992,-0.41421,9.29457,0.02394
495.9212,0.49083,9.96258,-1.28094
495.9404,-0.58899,11.17408,0.67997
495.9614,-0.31844,10.26186,0.39745
495.9852,1.23784,9.90512,0.47407
496.0042,0.15563,7.96336,0.22267
496.0212,0.91461,9.87638,0.51477
496.0423,1.59698,7.52281,0.43576
496.0590,-0.45252,9.38795,0.45731
496.0791,-0.35435,11.05197,-0.21788
496.1014,-2.37273,10.73593,0.25858
496.1210,-0.79011,10.14454,1.61135
496.1550,0.14605,8.69361,-0.33520
496.1618,0.31844,8.75347,0.25379
496.1790,0.09817,9.47175,-2.09260
496.2006,-0.09817,9.76385,-1.37671
496.2215,0.13647,9.67048,-0.66082
496.2392,-0.37111,10.16130,0.07901
496.2699,0.01197,10.97296,-1.37910
496.2837,0.04789,11.87081,-0.78772
496.3000,0.14605,10.90832,-1.15404
496.3187,-0.30886,9.49091,-0.11493
496.3414,-1.35037,10.86761,-0.13408
496.3605,0.78532,8.88515,-1.05348
496.3805,0.34478,10.07990,-2.03274
496.4027,0.14845,10.26904,-1.72627
496.4204,1.52515,9.77822,-3.96252
496.4387,1.88190,9.83808,-1.48924
496.4612,1.52276,9.70160,-2.86595
496.4813,1.69515,10.81254,-2.70314
496.5013,1.40783,11.08310,-1.90824
496.5264,0.66800,11.49970,-0.74462
496.5581,0.45970,10.26186,-2.43019
496.5692,0.34956,10.81973,-3.35677
496.5811,0.34238,10.48692,-2.59779
496.5989,1.24502,10.01525,-1.54431
496.6186,0.76377,10.64973,-0.39745
496.6428,0.54589,8.43264,-1.88429
496.6609,0.90743,10.24031,-0.99123
496.6829,0.81884,8.36320,0.44773
496.7034,0.62730,9.60104,-0.88828
496.7218,1.15643,10.23074,0.38787
496.7453,1.03912,10.15891,0.12211
496.7624,1.10137,8.97614,-0.37590
496.7803,0.42858,10.57072,-0.29210
496.8001,0.23464,9.51245,1.67360
496.8223,1.02714,8.60502,1.01757
496.8481,0.12211,10.06314,0.07422
496.8604,-0.22746,10.13736,-0.15323
496.8812,0.12450,10.33130,-0.76377
496.8987,0.46210,9.50767,-1.57783
496.9185,0.71828,8.35123,-0.26816
496.9438,1.16601,8.72713,-0.76856
496.9606,0.10774,10.60185,0.56744
496.9937,0.29689,10.38636,-0.42618
497.0016,0.72307,8.90191,0.51716
497.0189,-0.55547,10.17806,0.33280
497.0384,-0.06943,10.15651,1.87472
497.0615,0.20351,10.57791,0.79011
497.0793,1.01038,10.30496,-0.00718
497.0994,1.56586,8.86839,0.49801
497.1344,1.11094,10.08947,-0.92419
497.1393,-0.09098,10.08469,-0.36154
497.1591,0.47167,9.12937,0.11971
497.1834,-0.28731,11.23154,-0.75659
497.1989,0.18436,9.56992,-0.72307
497.2188,0.40463,10.44862,-1.99443
497.2587,0.59139,10.94662,-0.90264
497.2772,1.12291,8.86361,-1.45332
497.2806,0.57223,9.63456,-0.24900
497.3029,0.00239,10.76227,-2.28893
497.3202,1.46769,8.81572,0.83321
497.3384,0.60336,10.79818,-1.37431
497.3613,0.87391,10.02243,-2.81088
497.3790,1.54191,10.36242,-1.54191
497.4102,-0.10535,9.99131,-1.84838
497.4211,-0.80448,10.50847,0.14845
497.4401,0.11971,9.16050,0.98884
497.4598,-0.71349,9.34964,0.92180
497.4844,-0.56265,9.63696,1.57304
497.5024,0.86912,8.92825,-0.45252
497.5393,-1.26897,9.96737,1.79331
497.5524,-0.39506,9.16289,3.32565
497.5581,3.68239,11.02564,-2.55709
497.5785,0.15563,9.83089,-2.27935
497.6021,0.50519,12.37122,-0.40703
497.6200,1.02954,10.20440,0.37351
497.6401,-1.17798,11.60984,-0.49561
497.6658,-0.73504,10.58509,-1.42220
497.6874,0.97926,6.68960,3.00481
497.7016,-0.16520,8.56672,-1.97288
497.7209,0.36632,16.25713,-6.62496
497.7386,-0.74223,5.42303,0.23224
497.7604,4.23787,13.05119,-4.14210
497.7816,4.31209,9.80216,-3.29213
497.8189,-2.95454,11.94025,-5.25543
497.8191,-2.57863,10.95860,0.90504
497.8414,1.58501,8.70558,0.29689
497.8603,-0.08859,8.57390,0.06943
497.8788,-0.07422,10.46059,-1.58022
497.9041,1.31925,12.00968,-0.00239
497.9223,-0.52195,8.72474,-0.06943
497.9743,-1.03433,11.17169,1.29291
497.9745,-0.99602,9.87399,0.52913
497.9890,1.47966,8.59545,-1.67599
497.9987,1.42699,7.95139,-0.45731
498.0235,0.32323,11.60026,-0.20591
498.0399,0.96250,9.97694,-0.09817
498.0592,-0.01437,10.23792,-0.84757
498.0809,-0.50040,9.28021,-0.71110
498.1128,-0.56984,9.82610,0.79250
498.1192,-0.08859,9.49809,0.31126
498.1413,0.00479,9.34485,0.37351
498.1602,0.80687,10.08469,-1.35516
498.1804,0.33999,10.57791,-2.34160
498.2010,1.13010,9.04318,-3.11256
498.2398,1.38389,9.29697,-2.12133
498.2400,1.25939,10.20919,0.42858
498.2604,1.57304,8.92586,-0.37830
498.2779,0.83321,9.57231,-0.17957
498.2984,-0.45731,10.90592,-0.86194
498.3206,1.03433,11.58111,-1.31206
498.3402,-0.54589,9.34007,2.40864
498.3777,-0.66561,12.14855,0.51716
498.3919,-0.10056,9.52921,-0.04070
498.3985,0.63688,9.74709,-2.31287
498.4185,0.32802,9.87638,-0.94095
498.4409,-0.42858,8.48770,0.84518
498.4584,-1.19714,11.30337,0.95771
498.4784,-1.29530,11.57153,2.90186
498.5012,-0.39745,9.14134,1.70472
498.5184,0.41182,10.33608,1.28333
498.5380,1.08221,9.29697,-0.84278
498.5608,0.33999,8.05195,1.86275
498.5781,-0.93856,9.75667,1.51318
498.5997,-1.09897,9.71597,1.55388
498.6234,-0.26337,8.80854,0.72068
498.6409,0.97447,9.07191,-0.59857
498.6717,1.28812,10.86761,-2.03992
498.6819,2.14288,9.40471,-0.67279
498.6983,1.99443,9.80455,-0.77335
498.7184,0.19872,8.45658,1.73345
498.7424,0.85715,10.77903,-1.40065
498.7615,-0.51237,10.59467,0.14605
498.7819,-1.10855,12.22517,0.40463
498.8157,-1.18277,9.95300,1.93218
498.8181,0.24661,11.75110,-1.61614
498.8398,1.28573,10.04159,-2.20273
498.8606,0.92898,8.70798,-1.32643
498.8818,1.85317,8.76065,-0.02155
498.8996,-0.57463,11.31295,-0.09577
498.9221,-0.51716,9.63935,-0.98165
498.9551,2.96411,8.92586,-0.77335
498.9610,0.01915,8.82051,1.23545
498.9806,-0.09338,9.24430,0.49801
498.9991,-0.53392,13.56596,-0.60096
499.0194,0.29689,10.09905,0.09577
499.0414,0.37111,10.25947,-0.67997
499.0591,1.92739,10.02722,-2.11893
499.0870,0.77575,9.62738,-0.36393
499.1008,0.50280,8.74389,-1.69994
499.1189,-0.22027,8.03519,1.64487
499.1389,0.14126,10.13257,-3.19157
499.1612,-0.53632,8.66009,0.56026
499.1789,0.50280,9.62977,-2.71271
499.2010,1.87472,8.73431,-1.34079
499.2302,0.82124,10.92986,-0.83800
499.2394,-1.24023,10.78621,-1.25460
499.2592,-0.52435,9.74230,0.79250
499.2839,-0.12211,9.45260,1.28573
499.3006,-1.01517,9.32331,0.84518
499.3221,0.38787,8.72474,-0.32562
499.3450,1.03433,8.60502,-0.59378
499.3630,1.08700,8.89952,-0.32802
499.3792,0.38787,11.06634,-0.22985
499.4014,-1.05827,11.25788,0.48843
499.4191,0.37111,9.14374,-0.28731
499.4410,0.84278,10.81254,0.77335
499.4633,-0.25379,11.53083,1.90105
499.4821,0.33520,9.07670,-1.03912
499.5012,-0.08859,9.85484,-0.34717
499.5216,-0.98644,10.99690,-0.41660
499.5392,0.00718,11.60026,-0.36872
499.5588,-0.70152,12.44783,-0.19872
499.5814,0.22506,8.27461,-3.35438
499.5989,1.30727,6.75185,-0.50519
499.6194,-0.25379,9.28979,-0.10774
499.6449,-1.13967,10.21637,-0.63927
499.6582,0.77096,9.59865,0.25619
499.6783,0.14126,11.22197,0.20591
499.7004,-0.26098,10.64255,0.14845
499.7184,-0.13408,8.37757,-0.50280
499.7387,2.29132,8.20997,-0.10535
499.7612,1.29530,8.24588,0.26576
499.7886,-0.67040,11.11183,-2.28893
499.7982,0.27295,10.58988,-1.18517
499.8203,2.27456,6.38553,-2.43737
499.8375,0.84039,9.18204,-2.42540
499.8583,-0.27295,11.63618,-2.31287
499.8834,0.85954,8.68882,1.14925
499.9022,1.00320,9.95300,-0.26098
499.9209,0.97686,9.68484,0.09817
499.9422,0.74701,7.65689,-1.21390
499.9590,-1.00320,9.82131,-0.32083
499.9789,0.56265,7.07508,2.14527
500.0012,0.20351,6.83565,0.29689
500.0182,-0.01437,10.17088,0.13887
500.0385,-0.38069,9.46457,-1.45332
500.0615,1.31925,8.32729,-4.25463
500.0789,0.80926,10.61382,-1.55149
500.0990,-0.11971,10.29299,-1.20671
500.1218,1.25699,9.51964,-0.62491
500.1393,2.64089,9.68724,-3.53874
500.1599,0.65843,9.80934,-1.75500
500.1828,-0.38308,11.67448,-2.12612
500.2105,2.08302,8.96177,-1.22347
500.2237,2.55948,9.38556,-3.39269
500.2412,0.34478,10.19722,-2.60737
500.2588,1.21869,10.71917,-0.96010
500.2797,-0.08380,10.55157,1.10855
500.3018,-0.36393,12.52445,0.90025
500.3210,-0.80687,10.84846,2.39906
500.3397,-1.12291,9.59625,-0.28971
500.3609,0.79250,8.54277,0.62012
500.3788,0.09577,10.81254,-1.05109
500.3985,-1.17559,10.25947,1.42938
500.4213,1.13249,9.62020,-2.08781
500.4388,0.55068,8.18124,1.44375
500.4602,-0.24661,9.11261,-0.65843
500.4961,-4.69278,14.14777,2.80130
500.4988,-0.04070,7.51323,0.42379
500.5187,0.77335,7.19719,-7.01523
500.5412,4.32167,10.97536,5.57866
500.5590,-2.70074,10.09187,6.06470
500.5799,-0.17239,8.37996,7.19001
500.6024,-1.80528,11.33689,1.96091
500.6217,-0.76377,7.84364,-4.58025
500.6399,9.36640,2.58342,-9.41908
500.6665,-3.23945,13.50850,-5.68880
500.6797,-0.30886,7.98491,20.79188
500.6997,-3.68718,14.86126,0.03831
500.7222,3.64887,5.93301,4.13012
500.7398,2.36794,9.38556,-0.86912
500.7730,-1.48206,10.47974,-4.18519
500.7836,4.88671,11.83969,-5.63133
500.8026,3.31368,4.42462,6.87396
500.8206,-2.55230,14.41832,1.86993
500.8434,1.62092,10.89156,2.77257
500.8609,2.74623,11.60266,-0.77096
500.8823,1.05827,8.72713,0.00239
500.9130,-0.86912,9.40232,2.68877
500.9217,-1.28094,14.77507,0.57463
500.9409,-0.43576,11.35365,3.31607
500.9667,1.40544,8.86600,1.24023
500.9808,-2.65764,10.00567,1.38389
501.0009,-0.59857,9.85484,1.35037
501.0239,0.24661,7.99448,1.84599
501.0417,0.12690,8.95219,-0.19394
501.0610,1.05588,7.61858,-0.77335
501.0839,0.90982,11.20281,-1.43178
501.1018,-0.05507,11.19323,-0.31365
501.1203,-0.48125,9.50767,2.02077
501.1464,-0.64885,9.05275,1.78613
501.1635,-1.50360,9.57231,1.47487
501.1855,-1.13728,10.23313,1.55149
501.2040,-1.95852,10.76705,-0.56026
501.2235,-0.33280,9.94103,0.22267
501.2437,0.55787,10.99212,-1.68796
501.2645,0.17478,9.21078,0.10535
501.2832,0.22985,9.58907,0.66800
501.3043,-1.53234,9.27303,0.01915
501.3380,-0.64885,10.01765,0.56505
501.3434,1.11094,8.48770,0.68476
501.3615,0.44294,9.79977,0.70392
501.3838,1.70951,11.13817,-1.69994
501.4016,0.68476,7.12057,-1.29770
501.4216,0.52435,8.92586,-1.01757
501.4462,0.58420,10.16848,-0.40463
501.4633,1.01278,9.45020,-0.70871
501.4818,0.03113,9.12698,-0.10774
501.5039,0.28252,10.53481,-0.54111
501.5216,0.03352,12.00489,2.15724
501.5428,0.92658,10.12060,0.06943
501.5640,1.44614,11.41590,1.19953
501.5840,-0.21548,9.86920,1.11094
501.6048,1.40783,9.96497,2.58103
501.6239,2.04950,9.17726,1.36474
501.6413,-0.52913,8.64812,2.66962
501.6628,-1.38868,13.52765,-0.67519
501.6852,-0.61293,9.25866,0.61293
501.7035,-0.52435,10.57072,1.08221
501.7234,-1.27615,9.38077,0.90504
501.7541,-1.24502,9.17486,1.62571
501.7615,-0.84039,10.44622,-1.07264
501.7820,0.40703,10.56354,-0.62730
501.8055,0.19633,8.95219,-1.67360
501.8236,0.49083,9.39274,-0.07422
501.8477,0.95292,10.46298,-0.11971
501.8865,1.02954,9.78301,-1.08461
501.8867,0.70392,10.92268,-0.96729
501.9036,-0.15563,9.94582,0.63209
501.9252,1.17798,10.03201,-2.96890
501.9434,0.85236,8.40151,1.43417
501.9634,-1.47008,9.73752,1.66402
501.9864,0.68955,9.39274,0.65603
502.0040,-0.23224,9.72554,0.32323
502.0238,-0.07901,8.90191,-0.55787
502.0446,0.10295,9.69442,0.69195
502.0625,0.26816,10.02243,-1.43417
502.0826,0.94334,10.05595,0.22746
502.1054,0.34478,9.75428,-0.26816
502.1229,-0.08380,11.60505,2.43258
502.1442,0.87152,8.50686,-1.37910
502.1765,0.13647,10.58270,0.90982
502.1820,-0.10535,8.93783,-0.35196
502.2025,0.45970,9.34725,0.55068
502.2246,-0.25140,10.55396,1.13728
502.2425,-0.61772,8.91867,0.52435
502.2642,0.69913,9.14613,-0.92658
502.2882,0.96489,11.87800,-2.71511
502.3045,1.43896,7.75266,2.14288
502.3239,1.38629,10.13975,-0.72307
502.3450,1.39107,10.67607,-1.40305
502.3640,-0.21548,9.78780,0.00718
502.3861,-0.44773,11.32971,2.40625
502.4085,1.95852,9.16289,1.07503
502.4543,0.01197,10.36242,0.73504
502.4545,0.40463,9.81413,-0.84518
502.4688,2.68877,8.55714,0.42139
502.4819,2.04950,11.12859,-1.11334
502.5032,-0.16520,12.27545,0.50998
502.5255,0.88109,9.60104,1.21150
502.5431,0.24900,9.85244,-0.15084
502.5641,-0.08859,10.25947,1.01278
502.5951,-0.61533,9.48133,0.72307
502.6043,0.51716,8.93304,2.48526
502.6254,-0.62969,10.62100,-1.42938
502.6466,-0.89546,10.33848,-0.38787
502.6645,0.72068,10.60424,-2.07344
502.6845,0.77096,10.76227,-1.19953
502.7078,-0.23703,9.97215,-0.84757
502.7378,-0.51716,11.03761,0.08141
502.7454,0.96010,8.67206,0.10774
502.7664,-0.22027,8.52362,0.19394
502.7841,-0.74701,8.09744,-1.11813
502.8043,-0.00479,10.75508,-0.89067
502.8282,-0.78772,10.07271,0.34478
502.8482,0.28971,8.75826,-1.28333
502.8831,0.06225,8.20039,2.12612
502.8878,-1.51318,9.40711,-0.18915
502.9046,-1.62092,11.16690,1.23066
502.9243,1.66642,8.12377,-0.38787
502.9491,1.48684,8.81572,2.56666
502.9660,0.10056,8.62897,2.71511
502.9857,-0.08619,10.14694,1.71430
503.0229,2.69356,10.38876,2.85637
503.0242,-1.78373,11.45900,2.59300
503.0457,-2.77018,11.32253,1.80768
503.0667,-0.63209,10.01046,1.27615
503.0845,-0.34956,8.61460,3.21072
503.1058,0.17957,8.93304,1.24981
503.1288,0.84757,8.83727,1.39107
503.1555,0.19154,11.52125,-1.33122
503.1643,-0.34717,11.09507,-1.85317
503.1855,-0.68237,10.75029,-0.64885
503.2054,-0.61293,11.69124,0.14126
503.2256,0.01676,10.76227,0.05267
503.2480,0.47407,10.21637,-0.68955
503.2700,0.07422,9.17007,-1.42220
503.3087,0.84278,9.58189,-0.37830
503.3090,1.03912,9.82610,1.34079
503.3275,0.48125,9.24430,0.20351
503.3473,0.88109,11.03761,-1.09897
503.3677,-0.38069,10.11102,-0.44773
503.3856,0.42139,10.53481,0.05507
503.4203,0.52435,8.87558,-0.19872
503.4350,-0.13169,9.13176,-1.07982
503.4456,0.69195,8.32729,-0.93616
503.4652,0.23703,9.48851,-0.82124
503.4884,0.69195,8.68882,-0.10056
503.5062,0.42618,9.55076,-1.10855
503.5264,0.56505,9.51964,-0.32562
503.5497,-0.31126,9.99849,0.08619
503.5805,-0.69913,9.84286,-0.61533
503.5958,0.11253,9.90990,-1.27375
503.6122,0.63209,9.25627,0.95532
503.6248,0.63927,10.33848,-1.70233
503.6448,1.37192,9.95779,-0.50759
503.6657,0.70152,9.99131,-2.50441
503.6842,-0.41182,8.75347,2.36315
503.7061,-0.44773,9.21556,0.05028
503.7256,-0.84039,9.98413,0.90982
503.7444,-0.52195,11.00409,-1.57064
503.7648,0.00718,9.60104,-0.95053
503.7877,0.37830,9.95539,-1.63290
503.8057,1.44614,10.02722,-0.77096
503.8267,0.69434,9.39035,1.07024
503.8568,0.23464,10.03680,-0.21070
503.8662,0.94813,9.84765,1.66642
503.8847,0.65124,7.73351,1.27375
503.9095,0.70392,10.88437,0.13887
503.9275,0.29689,8.34644,-0.62012
503.9478,0.46210,8.69840,-0.55068
503.9702,-0.28731,9.58668,-1.94894
503.9851,-0.50759,9.90512,0.45970
504.0058,1.03193,9.62977,0.67519
504.0288,0.62251,8.43503,0.39266
504.0460,0.95292,10.12060,-0.03591
504.0655,0.63448,9.98652,-0.62491
504.0875,0.67997,10.90353,-0.94095
504.1055,0.24182,9.96258,0.28013
504.1324,0.79729,9.67766,0.63927
504.1482,0.87630,8.77741,1.32164
504.1654,-0.55547,10.58748,0.49322
504.1861,-0.69434,10.03441,0.46210
504.2079,-0.10774,10.50368,0.12211
504.2263,-0.65124,9.70639,0.32562
504.2454,-0.11971,9.66090,0.14605
504.2678,0.06943,10.13736,0.67519
504.3094,0.53871,10.39355,-0.57702
504.3094,0.73504,10.22116,-1.40305
504.3288,1.23066,9.04078,-2.76778
504.3499,0.36154,9.97934,-0.57463
504.3790,0.58899,10.10145,-1.28812
504.3975,0.03831,9.34725,0.78532
504.4066,0.98884,8.84206,-0.83560
504.4283,0.63448,8.84685,0.25619
504.4492,3.71352,8.82290,2.13809
504.4668,-3.59141,11.87321,-0.15323
504.4868,5.24107,4.88671,-12.06954
504.5291,-7.11100,14.74873,-2.98805
504.5292,0.85476,8.58108,11.11183
504.5461,0.56026,12.24193,0.09817
504.5673,-2.15485,9.52682,-2.49962
504.5857,-0.35435,8.79178,3.66085
504.6061,3.17720,10.60664,-4.94178
504.6280,1.12770,11.32971,0.24900
504.6462,-2.88271,10.96099,4.45575
504.6759,-0.36872,15.85010,2.28414
504.6918,1.29530,6.21793,3.34241
504.7057,-1.76697,13.61864,-1.76458
504.7254,-1.19714,10.23074,1.84838
504.7464,0.88349,9.12458,0.37590
504.7657,-0.42618,11.04958,1.71191
504.7861,0.64406,11.64575,0.89785
504.8245,1.36953,11.50688,2.10936
504.8285,0.31604,10.75029,0.20112
504.8492,1.14446,8.20518,0.01197
504.8760,1.74064,10.28580,-2.09499
504.8912,-1.09658,10.61621,1.03193
504.9208,-1.15883,9.74709,3.17481
504.9359,0.79729,9.76625,1.99922
504.9472,0.72307,12.59389,0.75420
504.9749,-2.33202,7.21634,-7.28099
504.9917,0.40942,10.63776,5.13093
505.0095,-4.40547,15.77588,11.70561
505.0275,-0.93856,1.63768,-0.90264
505.0504,0.84757,7.53957,-20.61231
505.0675,-1.76458,9.13655,-5.82766
505.0871,4.05590,8.94740,-1.59459
505.1091,3.78056,11.62899,-0.23943
505.1272,2.74623,11.51167,9.53879
505.1461,-2.81088,15.11266,0.22506
505.1699,-5.24586,-0.65364,3.27297
505.1886,1.63050,11.77026,-12.96260
505.2151,-0.56026,10.00807,13.51329
505.2295,-2.05429,16.21164,0.68237
505.2475,2.30569,5.95217,8.36081
505.2677,0.72068,10.35763,3.64648
505.2896,-1.01757,8.76065,4.48208
505.3075,-0.28971,12.14855,-0.84997
505.3290,-0.35675,8.68164,2.83482
505.3589,-0.23943,8.57390,3.04791
505.3692,-0.34956,8.80135,2.19076
505.3875,1.10615,10.55875,0.44534
505.4101,1.15404,8.89234,1.52515
505.4276,0.19394,8.86361,0.41660
505.4476,-0.23224,9.84765,0.42618
505.4714,-0.25858,9.79019,-0.27055
505.4900,0.32562,10.52044,2.08062
505.5075,-1.84359,10.61621,2.14288
505.5315,4.61616,2.55230,-16.61387
505.5477,-4.66165,13.36005,1.68078
505.5697,3.92182,8.51883,10.61861
505.5901,-0.83560,10.95860,6.95776
505.6270,-0.54589,12.04081,1.71191
505.6452,0.71349,8.07110,-1.57064
505.6476,1.90105,17.30342,-4.24505
505.6664,-1.21390,0.30647,-2.80609
505.6859,4.73348,11.58111,-7.35521
505.7085,2.83243,3.93379,6.88833
505.7274,-0.54350,15.49814,-1.64247
505.7475,-1.31446,8.32968,10.24510
505.7777,9.87878,13.81257,-3.29452
505.7961,-6.05273,4.18040,0.27055
505.8058,2.23146,8.68882,-16.64979
505.8273,3.39029,5.88992,-1.46530
505.8461,0.59617,9.46936,0.47167
505.8661,1.44614,7.82688,-1.65444
505.8895,3.72310,5.43740,-2.25301
505.9192,-0.46928,15.63701,8.18124
505.9284,-1.70233,6.04076,12.54600
505.9510,-2.66962,9.36640,4.22589
505.9688,-0.42139,5.44219,-11.78462
505.9897,-3.86197,13.43906,-6.95537
506.0109,0.05507,7.95378,11.52604
506.0283,-0.67519,12.82374,2.81327
506.0524,-1.87232,9.65372,7.51802
506.0707,-2.00880,10.89156,1.67120
506.0882,0.11014,9.82850,1.49882
506.1083,-0.32562,9.22993,1.97049
506.1306,0.44294,9.28979,0.73744
506.1483,1.28573,10.61621,0.23464
506.1695,0.41182,10.45101,-1.51797
506.1952,0.68716,9.67526,-0.01676
506.2094,0.58660,11.14056,-0.58899
506.2282,0.36872,9.41189,-0.86673
506.2505,0.39266,11.03761,-1.34798
506.2693,-0.89067,9.45020,1.19474
506.2881,0.09577,9.53640,0.77335
506.3103,0.15563,10.21877,2.48526
506.3342,-0.54111,9.64174,0.67040
506.3479,0.68716,8.17645,-1.27615
506.3700,0.71589,10.78142,-0.68955
506.3878,-0.23464,8.46376,0.78532
506.4079,0.87391,10.20679,1.23545
506.4302,0.69434,10.08469,1.86993
506.4479,-0.43336,10.19243,0.15323
506.4677,-1.14446,11.16929,0.76617
506.4904,-0.97686,9.61541,2.92341
506.5091,-0.94095,8.90670,2.84200
506.5280,-0.04070,9.62977,-0.86912
506.5502,0.59378,9.45020,-1.31925
506.5694,1.22108,9.39274,-2.26020
506.5888,0.32083,9.65850,-0.67758
506.6206,0.71349,11.22436,-0.45731
506.6283,-0.26816,8.68164,0.84278
506.6481,-0.28013,10.36721,-0.83800
506.6707,-0.07662,10.39355,0.10056
506.6895,-0.50759,9.91469,0.00958
506.7082,0.97926,10.33130,-0.00479
506.7316,0.26816,9.69921,-0.22506
506.7510,0.28731,9.41668,0.01915
506.7682,1.16601,9.79977,-0.16520
506.7907,1.15883,8.87558,0.39027
506.8099,-0.15563,10.09426,-0.31365
506.8298,-1.20193,10.23792,-0.22985
506.8531,-1.55867,9.90990,1.58501
506.8719,0.36632,10.60903,1.03193
506.8997,0.71589,9.64414,0.00479
506.9142,0.70392,9.48133,-0.51237
506.9283,0.93137,10.02004,-1.30249
506.9483,0.59139,9.69202,-0.67519
506.9707,1.12770,9.76385,1.97767
506.9882,0.30168,9.34725,1.41502
507.0080,0.68716,9.68484,-0.45731
507.0345,0.32083,8.84924,-0.03831
507.0481,-0.22267,10.65692,0.13887
507.0702,0.19394,10.64255,2.09020
507.0939,-0.59617,9.44541,0.90264
507.1130,0.12690,9.96018,0.80926
507.1302,0.62969,9.54119,0.95532
507.1524,0.24661,9.94342,2.31048
507.1743,0.15084,11.17169,0.98884
507.1909,-0.12211,9.56034,1.05109
507.2134,-0.47885,10.54199,2.04471
507.2313,0.19394,8.04237,2.40625
507.2505,0.93137,10.48453,2.27696
507.2730,2.32484,9.80695,-0.88828
507.2905,-1.94894,11.21957,-0.73025
507.3144,-0.47885,10.36960,1.14925
507.3331,0.97686,9.16289,0.50759
507.3531,1.30488,9.85005,-2.03274
507.3716,0.72547,8.90670,-1.76458
507.3948,-0.99602,9.99610,3.09340
507.4141,0.14845,12.33770,0.84757
507.4339,0.67519,10.59467,0.48125
507.4682,1.91542,8.68164,-0.21309
507.4709,0.62491,9.11979,-2.45653
507.4913,-0.47407,9.91948,-0.07901
507.5164,-1.04151,10.69283,1.01278
507.5313,0.15563,9.07670,3.17481
507.5529,1.01278,8.04237,0.05028
507.5908,-0.89546,10.11342,2.04950
507.6054,1.00560,9.51006,-1.03912
507.6129,0.94095,9.88117,0.43097
507.6335,0.48843,9.69442,-1.97049
507.6513,1.53234,9.88357,0.15563
507.6723,2.38470,8.94262,0.37830
507.6935,1.54191,10.36960,1.34079
507.7133,-1.43178,9.71597,3.53395
507.7343,0.19872,9.56752,1.43896
507.7538,0.92898,8.52841,2.96651
507.7715,-1.47248,10.47256,1.54191
507.7915,-0.76138,9.38556,2.12612
507.8136,-0.03352,10.68804,-0.48125
507.8316,0.56744,10.11821,-1.52036
507.8676,1.21390,10.53960,-0.64885
507.8876,0.93137,10.04398,3.07185
507.8917,1.00081,9.87399,-0.72307
507.9120,1.24023,9.79737,-0.89067
507.9335,-0.30407,10.76466,0.61772
507.9510,-0.05986,9.80216,1.61374
507.9731,0.35675,9.80695,2.03274
508.0199,-1.05109,9.24669,0.51716
508.0203,-0.10295,9.70639,-0.25619
508.0372,1.22108,9.86441,-0.62012
508.0541,1.22826,9.77582,-2.07584
508.0729,0.60575,9.94103,-2.01119
508.0914,0.90982,10.25468,-2.32245
508.1135,0.33759,9.47893,0.07183
508.1401,0.52195,9.32809,1.45332
508.1516,0.95053,9.85962,-0.00479
508.1734,1.44614,9.25866,-1.47966
508.1911,1.24502,9.56034,-1.26657
508.2122,0.20830,10.30256,-0.21788
508.2346,0.10056,10.16609,-0.27295
508.2510,0.31365,10.37439,0.26337
508.2742,0.33759,9.88596,-0.30168
508.3143,-0.12929,8.92346,1.71909
508.3145,0.44534,10.64734,0.29210
508.3341,0.24182,9.96497,-1.88669
508.3556,2.50202,8.49010,-2.58821
508.3732,5.74626,7.91547,2.48286
508.3932,-2.51638,11.66730,3.76380
508.4159,-2.08541,10.79100,-0.28731
508.4330,-1.52036,10.07750,3.82605
508.4525,-2.26020,11.56914,2.44216
508.4746,0.96729,11.39435,1.60416
508.4920,0.57223,9.78540,0.22027
508.5120,0.71110,9.70400,-3.24664
508.5343,0.00000,9.40950,-1.81007
508.5522,1.66163,9.14613,0.14605
508.5780,1.51797,10.37918,-2.06386
508.5939,0.75180,10.96578,-2.14288
508.6118,1.14925,9.78301,-3.91464
508.6319,1.21150,9.74470,-3.33762
508.6539,0.41900,9.63217,-0.60575
508.6719,0.87391,9.86202,0.03113
508.6925,1.98246,10.30735,0.23943
508.7221,0.88109,9.60344,1.36713
508.7320,0.36632,10.77663,0.86433
508.7519,-0.07662,12.14616,0.09338
508.7762,-1.97767,11.00169,2.63610
508.7932,-1.14925,8.75826,0.27534
508.8136,1.72148,8.97614,4.38871
508.8359,1.77655,7.44380,-3.67282
508.8547,1.24981,10.45819,-2.21470
508.8799,2.40146,11.20521,4.44138
508.8940,2.61694,10.35524,1.30488
508.9114,-2.49723,11.93307,4.13970
508.9318,3.04312,14.51888,-2.02316
508.9541,1.22347,6.26342,8.58826
508.9716,0.32323,16.24516,-7.98491
508.9937,1.88429,5.66725,0.51956
509.0157,3.34720,13.74553,-7.07748
509.0331,0.39506,7.07029,2.33202
509.0529,0.49801,12.39995,-1.41980
509.0753,-0.47167,9.27781,2.88989
509.0931,0.31126,10.36721,-1.81247
509.1134,0.92419,9.24908,-1.10376
509.1350,-0.00718,9.57710,-0.39506
509.1520,0.32802,9.10543,1.05827
509.1715,0.22027,10.03201,-0.43097
509.1937,-0.26098,10.71438,-1.09897
509.2115,-0.51956,11.14056,-1.22587
509.2316,-1.26178,9.96737,-1.99204
509.2540,-1.18038,7.57070,-0.74701
509.2849,1.96570,9.08388,-3.55789
509.2916,3.30410,8.95459,-3.74465
509.3139,4.65926,7.87238,-0.63688
509.3334,1.75979,8.83487,0.69434
509.3536,1.21390,11.06634,-0.21788
509.3757,4.88671,11.68406,-1.34079
509.3916,-2.74863,4.75264,0.43336
509.4252,-0.73983,9.60822,-3.30410
509.4347,0.96010,5.53077,-3.17960
509.4515,1.11094,9.04796,-4.47969
509.4715,0.93137,9.00247,-1.76219
509.4937,-0.04070,12.02405,-0.62730
509.5124,0.22506,10.36721,0.16760
509.5331,0.09098,9.54119,-2.27696
509.5650,-0.35435,12.00968,0.82602
509.5713,1.02236,9.04078,-1.66163
509.5917,1.17080,9.54597,1.84838
509.6155,0.20351,11.32013,-0.16042
509.6334,-0.22506,10.90832,0.32083
509.6554,-0.23464,12.25390,0.32802
509.6774,3.03115,5.81090,-2.66243
509.6966,0.49322,9.89793,-2.71750
509.7147,-3.15087,10.06553,0.67519
509.7350,-2.52117,11.32731,2.16203
509.7524,-1.00081,9.64414,3.68718
509.7750,-0.05746,10.71438,0.83081
509.7962,-0.24422,9.61780,0.84518
509.8143,0.58899,10.61861,-3.70634
509.8492,-0.42139,5.10220,2.45653
509.8565,0.02634,13.46540,-4.21632
509.8737,1.33361,7.93942,1.75979
509.8934,1.56825,10.34806,-0.81884
509.9164,0.21309,8.29377,0.96250
509.9342,-1.76697,10.39355,-0.08380
509.9540,0.24182,9.03120,2.97130
509.9890,0.50759,11.06873,-0.87870
509.9932,-0.30647,11.50210,0.40463
510.0122,1.54670,4.20914,-3.72789
510.0349,3.11974,7.50126,-4.82207
510.0539,2.61455,10.35284,-2.14527
510.0754,2.55709,6.37595,0.96729
510.0992,3.05988,6.84523,-0.43815
510.1330,1.04390,8.51404,-2.37033
510.1331,-1.18517,16.15417,0.21070
510.1560,1.84838,10.41510,-1.15883
510.1753,2.22668,11.05916,3.35438
510.1971,1.08940,9.29218,-0.24182
510.2198,1.78852,7.52281,-1.42220
510.2688,1.52276,9.44781,-1.22826
510.2843,0.95292,7.82449,1.67839
510.2845,-1.01038,13.21161,-1.07024
510.2944,-1.13728,12.30897,1.44135
510.3152,0.45012,8.22912,1.72627
510.3378,1.55149,8.26982,-1.21869
510.3557,0.70871,8.26743,2.66004
510.3857,1.99443,10.60424,0.85236
510.4056,2.10457,8.75347,0.07422
510.4161,1.03433,10.62100,0.99841
510.4334,0.76377,10.98972,0.60096
510.4554,2.10936,8.56911,-1.02714
510.4748,1.75021,7.63055,2.82524
510.4962,0.08859,8.48531,1.15643
510.5189,0.21788,10.56115,1.07503
510.5362,1.34558,10.27623,-0.27534
510.5537,1.16122,9.28739,-0.19154
510.5758,0.16760,10.72156,-0.45491
510.5929,0.49561,9.96737,0.51237
510.6142,0.70152,10.18764,1.60895
510.6356,0.55547,9.37119,0.32083
510.6547,0.80208,9.97694,-1.19235
510.6765,0.82842,9.87160,0.42379
510.6972,0.93137,9.68245,-1.25699
510.7161,0.85236,10.64255,-0.42858
510.7347,0.71110,9.35443,-0.56744
510.7604,0.31365,10.06553,0.53632
510.7784,1.00081,10.65692,1.10855
510.8138,0.79969,9.35922,0.36393
510.8297,1.43178,9.80455,-0.91701
510.8343,0.49322,10.31454,1.26418
510.8554,0.72068,10.64495,1.27854
510.8764,1.85317,8.17166,-1.75979
510.8940,1.15165,8.54038,-1.07024
510.9141,0.77335,8.66727,-0.13408
510.9377,1.83401,9.28979,1.16841
510.9672,0.06465,9.85244,3.21312
510.9773,0.74462,10.44383,1.23545
510.9966,1.21150,10.04638,2.43977
511.0142,-0.56265,10.44622,0.70392
511.0344,0.15084,9.41668,1.75740
511.0602,0.88349,10.42707,-0.44773
511.0756,0.50998,7.97533,0.35914
511.1024,0.25140,8.71277,2.43737
511.1178,-0.09817,9.31852,1.62571
511.1357,2.29611,8.53320,0.10774
511.1554,1.19714,11.19563,0.60575
511.1772,-0.39984,9.96737,-0.40942
511.1956,0.14366,9.07670,0.43576
511.2141,0.29928,11.21718,-1.43656
511.2364,1.41262,4.21632,-2.45413
511.2537,2.25301,10.79818,-3.47170
511.2737,1.29051,10.19722,-0.34238
511.2974,1.20671,9.96258,-0.40463
511.3136,0.81405,10.93944,-0.84997
511.3337,0.87870,9.26345,0.20351
511.3560,0.68955,9.57471,1.42699
511.3762,0.36154,10.36721,0.90504
511.3940,0.89785,8.91867,1.94655
511.4160,1.28812,10.93226,-1.78852
511.4337,0.77335,11.68885,-0.84757
511.4537,0.86673,7.90829,-0.75420
511.4762,1.77655,8.10462,1.68796
511.4966,0.73504,10.12299,1.16362
511.5240,0.73983,10.53720,0.25140
511.5393,0.49322,9.74230,-0.28252
511.5558,0.39266,9.62738,0.40224
511.5741,-0.10774,10.29299,2.85876
511.5965,1.89387,8.00167,-0.97686
511.6166,2.46131,7.68802,0.28013
511.6546,-0.43097,11.91391,0.87630
511.6719,-0.50280,9.61062,1.06306
511.6738,2.47568,10.73353,0.56505
511.6941,-1.97767,8.07110,-0.41182
511.7163,-1.35995,8.26025,1.96809
511.7357,8.90431,12.23714,6.72791
511.7541,-3.67042,6.98889,-0.21070
511.7850,0.23224,6.08625,6.19399
511.8069,-0.30647,13.64737,-2.78215
511.8141,4.25463,7.94660,-4.08703
511.8382,6.41426,9.38795,1.72388
511.8562,-2.71750,7.82688,-1.83162
511.8743,0.08380,12.67050,3.09101
511.8998,0.31604,12.87402,3.81647
511.9369,-2.68159,11.30577,2.22189
511.9536,0.47167,10.75508,1.60656
511.9577,0.09817,8.77981,5.69837
511.9753,0.22027,11.19084,-1.84599
511.9971,1.08221,8.92346,0.28731
512.0195,1.27615,10.27383,0.54589
512.0372,-0.56026,10.79818,1.84838
512.0573,-0.07183,11.49970,0.62969
512.0854,2.00401,9.48133,-0.56984
512.0966,-0.07901,10.52523,1.05588
512.1169,0.05267,9.96976,-1.11573
512.1419,1.78134,8.19800,0.80687
512.1583,1.19474,10.06314,0.55787
512.1784,-0.80448,12.30178,-0.01676
512.2010,0.86433,10.47735,-2.01119
512.2209,6.16047,8.73671,7.99927
512.2374,-2.66722,10.44862,4.75982
512.2592,2.28414,3.21791,-13.39836
512.2780,-5.16445,11.87081,-6.53637
512.2984,-0.63448,9.62977,10.48453
512.3210,-0.53632,11.04479,7.84604
512.3384,-1.51318,12.04560,3.38072
512.3769,0.35675,5.77499,4.49166
512.3792,1.90584,11.13098,-1.04630
512.3969,0.84278,8.35602,-0.57702
512.4169,-0.00239,9.04796,2.53554
512.4395,1.07742,11.63857,-9.11022
512.4569,0.90264,9.91469,4.91305
512.4768,-2.34400,9.28739,2.06147
512.5017,-2.79891,10.25468,0.40463
512.5189,-1.50360,9.87878,3.36874
512.5366,-0.76138,10.04638,4.09182
512.5592,0.15563,10.71199,0.85954
512.5768,0.09817,10.71917,0.50040
512.5969,0.32802,9.29218,-0.45252
512.6209,0.38069,8.98571,0.57702
512.6385,1.05109,9.15331,0.32323
512.6568,-1.15404,10.48932,-0.09817
512.6793,-0.06465,11.27464,-1.42220
512.7004,1.44375,8.79417,-0.23224
512.7216,-1.60895,9.45739,-0.44294
512.7425,-1.67360,11.58350,1.84838
512.7745,-2.55709,10.48692,3.14368
512.7896,-1.25221,8.50207,4.41265
512.8010,0.38308,9.56992,1.93457
512.8168,4.18519,8.43264,-3.83084
512.8378,4.33364,7.19240,-3.87394
512.8606,1.24023,8.79896,-2.24344
512.8793,2.63610,13.06795,1.14446
512.8993,1.75261,9.93145,1.73585
512.9326,-0.00239,8.25546,0.65843
512.9375,-0.56984,9.61301,-1.33601
512.9572,0.18436,11.99771,1.38150
512.9788,-2.67919,11.19084,0.52195
512.9981,5.38472,8.22912,-1.10137
513.0170,-4.33364,13.90834,3.89549
513.0396,-0.54829,12.69205,12.51727
513.0579,-1.48924,9.95779,3.87394
513.0769,-0.54829,10.52044,2.54751
513.0991,-0.19154,9.41908,2.90186
513.1168,-0.09338,9.77343,-4.07506
513.1382,1.75979,9.20838,-1.73824
513.1609,3.93619,8.92107,-1.90584
513.1788,-3.47170,9.88357,0.94813
513.2110,-1.13249,10.62100,1.21390
513.2200,1.70712,7.09663,2.51638
513.2376,-2.15006,10.09905,0.63688
513.2575,-0.36393,8.40869,0.24422
513.2804,-0.00239,10.24989,0.45012
513.2988,0.09098,8.67685,0.97926
513.3215,0.06943,8.57869,1.37192
513.3538,0.31604,9.97694,0.35675
513.3589,-0.90504,11.05197,3.17481
513.3790,-0.07662,8.74150,0.98644
513.4013,0.23224,9.57231,0.83800
513.4194,-0.89546,9.86202,2.40864
513.4387,-0.92180,9.32091,2.31526
513.4615,-0.06943,11.06155,1.81007
513.4937,-0.31844,9.74470,0.49083
513.4974,-0.73983,9.29218,-0.23464
513.5201,-0.79250,10.71199,1.75979
513.5385,-0.52195,8.45897,3.06707
513.5593,-1.28094,11.20042,2.27935
513.5815,-0.12450,10.12778,2.30808
513.6005,-1.08221,10.06793,1.05348
513.6300,-2.09738,9.75428,0.28013
513.6446,-0.96250,10.01286,0.28492
513.6575,-1.22826,9.14852,2.97130
513.6774,-1.42938,10.29538,-0.40703
513.7005,0.24661,9.08148,-0.01197
513.7186,0.04070,9.47893,0.38308
513.7405,-0.21070,9.24430,-0.20351
513.7609,0.77096,9.22993,-1.16122
513.7776,-0.03591,9.08627,0.05507
513.7975,-0.16999,9.84526,1.08940
513.8197,0.05267,10.01286,2.01598
513.8386,-0.31126,10.37679,0.22985
513.8586,-0.60575,11.28182,-0.34478
513.8814,-0.74462,10.81494,0.75420
513.8982,-1.37192,10.48213,1.95373
513.9185,-0.54350,9.91948,0.05028
513.9397,-1.30488,10.44862,-0.28971
513.9575,-1.20671,11.12859,0.86673
513.9797,-0.93616,9.10303,2.28653
513.9999,-0.05507,8.63615,1.22826
514.0198,-0.99602,10.84606,1.31685
514.0519,-1.65684,9.74470,-0.36872
514.0604,-0.91940,10.03919,-0.72068
514.0773,-0.38787,8.89952,1.36474
514.0974,0.54829,7.42465,-2.50920
514.1194,0.28731,9.39753,-0.97926
514.1372,0.65364,9.79498,-0.38548
514.1575,-0.25858,10.05117,0.12211
514.1892,-0.64885,11.16450,-1.58022
514.1976,-0.47646,8.87079,-0.52674
514.2175,0.60096,9.62977,-0.15323
514.2401,0.33759,9.46457,-2.51638
514.2578,0.95771,10.43425,-1.88669
514.2778,-0.90264,10.70241,-0.66321
514.3005,-0.91222,10.42707,0.15084
514.3244,0.02873,9.26584,-0.18436
514.3372,-0.70152,9.70878,-2.32245
514.3599,-1.27375,10.09666,1.86993
514.3809,0.00718,9.83329,-0.11253
514.4009,-0.12450,10.33848,0.87630
514.4233,-1.69036,10.64973,1.03912
514.4589,-1.01517,11.15253,-0.14366
514.4606,-1.09897,8.25785,2.06147
514.4821,-1.22108,9.53879,-0.39745
514.4974,-0.27295,9.81653,-0.50519
514.5173,-1.12052,10.92747,-1.01517
514.5397,-1.72627,7.80294,0.11493
514.5610,-0.04310,10.05835,0.44773
514.5991,-1.14686,10.40312,1.04390
514.6158,-0.97208,10.55396,0.53392
514.6185,0.00958,7.78139,-1.40544
514.6373,-0.63927,9.22035,0.56744
514.6595,-1.03433,9.72794,0.18196
514.6773,-0.16520,9.65850,-1.63290
514.6973,1.33840,9.28739,-0.90025
514.7194,0.59378,10.30975,-0.66561
514.7477,-0.70152,10.88677,-0.88349
514.7575,-1.00799,11.42069,0.17239
514.7793,-0.99123,8.46855,1.75500
514.7984,-0.20830,8.83727,-0.60336
514.8175,-0.55547,9.53400,-0.16520
514.8401,-0.90982,9.60822,0.17957
514.8599,-0.24661,10.46777,-0.16520
514.8918,-0.91940,9.96737,-0.88349
514.8997,-0.09338,9.09106,-1.47248
514.9178,-0.25619,9.99370,-0.49561
514.9372,-0.93616,10.66410,1.00560
514.9594,-0.95053,9.40232,1.71191
514.9786,-1.00560,10.25229,0.04789
515.0002,-0.62491,10.90113,-1.28573
515.0333,-0.65603,10.22834,-2.23386
515.0378,-0.16520,10.55875,-1.06306
515.0572,0.54350,9.32809,-0.51477
515.0795,-0.23703,8.92586,-0.05028
515.0973,-0.26576,9.97215,-1.30249
515.1205,-0.52674,10.35284,-0.00479
515.1445,-1.24263,10.49650,-0.75659
515.1626,-0.07183,9.78780,0.24661
515.1781,-0.25619,9.93145,0.11014
515.1999,-0.36632,11.11183,-0.64167
515.2174,-0.36872,7.44141,-1.80768
515.2385,0.29210,9.91469,-0.90504
515.2650,-0.94095,10.29059,1.31446
515.2971,0.09338,9.75188,-2.44934
515.3160,0.58660,9.84526,-0.11971
515.3211,-0.92658,9.50288,-1.52036
515.3372,-0.60815,11.05916,-0.09817
515.3574,0.18436,9.95061,0.42139
515.3793,-0.92419,9.11261,3.67042
515.3983,-0.83560,11.29140,0.89785
515.4196,-0.58420,8.52601,-0.29689
515.4482,-0.70392,9.55555,0.19154
515.4578,-1.60656,11.73195,0.97447
515.4771,-0.65843,8.89473,1.06066
515.4995,-0.77096,10.60424,1.60656
515.5183,-0.66082,10.15651,0.43097
515.5406,-1.52276,9.08148,-0.01676
515.5656,-0.03591,10.14215,0.94334
515.5833,-0.66561,8.24828,1.68078
515.5995,-0.10774,9.12937,-1.55388
515.6212,-0.36154,10.86761,-2.63131
515.6387,0.19633,9.05515,-2.20273
515.6592,-0.24422,10.27623,-1.35037
515.6815,-0.79729,10.39355,1.33601
515.7005,0.32562,9.48133,-0.61293
515.7307,-0.62251,9.30655,-0.48364
515.7409,-0.84039,9.93624,-0.80448
515.7590,0.17718,8.62897,1.86753
515.7800,-0.17957,9.65132,1.07024
515.8024,0.11732,11.42309,1.29051
515.8199,1.61374,9.31133,0.04789
515.8419,2.15245,9.50767,-1.38868
515.8687,3.08622,5.32726,-4.09182
515.8818,-2.57145,9.34485,-0.68955
515.9012,-0.89067,10.49411,1.35037
515.9221,0.16281,8.88037,-1.30727
515.9399,-1.37192,11.88997,-0.53392
515.9600,-1.14686,12.49093,-1.67599
515.9824,1.65684,6.50764,-2.44934
516.0045,0.30886,8.11420,2.17161
516.0198,0.95292,10.05835,2.62413
516.0434,3.73267,8.04955,-5.37994
516.0609,0.72547,8.49968,2.62891
516.0797,-0.78053,10.23792,3.55550
516.1034,2.24104,9.38556,-1.85556
516.1213,-2.22428,10.87719,-1.77895
516.1547,0.39745,8.03998,2.18597
516.1618,0.92180,10.77663,-0.97926
516.1801,-2.91144,10.45340,-0.02634
516.2013,0.16042,8.29616,1.41980
516.2246,-0.35435,8.96177,-0.46449
516.2421,-2.13569,11.91391,0.62491
516.2769,0.56026,10.56594,2.09499
516.2914,0.37590,8.88276,1.34558
516.3046,-0.14366,10.43904,0.00718
516.3196,-0.01437,10.35284,0.75899
516.3466,0.15563,9.27542,0.54350
516.3613,-0.09098,9.70160,1.89148
516.3811,-0.27295,9.46217,2.40385
516.4044,0.00718,9.13416,0.30168
516.4235,0.53392,9.28260,-0.79490
516.4498,0.22985,8.55474,1.16841
516.4631,0.20112,10.10384,1.05348
516.4805,-0.51477,10.95141,0.53632
516.5009,-0.80208,10.23074,0.51716
516.5234,-0.15563,9.50048,0.27055
516.5410,1.14925,9.96258,-0.39745
516.5605,0.18675,11.08310,-0.53632
516.5841,1.07982,9.17247,-1.95612
516.6008,-0.37111,10.30735,1.17798
516.6220,-1.19474,12.04320,2.30329
516.6437,0.99362,8.83727,1.44135
516.6625,0.20351,9.32091,0.16520
516.6851,-1.67360,11.17887,-0.82124
516.7185,-0.89306,10.45819,0.28013
516.7213,0.56265,8.92346,-0.23703
516.7409,0.77575,7.73111,1.54910
516.7634,-0.93856,10.82212,-0.30168
516.7811,-0.16281,9.30415,-0.09577
516.8010,-0.65124,8.66009,1.42938
516.8232,-1.91542,10.75029,0.52435
516.8522,-0.19633,9.81174,-0.32562
516.8605,2.16203,8.76544,-3.04312
516.8840,-0.36872,9.84047,0.37351
516.9005,-0.48364,12.04799,1.50600
516.9233,0.10056,9.75667,2.90426
516.9472,0.98405,8.99768,1.41262
516.9623,-0.58181,9.37359,3.07904
516.9921,-0.14366,10.89634,-0.62251
517.0124,-0.33520,9.28500,-0.84278
517.0221,-1.89627,11.14535,-0.79250
517.0417,-0.70152,8.63375,0.99841
517.0640,-0.34478,9.02642,0.77335
517.0829,-0.39266,10.72396,1.59698
517.1027,0.27774,9.27542,0.25858
517.1311,-0.10535,11.10465,-1.13967
517.1425,-0.49322,10.94184,-1.29530
517.1625,0.28492,7.35282,-0.90743
517.1864,1.51558,8.98332,-0.75180
517.2029,-0.31844,8.15251,2.17400
517.2225,-1.01278,11.45182,0.67758
517.2455,-0.44294,9.41908,0.26576
517.2758,-0.39027,10.02004,0.19872
517.2837,-0.22746,9.07191,0.43815
517.3049,1.32403,8.91628,0.11014
517.3224,0.18436,9.83329,1.21390
517.3430,-0.96250,10.91550,0.27295
517.3654,-0.04310,10.65452,1.67360
517.3832,0.95771,9.79258,-0.16760
517.4189,0.59617,8.56193,0.94334
517.4265,0.71349,9.14852,-0.01915
517.4442,0.22267,9.64414,1.08221
517.4634,1.12531,11.04958,1.53712
517.4852,2.93299,7.48211,-0.47407
517.5025,-1.76697,10.63776,0.61772
517.5228,-1.86753,9.16050,1.63290
517.5445,-1.04151,9.12219,-0.67519
517.5623,-0.02873,8.86839,1.16841
517.5822,0.47407,9.01205,-1.34798
517.6049,-0.54589,9.76864,-1.38868
517.6243,0.49561,9.54358,-2.26498
517.6443,1.23305,8.75347,1.69515
517.6661,1.37910,10.97536,-0.03591
517.6852,1.40783,10.13975,1.32643
517.7042,1.18756,8.99050,-0.04310
517.7255,1.06066,9.85962,2.15006
517.7437,-0.60336,9.40232,1.59459
517.7624,0.74941,9.32809,0.17957
517.7849,-0.38787,8.76544,-0.44294
517.8036,-1.06545,10.67607,0.19872
517.8270,0.47646,8.76783,-0.47885
517.8448,1.01517,9.26345,-0.27055
517.8624,0.87630,9.82850,-0.01437
517.8824,1.20671,8.87797,-0.40942
517.9046,0.35196,9.79977,0.60096
517.9243,-0.23224,10.04159,-0.09098
517.9438,-0.16042,10.28102,0.09577
517.9760,-0.38787,10.20919,-1.03193
517.9822,-0.07422,9.02642,0.04549
518.0024,-0.74462,11.42309,1.04630
518.0250,-0.70871,8.92586,0.06225
518.0439,-0.13887,10.62579,0.26816
518.0637,0.51477,9.69442,-0.73265
518.0862,0.60815,9.33049,1.41023
518.1153,0.11253,10.19243,-2.26738
518.1306,0.64885,8.25546,-2.66483
518.1445,-0.28013,9.28500,-1.79092
518.1633,0.28731,10.32651,-1.29291
518.1826,-0.95532,9.55316,2.50681
518.2083,-0.96729,10.50368,0.72547
518.2422,-0.58899,9.39513,0.13169
518.2548,-0.07901,9.94821,-1.07742
518.2646,-1.36234,10.40552,1.80528
518.2820,-1.61135,11.08549,1.22108
518.3024,-0.02155,10.07750,-0.97447
518.3253,-0.97926,9.94342,-0.26576
518.3426,0.10535,8.51883,0.31126
518.3845,0.62969,10.54918,0.79969
518.4088,-1.19474,10.40791,0.03591
518.4091,-0.73025,8.02082,-1.28094
518.4222,-0.43336,9.25148,1.17319
518.4446,-1.07264,10.62819,-0.86194
518.4639,-0.40942,9.58428,1.88190
518.4825,-0.16042,9.23951,-1.21390
518.5131,-0.75420,9.56752,1.18517
518.5230,-0.61293,10.19961,2.05429
518.5419,1.32403,8.54277,0.76617
518.5639,0.96968,9.00247,-0.71828
518.5816,-0.30886,10.07511,-0.80926
518.6021,-0.83321,10.60424,2.17400
518.6243,0.65843,8.40630,0.54589
518.6419,-0.21548,8.88755,2.23625
518.6616,-0.03591,10.08469,-1.03672
518.6843,0.75659,8.38475,-1.15165
518.7017,0.18675,10.72635,-0.67758
518.7219,0.03831,10.43425,-1.96091
518.7458,2.00161,8.54277,-3.76619
518.7639,1.60416,8.67925,-1.77895
518.7842,0.87630,9.00726,0.66561
518.8141,2.61215,9.57949,-1.35516
518.8232,-2.39906,10.90353,0.56984
518.8433,-2.54511,10.09666,2.41582
518.8646,-1.32643,8.91867,1.39347
518.8835,-1.65923,11.50210,1.54191
518.9037,-0.80687,8.56672,0.01197
518.9260,-0.56026,8.74389,0.66800
518.9440,0.21548,9.66569,0.06704
518.9639,0.70152,8.47813,-0.51477
518.9854,-0.29689,9.71118,-2.94975
519.0019,2.32963,10.00567,-1.52515
519.0224,0.40463,10.77424,1.32403
519.0463,0.28252,8.70558,-1.41023
519.0640,1.34558,8.71037,-0.87630
519.0981,-0.63209,10.49889,-0.43097
519.1044,-0.98884,8.27222,1.18038
519.1218,-0.91461,10.70480,-0.05986
519.1420,-1.38868,9.62977,0.16281
519.1647,-0.72786,9.40471,-2.75581
519.1821,1.55628,8.83966,-3.56268
519.2024,-0.22985,9.40711,1.57543
519.2313,-0.36393,10.44143,-2.92820
519.2417,2.36794,8.62897,0.05507
519.2617,1.11573,9.05515,-1.53712
519.2857,0.14126,9.65611,-0.43815
519.3036,-0.37111,10.93226,-0.21548
519.3233,-0.14845,7.08466,-0.78293
519.3461,-1.94176,10.53002,0.78293
519.3638,-0.78053,11.33689,0.87152
519.3822,-1.28333,9.77822,-1.52036
519.4044,-0.28013,9.90990,-2.15964
519.4219,0.58660,9.75906,0.13408
519.4423,-0.56265,10.24989,1.35037
519.4644,-0.64406,10.76705,0.64645
519.4849,-1.90345,10.39594,1.36713
519.5246,-0.74941,8.49728,-0.07901
519.5266,-0.56984,9.47654,2.56666
519.5419,0.09577,11.43985,1.06306
519.5659,0.64885,9.21556,-1.37192
519.5881,0.81405,9.42626,-1.41502
519.6057,-0.45491,10.53720,1.41262
519.6274,-1.03193,11.09028,1.97767
519.6505,-0.47167,7.84843,0.32083
519.6678,-0.51956,9.16050,-0.05746
519.6816,-0.14845,9.06712,1.90345
519.7043,0.68476,9.00726,-0.51956
519.7217,-0.11971,9.13655,1.04869
519.7444,-0.48843,9.58428,1.09418
519.7676,0.34717,8.41348,-0.11971
519.7983,1.08461,9.44541,-2.29372
519.8035,-0.17957,9.56752,-1.05588
519.8254,-0.60096,11.53322,-0.50280
519.8428,0.44294,10.10145,1.17080
519.8628,1.17080,8.86600,0.87870
519.8854,1.57783,8.20039,-1.07024
519.9051,-0.55547,10.24989,2.06626
519.9378,-0.73025,9.34007,3.19396
519.9457,-0.26098,9.04078,1.16122
519.9629,-2.07344,11.15732,-0.45970
519.9863,-1.04151,8.46616,0.23224
520.0062,-1.36474,8.91389,4.57546
520.0239,-1.28094,9.17007,1.87951
520.0444,-0.16760,9.00008,-0.70871
520.0790,-0.11014,10.63297,-1.19953
520.0839,1.19953,9.45499,-1.32164
520.1034,1.48684,10.21637,-2.32724
520.1252,1.40544,9.79737,-3.53395
520.1429,1.75740,9.23472,2.27217
520.1630,1.78613,9.18204,1.55867
520.1854,1.63050,9.42626,-1.78134
520.2066,1.24023,10.80297,-2.07584
520.2230,-0.29689,10.79339,1.47248
520.2452,-0.18675,10.81015,0.94334
520.2629,0.35914,10.78860,-0.46449
520.2830,1.18756,8.94262,-2.27935
520.3054,0.26576,8.77981,-0.08380
520.3237,1.00081,9.60104,-0.43576
520.3481,0.56505,8.94501,0.38308
520.3649,-0.48604,9.25387,-0.94095
520.3826,-0.41421,9.39274,0.96010
520.4033,-0.83081,10.04877,2.77496
520.4266,-0.33520,10.69044,-2.21949
520.4443,-0.80687,9.24669,0.28013
520.4669,0.04549,10.26426,0.40224
520.4995,0.25379,10.72875,-0.92898
520.5032,0.64406,9.68005,-1.61135
520.5228,1.46051,9.07670,-2.98327
520.5453,-0.20830,10.42707,-1.06306
520.5633,0.47167,10.19722,0.01437
520.5830,-0.35914,9.75906,0.50040
520.6068,-1.37192,10.58030,-0.11732
520.6391,-1.77416,10.72635,-0.60336
520.6431,0.47646,6.54355,0.58181
520.6653,0.11014,9.33528,-1.14207
520.6828,0.23943,11.20999,-0.73025
520.7043,0.25858,8.08786,-1.34319
520.7266,-0.11493,11.25788,0.62251
520.7443,1.03193,6.85720,0.00718
520.7751,-1.80528,12.69444,-0.60815
520.7850,-1.02954,10.32411,1.38150
520.8037,0.23703,8.91867,-1.16841
520.8227,-0.93616,10.20679,-3.21791
520.8466,0.94334,5.32726,-2.43498
520.8641,1.00799,9.07191,0.59378
520.9025,-1.37671,10.51805,-0.53871
520.9199,-0.19154,7.57788,0.59378
520.9230,0.28971,9.70400,-1.00560
520.9430,-0.83560,9.58189,1.69754
520.9646,-0.48364,10.59467,-0.28971
520.9823,-0.33280,8.99290,0.30647
521.0017,-0.79250,9.08388,1.41502
521.0387,-0.34717,9.36161,0.82363
521.0439,1.67599,7.81731,0.79250
521.0637,1.17080,8.93064,-1.90824
521.0866,-0.67758,11.86124,0.87870
521.1049,1.23545,9.51485,1.58262
521.1240,1.19235,9.16528,1.52994
521.1465,-0.25379,10.62579,1.14925
521.1643,-0.10056,10.00328,0.37111
521.1849,0.41900,9.47415,0.59617
521.2051,0.01437,10.91311,-0.53153
521.2222,-0.96489,9.04557,1.40544
521.2449,-0.02873,9.61541,-1.41741
521.2662,-0.59617,9.63456,1.93457
521.2838,-0.63448,9.97215,-0.41900
521.3060,0.20351,9.57471,0.15802
521.3409,0.20112,9.45020,0.45252
521.3425,-0.71110,11.00888,0.25379
521.3625,-1.68318,10.05595,-0.21070
521.3850,-0.73744,9.78780,2.36075
521.4026,-0.30647,10.79339,0.27774
521.4239,-1.89387,12.13897,0.86433
521.4465,-0.61772,8.13814,0.56026
521.4736,0.56505,8.91389,1.71909
521.4873,0.87870,9.10543,0.37590
521.5052,0.75180,9.64414,-0.05746
521.5227,-0.23703,12.78303,1.75740
521.5425,-0.55308,8.52122,0.79729
521.5649,0.15563,10.93465,1.37671
521.5836,0.89785,10.04159,-1.20911
521.6138,0.52913,8.22433,1.14686
521.6244,0.62969,10.37918,1.35755
521.6423,-0.18675,8.74629,0.72547
521.6624,-0.06943,9.52682,-1.95852
521.6863,-0.04070,11.64815,0.26098
521.7040,-0.21788,8.31532,2.36315
521.7261,-0.74701,9.51485,-1.01278
521.7468,-1.35037,10.42467,0.61054
521.7629,-0.52435,10.16609,2.89228
521.7831,0.60336,9.14613,0.62969
521.8059,1.01517,10.06314,-0.99602
521.8237,-0.07901,8.55235,0.76856
521.8439,-0.87630,10.93226,1.41262
521.8673,-0.43815,9.52443,3.43818
521.8841,-0.57941,8.65770,2.44695
521.9026,-0.06704,10.20201,0.04310
521.9269,-0.47167,10.51805,-0.96729
521.9440,-0.86433,9.77104,-1.94655
521.9654,-0.56265,9.96258,-1.30488
521.9897,-0.30647,9.33528,1.55867
522.0050,0.60096,9.35922,1.65205
522.0399,0.30647,8.84445,-0.73983
522.0459,-0.30407,10.58988,-0.30647
522.0635,-0.06943,10.12778,1.47248
522.0832,-0.95053,9.79737,0.06465
522.1058,-1.28812,10.43186,-0.28492
522.1252,0.11493,9.40950,1.26418
522.1547,-0.09338,9.06233,2.94017
522.1736,-0.02873,9.03839,1.19953
522.1852,0.63688,10.66171,-0.13887
522.2036,0.29450,9.99370,-1.03912
522.2259,-0.52913,10.05835,0.47167
522.2435,-0.65124,10.29299,3.00721
522.2651,0.09338,9.61541,1.95612
522.2872,0.05507,9.74949,0.82363
522.3066,0.03591,9.80216,-0.96010
522.3235,0.39027,9.28739,-0.57223
522.3456,0.69195,9.85484,-0.33041
522.3633,0.27774,8.80375,-0.64885
522.3869,0.19394,8.79417,0.28252
522.4097,-0.40942,9.29697,1.38629
522.4431,-0.76856,10.58748,1.62811
522.4462,-0.07901,10.28580,0.73265
522.4670,0.25619,9.74709,-1.04390
522.4838,-0.23703,10.54439,-0.18915
522.5053,-0.35914,9.92666,0.37830
522.5263,0.08859,8.89234,1.39107
522.5441,-0.13887,9.31852,-0.51956
522.5649,0.61293,10.37439,-0.70631
522.5914,-0.16042,10.47735,-0.92658
522.6037,-0.71589,11.02803,0.77575
522.6234,-0.19872,8.83966,2.06147
522.6451,-0.27534,9.83089,1.12291
522.6639,-0.45491,8.86839,1.58501
522.6840,-0.38548,8.64094,0.39745
522.7080,-0.83321,9.80216,2.07105
522.7239,-1.52036,11.45900,5.03516
522.7443,-1.40544,9.75906,1.58740
522.7662,0.08141,10.36242,-0.55068
522.7842,-0.28013,8.90431,-0.43097
522.8043,-0.39984,9.84765,1.27136
522.8266,-0.43097,10.37200,0.97926
522.8443,-0.15563,8.57629,1.88669
522.8654,0.44055,8.58587,-0.90025
522.8881,-0.64885,12.11024,0.54589
522.9064,-0.98165,9.85484,0.66800
522.9238,-1.32882,10.23553,1.02236
522.9481,-0.67997,8.77023,1.41980
522.9659,-0.78053,8.78459,-0.29928
522.9885,0.19633,8.83966,0.34956
523.0179,0.13169,10.65692,0.46688
523.0238,-0.65364,9.58428,2.57385
523.0439,-2.23146,10.72635,-0.16042
523.0666,-1.78373,10.30975,1.27854
523.0856,-1.50360,9.71836,0.22027
523.1057,-0.71589,9.74949,0.16760
523.1290,-0.35435,9.48133,0.45491
523.1670,0.50519,8.39193,1.78373
523.1672,0.23224,9.71118,0.60815
523.1880,0.66082,9.11979,-0.90025
523.2057,-0.26337,9.59625,-0.37351
523.2261,-0.56026,10.11342,0.78532
523.2505,-0.24661,10.31454,-0.09098
523.2828,-0.10295,10.75029,0.09577
523.3011,-0.31844,9.85244,-0.39745
523.3062,-0.94334,9.77104,0.59857
523.3256,-0.19872,9.17007,-0.02873
523.3440,-0.58660,9.36640,-0.00958
523.3666,-0.58181,8.87558,0.66082
523.3841,-1.05827,9.12937,0.37590
523.4062,-0.87630,9.08627,1.49642
523.4310,-0.77335,9.24190,1.40065
523.4440,0.22746,9.31133,2.03992
523.4642,-0.47167,10.15651,1.50839
523.4865,-0.19154,9.80455,-0.42139
523.5038,-0.15084,10.53720,-0.88349
523.5256,0.08141,9.87638,0.77335
523.5498,-0.45491,9.65372,1.76219
523.5671,-0.26098,10.24031,1.94415
523.5839,-0.44773,9.21317,1.46290
523.6064,-1.16841,10.25229,0.38308
523.6240,-0.17478,10.09187,-1.09658
523.6442,0.01915,9.91469,-0.15563
523.6667,-0.52913,10.41749,0.65843
523.6849,-0.26337,10.01525,0.79250
523.7123,-0.03113,8.82290,-1.09179
523.7315,-0.57941,9.79737,-1.52276
523.7437,-0.52435,10.36721,0.84518
523.7640,-0.29450,9.81892,-1.32882
523.7867,-1.12770,10.70001,1.45572
523.8059,-1.14686,11.58350,0.12211
523.8285,-0.26576,9.58668,0.04789
523.8469,-0.63688,9.98413,-2.53554
523.8637,0.33759,8.51883,0.17957
523.8844,0.32562,9.63935,-1.65444
523.9068,-0.35196,9.70400,0.51716
523.9256,-0.59378,11.29379,-0.16042
523.9457,-0.13408,10.20201,0.49561
523.9698,-0.18436,11.36323,0.82602
523.9890,-1.04630,10.64495,-0.30886
524.0068,-1.65684,9.35443,2.20992
524.0276,-1.27136,9.88117,2.33202
524.0452,-1.56107,8.63136,2.42301
524.0660,-1.44854,9.93145,-0.07901
524.0910,-0.91461,9.40471,0.02873
524.1243,-0.54589,8.79178,1.16601
524.1406,-1.50600,10.36003,2.86116
524.1486,0.13169,10.52763,1.75261
524.1667,-0.95532,9.22035,3.06946
524.1850,-1.37431,10.90592,-0.82842
524.2086,-0.34478,11.33929,-0.44534
524.2285,0.51237,8.44940,0.86433
524.2642,-0.89546,10.10863,2.57145
524.2791,-0.44055,10.02004,0.58660
524.2863,0.09817,10.35045,1.70951
524.3046,-1.08221,9.33288,-0.05746
524.3270,-0.15084,9.73512,0.26576
524.3460,-0.12690,10.07271,0.62730
524.3662,-0.94334,9.84526,0.13887
524.3900,-0.14605,8.50207,0.93377
524.4184,-0.88349,10.37679,0.45012
524.4263,-0.79011,10.20201,0.61772
524.4478,0.05028,9.30894,-0.62012
524.4651,-0.25140,9.87160,0.37590
524.4877,-0.37351,9.18923,0.05746
524.5090,-1.06545,10.71917,0.28731
524.5267,0.07183,9.85723,0.04789
524.5475,0.89546,10.18046,-0.10056
524.5673,-0.62491,9.59625,0.45252
524.5878,-0.21070,10.44622,0.50519
524.6049,0.26337,10.04159,0.48125
524.6289,0.04310,9.46696,-0.11971
524.6486,0.07183,9.50767,2.49723
524.6830,0.25379,10.21158,0.81884
524.6982,0.19633,9.51485,-0.04310
524.7045,0.08141,11.32731,-0.68955
524.7245,0.33041,8.68164,0.25140
524.7472,0.80448,8.26264,-0.50280
524.7650,-0.07901,10.30975,1.45811
524.7870,-0.00958,8.70079,1.90584
524.8378,1.15404,10.13736,-1.62332
524.8381,0.71110,9.36161,0.83081
524.8539,-0.12211,10.24271,0.01437
524.8696,-0.28971,10.09905,1.04390
524.8855,0.30647,9.09585,1.23784
524.9075,0.49801,10.46059,0.84278
524.9279,0.54111,10.58509,-0.58660
524.9456,1.20671,10.20201,-1.58501
524.9774,-0.10535,9.84047,-1.63050
524.9882,-1.68078,10.75029,2.37751
525.0073,-0.91461,9.68724,2.76778
525.0259,-0.16042,8.99050,1.48206
525.0482,-0.47646,9.28979,1.08221
525.0657,-0.48604,8.98332,-0.14366
525.0874,-0.59378,11.34168,0.21548
525.1171,-1.02236,10.31693,1.38150
525.1277,0.17478,9.23711,-0.29210
525.1456,-0.21309,10.09187,-0.54350
525.1680,-1.11573,8.52122,1.47008
525.1857,-0.68476,10.46059,1.47487
525.2057,0.08619,9.58428,2.85876
525.2289,0.18436,9.37119,1.45572
525.2584,0.75899,11.39196,-1.35277
525.2676,0.02634,10.69044,-1.95373
525.2877,-0.67519,10.55396,-0.24900
525.3054,-0.54350,9.77582,0.93377
525.3259,-0.30886,10.31454,1.17319
525.3488,-0.57223,8.71995,1.79810
525.3861,-0.30168,9.55316,1.20911
525.4020,0.11253,8.92586,1.33601
525.4078,-0.49561,10.92508,1.11094
525.4257,0.52435,9.23951,0.51716
525.4473,1.38629,8.04955,0.21070
525.4680,-0.39745,11.87321,1.86993
525.4856,0.29928,8.33447,-0.10295
525.5179,-0.64645,10.72156,-0.10056
525.5367,-1.10855,11.41111,0.29928
525.5461,0.17957,8.30813,3.15087
525.5654,-0.16760,10.34806,2.01598
525.5877,-0.21309,10.11102,1.52036
525.6069,0.29689,10.32890,1.73824
525.6268,-1.13728,9.66090,1.45093
525.6505,-1.66881,10.44143,3.86197
525.6677,0.26576,9.17965,2.82764
525.6866,-0.77335,10.35524,1.92260
525.7078,0.17957,9.89793,1.09418
525.7259,1.31446,8.99290,1.29530
525.7455,0.14845,8.78459,1.53952
525.7711,-0.26576,10.19482,2.12851
525.7879,-0.45491,9.34964,1.49642
525.8174,-0.08141,9.61062,0.22027
525.8284,0.54589,9.65132,0.04310
525.8455,0.05746,9.54358,-0.22985
525.8653,0.11732,10.38876,2.02077
525.8879,0.03113,9.85484,1.98007
525.9055,-0.53392,9.56273,2.73905
525.9290,-0.61293,11.37281,2.93778
525.9529,0.48843,9.30894,2.18837
525.9716,0.04070,9.77582,2.31287
525.9888,-0.65364,11.14056,0.10295
526.0089,-0.85715,10.25229,0.01676
526.0267,-0.17957,10.18764,1.84120
526.0465,-0.88349,9.58668,0.34478
526.0686,-0.40224,9.56992,1.87232
526.0928,0.32562,8.99529,-0.01437
526.1065,-0.47885,8.28898,1.65923
526.1301,-0.87391,9.90033,1.88669
526.1467,-0.01676,9.62977,1.71191
526.1671,-0.10056,9.04318,1.88429
526.1899,-0.10295,9.57471,2.52117
526.2090,-0.43576,11.24351,0.94574
526.2276,0.03831,10.47735,1.68557
526.2493,-0.07183,10.70480,0.19394
526.2666,0.20351,8.97135,1.15643
526.2875,0.02873,10.72396,0.80926
526.3101,0.18436,9.81413,-0.12450
526.3278,0.28492,9.24190,-0.51477
526.3479,-0.07901,10.51326,0.85715
526.3781,-0.30647,10.41510,-0.24661
526.3862,-0.11493,8.92586,0.52913
526.4059,-0.49322,9.80216,1.54910
526.4285,0.18675,8.39672,4.30012
526.4478,-1.18995,11.30577,2.15724
526.4675,-0.82124,10.11342,2.32484
526.4925,-0.16999,9.25148,2.25062
526.5154,-1.12531,10.40073,3.01439
526.5281,-0.16042,9.68963,2.79651
526.5485,-0.05746,9.17726,0.44055
526.5659,-0.13887,9.58668,0.97447
526.5862,0.01915,9.73752,1.22108
526.6086,0.33041,9.15571,1.27854
526.6263,0.08380,10.43425,1.88429
526.6566,-0.52913,11.09268,1.96570
526.6683,0.89067,9.59386,1.04630
526.6864,0.99362,9.45020,0.88588
526.7084,0.62012,10.47016,-0.12690
526.7289,-0.11971,9.28260,-0.03113
526.7466,-0.20112,10.81494,0.76138
526.7673,-0.81884,9.39035,-0.61054
526.7942,-0.96968,9.70160,1.80289
526.8077,-0.16042,9.30894,-0.72307
526.8262,-0.81405,10.35045,0.50998
526.8498,0.19154,8.76783,-0.57463
526.8677,1.84838,10.03441,1.49163
526.8879,0.12450,9.83568,0.23943
526.9105,-1.61374,10.31214,2.66004
526.9307,-0.81405,9.62738,1.42220
526.9470,-1.38629,9.58668,1.89387
526.9686,-1.78613,11.64096,2.22428
526.9861,-0.44294,9.33528,0.88109
527.0064,-0.73265,9.04557,-0.82842
527.0300,-0.90982,9.46936,2.46850
527.0477,-0.73744,10.71677,0.77096
527.0764,-0.72547,11.08789,0.55068
527.0924,-0.08619,8.44461,2.01598
527.1061,-1.66163,9.30415,2.98327
527.1262,-1.36234,10.65452,1.54431
527.1486,-0.55068,8.67685,1.81725
527.1679,-1.62332,11.48534,0.66800
527.1880,0.22027,9.73991,0.56505
527.2181,-0.35675,9.35683,1.03912
527.2280,-1.23784,11.04718,-0.25140
527.2454,-0.58420,8.79417,1.07024
527.2686,-1.34079,9.91709,2.97608
527.2860,-1.66881,9.68245,1.79810
527.3077,-1.59459,8.64333,2.01837
527.3300,-1.26178,10.02483,0.80448
527.3491,-1.53473,11.06394,0.99602
527.3658,-0.75180,8.41348,-1.41023
527.3884,-0.40703,9.33767,-0.20591
527.4058,-0.33280,9.62977,0.52435
527.4280,0.08141,9.05994,-0.70871
527.4501,0.74701,9.07430,1.08221
527.4679,-0.77096,9.11022,0.00479
527.5002,-1.53952,9.34725,0.92180
527.5090,-2.26977,10.74311,3.09580
527.5261,-1.40544,10.46298,1.25939
527.5463,-0.22746,8.15011,1.44614
527.5689,-1.28812,11.45182,-0.46210
527.5865,0.03831,10.12778,-0.42379
527.6080,0.01197,9.63456,0.55787
527.6429,-0.19394,9.26105,-0.46928
527.6461,-0.28492,9.40950,0.37351
527.6661,0.11493,9.77822,-0.34956
527.6884,0.11253,9.93863,0.11253
527.7071,-0.49083,9.13655,0.59857
527.7260,-0.38787,9.99849,0.59857
527.7512,-1.07742,9.91709,2.15245
527.7799,0.33520,9.44302,-0.58420
527.7856,0.32802,9.96737,-0.67997
527.8080,0.09098,10.14454,-0.77335
527.8257,0.58181,8.90431,-1.16122
527.8474,-0.44294,9.49569,-0.88588
527.8706,-0.39984,9.59865,0.05986
527.9038,-0.42618,10.85325,0.35435
527.9208,0.35914,10.47256,-1.28333
527.9283,0.89785,9.30176,-0.52674
527.9458,0.32562,9.68963,-0.47407
527.9657,0.38308,10.62340,1.75500
527.9897,0.39984,10.00328,0.54829
528.0071,0.40224,10.92986,1.76937
528.0274,0.98165,9.87399,1.00560
528.0562,0.54829,9.88596,-0.75180
528.0662,1.34079,9.41429,0.40463
528.0861,0.78293,9.10543,1.76458
528.1094,0.31126,9.22993,0.09338
528.1272,0.55308,9.71118,2.45413
528.1473,0.71110,9.30894,1.07742
528.1694,1.00560,8.99290,0.93616
528.1976,0.74701,9.94103,2.45174
528.2102,0.99362,8.95219,2.87074
528.2283,1.47966,9.60583,1.68078
528.2458,1.01278,9.49809,2.20273
528.2662,0.69913,10.27862,2.12612
528.2886,0.83560,9.87399,2.05429
528.3060,0.24661,9.57471,1.14207
528.3335,-0.08380,9.39992,-0.06465
528.3482,0.12211,9.02163,0.02873
528.3654,-0.75899,10.16609,-0.03352
528.3857,-0.79490,9.93145,1.20432
528.4081,-0.17239,9.54358,1.41262
528.4255,0.14845,8.54756,-0.65364
528.4453,0.01676,9.34725,-1.13728
528.4684,-0.67519,10.36482,-0.29210
528.4843,0.37830,8.96656,-0.41900
528.5045,0.31604,10.24750,-0.62730
528.5269,-0.52913,10.53241,0.43576
528.5444,0.13408,10.25229,-0.60336
528.5644,0.36393,9.93385,0.10295
528.5906,-0.42379,10.40073,0.35675
528.6057,0.78532,9.79498,-0.80208
528.6254,-0.11732,9.96497,0.02634
528.6480,-0.24422,9.72794,-1.18995
528.6685,-0.15323,9.69921,0.20112
528.6862,0.04789,9.51724,0.88349
528.7115,0.59857,9.42147,0.11971
528.7444,0.93377,9.36161,1.65684
528.7580,0.11014,10.39115,0.86912
528.7681,0.77335,9.92427,-0.04789
528.7863,0.88109,9.96976,0.94334
528.8062,0.36872,10.08708,2.58821
528.8279,0.98884,9.78061,1.98964
528.8455,0.58420,10.36003,1.90345
528.8676,0.00718,9.66808,2.43498
528.9018,0.28252,10.09426,2.70074
528.9071,-0.39027,9.81653,2.47089
528.9256,-0.97208,9.13176,2.94017
528.9481,-0.49322,9.62020,3.44536
528.9673,-0.18915,9.53161,1.64487
528.9874,-0.62969,9.15571,1.10137
529.0114,0.11014,8.97614,1.29770
529.0298,-0.19394,8.99290,1.07982
529.0550,-0.17957,8.85882,2.04232
529.0684,-0.17478,9.31133,1.90105
529.0855,-0.39027,10.11342,1.57064
529.1056,-0.40942,9.95539,0.55308
529.1283,-0.26576,9.99131,0.51237
529.1460,-0.29689,9.63696,-0.10056
529.1669,0.11493,9.47175,0.32323
529.1882,-0.48604,8.91389,-0.02634
529.2056,-0.16520,10.02483,-0.01676
529.2278,0.31604,10.24989,0.33520
529.2503,0.20351,9.44541,1.22108
529.2679,0.10056,10.52763,1.28812
529.2870,0.26576,10.11342,2.12851
529.3135,0.56265,10.18285,1.10615
529.3293,0.03831,10.41749,1.88908
529.3456,0.35675,10.08947,2.68159
529.3679,2.07823,8.61221,1.72148
529.3857,0.74701,8.62178,2.04950
529.4057,0.11971,8.80854,3.22269
529.4297,-0.75659,10.17567,3.59860
529.4520,-1.63290,10.14694,1.03672
529.4662,-1.07264,10.38158,0.96010
529.4877,-1.88190,9.37359,3.19875
529.5054,-0.50040,9.68963,-0.00479
529.5268,-0.81884,9.33049,-1.06785
529.5491,-0.49561,8.98811,0.79969
529.5670,-0.11253,10.18524,-0.80448
529.6000,0.53871,10.13496,1.60656
529.6111,0.84039,9.08388,-0.39266
529.6255,0.24900,9.79019,2.80609
529.6459,0.34717,9.18923,3.04791
529.6694,0.90982,8.30095,2.95693
529.6873,-0.79969,10.54918,2.90665
529.7096,-0.45252,8.82769,2.28414
529.7440,-2.40864,12.35206,1.18038
529.7466,-1.61374,11.17408,0.79729
529.7656,0.47167,7.81012,-1.24263
529.7899,-0.25858,10.62340,-0.60336
529.8076,0.22027,8.53320,-0.34717
529.8277,0.23703,10.02004,0.89306
529.8691,-0.53632,9.96018,-0.50519
529.8691,-0.20112,9.26824,2.31766
529.8873,0.92180,10.50847,-2.20752
529.9079,0.67758,9.57231,1.48924
529.9255,0.95292,10.63776,-0.61772
529.9467,0.29928,8.90670,1.83641
529.9693,1.98964,9.02642,-0.21070
529.9874,-1.00081,8.33208,0.49083
530.0067,-1.35037,11.12619,1.61853
530.0278,-0.90504,9.88357,1.26657
530.0456,-0.14366,9.66569,1.16362
530.0656,-0.18196,9.58428,-0.27774
530.0897,-0.22506,9.15810,1.05348
530.1092,-0.39984,10.76466,0.98405
530.1266,-0.22267,9.92906,2.69595
530.1575,-0.39745,8.79896,2.10457
530.1669,-1.77655,11.40154,2.83003
530.1870,-1.08940,9.42147,3.32804
530.2075,-0.55308,9.72076,2.86595
530.2269,-1.47966,9.74949,2.11893
530.2472,-0.54111,9.52443,1.02236
530.2715,-0.79250,9.16289,1.45093
530.2903,0.78293,9.02402,-0.22746
530.3062,1.11094,8.54756,0.08141
530.3284,-0.25140,10.29299,2.08541
530.3476,0.07901,10.04638,1.15165
530.3682,0.91222,8.42066,0.99362
530.3964,1.09418,9.32091,1.86993
530.4214,0.22746,9.60104,3.12213
530.4380,-0.36154,10.83888,3.54832
530.4485,-0.83560,10.91311,1.38629
530.4661,-1.38629,8.43503,1.69036
530.4863,-1.80768,10.63776,3.39748
530.5086,-1.23305,10.66889,2.12612
530.5262,0.15084,9.67526,2.05429
530.5466,-0.31604,11.38238,1.23305
530.5719,0.66800,8.03519,2.88271
530.5860,0.65603,9.24430,0.86433
530.6062,0.63688,9.57471,1.90584
530.6286,0.90025,9.42865,0.48843
530.6464,-0.20112,10.47256,2.34160
530.6669,0.24422,11.10225,2.31287
530.6943,0.73504,8.61221,-0.44534
530.7061,0.81884,9.81174,0.74941
530.7261,-0.07901,9.44541,2.69595
530.7521,-0.41182,9.91230,2.37991
530.7701,0.33999,9.29457,0.76377
530.7900,-0.29210,11.28182,0.47407
530.8300,-0.49801,9.48851,1.77416
530.8303,1.66163,10.60424,3.36874
530.8476,-0.23464,13.01767,1.50839
530.8690,1.52994,10.84846,0.55787
530.8859,2.27696,8.62178,1.24742
530.9064,0.10535,10.16130,1.33361
530.9299,0.81405,8.89473,1.38868
530.9464,-0.53871,10.02243,1.84120
530.9712,-0.10056,8.69601,2.55230
530.9882,-0.00958,9.44541,0.49322
531.0060,1.38629,9.15092,-0.06943
531.0278,-0.02873,9.78540,0.01197
531.0499,-0.08619,9.71597,0.77335
531.0677,1.62811,8.28419,1.35755
531.0875,0.57941,9.28021,1.32643
531.1170,0.20830,10.15412,1.47008
531.1260,0.84518,9.42626,4.43180
531.1461,-0.04549,9.77104,1.10855
531.1682,-0.21548,9.84286,1.55628
531.1859,0.46928,10.17088,0.11493
531.2077,0.83800,10.68325,0.33759
531.2490,0.62491,9.87878,0.75899
531.2496,0.76617,9.90512,2.02316
531.2659,0.62491,8.99529,1.88908
531.2884,-0.66800,9.71118,2.18358
531.3059,0.18915,10.03201,-0.98165
531.3260,0.89306,9.71357,0.35914
531.3484,0.04070,9.87399,0.94095
531.3690,1.37192,8.58826,0.02394
531.4009,1.96809,8.79896,-1.18038
531.4086,1.08700,8.28419,-0.63209
531.4258,0.57223,8.49010,1.30727
531.4457,0.52674,8.47334,1.78852
531.4686,0.87630,8.26743,1.97288
531.4863,-0.10295,9.54358,2.46131
531.5068,-0.18675,7.17325,-0.73744
531.5308,-0.23224,8.50925,3.14608
531.5461,-0.56505,10.22834,1.00320
531.5660,0.79969,7.85801,-2.23865
531.5879,5.68640,9.90512,-0.24900
531.6058,0.36632,9.56273,3.19396
531.6270,-3.92182,13.26907,2.77496
531.6484,-0.48604,12.79500,2.41822
531.6678,-0.69673,10.76227,3.91943
531.6859,-1.37910,8.96656,3.26579
531.7100,-0.43576,10.32890,3.34720
531.7277,0.69913,8.39672,3.94098
531.7460,0.61533,10.94902,1.69275
531.7718,-2.30808,7.33845,1.68078
531.7885,0.39984,9.54597,0.44055
531.8190,3.12692,8.11420,4.57785
531.8293,-1.75740,10.59706,0.79969
531.8474,-1.48924,11.48055,0.61772
531.8672,-0.30168,9.11979,3.20354
531.8896,-0.87152,8.81572,3.53395
531.9073,-0.16042,9.10543,3.71831
531.9276,0.69913,9.10064,2.09260
531.9568,1.19714,9.65132,0.51477
531.9659,0.83321,9.79019,1.60416
531.9890,0.89546,9.62738,2.31287
532.0093,0.80448,9.42387,2.34400
532.0257,0.64645,9.32570,2.83961
532.0475,0.97208,9.24669,2.66722
532.0771,1.14925,9.96737,2.42301
532.0934,0.18436,9.56034,3.65127
532.1057,-0.03113,10.02243,4.14449
532.1280,-0.28013,9.50288,3.17960
532.1454,0.25858,9.29936,1.59938
532.1672,0.72547,10.08708,1.00799
532.1898,0.09098,9.69202,1.68557
532.2086,0.92658,9.62020,1.59459
532.2380,0.50998,9.21796,0.79011
532.2482,0.73504,9.27781,1.78134
532.2659,0.11014,9.78061,1.89148
532.2858,-0.02394,8.92825,2.80609
532.3082,0.16520,9.64174,2.06865
532.3259,0.01676,10.26426,0.47646
532.3470,1.24742,9.27542,1.38150
532.3809,1.41980,9.52443,1.39586
532.3859,1.40065,9.45978,1.59938
532.4060,1.31206,10.24031,1.62571
532.4286,0.81166,10.21398,1.66881
532.4472,0.77575,10.15172,2.86595
532.4673,0.88828,9.22514,3.38550
532.4902,0.69195,8.90670,2.71990
532.5074,0.62251,9.67766,2.22907
532.5283,0.14845,9.66569,1.81007
532.5480,-0.06225,9.36880,2.54511
532.5659,0.96489,8.49010,0.80687
532.5875,0.88588,10.61382,5.85161
532.6096,2.42779,10.34327,-0.21548
532.6272,1.01757,7.55394,3.85718
532.6477,-0.55787,10.66171,3.38072
532.6691,-0.70152,9.01923,5.61936
532.6866,0.16042,8.97614,3.39029
532.7065,0.65364,9.75188,2.47568
532.7295,0.43336,9.11979,0.90982
532.7468,0.85476,10.13496,1.06785
532.7670,0.91461,10.47256,0.84039
532.7965,1.30009,9.08148,0.58181
532.8066,0.53871,8.55953,5.77739
532.8267,1.97528,14.13340,-2.49005
532.8489,0.54589,6.52440,3.90506
532.8668,1.14686,11.80138,-2.42061
532.8881,1.67839,7.54197,2.46131
532.9109,0.48604,10.25229,1.44135
532.9342,1.55388,8.81093,0.10295
532.9464,2.31287,10.19722,-0.79490
532.9707,1.03672,9.43344,2.19555
532.9872,1.44375,9.84526,1.60177
533.0071,2.03513,9.98173,1.64726
533.0304,1.89387,10.10384,1.91542
533.0482,1.80049,9.92188,3.07185
533.0869,1.48924,10.51565,1.93697
533.0896,1.80768,10.20201,1.72627
533.1084,1.30967,9.99131,2.88271
533.1266,1.19235,10.00567,3.63690
533.1490,1.48684,9.74230,3.11974
533.1685,0.92898,9.39992,1.93697
533.1866,0.82602,10.34327,3.05031
533.2222,1.00081,10.45101,2.22907
533.2266,0.67758,9.74230,1.92260
533.2468,0.73983,10.54199,1.30249
533.2703,0.76138,9.16768,1.35995
533.2883,2.11893,9.26345,1.16122
533.3083,1.79092,10.42467,1.98485
533.3334,2.01837,7.29057,1.74782
533.3502,2.84919,10.55157,0.08859
533.3669,1.19714,10.51565,0.05267
533.3892,1.64487,10.36003,1.18038
533.4064,2.63849,10.71677,-0.23703
533.4265,1.95852,10.11821,-0.10535
533.4493,1.93218,9.36401,1.63050
533.4880,1.07024,9.79977,2.53075
533.4880,0.83800,8.60742,1.78852
533.5089,-0.11732,9.25627,1.28333
533.5276,2.09020,8.86361,0.36393
533.5480,1.70712,8.77262,1.58501
533.5693,0.90743,11.11662,1.61853
533.5894,0.38308,10.21637,2.29611
533.6085,0.98405,9.63935,3.08861
533.6396,1.09418,10.70480,0.95053
533.6465,0.92898,10.22116,1.84599
533.6665,1.01757,9.62020,2.55230
533.6889,0.91222,8.84685,2.94735
533.7064,0.43576,8.94980,3.29931
533.7272,0.75180,10.51565,1.64247
533.7491,0.97926,11.02085,1.97528
533.7667,0.42618,10.05117,3.51958
533.7873,1.34079,9.35683,1.10137
533.8088,0.97447,9.73752,1.44135
533.8289,1.03433,10.34566,1.41502
533.8485,1.41262,9.82850,3.32565
533.8707,1.64966,10.05835,3.45254
533.9044,1.49882,9.90751,2.62652
533.9225,1.82683,9.22275,2.80130
533.9297,2.04950,9.39513,1.69754
533.9464,1.00320,10.80776,2.12612
533.9662,1.73824,9.63456,2.21710
533.9890,1.83162,9.94582,2.13090
534.0064,2.39427,9.29218,2.20992
534.0264,2.52596,9.13416,2.71271
534.0501,2.54033,9.71597,1.53234
534.0663,2.15245,9.60822,1.74782
534.0861,1.47966,9.55076,2.26738
534.1089,1.62092,9.30415,1.79331
534.1279,1.38150,8.80854,1.84599
534.1481,1.63529,9.07191,1.54191
534.1894,1.88908,9.25148,0.51956
534.1896,1.69515,8.97135,0.11971
534.2074,0.84278,9.91230,0.70871
534.2293,2.26020,9.59625,1.29530
534.2468,4.34321,9.31612,-0.33280
534.2679,4.00562,9.40471,-1.12770
534.2892,2.33442,9.62259,1.56346
534.3091,2.27217,10.70480,0.41900
534.3399,3.57944,8.72474,1.67120
534.3492,2.06147,10.52523,1.33601
534.3657,2.50441,9.98413,1.55867
534.3860,2.12372,10.24989,1.87232
534.4085,1.37431,10.38158,3.22030
534.4280,1.43417,9.87638,1.91542
534.4491,1.33361,9.78301,2.94256
534.4808,0.68716,9.40711,2.66962
534.4860,2.74623,10.01525,0.69434
534.5064,3.00242,9.51724,0.67758
534.5289,3.58184,9.41429,-0.73025
534.5472,2.52357,9.28260,0.23703
534.5678,2.35597,9.66569,0.49801
534.5915,2.83243,9.60344,0.13169
534.6091,2.22907,9.24669,1.44135
534.6262,2.53793,9.47415,1.35755
534.6503,2.03274,8.96177,2.18837
534.6678,1.06066,11.41351,2.01119
534.6898,2.65286,10.84606,0.36632
534.7122,2.62891,10.13257,1.09418
534.7476,1.16362,9.63696,1.73345
534.7612,2.24822,8.42066,1.57064
534.7702,2.61934,8.30334,1.58022
534.7874,1.79092,9.07191,1.33601
534.8076,2.08781,9.44063,1.42459
534.8297,2.39906,8.82530,1.78613
534.8842,2.29850,9.97694,2.31526
534.8976,1.89148,9.12937,1.38629
534.8976,2.13569,10.02722,1.60656
534.9146,2.06386,9.60583,1.62811
534.9319,2.24344,10.53002,1.49163
534.9542,1.95612,9.54119,2.42301
534.9658,3.06707,10.53960,-0.62730
534.9871,2.88750,9.81174,1.55867
535.0101,2.64328,9.96976,0.10295
535.0280,2.74384,10.53002,1.46051
535.0468,2.37512,9.89314,-0.37351
535.0690,2.52835,9.12698,-0.52435
535.0886,2.54990,10.73832,0.45731
535.1069,2.40625,10.07032,-0.44294
535.1292,3.58184,9.24669,-0.33041
535.1661,3.01918,9.34964,0.23703
535.1691,1.83880,9.78540,1.42699
535.1913,2.26498,9.94103,-0.12690
535.2070,3.20354,8.48770,1.29770
535.2280,3.10059,8.40869,0.29450
535.2509,2.88271,8.98092,0.02634
535.2686,2.49244,9.67766,0.45731
535.2894,2.80130,8.83487,1.86275
535.3107,3.02636,9.20359,2.37991
535.3268,1.96570,8.79178,1.89627
535.3470,2.07105,10.13736,0.21788
535.3693,2.47568,9.83568,1.54910
535.3871,2.86595,9.86441,1.87951
535.4073,2.38230,9.84286,1.62332
535.4298,2.93778,9.81174,1.61374
535.4521,3.61296,10.38876,2.20992
535.4670,2.85158,9.34964,0.76377
535.4892,3.00721,9.19162,1.51797
535.5070,2.65046,10.54918,1.02714
535.5273,2.23625,10.00089,0.79011
535.5510,2.68877,9.86920,1.86275
535.5690,2.12133,9.51485,0.21070
535.6000,2.39906,9.37837,0.04789
535.6097,2.70792,9.86202,1.22108
535.6271,3.10298,8.99768,0.37111
535.6470,3.40705,8.82051,0.70152
535.6700,3.20593,8.87797,0.04789
535.6870,3.34720,9.17486,1.06785
535.7080,3.98886,9.02642,2.32245
535.7393,3.12453,9.27542,1.93697
535.7466,3.58184,10.06793,1.02236
535.7672,3.25861,10.56115,0.86673
535.7891,2.70074,11.03761,0.87870
535.8082,3.17002,9.71597,1.32164
535.8279,3.51001,10.40791,1.01278
535.8492,3.10777,10.65452,1.41262
535.8677,3.56747,10.06793,0.96010
535.8891,3.63211,9.64893,1.31685
535.9100,2.91623,9.83568,1.66642
535.9286,2.71032,9.96497,2.43019
535.9476,3.00242,9.62259,1.52515
535.9698,2.68398,10.27383,1.74064
535.9985,3.22748,10.27862,0.05986
536.0111,4.07745,9.95300,0.16760
536.0300,3.80211,9.71597,0.63688
536.0474,3.47888,9.27303,0.32562
536.0673,3.88591,9.56034,0.25379
536.0909,3.72310,9.63935,1.34798
536.1075,3.88591,9.61301,0.72786
536.1275,3.19157,9.79019,0.08141
536.1498,4.11576,10.38158,-0.40703
536.1678,3.46691,9.81653,-0.02634
536.1882,3.37114,10.17327,0.12211
536.2106,3.04073,10.23313,1.05109
536.2282,3.12932,9.64653,-0.66800
536.2492,3.39508,9.94582,0.55547
536.2718,2.51638,10.96817,-0.24661
536.2914,1.78613,10.91311,-1.37910
536.3112,3.39269,8.27701,-0.01676
536.3315,3.25621,8.25067,-0.08380
536.3477,3.51240,8.27461,-0.00718
536.3677,4.05590,8.86839,-0.57223
536.3922,3.33044,9.58907,0.53153
536.4105,3.52916,9.12219,-0.11971
536.4481,3.18917,8.35123,1.02954
536.4500,3.44536,9.97934,1.03672
536.4678,3.02157,9.00487,1.59698
536.4875,2.28653,9.65850,1.21390
536.5101,2.54751,9.77343,0.68955
536.5278,2.77975,9.73273,0.17957
536.5491,3.10777,9.48851,0.16281
536.5722,2.89947,9.96258,0.13169
536.5909,2.95693,10.44622,-0.44534
536.6094,2.45174,11.64575,0.40942
536.6317,3.06228,9.31133,0.53632
536.6513,3.86675,8.68403,1.79092
536.6692,3.51719,8.78938,2.36315
536.7102,3.74704,9.29457,3.26340
536.7104,3.66563,9.63696,2.01598
536.7303,2.61934,9.72794,1.66881
536.7511,2.79651,10.26904,1.60895
536.7696,3.35198,9.52682,2.93778
536.7889,3.36874,9.13176,2.84679
536.8111,3.35438,9.05754,2.32484
536.8298,3.23227,9.61780,0.56984
536.8544,3.47170,8.71516,1.14207
536.8719,3.67761,9.47893,1.43178
536.8946,3.29692,9.21796,1.57783
536.9088,3.08861,9.69442,2.57863
536.9340,2.64328,9.74709,0.11971
536.9501,3.40945,10.31214,0.33041
536.9707,3.44297,9.64653,1.51079
536.9999,2.83003,8.97853,1.27375
537.0084,3.03833,9.55795,0.49083
537.0286,3.44536,9.32331,1.91303
537.0510,2.90186,8.81572,1.84120
537.0688,3.58184,10.20919,2.08302
537.0888,2.95214,8.79896,1.13728
537.1118,1.66881,9.96976,2.40385
537.1414,2.07584,9.89075,0.22746
537.1485,2.50441,9.47893,0.66800
537.1705,2.31287,9.30176,0.14126
537.1885,4.10379,9.51964,-0.99362
537.2084,3.78056,9.69921,-0.15084
537.2308,3.65845,9.85005,-2.15485
537.2491,3.27776,10.28580,-1.34079
537.2780,2.99524,11.15014,-1.56825
537.2926,2.81088,9.52921,-0.29689
537.3144,2.82524,9.98891,-0.63688
537.3289,2.61455,9.35922,-0.65603
537.3535,2.74623,9.65611,0.81405
537.3710,3.80690,9.59146,-0.04549
537.4064,3.66085,9.17247,-0.60815
537.4200,3.01679,9.08388,-0.48604
537.4286,3.54353,9.46217,-0.20112
537.4485,3.94098,9.77104,1.53952
537.4714,3.29931,9.50527,-0.28731
537.4888,2.74384,10.65931,-1.63290
537.5090,2.93778,9.78780,0.07662
537.5345,3.11256,10.27383,0.83321
537.5529,3.52916,9.53640,0.21070
537.5701,3.15805,8.89713,0.19633
537.5906,3.77577,9.24669,0.26098
537.6086,3.48606,9.12219,0.31126
537.6298,2.81806,8.68164,1.36234
537.6524,2.91862,10.11342,1.43656
537.6701,3.29692,10.05835,0.79969
537.7034,2.65046,10.32172,-0.39506
537.7125,2.35836,10.92029,-0.27774
537.7291,3.63211,10.46537,0.06465
537.7484,3.39508,9.33049,-1.09658
537.7707,2.98087,9.09824,-1.21629
537.7884,3.22748,9.10303,-2.32005
537.8120,3.17481,10.54918,-0.44294
537.8448,2.51159,8.84924,-1.27615
537.8483,2.12372,10.01046,-0.79011
537.8682,2.84440,9.25387,-0.76617
537.8918,2.37273,10.15172,-0.35435
537.9088,2.16442,9.93385,-1.12770
537.9299,2.57385,10.40791,-0.25858
537.9515,3.47649,9.45499,-1.16122
537.9708,2.51399,10.77184,-0.66082
537.9907,2.10696,9.43344,-1.67360
538.0109,2.92820,9.41189,-0.81405
538.0286,2.92580,8.64333,-0.89306
538.0488,1.94894,9.75906,-0.79250
538.0724,2.16921,9.25148,-0.83560
538.0930,3.23467,9.73273,-0.07901
538.1106,2.65286,9.06233,0.15084
538.1304,1.57783,9.62259,0.63448
538.1483,2.41103,10.02483,-0.14605
538.1702,2.59061,10.09426,0.40703
538.1925,2.05429,10.41988,0.30886
538.2084,1.66402,9.28500,0.42858
538.2457,2.76778,10.10145,0.39027
538.2588,1.75979,10.26904,-0.01437
538.2679,1.61374,10.97775,-0.90264
538.2883,2.49483,8.41109,-0.24661
538.3123,2.96172,9.12937,-0.50519
538.3286,2.17161,8.23152,-0.77096
538.3497,1.51797,10.11581,-0.63927
538.3720,3.02876,9.14134,-0.69913
538.4016,2.50441,9.48851,-1.04390
538.4084,1.58740,8.99768,-1.10137
538.4310,1.69994,8.85642,-0.54589
538.4488,2.43737,9.42626,-0.45731
538.4688,0.96010,9.15092,-0.81405
538.4915,1.29530,9.90272,-0.19633
538.5119,3.09580,8.81333,-1.27615
538.5307,2.44216,11.00648,-0.75899
538.5510,1.51797,10.79818,-2.26020
538.5683,2.22428,10.74311,-0.68237
538.5898,2.35836,10.58509,-1.49403
538.6130,1.43417,10.13018,-1.44375
538.6299,1.95133,9.93145,0.08380
538.6497,1.70233,9.44541,0.40942
538.6823,1.24263,9.93385,-1.42220
538.6882,1.97288,8.86121,-0.21070
538.7098,2.26738,9.73273,-0.43097
538.7325,2.20992,10.07271,-1.37192
538.7504,0.97208,9.56992,-1.32882
538.7685,2.12851,10.19243,-0.48125
538.7934,2.11175,9.88836,-0.59378
538.8121,1.27375,9.76385,-0.28013
538.8298,2.27217,9.97934,-0.53632
538.8506,1.51318,10.13018,-0.38548
538.8680,1.99204,9.97694,-0.51956
538.8919,0.98884,9.65372,-0.45731
538.9130,1.60416,10.83888,-0.83321
538.9308,1.44375,10.35284,-0.73025
538.9501,-0.00718,9.79258,-1.38629
538.9715,1.86514,10.03919,-0.90743
538.9889,1.01517,9.33049,-1.02714
539.0093,0.47407,9.47415,-1.43656
539.0339,2.08541,9.62020,-1.79331
539.0505,1.22826,9.03360,-1.56346
539.0709,1.80289,9.24908,-1.70951
539.1050,1.92021,8.60502,-0.72547
539.1089,1.81007,9.61301,-1.43896
539.1293,1.07024,10.26426,-1.22347
539.1550,1.82444,9.82131,-1.69275
539.1729,1.67120,10.78142,-0.51237
539.1905,0.38787,10.07271,-0.21788
539.2302,0.91461,9.35683,-0.11493
539.2307,1.56107,11.04718,-0.75420
539.2495,0.12690,9.84047,-0.56984
539.2721,0.46210,10.15651,-0.73744
539.2901,1.23545,9.73033,-1.35995
539.3090,0.70152,9.18923,-0.02394
539.3313,0.88349,9.46696,-0.92898
539.3793,1.20432,9.95061,-0.93137
539.3793,0.73025,10.14454,-0.94334
539.3924,0.37590,9.75906,-0.53153
539.4101,0.73025,10.23313,-0.76138
539.4291,0.65843,9.71597,-1.49403
539.4524,1.11334,9.61301,-1.69515
539.4705,1.34798,9.48133,0.16281
539.4934,0.74701,9.54597,-0.23464
539.5281,0.96489,9.53640,0.63927
539.5295,0.74223,9.20599,1.06306
539.5495,0.39745,9.98173,0.02394
539.5715,-0.09338,9.92188,0.26576
539.5892,-0.10295,10.09905,-0.35435
539.6094,0.78772,9.50048,0.20830
539.6317,0.58420,10.16609,-0.59617
539.6656,0.46928,9.89554,0.62730
539.6697,0.18915,9.87160,-0.02394
539.6912,0.11253,9.66329,0.46688
539.7089,-0.27055,10.32651,-0.29928
539.7289,-0.44055,9.44781,-0.53632
539.7513,-0.34956,10.15891,-0.22746
539.7704,-0.14126,10.16848,-0.48843
539.7977,0.24900,9.30894,-0.60336
539.8115,0.87391,9.30415,-0.46449
539.8286,0.49801,9.72076,-0.03831
539.8513,-0.25858,10.00328,0.52674
539.8730,0.33041,9.80695,-0.54350
539.8929,0.18196,9.80695,0.66800
539.9120,-0.47885,10.51326,0.34717
539.9448,-0.18196,10.46777,0.43815
539.9492,-0.20351,10.15891,-0.62491
539.9689,0.17718,10.11581,-1.18277
539.9911,0.82124,11.00888,-1.85077
540.0086,1.15404,9.28260,-1.31206
540.0287,0.98644,9.98173,-1.48924
540.0511,1.51079,9.04796,-0.90743
540.0702,0.79490,9.55316,-0.24900
540.0908,-0.18915,9.72794,0.28013
540.1118,0.39027,9.27781,-0.80926
540.1292,0.59139,9.55795,-0.49083
540.1494,-0.33520,9.43105,-1.36234
540.1718,-0.45970,9.39274,-0.45731
540.1897,0.64406,9.71836,-2.14766
540.2220,0.40224,9.77582,-1.81007
540.2319,0.57463,9.87638,-2.12133
540.2497,0.43576,9.82371,-1.86753
540.2697,0.45731,9.96497,-1.31925
540.2921,0.90025,10.76466,-1.90345
540.3138,1.02954,9.75906,-1.01517
540.3490,0.17478,9.91709,0.13408
540.3619,0.95532,9.68245,-2.07823
540.3696,1.07503,8.95459,0.57463
540.3896,1.05109,9.98413,1.39107
540.4120,1.14686,9.97455,-0.06943
540.4297,0.09817,9.12458,0.35196
540.4508,0.30647,9.66329,0.23464
540.4741,0.61772,10.37918,-0.34238
540.5002,-0.39027,9.54837,1.65205
540.5143,-0.11014,10.09905,1.48924
540.5330,-0.29210,9.13176,0.95532
540.5518,0.22027,10.42707,-0.74701
540.5738,0.86673,9.68963,-0.44534
540.5941,-0.03352,10.00328,-1.06545
540.6122,-0.88828,10.60185,-1.68318
540.6313,-0.61772,8.91867,-1.31206
540.6548,-1.05588,9.62259,-0.96010
540.6725,1.45811,9.27303,-1.97049
540.6925,1.19953,9.07430,-2.50202
540.7140,0.58660,10.19961,-2.47089
540.7323,0.30168,10.38158,-2.37991
540.7540,-0.05507,10.60424,-2.54990
540.7758,-0.23464,10.68086,-2.07823
540.7910,0.71110,10.78381,-1.64008
540.8118,0.85954,9.48851,-1.85556
540.8329,0.93856,8.73192,-1.47487
540.8505,0.41660,11.42309,-2.60018
540.8707,0.61772,10.70241,-2.95214
540.8948,0.58181,11.24591,-0.84278
540.9245,0.54111,10.52763,-1.68318
540.9302,0.60336,9.08627,-1.00320
540.9530,0.77814,9.11979,-1.48684
540.9705,-0.08619,9.30655,-1.35755
540.9924,1.38629,10.41031,-1.51318
541.0129,1.31925,10.47974,-2.78454
541.0311,0.03113,8.85882,-1.82923
541.0524,1.20432,9.96976,-1.22108
541.0729,0.78053,9.51485,-0.40942
541.0904,-0.67040,10.59467,-1.10855
541.1139,-0.03831,11.08070,-1.25221
541.1343,0.78532,10.75029,-2.84919
541.1520,-0.03831,10.14933,-0.78293
541.1738,0.63448,10.93226,-3.37114
541.2054,1.04869,9.93863,-1.65923
541.2108,0.61293,8.87079,-1.98246
541.2305,0.19872,10.83409,-1.60656
541.2529,0.82124,9.16289,-1.04151
541.2703,0.33041,9.93145,-2.46131
541.2911,-0.27774,10.14215,-2.73666
541.3124,0.25619,10.64734,-0.99123
541.3358,-0.44534,8.77262,-1.37671
541.3516,0.51716,8.76544,-1.53952
541.3724,-0.27774,9.32331,0.59139
541.3904,-0.70871,11.26985,-0.88109
541.4105,0.11253,8.92825,0.31126
541.4329,-0.15084,8.76783,-0.20591
541.4516,-0.16042,9.91469,-0.51716
541.4716,-0.01915,10.77424,-0.82124
541.4929,-0.47885,9.69921,0.81645
541.5103,-0.26816,10.89874,0.15323
541.5328,-0.24900,10.68565,1.34319
541.5564,-0.38787,11.22675,-0.25140
541.5743,-0.17239,8.55714,1.66642
541.6187,0.36872,9.60104,0.68237
541.6188,0.71589,10.74072,-0.56026
541.6348,-0.24900,10.69523,-0.39745
541.6513,-0.01437,9.04318,0.15323
541.6733,-0.00718,8.82290,-0.25858
541.6913,0.03113,8.97135,-1.40783
541.7113,0.30407,8.89234,-0.36872
541.7355,0.02634,8.11899,0.45491
541.7525,-0.53153,11.07352,-1.38150
541.7714,0.19633,10.07990,-2.50920
541.7938,-0.34956,9.24190,-2.79412
541.8117,1.15883,10.43664,-1.46530
541.8317,0.66561,10.42228,-1.95133
541.8539,0.67279,10.19482,-1.20193
541.8716,0.14126,10.65692,-1.10376
541.9061,0.66561,9.96497,-0.81166
541.9137,0.43815,10.14215,-0.61293
541.9316,-0.43576,10.45819,-0.66082
541.9515,-0.44294,9.60344,-0.73265
541.9739,-0.52913,11.00169,-0.34238
541.9928,-0.47407,9.45978,-0.40224
542.0115,-0.33520,9.77822,1.16362
542.0341,-0.93137,10.42946,0.00000
542.0514,-0.22985,9.44302,1.28094
542.0713,-0.52913,9.84047,-0.61533
542.0938,-0.51716,8.26982,0.80208
542.1118,-0.37590,9.95539,-2.39667
542.1329,-0.54589,8.82051,-2.32724
542.1564,-0.83081,9.53400,0.12929
542.1746,0.03352,10.15651,-1.74543
542.1913,0.37830,9.79498,-1.87472
542.2150,-0.98165,10.00328,-0.81405
542.2319,-0.50519,9.71836,-2.77975
542.2529,0.27055,10.17088,-1.80768
542.2750,-0.27774,9.57949,-1.91303
542.2951,0.53632,9.78540,-2.27935
542.3257,0.73025,10.09187,-2.71750
542.3336,0.66321,9.18204,-1.02475
542.3525,0.17718,10.78142,-2.02556
542.3724,-0.49322,11.62660,-1.58740
542.3948,-0.04310,10.28580,-0.95292
542.4129,-0.62012,11.58590,0.52913
542.4357,-0.61772,10.21158,-0.40224
542.4707,-0.11732,9.39274,0.03591
542.4709,0.34956,10.07271,-2.09978
542.4913,0.73265,10.34806,-2.05189
542.5135,-0.05986,10.27623,-2.53314
542.5313,0.42139,11.66491,-0.59857
542.5514,0.56984,8.56911,-2.03274
542.5742,0.74462,9.46217,-2.39667
542.5981,-0.67997,9.34246,-2.02556
542.6113,0.29689,9.27542,-1.07264
542.6334,0.91940,8.42785,-2.28893
542.6511,0.74223,9.65372,-1.89387
542.6714,0.13887,8.74868,0.28971
542.6934,-0.64885,9.35204,-0.18675
542.7141,0.13169,9.83808,0.45491
542.7406,-0.07183,9.47893,-0.27295
542.7533,0.40224,10.58270,-0.02873
542.7708,-0.03352,9.57471,-0.18436
542.7907,0.40703,9.44302,-1.17798
542.8149,0.45252,9.94582,0.75659
542.8326,0.11732,10.47256,0.03113
542.8528,0.07662,10.10863,0.60096
542.8854,-0.01676,9.86202,-0.90743
542.8908,0.15802,9.27303,0.41421
542.9113,-0.38069,10.14454,-0.17718
542.9335,-0.83560,10.56354,-0.78053
542.9523,-0.75659,10.75029,0.85954
542.9723,-0.28252,10.72156,-0.83081
542.9964,-0.34956,8.44940,0.40942
543.0277,0.11014,9.45739,-0.40463
543.0322,0.29689,10.11342,-0.36872
543.0606,-0.13647,10.41270,-0.36393
543.0750,-0.40703,10.43425,-1.51558
543.0936,0.32083,10.48213,-0.72547
543.1154,0.06704,9.93385,-0.13408
543.1436,-0.38069,10.53960,-0.60096
543.1559,-0.08619,9.37359,-0.86673
543.1758,-0.39984,9.65850,0.90264
543.1934,-0.58181,10.32411,-0.80208
543.2134,-0.34717,9.47654,0.08859
543.2356,0.09577,9.66090,-0.50519
543.2535,-0.16999,10.14933,-0.93377
543.2734,-0.21788,9.59386,-1.21150
543.3025,-0.45970,9.79258,-0.78772
543.3137,0.05746,10.11342,-0.48843
543.3334,-0.62012,10.73593,0.35914
543.3563,0.46210,9.83329,-0.60815
543.3745,-0.30886,10.59467,-0.17478
543.3947,0.14366,11.19323,-0.71589
543.4179,-0.38787,9.12937,-0.82842
543.4373,0.00718,10.07271,-0.11253
543.4541,-0.22506,9.42626,-0.73983
543.4757,-0.58420,9.95300,0.09577
543.4944,0.04789,9.60104,-0.30886
543.5135,-0.06704,9.74230,-0.16520
543.5377,0.07422,10.13257,-0.56026
543.5547,-0.41900,9.94342,-1.31685
543.5878,0.45491,8.93783,-1.32643
543.5955,-0.65364,10.39355,-1.05348
543.6147,0.10295,10.11102,0.17957
543.6349,-0.64645,10.08708,-0.98884
543.6554,-0.30647,11.25549,-0.80926
543.6730,0.43097,9.53400,-1.65205
543.7039,-0.03591,9.72554,0.17718
543.7173,0.55547,9.05515,0.89306
543.7329,0.10295,10.39594,0.38787
543.7530,0.47167,8.19321,-0.53871
543.7751,0.28971,10.06074,-1.25460
543.7929,0.13887,9.62020,-0.55547
543.8129,-0.53632,9.41668,-0.70392
543.8362,0.35675,9.84526,0.40703
543.8746,-0.18196,8.64094,-0.18436
543.8749,0.12450,10.50368,-0.02873
543.8953,0.46449,9.72794,-0.44534
543.9130,-0.25379,9.98891,0.42379
543.9329,0.28252,9.88117,0.02155
543.9552,-0.17957,9.63696,-0.28492
543.9729,-0.02394,10.06314,0.53153
544.0005,-0.84518,9.80216,0.34238
544.0151,0.07662,9.28260,1.00320
544.0325,-0.38069,10.62579,-1.51079
544.0530,-0.12690,10.13736,-0.36872
544.0756,-0.32083,10.44143,-1.15404
544.0925,-0.45252,9.50767,-0.42139
544.1120,0.58899,9.63456,-0.51477
544.1357,-0.38069,9.07909,-0.99362
544.1520,0.29450,9.70160,-0.73983
544.1716,-0.41900,9.33288,-0.22746
544.1940,-0.23703,10.03680,-1.20193
544.2117,0.01676,9.70639,-0.99362
544.2316,0.24422,10.32172,0.10056
544.2541,-0.16042,11.02324,-0.19633
544.2716,0.04789,9.45739,0.53392
544.2920,-0.01915,10.31932,0.07422
544.3150,-0.17957,9.82371,-0.34238
544.3329,0.40224,10.01765,-0.13887
544.3527,0.29450,8.63854,-0.00958
544.3750,-0.19154,9.57710,-0.74462
544.3924,0.02634,9.79258,0.07662
544.4129,-0.43576,9.56273,-0.42379
544.4346,0.15802,10.05835,0.59139
544.4524,-0.39506,9.88836,0.12690
544.4722,-0.56265,9.71836,0.78532
544.4951,0.71349,9.71836,-0.03831
544.5139,-0.75659,10.02483,0.45012
544.5328,0.33280,10.27862,-0.29928
544.5637,0.00239,9.91469,-0.18436
544.5735,-0.62969,10.72156,-0.52674
544.5929,-0.52435,9.68245,-0.64645
544.6151,-0.40463,8.89234,-0.99841
544.6342,0.78053,9.23711,-0.63209
544.6544,-0.12929,9.07670,-1.15165
544.6769,0.29928,9.31612,-1.17559
544.7151,0.28731,9.45739,-0.71589
544.7153,0.14845,9.45739,0.29689
544.7364,0.81166,9.34485,0.37111
544.7537,-1.55867,9.89075,1.36474
544.7739,-0.81884,10.44622,1.46290
544.7979,0.13887,9.94342,0.85236
544.8155,-0.30407,9.19880,0.38069
544.8461,-0.32083,9.67766,0.07662
544.8563,-0.76617,9.71118,0.68716
544.8781,-0.05267,10.57312,0.65124
544.8948,-0.73025,10.66889,0.17478
544.9161,-0.86912,10.30735,0.63927
544.9339,0.05028,9.00487,-0.75659
544.9540,0.38308,9.80934,-0.45970
544.9850,0.40463,9.74949,-2.20992
544.9940,0.02394,9.69202,-1.07024
545.0146,0.05746,10.01286,-0.57463
545.0358,0.59378,10.59227,0.32802
545.0534,-0.69673,9.46217,-1.46290
545.0733,0.59857,10.43186,-1.20911
545.0960,0.16281,10.82691,-1.75740
545.1136,-0.48125,10.31214,-1.11813
545.1337,0.44294,9.44302,-2.14048
545.1561,-0.41182,10.01765,-0.38787
545.1740,0.50998,10.26904,-0.87870
545.1937,0.90982,9.10303,-0.39027
545.2159,0.85476,9.95779,-0.37351
545.2336,0.42379,10.35045,0.22506
545.2563,0.55547,8.54277,0.71589
545.2764,0.31844,9.51245,-0.81166
545.2942,-0.08619,10.19961,0.67997
545.3156,-0.17239,10.17327,-0.57223
545.3382,0.21070,9.71836,1.10376
545.3564,-0.85476,9.36640,-0.64885
545.3771,-0.16042,8.63136,1.23545
545.4103,-0.81405,10.00807,0.80687
545.4149,-0.76856,9.33288,0.30168
545.4349,0.28731,9.93145,1.47727
545.4584,-0.50759,9.44781,1.66642
545.4744,-0.43336,9.74230,-1.38150
545.4945,0.10295,9.96018,-0.42139
545.5186,-0.64406,9.94103,-0.40942
545.5374,0.67040,8.89234,-1.02714
545.5547,0.51237,9.92906,-1.71191
545.5769,-0.54111,10.23792,-0.31844
545.5959,0.44773,10.29299,-2.16203
545.6144,0.28971,9.67526,-0.75180
545.6368,-0.63688,10.30256,-0.23464
545.6545,0.83800,9.32331,-1.42938
545.6857,-0.41182,10.63297,-1.01996
545.6963,0.13169,9.68963,-1.01757
545.7162,0.46449,10.44862,-0.42379
545.7364,0.05507,9.59386,0.12450
545.7579,0.01197,9.45739,0.92898
545.7744,0.80208,9.48612,-2.06147
545.7945,-0.04789,10.77903,-2.03992
545.8243,-0.71589,11.19563,-1.11813
545.8345,-0.51716,9.79737,-0.68476
545.8544,0.89546,8.68882,-1.08940
545.8784,0.88349,9.21078,-0.45491
545.8985,0.45491,9.01684,-0.95292
545.9193,1.10615,9.91709,-1.30967
545.9570,0.29928,10.27144,-0.24900
545.9736,-0.09338,9.02163,-1.30727
545.9746,0.73265,9.73273,0.47885
545.9968,-0.19154,9.70400,-0.31365
546.0145,0.42858,10.77903,-0.02873
546.0361,-0.01676,10.82930,-0.75180
546.0569,1.55149,9.40950,-1.26897
546.0906,1.00560,9.68963,-0.83081
546.1035,0.56744,9.79977,0.08859
546.1166,0.74701,10.19961,-0.01915
546.1349,0.46449,9.33767,-0.47646
546.1541,0.30168,9.94103,-1.39347
546.1769,0.88109,9.90990,-1.25460
546.1944,-0.04070,10.69044,-1.24263
546.2169,0.70871,10.17567,-1.48684
546.2513,0.55547,10.06553,-0.51716
546.2563,0.45252,9.07909,-0.08859
546.2747,0.30647,10.51087,-0.99123
546.2966,0.41900,9.77822,-0.29450
546.3139,0.39984,9.94103,-0.14126
546.3344,0.55308,9.93145,-0.90982
546.3566,0.34238,10.17088,0.99123
546.3818,0.65364,10.13496,0.33999
546.3944,0.61054,10.05595,0.16999
546.4176,0.32562,11.06155,-0.42858
546.4342,0.48843,9.80455,-1.66163
546.4563,0.10295,10.20679,-0.79490
546.4783,-0.39027,9.93385,0.14366
546.4960,0.10056,8.39433,0.19872
546.5333,-0.31604,10.04638,-1.22347
546.5372,-0.62491,9.77343,-0.20830
546.5542,-0.14605,9.32091,-1.64008
546.5738,0.90264,9.58907,-1.30727
546.5978,-0.09817,10.47974,-0.47167
546.6155,0.38548,9.43584,-0.91222
546.6354,0.91461,10.11821,-0.25619
546.6693,0.52913,10.23074,-1.54670
546.6779,0.52674,9.62977,-2.46850
546.6974,1.27615,9.96737,-1.30009
546.7195,0.22506,10.51805,-0.91940
546.7375,0.00000,9.54119,0.30168
546.7576,0.38548,10.09187,-0.15323
546.7985,0.56744,9.39753,-0.44055
546.7988,0.39506,8.87558,-1.98007
546.8157,0.37590,10.36721,-1.66402
546.8375,0.03113,9.12937,-0.14126
546.8564,-0.84039,10.24271,-0.45970
546.8770,0.44773,8.74150,0.75420
546.9004,-0.15323,9.28500,-0.85236
546.9170,0.03352,10.87719,-0.76856
546.9517,1.04151,9.65132,-1.69754
546.9575,0.15323,9.98652,-1.09418
546.9755,0.31365,10.81494,-1.22347
546.9981,-0.08619,9.80695,0.29210
547.0211,-0.42858,10.00807,-0.93137
547.0386,0.54829,10.03201,0.48843
547.0723,0.15084,9.76146,1.24502
547.0881,0.00000,9.05275,0.49801
547.0964,-0.27534,9.48851,-0.95292
547.1152,-0.73025,9.34725,0.52435
547.1376,-0.84039,9.62020,-0.55547
547.1570,-0.22506,9.59386,0.02394
547.1765,-0.36393,9.90033,-0.22985
547.2004,-0.11014,9.91709,0.07901
547.2268,0.13887,10.10623,0.75420
547.2408,-0.06465,10.89156,1.53473
547.2573,0.05507,10.45580,1.48206
547.2745,-0.17957,9.83568,1.01996
547.2951,-0.10295,9.94103,1.15883
547.3173,0.16760,10.04877,-0.77575
547.3361,-0.16281,9.62020,0.75180
547.3559,0.80448,10.15651,0.36872
547.3773,1.22826,9.34485,-0.66800
547.3948,0.93377,10.42467,0.30168
547.4175,1.02954,8.66967,0.08619
547.4388,0.70871,8.91389,-1.01757
547.4598,0.22027,11.10465,-0.84278
547.4931,-0.63927,8.53320,0.28252
547.5090,0.60336,8.44461,-0.74941
547.5148,0.18915,10.25468,-0.41421
547.5350,-0.21070,9.44541,0.77575
547.5585,-0.56026,10.55875,1.35755
547.5750,0.28252,11.05437,-2.38470
547.5949,0.23464,10.20679,0.25619
547.6193,-0.17718,9.77104,-0.41182
547.6475,0.30886,9.85723,-0.51956
547.6548,-0.40703,10.58030,0.61772
547.6799,-0.39266,10.22834,1.30488
547.6976,0.60575,8.71516,-0.68476
547.7166,0.91461,9.20599,-0.95532
547.7389,0.37590,11.07592,-0.52435
547.7579,0.30886,10.62819,0.95532
547.7770,-0.36154,11.20281,-0.11971
547.7977,-0.02634,9.74470,-0.50759
547.8162,0.27774,10.13736,1.26418
547.8378,0.67279,10.01286,0.52435
547.8596,0.51956,10.32651,0.01676
547.8765,0.33041,9.79498,-0.53392
547.8977,0.62251,9.75188,0.06465
547.9333,0.58181,10.25947,-0.03113
547.9360,-0.03591,9.03599,-1.03912
547.9550,0.70392,9.87638,-2.57863
547.9772,-0.13887,10.02962,-0.79969
547.9974,-0.16281,9.32809,-1.45332
548.0164,0.33041,10.64495,-0.42858
548.0386,-1.41262,9.85484,0.11732
548.0577,0.22506,10.30256,-0.93616
548.0779,0.26337,8.52122,-0.23464
548.0984,-0.49561,9.30415,0.61054
548.1164,-0.26098,9.70160,1.33601
548.1376,1.06785,9.26105,-0.60815
548.1585,1.00081,9.63217,-2.11893
548.1910,0.76617,8.97614,-2.13809
548.2064,0.86673,9.76385,-0.44055
548.2184,0.50040,10.26426,-1.63050
548.2350,-0.12450,10.36960,0.88588
548.2561,0.38308,8.18603,-0.15084
548.2774,0.38308,10.56354,-0.58181
548.2949,0.38308,9.91948,1.22587
548.3157,-0.23943,9.74949,-0.97926
548.3436,-0.59617,10.37439,-0.12450
548.3583,0.62491,9.68484,-2.91383
548.3753,1.10376,10.31454,1.16601
548.3973,0.36872,9.95779,0.16999
548.4149,-0.27055,8.81572,-0.53392
548.4346,-0.21788,9.71836,-1.89627
548.4570,0.74941,10.40791,-1.96091
548.4821,0.88828,9.14852,-1.02954
548.4945,0.16281,9.65850,-1.33361
548.5173,0.10295,8.75347,-1.16841
548.5345,0.39266,10.22355,-1.17798
548.5557,-0.00239,11.27225,-0.46928
548.5792,-0.96489,9.45739,-0.58420
548.5972,-0.13408,9.32091,-1.24742
548.6297,-0.29450,10.10623,-2.42061
548.6390,0.29210,11.53083,-3.08143
548.6549,-0.14126,10.29059,0.66800
548.6751,0.40942,10.61382,-0.11732
548.6975,1.32403,9.02642,0.03831
548.7153,1.22347,9.60822,0.58420
548.7390,-0.19154,13.82454,0.50040
548.7580,-0.39506,7.64971,1.04869
548.7744,0.22746,11.15493,-1.20671
548.7957,0.16520,9.08148,0.00958
548.8182,1.59219,9.04796,-2.63610
548.8365,-0.66321,9.90033,0.51237
548.8564,-0.95532,10.84606,-0.81405
548.8961,-0.29450,9.50767,-1.14686
548.8962,1.31206,9.36640,-1.72867
548.9146,1.62092,9.18683,-2.55469
548.9378,0.75899,10.00807,-0.13887
548.9544,0.95771,9.80695,-1.93697
548.9744,0.09817,10.54439,0.19872
548.9968,-0.46449,11.53083,0.51956
549.0175,-1.49163,9.14374,0.79011
549.0377,0.62251,11.07113,-3.77338
549.0566,0.20351,8.66488,-1.45093
549.0788,-0.68716,10.19243,-0.38787
549.0942,0.46928,8.99050,0.22506
549.1196,-0.13169,7.88435,-0.28252
549.1360,0.06943,10.94902,-1.41502
549.1561,0.19394,11.68167,-1.92739
549.1875,-0.12450,10.53002,0.55068
549.1945,-0.06943,11.33210,-1.56825
549.2144,0.12690,8.29616,-1.98485
549.2373,1.54670,9.86681,-5.22670
549.2551,0.33759,9.57949,-2.37033
549.2748,0.38069,8.78699,0.41900
549.2982,-0.19872,8.87318,-0.67279
549.3297,0.78532,9.47893,-1.00081
549.3344,-0.00479,8.83727,-0.08619
549.3573,-1.13010,9.64653,2.40864
549.3745,0.20591,8.21715,2.40385
549.3958,-1.06545,10.52763,0.83321
549.4185,-3.02157,9.96976,0.72307
549.4370,-1.75500,10.00567,0.49801
549.4673,-0.18436,8.74389,3.35198
549.4795,-1.75261,10.61621,1.55388
549.4981,-0.94095,9.90990,0.95771
549.5168,-1.38389,9.77582,-0.06943
549.5390,-1.06066,9.00966,-1.00560
549.5566,0.77335,10.07271,-0.08619
549.5774,0.02394,10.20440,-0.95771
549.6033,0.25858,9.99849,-0.69913
549.6193,0.04310,10.11821,-0.37351
549.6366,-0.62730,10.81254,-0.33520
549.6597,0.00479,9.73273,0.85476
549.6776,-0.39745,8.60263,-0.38308
549.7000,-0.04310,10.04398,0.16281
549.7387,0.26576,8.18603,0.34956
549.7388,0.02155,9.12698,-0.17957
549.7563,0.48125,9.37837,0.47885
549.7805,0.00479,9.63217,0.16042
549.7964,0.07901,9.57471,-0.51716
549.8165,0.44055,9.90033,1.37671
549.8389,-0.53871,8.86600,2.66962
549.8566,-0.92658,10.52044,-0.64645
549.8868,-0.19872,9.96018,0.50280
549.8982,-0.79729,10.23553,0.63688
549.9164,-0.74941,10.37439,1.26178
549.9363,0.12450,9.64893,0.54589
549.9589,0.21070,10.95620,0.24661
549.9775,1.00320,9.53640,0.31844
549.9988,0.02394,9.66090,0.69434
550.0310,-0.11971,10.13736,-0.40463
550.0366,-0.03591,10.00807,-1.27615
550.0562,0.70631,8.40869,-0.61054
550.0805,0.73265,9.24669,0.87630
550.0997,0.62012,9.89075,0.26816
550.1169,0.20351,8.84685,1.55628
550.1612,0.51237,9.96258,0.02155
550.1613,0.30647,9.82850,-0.32802
550.1766,-0.53632,9.12698,0.85715
550.1984,0.12690,9.71836,0.44773
550.2161,-0.24900,10.07511,0.58420
550.2371,-1.07264,8.34405,2.28174
550.2603,-0.00239,9.53161,1.67360
550.2780,0.38548,8.84924,0.13647
550.2977,0.05267,9.83568,1.06066
550.3187,0.39984,9.61541,-0.36393
550.3362,0.57702,9.76385,-0.96489
550.3560,-0.14366,9.20359,1.21150
550.3799,-0.39266,9.49809,1.33122
550.3962,0.46449,10.39115,-1.11094
550.4178,0.39745,9.20838,-0.83560
550.4413,0.00718,9.34246,-0.32802
550.4561,0.19154,10.16370,-0.76617
550.4758,0.63209,8.39433,0.28731
550.4998,0.67758,9.23711,1.86035
550.5178,0.39266,11.10704,-1.01996
550.5374,0.49561,9.82850,1.05109
550.5606,0.08619,10.29538,-1.42938
550.5861,0.11253,9.77822,-0.22746
550.5983,0.27295,9.29936,-0.75420
550.6184,0.32802,9.07430,-0.59857
550.6372,0.31844,9.68005,-0.21788
550.6563,0.48843,9.22275,0.84997
550.6788,0.15084,8.86839,-0.04310
550.6976,-0.96010,11.08549,1.61614
550.7298,-0.58899,10.29538,1.51079
550.7395,-0.52195,11.16929,0.32562
550.7573,-0.63448,10.18285,2.17640
550.7771,0.32562,10.31932,1.02475
550.8004,0.44055,10.45580,0.53153
550.8184,0.56744,10.40791,-0.07422
550.8389,0.32802,10.07271,-0.11014
550.8715,0.07662,10.14215,-0.23703
550.8769,0.45970,9.06472,-0.40224
550.8969,0.92180,9.17486,-0.22267
550.9234,0.39984,9.44781,-0.33520
550.9396,0.05986,10.43425,-1.25460
550.9589,-0.09577,10.64255,1.44375
550.9805,-0.06225,9.77582,-0.63688
551.0001,0.41660,11.48055,-0.30647
551.0193,0.36154,9.69202,0.31604
551.0401,0.29928,11.39435,-0.48364
551.0593,0.54111,9.42865,1.60177
551.0797,-0.11253,10.90592,-0.61054
551.1027,0.23224,11.11183,0.34478
551.1201,0.32802,10.27623,-0.73983
551.1414,0.21070,10.25947,-0.16281
551.1604,0.30168,9.69681,-0.77335
551.1802,0.50280,9.77104,-0.74223
551.2018,1.30967,9.81892,-1.45811
551.2263,1.18517,9.38077,0.17957
551.2420,0.18196,10.07511,-1.02236
551.2779,-0.10295,9.98652,-0.46928
551.2901,-0.75899,11.02324,0.73504
551.2991,-0.57941,9.15092,-0.48125
551.3179,0.43576,10.21637,0.01915
551.3406,-0.48843,8.82290,0.05986
551.3582,0.38548,10.23792,-0.60575
551.3794,0.69673,9.55555,-1.38868
551.4030,0.30407,10.05117,0.20591
551.4335,0.29210,10.28341,-0.38548
551.4390,0.04549,9.43584,-0.14366
551.4623,-0.33520,10.13496,0.35196
551.4789,-0.20591,8.10462,-0.53153
551.5004,0.22746,9.76385,0.08141
551.5226,-0.04789,9.31852,-0.77335
551.5406,0.83081,9.53879,0.73744
551.5691,0.09338,8.83487,-1.01038
551.5821,0.06943,9.49569,0.16520
551.5990,0.63448,8.84206,0.71110
551.6204,-0.08141,10.43186,0.73265
551.6417,0.06943,10.14933,0.06465
551.6605,1.09179,8.41109,-0.28492
551.6840,0.72068,8.85642,-0.68237
551.7123,0.96968,9.42626,1.52755
551.7261,0.46928,9.65850,0.01915
551.7388,0.53871,8.51644,0.78772
551.7609,0.06465,11.53322,0.11253
551.7805,-0.70631,10.35045,-0.41421
551.8010,-0.43576,10.25947,0.30407
551.8228,-0.02155,10.67847,-0.68476
551.8411,0.62969,9.65850,0.49801
551.8588,-0.07183,11.73195,-1.17798
551.8815,0.09577,12.05039,0.36632
551.8994,-0.10774,10.30735,-0.50998
551.9218,0.38548,10.14933,0.21309
551.9425,0.58660,9.08388,0.39027
551.9614,-0.75420,9.53161,0.69195
551.9905,-0.19872,10.28580,0.14366
552.0010,-0.00718,8.35602,0.52674
552.0215,-0.48843,9.65611,-0.07662
552.0409,0.99123,9.06951,-0.61054
552.0630,1.61614,9.11740,-1.44614
552.0828,0.56026,8.33208,-0.17957
552.1200,-0.33520,10.83170,0.59378
552.1354,-0.98644,10.31214,-0.92658
552.1402,-0.82842,11.31055,2.52117
552.1588,-0.30647,9.81892,0.36632
552.1813,-0.09817,10.44143,0.38548
552.2001,-0.96250,10.28102,-0.68716
552.2189,0.49322,9.93145,-0.44773
552.2414,0.66561,9.46457,0.59378
552.2731,-0.48125,10.24750,0.24900
552.2786,-0.01197,10.22355,-1.15404
552.3009,-0.67040,10.70959,0.74223
552.3186,-1.05348,9.22993,1.40783
552.3390,-0.55068,9.55555,1.01757
552.3611,-0.03591,11.21718,1.64966
552.3800,-0.04549,8.34644,-0.88828
552.4131,0.19394,11.51646,-0.28492
552.4214,-0.15563,9.94582,-1.88908
552.4392,-0.52195,9.73512,1.38868
552.4591,0.13408,11.50210,-0.66561
552.4816,0.13887,9.95300,1.33840
552.4989,-0.01915,10.80776,-1.15404
552.5193,0.27055,9.73033,-1.07264
552.5515,0.02873,8.91149,-0.55068
552.5583,-0.12450,10.65692,-0.53153
552.5789,0.51716,9.92427,-0.01676
552.6017,-0.11732,9.26824,0.16999
552.6185,0.27295,10.05835,-0.88588
552.6390,0.11971,8.27461,-0.55547
552.6623,0.00479,11.34647,0.33759
552.6877,-0.33999,8.81333,0.07662
552.6984,-0.63688,9.22035,0.84997
552.7209,-0.34717,9.02402,-0.71589
552.7384,-0.01915,9.98413,1.02475
552.7586,-0.80208,10.75508,-0.81405
552.7809,-0.04070,11.07592,-0.03113
552.8123,0.09098,10.21637,-0.82842
552.8249,0.13887,9.34246,-0.61533
552.8407,0.02155,8.71756,0.22506
552.8585,0.39984,8.32489,-0.44773
552.8787,-0.01197,10.58270,0.56744
552.9025,0.35675,10.06793,-1.25221
552.9209,-0.20112,9.37837,0.49083
552.9411,-0.48843,8.21236,1.03193
552.9711,0.45252,9.15810,0.93377
552.9803,0.98644,8.22673,-0.56505
553.0004,0.63209,9.47415,0.33041
553.0213,1.09418,8.66967,-1.35037
553.0403,1.14207,9.01205,0.75180
553.0604,0.56984,9.56513,-0.00239
553.0855,0.83321,10.11102,1.32403
553.1027,0.79490,8.95938,-0.76377
553.1184,0.52435,8.94262,0.37590
553.1420,1.17319,8.89234,0.66800
553.1584,0.57463,9.06233,1.48206
553.1784,0.68955,10.17806,1.67360
553.2023,0.36393,10.66171,1.69515
553.2199,0.53392,10.60424,1.20911
553.2516,0.60336,10.12060,0.96968
553.2610,0.20591,11.12141,1.63529
553.2795,0.57702,9.26105,-0.11253
553.2985,1.39586,10.81973,-0.22506
553.3223,0.96010,8.70798,-1.31206
553.3401,1.01278,9.72794,0.44534
553.3602,0.71828,9.41668,0.87391
553.3930,0.28492,9.98173,1.44375
553.3994,0.40703,9.81413,0.50998
553.4196,0.33999,10.67128,-0.76138
553.4409,0.47646,10.14215,0.37111
553.4588,0.26576,11.00648,-0.93377
553.4789,0.12450,10.67607,0.53871
553.5034,0.09098,9.37598,0.39745
553.5358,0.74701,9.93385,0.81166
553.5398,0.78293,9.39513,-0.44055
553.5608,0.76856,11.08549,1.80049
553.5799,0.65843,9.16289,-0.24422
553.6002,0.74701,10.08229,0.12929
553.6212,0.91222,9.67048,-2.30329
553.6411,0.96968,9.66090,0.85476
553.6755,0.67997,8.80854,0.10535
553.6841,0.74941,10.07990,2.58582
553.6984,0.32562,9.66090,2.43019
553.7195,-0.03113,10.16130,0.54589
553.7418,1.80528,8.97374,-0.63209
553.7600,0.77575,9.15331,-0.58660
553.7814,0.42618,10.25468,0.42618
553.8130,0.72547,9.24430,-0.85236
553.8179,1.08221,10.13496,-0.56505
553.8384,0.69434,8.97853,-0.78053
553.8612,0.32562,9.91709,1.05348
553.8785,-0.01197,10.92029,0.81405
553.8987,-0.36632,9.35204,2.17879
553.9238,-0.16281,11.22915,-1.11334
553.9509,0.33759,9.23711,-0.07183
553.9660,0.33280,10.28102,0.00718
553.9803,0.37590,9.43584,-0.96968
553.9981,-0.02155,9.87399,0.03591
554.0178,0.21309,9.72794,-1.63529
554.0419,0.83321,9.80695,0.03113
554.0612,-0.17478,9.66090,0.74223
554.0808,-0.22985,9.71597,-1.04390
554.1037,0.31126,9.56273,-0.54111
554.1201,-0.53392,8.43024,-1.08940
554.1384,-0.29928,10.82930,-0.52674
554.1625,0.17239,9.87399,-0.84997
554.1805,-0.44773,10.16848,-0.27774
554.2191,-0.39506,9.95300,2.26259
554.2360,-0.22027,10.23792,1.88669
554.2400,-0.58660,11.32492,1.60656
554.2584,-0.45731,9.73752,-0.77096
554.2818,0.10774,10.15172,0.34478
554.2998,0.89546,9.29936,-1.40305
554.3199,0.58660,8.37996,-0.88828
554.3420,0.37830,9.78540,0.22985
554.3604,0.16281,8.15729,0.31604
554.3792,-0.65843,10.75508,1.20671
554.4008,0.12450,9.60104,0.19633
554.4182,-0.11971,9.45020,1.16841
554.4386,-0.62251,10.47735,0.99841
554.4610,-0.64406,11.60266,-0.00239
554.4792,0.16281,9.48851,0.35914
554.5143,0.29210,10.20679,-1.63050
554.5221,0.59378,10.85804,-0.50759
554.5397,1.03672,9.85723,-1.58980
554.5584,0.30168,8.60263,-0.43097
554.5811,-0.33280,10.10863,1.74782
554.5987,0.22985,8.97374,-0.28252
554.6370,0.37590,10.39594,-0.51716
554.6547,-0.32323,10.43425,1.57783
554.6584,0.38787,8.94740,-0.26576
554.6781,0.70152,10.33130,0.67519
554.7004,-1.02954,9.44302,1.06545
554.7182,-0.82842,9.57231,1.76219
554.7383,-0.53871,10.59227,1.59219
554.7604,-1.17080,10.98254,0.01676
554.7842,-0.35675,9.52682,0.81645
554.8005,0.46210,9.42387,-1.67360
554.8209,0.02155,10.10863,0.04070
554.8398,1.26418,9.93863,-1.66163
554.8582,1.36234,9.92188,-3.49804
554.8806,0.63927,9.79737,-1.39586
554.9186,0.01437,9.12937,-1.31206
554.9311,-0.21309,11.02564,0.19872
554.9421,0.53632,8.61460,-2.30808
554.9580,-0.54350,10.63297,-0.51477
554.9780,-0.73265,9.30176,1.68796
555.0005,0.15802,9.33528,1.74543
555.0179,0.07183,9.98413,-0.38308
555.0387,-1.33122,10.34566,-0.02634
555.0698,-1.58740,10.11342,0.72307
555.0777,-0.75659,11.16690,1.28094
555.0978,-0.08619,8.67446,1.52276
555.1205,-0.10774,10.44862,-1.15883
555.1381,0.77096,10.44862,0.55068
555.1581,0.12690,9.95300,-0.46928
555.1823,-0.55308,9.32809,-0.68237
555.1989,0.08380,11.31534,-1.98007
555.2178,-0.16999,9.92427,0.69673
555.2405,0.65603,8.68643,0.05507
555.2581,0.56505,9.80934,0.76617
555.2780,-0.30886,9.11500,0.02634
555.3004,0.58181,9.08867,1.71670
555.3290,-0.68237,9.76146,-0.47407
555.3398,-0.21309,9.94821,0.92898
555.3609,-0.28492,8.77262,0.97686
555.3774,-0.33041,9.88357,-0.47407
555.3984,-0.04789,10.14694,0.29210
555.4204,-0.57223,9.90512,-0.28252
555.4396,0.33759,11.46858,-1.69754
555.4590,0.31365,8.91389,-0.31604
555.4925,0.07901,10.26904,-0.08141
555.4981,0.58420,9.37359,0.08141
555.5179,0.32083,9.92188,0.59378
555.5403,-0.42618,9.13176,0.04310
555.5579,0.27295,9.90512,-0.05986
555.5778,-0.18675,8.74868,-0.94813
555.6010,0.18196,10.00807,-0.08380
555.6221,0.33280,8.99050,-0.27774
555.6396,0.15563,9.78301,-0.19154
555.6617,-0.40942,8.95219,-0.46688
555.6799,0.02394,10.29778,1.09897
555.7001,-0.82363,9.80695,0.50519
555.7229,-0.26576,10.65213,0.51477
555.7594,0.17718,10.74311,-1.21629
555.7595,0.78772,9.45978,-1.39107
555.7814,0.34956,9.98413,-1.63290
555.8001,-0.48843,12.04560,0.15084
555.8198,-0.34478,8.35602,-0.58660
555.8436,0.52195,10.34327,1.10855
555.8618,-0.75899,9.50767,0.17478
555.8975,0.39027,8.54038,0.28492
555.9099,-0.59139,9.45499,-0.88349
555.9183,-0.47646,10.10863,-1.45811
555.9376,0.24900,9.78540,-1.68318
555.9620,0.05986,9.76146,0.25619
555.9819,-0.02873,10.12299,-0.97447
556.0018,0.50998,11.48534,-0.87630
556.0397,0.19633,9.18444,-1.96331
556.0399,-0.46688,10.16370,1.13967
556.0591,0.38787,10.25947,-0.12690
556.0799,0.20591,10.24989,0.38308
556.0976,0.22506,9.11740,0.62491
556.1179,-0.07422,9.82371,0.97926
556.1401,-0.01197,8.77502,0.16281
556.1577,-0.77096,9.74230,0.94095
556.1913,-0.78293,9.93385,1.39586
556.2002,-0.19633,8.69840,1.68557
556.2177,-0.56026,9.45020,0.47885
556.2375,0.71828,9.27063,0.00958
556.2620,0.43576,9.01444,-0.33041
556.2804,0.45252,9.09346,1.39826
556.3001,0.02394,9.08867,-0.20351
556.3315,0.97926,9.94103,0.10295
556.3375,-0.61772,9.38316,-0.62730
556.3574,0.01915,10.48932,1.09418
556.3802,1.17559,9.17726,-0.18915
556.3988,0.33041,11.06634,-0.67040
556.4194,0.16042,8.32968,-0.15802
556.4434,0.56265,9.96497,1.20193
556.4628,0.30647,10.03680,0.20112
556.4778,1.24023,9.69681,1.68557
556.4999,1.38150,9.20599,-1.40544
556.5193,1.45572,9.89314,-0.79011
556.5381,0.52195,8.60981,-1.30967
556.5618,-0.02394,9.49809,-0.39745
556.5776,-0.06943,9.42865,0.62251
556.6080,-0.09817,9.71597,-0.34717
556.6208,0.79729,10.02243,-1.71430
556.6375,0.28252,10.43664,-0.07662
556.6577,0.81166,10.08947,1.19714
556.6813,0.89546,9.73033,0.20830
556.6977,-0.09338,9.29697,0.87152
556.7204,0.08619,10.74790,0.90504
556.7513,0.88109,9.68005,0.72068
556.7578,-0.09577,9.60583,1.51318
556.7775,0.36393,9.81174,2.00161
556.8018,-0.05746,8.79896,0.34238
556.8190,0.62969,9.85244,0.37830
556.8390,0.12929,10.10145,-0.34478
556.8616,-0.34717,9.23711,-0.51237
556.8789,-0.07662,10.06314,-0.38548
556.8978,0.24422,10.64016,0.41421
556.9201,0.94095,9.30415,-0.43097
556.9374,0.45012,10.72875,-0.24661
556.9575,0.60575,9.54358,-0.57223
556.9837,0.31604,8.35602,-0.90743
557.0179,0.51477,9.94821,-1.21390
557.0318,-0.20351,9.31133,-0.21548
557.0405,0.70392,8.66727,0.09817
557.0588,0.58420,9.36401,-0.76856
557.0786,0.08141,9.45260,-0.32802
557.0998,1.30967,9.14852,-1.17080
557.1175,0.28252,8.98571,-0.64885
557.1392,0.08380,9.70878,-0.12690
557.1599,0.60575,9.31373,-0.63927
557.1775,0.47167,9.11979,-0.61533
557.1974,0.65124,10.25229,-0.48843
557.2238,1.03193,9.57471,-0.39745
557.2396,-0.48364,9.36880,1.50839
557.2602,0.33759,10.41510,0.10056
557.2811,0.74941,9.35204,0.34956
557.3074,0.40942,10.55636,-0.16999
557.3235,0.21548,9.92666,0.52195
557.3394,0.02394,10.78142,-0.50998
557.3573,0.41660,9.47175,0.25858
557.3774,0.80448,9.86920,-0.00239
557.3997,0.52195,10.12060,0.73744
557.4174,0.26098,10.69044,-1.61135
557.4377,0.79729,9.52203,-1.11573
557.4597,0.16520,9.25148,-1.07024
557.4774,0.41421,10.25229,-1.37431
557.4976,0.27055,9.81413,-1.02714
557.5195,0.05986,9.62020,-1.34798
557.5374,-0.17478,8.92107,0.60815
557.5588,0.02873,9.79737,0.25619
557.5979,0.37590,9.81174,-1.05109
557.5986,0.20112,10.03680,1.47248
557.6176,0.22027,9.91709,1.23066
557.6400,0.00000,9.82131,0.10295
557.6578,0.35914,10.07990,0.56026
557.6792,-0.24661,9.93145,0.42858
557.7012,-1.03912,9.97694,0.59378
557.7217,0.82602,8.37278,0.28731
557.7401,-0.72068,8.23631,1.04151
557.7600,-0.34717,8.88515,1.20193
557.7775,0.64885,8.41588,1.24263
557.7974,0.28731,10.09666,-0.60575
557.8199,1.16841,8.48531,0.24661
557.8373,0.77814,9.83329,0.73504
557.8705,0.45491,10.71917,0.33520
557.9120,-0.18675,9.66329,0.01437
557.9141,-0.09098,9.80934,-0.43336
557.9276,0.57941,11.16211,-0.24900
557.9434,0.39745,10.14215,1.03433
557.9572,0.19633,9.03599,-0.66561
557.9798,-0.43097,10.39355,2.03753
558.0024,-1.62571,9.89314,2.82764
558.0178,0.13647,8.59784,2.48047
558.0378,-0.24422,9.53640,-0.53871
558.0603,-0.48604,8.77262,-0.03831
558.0795,1.08221,9.07430,-0.25379
558.0996,-0.13887,9.69921,-0.62730
558.1220,-0.06225,9.22275,-1.87951
558.1570,0.91940,11.60505,-2.71750
558.1589,0.23464,8.89952,0.28492
558.1809,1.73585,9.73033,-1.93218
558.1993,-0.06943,10.50368,0.32083
558.2200,-0.20112,10.09187,-0.42139
558.2422,0.53392,10.11342,0.79969
558.2595,-0.61772,10.07511,0.08141
558.2806,0.63688,9.97455,-1.69994
558.3005,1.07264,8.97374,0.42618
558.3196,0.45012,9.75428,0.80208
558.3397,-0.22746,8.22194,1.03193
558.3624,-0.15084,9.61541,1.36953
558.3800,0.37830,9.19162,0.32562
558.4174,0.13169,10.07511,0.67997
558.4318,1.18038,9.54119,0.14605
558.4382,0.78053,9.85244,-1.53952
558.4580,0.51716,10.68086,-1.52276
558.4802,0.48125,10.66649,2.02077
558.4982,-0.89067,9.89793,2.03992
558.5181,-0.85715,10.85564,0.43336
558.5428,-0.70871,10.49889,0.07422
558.5759,0.10295,10.12299,0.81884
558.5786,-0.08859,10.07750,-0.58899
558.6031,-0.38548,8.83727,0.93856
558.6196,0.39984,9.37119,-1.82444
558.6399,-0.17957,9.50767,-1.48445
558.6609,0.44534,10.38636,-0.34956
558.6797,0.61772,9.77822,-0.52435
558.7143,0.37830,10.85804,-2.49005
558.7215,0.18675,9.18923,0.08619
558.7380,0.34238,10.38158,0.08619
558.7579,-0.02155,11.43266,-0.09338
558.7803,0.44773,9.17486,0.12690
558.7981,0.57463,9.97934,0.48604
558.8311,-1.07024,8.24828,2.35836
558.8448,-0.24422,8.72713,1.19474
558.8596,0.80926,9.27542,0.34956
558.8789,-0.67040,9.55555,-1.56107
558.8999,-0.39506,8.94022,-1.74782
558.9191,-0.32562,8.81333,1.04869
558.9376,-0.56984,9.48372,0.62012
558.9601,-0.18196,9.24190,1.44614
558.9774,-0.22985,9.46457,-0.56265
558.9975,0.13169,9.11979,0.63209
559.0200,0.11971,9.98413,1.13728
559.0377,0.43576,8.75347,3.18678
559.0576,-0.30168,10.60185,0.09817
559.0798,0.55068,8.57629,-0.74223
559.1059,0.63927,9.12219,0.59378
559.1251,-0.30647,9.66090,0.61533
559.1400,-0.18915,9.09106,-0.10056
559.1579,0.45731,9.80216,-1.66163
559.1780,0.53153,10.20679,-2.67680
559.2027,1.04390,9.06472,-2.49483
559.2188,0.96489,9.97934,-1.72867
559.2380,0.50040,10.32651,-0.08380
559.2630,0.03113,8.97374,1.26897
559.2777,-0.22985,10.26665,2.53314
559.2975,-0.58181,9.49330,2.78933
559.3199,-0.06225,10.31454,1.22826
559.3376,0.23464,9.85723,1.12052
559.3577,-0.18436,10.38636,0.91222
559.3799,-0.11732,10.04638,-0.44294
559.4089,0.83081,9.27063,0.78293
559.4180,-0.03113,9.34964,0.57463
559.4402,0.25140,8.02800,1.12052
559.4576,-0.16281,10.29538,0.77335
559.4778,-1.29051,8.91389,1.61135
559.5005,-1.32643,11.17169,0.62969
559.5183,0.49561,8.45179,-0.23464
559.5512,0.82602,8.97853,-0.11253
559.5605,-0.72307,11.19802,2.06865
559.5776,0.22746,9.20120,0.12211
559.5974,0.51716,10.35045,0.09817
559.6191,0.16760,9.56273,0.83081
559.6368,-0.49083,9.13416,-0.56744
559.6574,0.16281,10.05595,0.09338
559.6853,0.11014,8.61939,-0.07422
559.7009,-0.84757,9.77343,-1.03912
559.7172,0.24422,9.42147,0.97926
559.7396,-0.44055,9.42387,0.31126
559.7570,-0.02155,9.23711,0.32802
559.7773,0.03352,9.57231,0.45491
559.7993,-0.13408,10.20679,-1.30009
559.8279,0.34478,10.63058,-0.77096
559.8369,0.48125,8.80614,-1.39826
559.8592,0.33280,8.83727,-0.72068
559.8781,0.85476,9.31373,-0.20591
559.9008,0.67279,8.71995,1.03193
559.9202,1.27854,9.07909,0.14605
559.9377,-0.51956,9.57710,1.64008
559.9599,-0.40942,8.41827,0.34238
559.9804,1.14686,9.85244,-1.75021
559.9982,-0.01197,8.66488,0.03831
560.0201,-0.45970,8.88037,0.67758
560.0435,-0.24900,8.17884,1.61614
560.0607,-0.22027,10.76705,0.50280
560.0803,0.57941,9.70878,-0.43576
560.1102,0.46210,9.12937,0.98405
560.1188,0.28731,9.68005,0.90025
560.1387,-0.34238,9.19402,1.74064
560.1620,0.77575,9.87878,-0.49801
560.1790,0.50998,9.40471,1.34798
560.2006,-1.56346,9.51245,-1.24981
560.2227,-2.25062,9.90272,0.56265
560.2414,-0.71110,10.07511,1.52515
560.2589,-0.08380,8.70798,0.25858
560.2825,-1.41023,8.95219,2.47568
560.2986,-0.41421,9.52921,-1.52276
560.3190,0.41421,9.57231,1.19714
560.3412,-0.91701,9.22035,2.24822
560.3595,-1.58262,10.36482,0.42618
560.3803,-0.61054,8.66967,-0.62491
560.4012,-1.35995,9.88117,-0.11971
560.4204,-0.67997,10.12778,0.31844
560.4404,-0.67997,8.65770,0.94813
560.4633,-0.39266,10.43904,0.33999
560.4811,-0.15323,8.87318,0.77335
560.5228,-0.60336,10.39115,0.86194
560.5386,0.38787,9.67287,0.74941
560.5410,-0.40942,10.63537,0.88109
560.5605,0.81645,8.80135,-0.98405
560.5844,0.83321,8.86600,0.84518
560.6030,-0.22985,10.53481,-1.22587
560.6214,-0.06465,10.32890,1.01757
560.6686,-0.02634,10.35284,0.52435
560.6872,-0.05507,10.70959,0.24661
560.6873,0.77335,9.97934,-1.49642
560.7009,-0.37111,9.89314,-0.23943
560.7186,0.64167,10.05835,-0.56505
560.7409,0.21548,9.28979,-0.57463
560.7615,0.07183,10.54678,-0.96489
560.7932,0.90264,8.11180,-0.54350
560.8166,0.16042,9.39274,-0.84278
560.8215,0.07662,10.14454,-2.04471
560.8385,0.65124,9.31612,-0.01676
560.8585,0.31844,9.55076,0.42858
560.8809,-0.24182,10.51087,-0.16281
560.8997,0.33041,9.95300,-1.14446
560.9193,0.39506,9.81174,1.02954
560.9410,-0.02873,10.42228,-0.01197
560.9600,0.70871,9.99849,0.84518
560.9800,0.84997,9.72315,-0.28971
561.0032,0.66321,8.30095,0.53871
561.0209,-0.14126,10.56833,-0.52195
561.0422,-0.47167,9.34246,0.71110
561.0637,0.17957,9.20838,-2.39906
561.0961,0.76138,9.95061,0.50998
561.1008,1.21629,10.03680,-1.97049
561.1218,0.48604,10.81733,-1.61853
561.1384,0.78772,8.83966,-1.82683
561.1586,-0.45970,9.24669,-0.96010
561.1844,-0.07422,9.95300,-1.22587
561.2192,0.73504,8.69361,0.04070
561.2354,0.01197,9.38795,-1.82923
561.2416,-0.08619,9.39274,-0.64167
561.2592,0.46928,8.95219,-1.74782
561.2790,0.36872,10.62100,-1.29051
561.3014,-0.28492,10.28580,-2.24344
561.3192,-0.05267,10.37679,0.16520
561.3389,0.01437,9.87878,1.40544
561.3644,-0.64167,9.99610,2.56187
561.3784,-0.30886,10.93465,0.00239
561.3997,0.02394,9.28979,-1.34079
561.4225,-0.71349,9.22514,0.26098
561.4424,-0.10295,10.21158,0.70392
561.4627,-0.08619,8.64333,0.41900
561.5010,0.35196,9.31852,-1.60177
561.5157,0.00958,9.60822,-1.38150
561.5201,-0.66561,9.58668,-1.98485
561.5408,-0.56984,10.15651,-0.08619
561.5593,-0.44773,10.07032,0.09338
561.5787,-0.32323,10.02483,-1.28333
561.6009,-0.15084,9.29936,-0.94813
561.6220,0.63927,10.73593,-1.92500
561.6573,0.48604,10.47256,-0.96729
561.6609,0.21548,9.28739,-1.92739
561.6785,0.41182,9.62259,-0.83081
561.6987,0.29210,9.38795,-1.09418
561.7208,-0.13647,9.20120,-1.96570
561.7408,0.68716,9.38077,-1.13967
561.7838,1.16601,8.73671,-2.38230
561.7838,0.76138,9.71357,-0.93377
561.8097,-0.02634,10.17567,-0.65364
561.8216,-0.22985,9.54837,0.79250
561.8409,-0.26337,9.87399,0.77335
561.8578,-0.30886,10.07271,0.30407
561.8787,-1.04390,10.83649,0.16760
561.9012,-0.68476,9.32331,0.66321
561.9343,0.75180,9.58907,0.42139
561.9416,0.55068,9.81174,0.40703
561.9615,0.32083,10.61382,0.01676
561.9793,0.25379,9.82371,-0.04549
562.0013,-0.08859,10.58748,0.48604
562.0217,-0.17718,10.95381,1.53952
562.0418,0.40703,10.16609,-1.43896
562.0601,0.90025,9.13176,-1.23545
562.0822,0.26337,10.34806,0.33280
562.0994,0.46688,9.37359,-1.18038
562.1192,0.00239,9.56513,0.21788
562.1414,-0.12690,9.25148,0.67519
562.1602,0.14126,8.81333,0.33759
562.1811,-0.05267,10.63058,0.06225
562.2111,-0.07901,10.10384,0.44773
562.2211,-0.66800,9.88357,0.36872
562.2394,-0.12211,9.41908,1.38389
562.2614,-0.40224,10.01765,1.04390
562.2792,-0.43815,9.94103,-0.27534
562.3010,0.33759,9.76625,0.32323
562.3240,-0.72068,9.24669,1.71430
562.3423,-0.49801,10.50368,1.18756
562.3605,-0.48843,8.82769,-0.77814
562.3816,0.00958,9.85484,-0.56744
562.3992,-0.84757,10.90832,-0.18196
562.4214,-0.79490,10.61382,-0.13169
562.4450,0.91461,8.28898,-1.31446
562.4775,0.14605,10.46298,-0.00958
562.4902,-0.25858,9.44302,-0.72547
562.5019,-0.73983,10.23313,-1.00799
562.5192,-0.66082,10.25229,0.16999
562.5408,-0.12929,9.42626,-0.33999
562.5628,-0.13887,9.23951,0.41421
562.5797,0.14126,10.34566,-0.53871
562.6020,0.43336,9.76146,1.08461
562.6368,-0.03831,9.86202,1.13489
562.6415,0.34478,10.07511,-1.15883
562.6596,1.18517,9.36161,-1.41262
562.6815,0.14845,9.83089,-1.07503
562.6995,-0.02155,9.42387,-0.64167
562.7211,0.62730,10.08229,-1.86993
562.7425,0.57463,9.90272,-0.95292
562.7599,0.04310,8.39672,-0.05267
562.7800,-0.10774,10.30017,-1.04869
562.8016,0.06943,10.51087,-1.26418
562.8226,-1.16122,9.29936,-0.16999
562.8397,-1.09897,10.20919,0.42379
562.8619,-0.47407,9.98413,0.87870
562.9046,-0.55787,9.86441,-0.69673
562.9048,-0.50040,10.04398,-1.12052
562.9213,-0.47167,9.70160,1.30727
562.9391,-0.32083,11.05676,0.33041
562.9589,-0.87630,10.31454,0.45491
562.9828,-0.45491,10.05835,-0.39266
563.0005,0.10056,9.73512,1.02714
563.0206,-0.31844,9.18683,-0.10535
563.0541,-0.50759,9.51964,-0.21309
563.0596,-0.65124,9.93624,-0.60096
563.0791,0.25619,9.81892,0.33520
563.1014,-0.28731,9.89554,-1.21629
563.1198,0.18436,9.84765,-1.19474
563.1410,0.62491,10.55875,-1.07264
563.1628,-0.03831,10.54439,-0.37351
563.1838,-0.05507,9.06472,0.52674
563.1993,-0.32802,9.73991,0.08141
563.2213,-0.30407,10.40312,-1.46769
563.2390,-0.14605,10.06314,0.52913
563.2602,-0.13647,8.54996,-0.30407
563.2831,-0.03831,9.37359,-0.44055
563.3011,0.90025,9.48612,-2.74144
563.3308,-0.88828,9.39035,-1.96570
563.3409,-1.70712,10.11102,-0.98644
563.3589,0.54111,10.86522,-1.37910
563.3788,0.85236,9.44541,1.13967
563.4015,-0.30886,8.65530,0.42139
563.4205,0.29210,10.15412,-2.06626
563.4412,-0.10535,11.01606,0.20591
563.4752,-0.63927,9.30176,0.28731
563.4789,-0.72547,12.12700,0.54829
563.4993,-0.50280,8.46376,1.91303
563.5217,0.24422,8.59066,1.88669
563.5414,0.16281,9.67526,0.68955
563.5618,-0.50280,9.77343,0.62012
563.5999,-1.01996,8.83966,1.68557
563.6000,-0.78293,10.46777,2.04711
563.6191,0.00239,8.16208,2.27935
563.6424,-0.16281,9.96497,-0.46210
563.6591,0.37590,8.76544,2.73666
563.6796,-0.68237,8.48052,0.62491
563.7045,-0.10056,9.74230,0.64406
563.7220,-0.19154,9.59865,-1.10137
563.7406,-0.63448,9.38795,-0.28971
563.7611,1.03672,10.82691,-1.24023
563.7789,-0.35435,9.59865,-0.62012
563.8000,0.33520,10.82691,-2.01119
563.8222,-0.00958,10.39355,0.26098
563.8401,0.76138,9.94103,0.69434
563.8603,1.32882,8.21236,0.90982
563.8936,0.91222,9.18683,0.11253
563.8984,0.29210,9.57949,0.52674
563.9186,-0.54829,10.36242,-1.00799
563.9415,-0.65843,8.71037,-0.73025
563.9592,-0.87391,10.00089,0.20112
563.9792,0.62969,7.70717,1.25939
564.0024,-0.43815,8.39193,2.80130
564.0306,0.71589,10.99930,1.10376
564.0489,0.74701,9.45739,0.96729
564.0615,2.45892,7.19001,-0.19872
564.0786,-1.18517,10.29299,1.84359
564.0986,-0.52913,9.22993,3.34720
564.1212,-0.28013,10.31214,1.57543
564.1386,-0.40703,10.58030,0.11732
564.1621,0.24661,8.35123,0.98165
564.1821,0.52195,9.11979,0.76617
564.1996,-0.37830,10.67368,1.51079
564.2196,-0.24661,9.92906,0.95053
564.2420,-0.56026,10.83649,1.54670
564.2597,-0.08141,10.69283,1.01278
564.2826,0.59857,9.27781,2.36554
564.3141,-0.08380,9.89793,0.23224
564.3194,0.38069,11.06634,0.03591
564.3397,1.10376,9.50048,-1.86993
564.3623,0.67758,9.70400,1.11094
564.3802,1.25939,9.65372,-0.94095
564.4000,1.60416,8.68403,-0.11493
564.4229,0.70392,8.19321,-2.50681
564.4554,-0.13169,9.51245,1.16362
564.4614,0.00479,9.61541,1.54670
564.4828,0.09098,9.13416,2.76060
564.5016,0.09098,9.99370,1.19235
564.5233,0.90504,8.37996,0.30647
564.5446,-0.03591,9.54597,2.14048
564.5761,-0.53632,10.05595,2.53793
564.5930,0.19633,8.16448,0.77335
564.6025,0.12929,9.62738,2.22668
564.6198,0.08619,10.93465,-0.18675
564.6417,0.00239,10.51565,0.36154
564.6637,-0.67758,10.00089,0.84757
564.6814,-0.46688,9.68245,1.23305
564.7015,-0.25140,10.29538,2.34160
564.7331,0.50759,8.31771,2.48286
564.7402,-0.13408,9.84047,0.75899
564.7605,0.12211,10.55875,1.37192
564.7827,0.56505,9.72315,1.51558
564.8006,0.96250,8.85882,-0.62012
564.8232,0.99362,9.63696,1.41023
564.8455,0.65843,9.56273,1.98725
564.8623,1.44854,10.48213,1.00560
564.8823,1.12291,9.90751,0.17478
564.9045,1.74064,9.71836,-0.65603
564.9206,2.07105,9.97215,-0.92419
564.9406,1.28094,9.55076,-0.91701
564.9630,1.85796,9.90751,-1.69515
564.9806,2.31048,9.57471,0.47646
565.0102,2.23625,9.69681,0.36393
565.0224,2.12372,8.94740,1.02714
565.0421,1.86993,10.12299,0.06465
565.0627,1.30967,10.84367,1.98725
565.0852,1.82204,9.64893,0.93856
565.1028,1.21150,10.31454,1.35277
565.1501,0.43097,9.85484,1.87951
565.1674,0.83321,9.90990,1.68078
565.1675,1.37671,10.21637,2.05429
565.1802,0.69913,9.91230,1.85796
565.2026,0.77335,10.14933,0.78053
565.2209,1.20193,9.61541,0.19872
565.2409,0.81884,9.43584,1.02475
565.2832,0.69195,8.49728,1.03672
565.2834,0.05986,9.79258,1.24742
565.3028,0.31126,10.53002,1.56586
565.3230,1.03912,9.10064,2.99763
565.3409,0.29210,9.57949,1.89627
565.3615,0.12690,9.38077,1.44375
565.3835,1.24502,9.74470,2.26498
565.4018,0.38308,10.65931,2.92341
565.4370,1.11573,9.79498,1.53473
565.4440,0.80687,9.64653,1.61374
565.4603,0.65124,9.57949,1.10376
565.4802,1.32643,10.52284,-1.14686
565.5041,0.40224,11.19084,-1.39826
565.5220,1.04630,9.35443,-1.40783
565.5420,1.36474,7.63055,-1.65205
565.5751,0.71589,8.89952,-0.46210
565.5820,1.02954,9.64414,0.45491
565.6022,2.16682,8.53559,0.22985
565.6245,1.67120,9.18923,-0.10774
565.6404,0.98165,8.79417,-0.03591
565.6603,0.65603,9.39274,-0.17239
565.6846,0.33999,10.66649,1.54431
565.7179,0.97926,9.74230,0.57223
565.7205,1.11094,10.43186,-0.19154
565.7429,0.17957,8.37039,1.14925
565.7603,1.74782,9.46696,-0.46449
565.7803,1.77895,9.19162,0.44773
565.8046,1.13728,11.01606,0.28492
565.8226,0.37830,11.22436,1.67360
565.8547,0.90504,10.20919,1.71670
565.8605,1.74782,8.71516,2.05908
565.8826,1.93457,9.26824,1.35516
565.9024,0.96968,11.15971,2.43019
565.9246,1.67360,10.49171,0.89546
565.9427,0.61772,9.72076,1.09418
565.9627,0.95053,10.00328,1.22587
565.9852,1.68078,8.92346,1.36953
566.0017,0.18196,9.50767,2.02077
566.0214,0.96489,9.56752,0.75420
566.0437,1.45811,10.03441,-0.70392
566.0613,0.59378,8.41348,1.68796
566.0800,1.04630,8.94022,1.75261
566.1085,0.67519,9.44302,0.84518
566.1293,0.71828,10.20201,-0.04549
566.1437,1.25221,9.95539,1.48684
566.1635,0.76138,10.31693,-0.29210
566.1813,0.25140,10.25468,1.23305
566.2028,0.76617,9.04318,-0.23943
566.2236,0.21548,9.85962,1.74303
566.2415,0.10774,11.33689,2.17161
566.2698,0.83321,9.84765,0.41182
566.2819,0.50280,9.84286,-0.21309
566.2998,0.52674,11.18126,0.79490
566.3205,1.04869,10.12778,1.44135
566.3402,0.23464,9.37359,0.89546
566.3608,0.45491,10.23792,0.18436
566.3793,0.80208,8.93783,-0.20591
566.4056,0.69673,11.15014,0.50280
566.4190,0.58660,10.46298,1.27615
566.4409,0.39506,10.96099,-0.17239
566.4605,0.48364,9.40232,0.58660
566.4794,0.95532,10.62579,0.89067
566.4989,1.10137,9.35443,-0.88828
566.5218,0.55787,10.97057,0.51716
566.5417,0.09817,10.25229,0.42858
566.5599,-0.30407,10.91071,1.84120
566.5825,0.09098,10.54199,0.32323
566.6018,0.56265,10.31693,0.22027
566.6217,1.86035,9.86920,-0.19394
566.6460,1.12291,10.19003,1.52515
566.6785,0.32323,9.54597,-2.36794
566.6945,1.24981,10.31693,-1.56825
566.7045,0.45252,9.81413,-0.04070
566.7220,-0.10774,9.92188,1.01038
566.7421,0.98405,8.91149,-1.91542
566.7646,1.08940,9.99370,-1.43417
566.7816,0.52674,10.05835,1.49163
566.8006,0.11253,10.92268,2.87792
566.8254,1.21869,10.45101,3.39508
566.8416,0.18196,10.03201,0.53153
566.8632,0.64406,9.57949,2.99045
566.8854,1.49403,11.46139,0.88109
566.9041,-0.52674,10.57312,2.45174
566.9249,0.14366,10.85564,0.86912
566.9466,0.83081,10.01046,1.16841
566.9654,0.69913,9.32331,-0.70152
566.9854,-0.55308,9.97934,2.26498
567.0052,1.19953,10.47974,-1.12052
567.0242,0.50759,9.06712,0.09098
567.0450,0.11971,11.54040,-0.17478
567.0676,1.09179,9.16528,1.01278
567.0849,2.37033,9.93624,-0.56744
567.1100,0.31365,9.66569,0.49561
567.1252,0.94574,8.87318,-0.50040
567.1431,0.89306,10.87001,-1.46530
567.1646,-0.28013,11.41830,-1.22347
567.1865,-0.78293,10.03919,0.17718
567.2043,-0.55068,10.44622,0.00718
567.2385,0.66800,10.62100,0.33280
567.2539,0.45491,11.95701,0.80926
567.2626,-0.24422,9.51724,-0.51956
567.2817,-0.26337,10.04159,-0.44055
567.3037,0.64885,10.75508,-0.87391
567.3209,0.09098,9.90990,1.33601
567.3405,-0.88349,10.85325,0.23943
567.3632,-0.26337,10.75269,0.61293
567.3815,1.72148,9.00726,-0.39506
567.4016,0.80208,9.43584,1.26178
567.4220,0.45970,10.39594,0.60336
567.4412,0.43097,8.72953,-0.73504
567.4615,0.50519,11.52604,-0.69434
567.4829,-0.09098,9.95061,2.12612
567.5039,0.55787,8.10462,1.27136
567.5342,1.05109,9.49330,0.28492
567.5460,1.09658,9.05994,0.35435
567.5640,0.17718,9.76625,1.01278
567.5840,-0.85715,11.36083,0.36632
567.6066,0.33759,10.97775,0.52674
567.6244,-0.17957,10.13496,1.61614
567.6456,-0.56984,11.66491,-0.18436
567.6786,0.75180,9.82850,1.19235
567.6841,-0.28731,10.66649,1.80768
567.7052,0.28971,9.45978,1.20671
567.7260,0.26098,9.42865,-1.13010
567.7438,-0.14126,10.78381,-0.97447
567.7640,0.07662,11.46618,-0.52195
567.8064,-0.63209,8.72713,1.63768
567.8066,-0.04310,10.49889,-0.21309
567.8237,0.66082,9.58907,0.29210
567.8483,0.60336,11.09507,-0.84278
567.8636,0.61772,10.23553,-0.19872
567.8837,-0.33280,10.68086,-0.90504
567.9062,0.02873,10.09426,0.36154
567.9249,1.18995,10.64973,-0.33759
567.9570,0.56505,10.31214,-0.60336
567.9660,-0.02873,10.09187,-0.64167
567.9835,0.09338,10.65213,-0.12450
568.0107,0.29689,9.16768,-1.61614
568.0300,0.38787,11.09028,-0.70871
568.0476,0.82602,11.08310,2.02556
568.0851,0.25379,9.08627,0.38787
568.1016,-0.70392,11.04240,1.24023
568.1039,-0.16042,9.63217,2.35597
568.1242,0.86912,10.15412,1.62092
568.1462,0.65843,10.35045,1.05109
568.1655,-0.99602,10.51087,-1.18517
568.1832,-0.47885,8.90191,1.68318
568.2056,-0.12929,8.58826,-0.65364
568.2319,1.87472,9.91469,-0.30168
568.2414,-0.34478,10.07032,-0.26576
568.2629,-0.62969,10.44622,1.06066
568.2825,0.21070,9.89314,-0.23464
568.3028,0.93137,9.80695,0.63927
568.3252,1.43417,9.62259,0.02634
568.3423,0.64885,9.92906,0.32083
568.3730,0.64167,11.57392,0.79969
568.3827,0.55068,10.53720,2.51878
568.4030,-0.10295,10.08708,0.93137
568.4225,-0.37111,10.19482,0.14126
568.4460,1.01757,9.96258,0.07662
568.4625,0.66082,10.31454,1.30249
568.5104,0.22267,10.26186,0.15802
568.5106,0.18196,9.15092,1.63290
568.5255,1.26897,10.02962,0.66800
568.5413,1.37431,10.07271,-0.28971
568.5657,1.42938,10.06553,-0.97686
568.5837,0.15563,10.68086,-0.95532
568.6041,-0.30168,10.19003,-0.63448
568.6277,0.74223,9.32809,0.80687
568.6485,1.41023,10.49650,1.70951
568.6633,1.79571,10.59945,0.90025
568.6861,0.49801,10.10145,0.05746
568.7037,0.90264,11.37759,-0.22027
568.7234,0.56026,9.83329,-0.32802
568.7460,1.63529,9.27303,-1.92500
568.7651,2.72947,9.87160,-2.46371
568.7991,0.80926,8.73910,-1.78373
568.8058,0.96968,9.51485,-1.98485
568.8234,0.33999,11.45182,-1.39107
568.8466,0.75899,9.42865,-0.63688
568.8676,0.81884,10.13018,0.28492
568.8853,2.14288,9.99131,-1.24263
568.9215,1.35516,9.97934,-1.44135
568.9388,0.03352,10.73353,-3.01918
568.9439,1.16362,11.71040,-1.61374
568.9642,1.18756,9.27542,0.52674
568.9858,1.12770,11.37759,-2.69835
569.0032,1.63529,10.57791,-3.13171
569.0242,1.49882,11.14774,-3.60817
569.0454,0.81166,10.63297,-1.75740
569.0682,1.07982,9.53879,-0.87870
569.0832,1.62811,10.30256,-0.04070
569.1057,1.31925,10.95141,-0.06943
569.1233,1.26657,10.08947,1.30967
569.1432,1.74782,9.91230,0.00239
569.1657,0.89546,9.71118,-2.36315
569.1831,2.10696,9.78301,-1.24023
569.2073,1.57064,9.61062,-0.91940
569.2261,0.37590,10.59467,-0.92898
569.2432,1.14207,11.25549,0.03831
569.2623,-0.18196,9.65850,-1.22826
569.2845,-0.65364,9.80455,-1.17080
569.3022,0.24900,10.73353,-0.22506
569.3226,0.30407,10.31693,0.56984
569.3488,-0.26098,10.89874,0.96968
569.3643,0.02394,9.83568,0.21788
569.3833,0.29928,10.47495,-0.95771
569.4082,-0.40942,10.12299,-0.84518
569.4242,0.91701,9.77343,0.31844
569.4442,1.28573,8.93304,-0.90504
569.4664,1.80049,10.02962,-1.27375
569.4897,0.15323,9.69921,1.06785
569.5042,-0.56026,10.30975,0.52195
569.5275,0.08141,10.04398,1.05827
569.5441,0.97926,9.61780,-0.66321
569.5641,1.25460,8.55953,-0.66082
569.5869,0.56505,11.77744,1.72388
569.6061,-0.48604,9.23951,-0.47167
569.6340,-0.24182,10.98254,-0.45252
569.6483,-0.43576,10.36721,0.99841
569.6644,0.92419,8.58826,0.24661
569.6846,1.52036,10.16370,-0.69195
569.7079,0.41900,11.04240,-1.37910
569.7283,0.23224,10.74072,0.21309
569.7469,0.78532,9.13895,-1.39347
569.7853,0.55068,9.88596,-0.65124
569.7853,1.20432,9.81413,-2.24583
569.8059,0.46449,10.53481,0.33041
569.8284,0.28013,9.69681,-1.35516
569.8478,0.52674,9.72794,0.11732
569.8658,0.50759,9.21078,-1.94176
569.8882,1.41262,9.21317,-2.42779
569.9063,1.41262,9.57471,-0.83321
569.9242,0.19633,10.71438,1.16122
569.9463,0.05267,8.65051,1.08700
569.9643,1.22347,10.07511,-2.94017
569.9849,0.29450,9.28260,0.59139
570.0070,0.43097,9.49569,2.79172
570.0256,1.47487,10.75987,3.62493
570.0601,0.62730,10.21877,0.42858
570.0660,0.65124,9.39513,2.81327
570.0839,-1.20432,10.95620,0.75659
570.1045,0.18196,8.97853,1.37671
570.1266,-0.10295,9.08627,0.13169
570.1438,1.19474,9.89554,-0.29928
570.1641,0.79011,8.52362,-0.06225
570.1932,0.59617,9.78780,-0.26576
570.2036,0.51716,10.04638,-0.00958
570.2236,-0.35196,8.97614,0.12450
570.2458,-0.35196,10.19961,0.98644
570.2639,0.92419,11.12619,1.60177
570.2837,0.01197,10.79339,0.99841
570.3062,0.42858,9.78540,0.83321
570.3244,0.78532,10.51565,1.12052
570.3439,0.56744,8.79657,-0.06704
570.3690,0.56505,9.59625,-0.65843
570.3849,1.08940,8.46137,-0.38069
570.4050,1.12531,9.88117,0.01915
570.4270,0.58420,9.35683,1.21869
570.4457,-0.00958,10.65692,0.05746
570.4742,0.00239,9.07909,-0.09817
570.4861,0.27295,8.89952,0.50998
570.5040,0.97686,9.44541,1.41023
570.5245,0.84757,9.07909,1.14446
570.5468,1.28094,9.04557,-0.02155
570.5657,-0.30886,10.62819,-0.14845
570.5868,-0.04310,9.19162,0.11253
570.6201,0.96489,9.44781,0.33759
570.6239,0.84757,10.36960,0.57223
570.6443,0.49322,10.03919,0.11971
570.6665,0.29210,10.74311,1.49882
570.6843,-0.14605,10.58509,-0.67040
570.7043,0.00239,9.52203,-1.44614
570.7289,-0.21309,9.42626,-0.23464
570.7577,0.59617,8.98811,1.17080
570.7741,0.68237,9.30415,1.03672
570.7861,1.27136,8.76783,0.06225
570.8058,0.36393,9.18683,-0.19394
570.8253,-0.46210,10.91071,1.09658
570.8480,-0.79490,10.13257,-0.63209
570.8646,0.26337,10.80776,-0.42379
570.8844,-0.03591,10.60424,0.46688
570.9073,0.89546,9.94342,0.15802
570.9239,0.17239,10.41031,0.96968
570.9457,0.42858,9.67766,0.63688
570.9702,1.97767,9.13895,-1.32643
570.9880,0.79011,9.64414,-0.45731
571.0078,0.73025,10.60424,-0.93377
571.0428,0.59139,12.13418,-0.52674
571.0439,0.99362,11.50449,-1.06066
571.0643,-0.54829,10.89395,1.42220
571.0861,-0.47407,11.83969,-0.18436
571.1052,0.14605,8.71277,0.90743
571.1239,0.74941,9.63456,2.09499
571.1507,1.16122,8.47813,0.62491
571.1686,1.62092,9.79498,-0.35435
571.1846,2.10457,10.62579,-2.08781
571.2065,0.87630,10.25947,-1.77895
571.2238,-0.31365,9.67526,1.85796
571.2454,0.62491,9.12219,1.02714
571.2692,2.06626,8.26264,-0.61293
571.2852,0.93616,9.26105,1.18756
571.3206,0.56265,9.93624,1.10137
571.3261,0.27774,10.22116,-1.53473
571.3438,0.20830,11.65772,-0.37351
571.3637,0.95532,8.73192,-0.39027
571.3882,0.44055,8.70798,0.06465
571.4042,1.42699,11.20760,-0.53632
571.4256,0.36872,8.31292,0.76138
571.4477,0.40942,11.25070,1.33122
571.4645,0.03113,10.34327,1.08940
571.4857,0.16042,10.68565,-1.36234
571.5065,-0.27295,10.97296,0.08141
571.5244,0.72786,11.41590,-0.56505
571.5455,1.76697,9.14852,1.75500
571.5670,1.09418,10.94184,0.35675
571.5905,0.59857,8.27940,2.20752
571.6045,-0.43815,11.83969,1.35516
571.6270,0.22746,10.03201,0.71828
571.6450,0.27055,10.49171,-0.78532
571.6689,-0.03831,10.54678,1.66402
571.7114,0.53392,10.68325,1.17319
571.7116,1.22108,9.43105,0.50998
571.7268,0.88828,9.82131,-2.08541
571.7482,0.93137,9.39992,-2.53793
571.7659,0.57223,10.13018,-1.87951
571.7857,0.40224,10.27383,-1.99683
571.8082,0.61533,9.36161,-0.02155
571.8273,0.18196,10.12778,-0.70392
571.8545,-0.40942,9.57949,1.35037
571.8691,-0.75420,10.77184,1.73345
571.8876,-0.45252,9.70160,1.51797
571.9058,0.72307,10.45101,-0.80687
571.9280,0.24900,8.92586,0.20830
571.9468,-1.21390,9.94103,4.08703
571.9685,0.45491,10.35763,3.16523
572.0057,1.17559,8.91628,0.03831
572.0070,0.36632,10.59706,-1.74303
572.0270,0.17957,9.26824,0.23703
572.0508,-0.11732,9.50048,0.92898
572.0678,0.33041,9.60104,0.50759
572.0883,0.50280,9.27303,1.55388
572.1098,1.38868,10.07750,-0.37590
572.1299,-0.14366,9.45739,0.37351
572.1483,-0.75659,10.54439,-0.37830
572.1690,-0.22746,10.79100,-1.14686
572.1868,-0.16999,10.68565,-0.98405
572.2070,0.96010,8.07589,-1.01278
572.2306,1.06545,8.90191,2.07584
572.2484,1.44854,9.26824,1.49882
572.2797,1.38868,8.54996,2.26020
572.2908,1.99683,10.68804,0.67997
572.3065,0.25140,10.26904,0.47407
572.3273,0.17718,8.94501,-0.68476
572.3505,-0.05028,10.02483,-0.71349
572.3683,0.51477,8.91867,1.24981
572.3906,1.50839,9.58189,0.97686
572.4232,2.09978,8.73192,-1.71430
572.4288,-0.01197,9.35204,-0.66321
572.4484,-0.31126,10.53241,-0.53632
572.4707,-0.03352,8.10462,-0.07662
572.4883,0.04549,9.32331,-1.08221
572.5084,1.52276,8.65530,0.02873
572.5526,1.64247,8.32010,0.10056
572.5532,1.33122,10.19482,-0.53632
572.5667,-0.36393,10.30496,2.13569
572.5908,0.22985,10.15891,0.50998
572.6073,-1.43656,12.05278,0.70871
572.6290,-1.24263,10.52763,-0.54829
572.6514,-0.33759,10.17567,0.84997
572.6865,1.18756,10.01525,0.14126
572.6984,1.33601,9.05994,-1.02475
572.7093,4.21392,8.71037,-1.18995
572.7282,-0.14126,9.57471,-0.86912
572.7484,-1.65923,10.02962,-2.18837
572.7689,-1.70472,9.54119,-0.45731
572.7861,-1.34558,9.58668,-0.47646
572.8077,0.46928,7.98251,-1.34319
572.8312,0.89067,9.43823,-1.45332
572.8478,0.81884,9.91709,-0.98644
572.8664,1.61614,10.38158,-1.05827
572.8889,0.99362,10.30735,-0.03831
572.9064,-1.31446,10.69762,-0.45731
572.9284,-1.07742,10.51087,-0.18915
572.9769,-1.51797,9.61062,0.62251
572.9770,-0.12690,9.50048,-0.33520
572.9929,0.33280,8.33686,-1.35037
573.0085,0.74941,9.21078,-1.49882
573.0264,1.16122,9.28260,0.93856
573.0464,-0.72068,9.57231,-0.77575
573.0690,1.08700,9.48851,-0.44055
573.0881,-1.15643,10.21398,0.90743
573.1172,-1.18038,9.38795,-0.33520
573.1285,-0.30647,8.99529,1.60895
573.1476,0.25619,9.30655,1.73106
573.1677,0.58181,9.48612,1.07503
573.1900,0.90982,9.62977,1.98485
573.2065,-2.62891,12.57473,3.28734
573.2280,-1.47966,8.78938,3.09580
573.2614,-1.93457,10.53720,-0.20591
573.2701,0.14605,7.98251,-1.01517
573.2865,1.41502,11.30337,-0.25858
573.3092,0.90025,8.41348,-1.31206
573.3282,0.48364,8.54756,1.18995
573.3469,0.53871,10.24510,-0.11014
573.3723,1.20193,9.84765,-2.31526
573.3998,-2.36794,10.50608,1.76937
573.4084,-1.66642,10.91071,0.56505
573.4299,-1.72627,9.90512,0.78053
573.4462,-0.29928,9.79498,-2.47329
573.4676,-0.11014,11.04479,-0.50519
573.4902,0.15802,9.65132,-0.89785
573.5096,0.34956,8.75107,-0.70871
573.5445,0.65603,10.65692,2.41582
573.5502,2.10696,8.83966,0.19872
573.5673,0.33759,9.62498,-1.54670
573.5875,-1.60416,11.74871,-1.55388
573.6108,-1.87711,10.53002,-0.00958
573.6288,-0.26816,10.42946,-2.16682
573.6612,-0.02873,9.45978,-0.33520
573.6749,-0.82124,8.90910,0.91701
573.6861,1.35037,9.72554,-1.33361
573.7064,0.31126,8.93304,-0.00479
573.7299,-0.15084,8.87079,-0.64885
573.7468,0.05986,9.67766,-0.34238
573.7700,-1.61374,8.81093,1.31446
573.8067,-2.13569,11.06155,0.47885
573.8222,-0.48125,9.55316,-0.18675
573.8292,0.25619,10.01765,0.30168
573.8491,-0.19872,9.92427,-0.28252
573.8684,-0.36154,10.50847,0.63688
573.8935,0.67758,10.50847,0.23703
573.9106,1.04869,10.34806,1.30009
573.9284,-1.82204,10.42707,-0.63209
573.9615,-1.47966,11.36083,-0.22746
573.9716,-1.82204,10.97296,0.39506
573.9887,-1.61614,9.85484,-1.12052
574.0106,-0.79729,9.27542,-0.46928
574.0312,-0.23943,10.33369,-1.78373
574.0493,0.19872,9.18683,-1.62571
574.0692,1.50600,9.32091,-1.70951
574.0975,0.32802,10.48692,-2.62413
574.1118,0.65843,9.56992,0.39506
574.1273,-2.72468,9.90990,-1.24981
574.1495,-2.37273,10.15651,2.59061
574.1669,-1.31446,9.43823,2.38470
574.1894,-1.22347,10.48932,-0.42618
574.2114,-0.51237,10.00089,1.62332
574.2329,-0.39266,10.12299,-2.22189
574.2484,0.01676,9.43823,-4.34800
574.2706,-0.57223,10.06074,-1.74782
574.2883,3.05270,10.00089,-0.55308
574.3067,0.57463,9.87399,0.63927
574.3301,1.44854,10.26426,0.49322
574.3466,-1.89866,9.98891,-0.09577
574.3668,-2.10457,9.64174,-1.92500
574.3889,-2.28174,11.84687,0.56984
574.4067,-0.83321,8.51404,1.88669
574.4264,0.21548,10.91311,0.83800
574.4483,0.56505,8.90910,-1.05588
574.4675,-0.43336,9.49809,-3.19636
574.4861,1.46290,10.24750,-1.89866
574.5106,0.00479,8.96416,-2.16682
574.5266,-0.30407,10.19961,-2.49483
574.5470,-0.96968,11.44224,-1.42699
574.5695,-0.03591,9.86920,0.00239
574.5871,-2.25541,10.89395,0.68955
574.6071,-0.52674,9.32091,-0.35675
574.6295,-0.22027,9.22035,-0.92180
574.6616,-0.57463,9.93145,-0.53632
574.6671,0.23943,9.65850,-0.15084
574.6909,0.24182,8.51883,-1.31446
574.7073,0.78053,10.20440,-2.50681
574.7283,-0.32562,11.03042,-2.22189
574.7496,-0.42139,9.71357,-1.77655
574.7678,-0.79729,8.44700,0.31604
574.7951,-1.92500,11.68167,1.70233
574.8094,-1.31925,11.12141,1.89866
574.8271,-0.03831,10.82930,-1.97528
574.8486,-0.54111,11.68406,-0.68476
574.8713,-0.74701,9.71597,-2.37751
574.8885,1.31925,8.31053,-2.38470
574.9273,0.63448,9.26584,-1.51318
574.9417,-1.42459,9.68245,-0.58181
574.9476,0.18196,9.27781,1.73585
574.9666,0.98884,8.02082,2.70074
574.9901,1.09179,10.06314,-0.59378
575.0080,-1.03193,10.37918,-0.62491
575.0267,-1.47727,9.70400,-1.83641
575.0491,-1.15883,9.74470,-0.33520
575.0668,-1.21629,8.50686,2.78454
575.0878,0.51716,8.95938,0.58420
575.1092,-0.40942,8.50207,0.89546
575.1281,-1.22108,10.44622,0.94334
575.1469,-0.28971,9.41668,-0.47167
575.1694,-0.38548,9.45020,-1.36474
575.1868,0.50280,9.22275,0.03591
575.2100,0.77814,8.20518,0.37590
575.2292,1.18995,7.25944,-0.12211
575.2475,-1.19714,10.88198,-1.81725
575.2665,-1.99204,10.22834,0.13887
575.2884,-1.89148,10.04159,-0.60815
575.3062,-0.49322,10.10623,0.84518
575.3274,-0.72307,9.93863,1.30488
575.3494,-0.55547,10.04638,1.00320
575.3663,0.72307,8.75586,-3.58423
575.3877,3.32565,9.01444,0.06943
575.4098,1.27615,9.88836,-1.14686
575.4276,2.65764,10.13496,0.74701
575.4476,-1.52994,10.53960,-0.33999
575.4686,-2.68398,10.96817,-1.81007
575.4912,-1.21150,10.82930,1.01757
575.5062,-1.47248,10.81733,0.28252
575.5286,-0.51477,8.66009,1.23066
575.5464,-1.36234,8.65770,-0.80687
575.5681,-1.37671,9.18683,0.71349
575.5893,-0.18915,10.56594,1.41262
575.6069,-0.77814,8.86361,-2.04711
575.6317,-0.06465,8.97374,-2.93059
575.6488,-0.21070,9.75188,0.92180
575.6662,-0.63448,9.92188,0.42858
575.6863,0.27295,9.93624,-0.05507
575.7092,0.00000,9.63456,1.59698
575.7282,-0.57702,11.42069,-0.46928
575.7662,-0.47407,10.15651,0.20591
575.7816,-0.25858,10.14215,-1.25699
575.7872,-1.21390,10.86522,-0.75899
575.8073,-1.40544,10.46298,-1.82444
575.8307,-1.64487,8.62178,0.38069
575.8467,-0.29450,9.52203,-2.41343
575.8671,-0.33999,9.56034,-2.37512
575.8889,-0.74701,10.49411,-0.94334
575.9146,-0.31126,7.78379,0.84278
575.9263,0.09098,8.95698,-0.25140
575.9488,-0.16760,9.96018,-0.12690
575.9664,-0.74941,9.90512,-1.25699
575.9863,-0.78772,10.65931,1.58262
576.0086,-2.51878,9.56034,0.32802
576.0263,-1.26178,10.46537,0.66082
576.0459,-0.49561,11.86363,2.71750
576.0678,-2.21710,8.93783,1.38629
576.0853,-0.59139,9.69681,0.98405
576.1057,-0.76138,8.70319,-0.40942
576.1284,-1.55867,9.49569,-0.04070
576.1464,-1.08700,9.61541,-3.66563
576.1677,-1.30727,10.71677,-4.07745
576.1978,-1.38868,8.87079,-0.51237
576.2085,0.58181,9.88596,-5.84682
576.2266,3.49804,7.99927,-3.40226
576.2515,0.08859,10.45101,-2.48765
576.2680,1.59698,10.26904,-1.79092
576.2882,2.62652,8.83009,-1.64966
576.3109,2.01837,10.17806,-2.11654
576.3357,0.74701,9.32331,-0.40224
576.3507,-0.03352,9.78780,0.76377
576.3706,1.35755,9.98891,1.95133
576.3868,-2.00161,10.78621,-0.24661
576.4073,-2.27217,10.21158,-0.51956
576.4296,-2.15964,10.24989,-2.07584
576.4472,-0.35196,9.55076,0.58181
576.4771,-1.25699,9.77104,0.82124
576.4888,-0.94813,9.46457,1.06545
576.5078,-0.17718,9.26105,-1.48684
576.5296,-0.30647,9.42387,-2.06147
576.5505,-0.36872,11.01845,-2.17640
576.5668,0.28492,8.88994,-2.21470
576.5865,0.13408,9.73752,-1.94655
576.6121,0.18436,9.74949,-1.84599
576.6266,0.67040,8.81333,2.33202
576.6464,-0.15323,10.23313,1.08700
576.6688,-0.08141,9.26584,2.57863
576.6878,0.41660,8.46137,0.54589
576.7066,0.33520,10.13257,-1.74782
576.7305,-0.05267,8.71516,-1.01038
576.7631,-0.13647,10.49411,-2.35597
576.7682,0.59378,8.99290,-0.91701
576.7900,0.29450,9.44541,-2.95932
576.8078,1.09418,9.19402,-3.25861
576.8292,-0.65124,10.23313,-2.33442
576.8518,-1.03672,9.80695,-1.05348
576.8681,0.35675,7.31212,0.29210
576.8966,-0.16281,8.84924,-1.48445
576.9088,-0.56265,9.88117,-2.29132
576.9265,-0.28013,9.97455,-0.92180
576.9463,-0.57223,8.61460,-1.18038
576.9691,0.26576,10.33848,0.33520
576.9904,0.48125,10.47495,0.09338
577.0259,-1.59698,11.12141,3.44057
577.0396,2.01598,9.52443,-0.20591
577.0485,-0.95053,8.72713,0.03113
577.0661,-2.68159,11.16211,0.69913
577.0889,-1.99204,10.69762,1.50121
577.1061,-0.62012,9.33767,-0.39984
577.1276,-0.90743,10.10145,-0.97208
577.1495,0.16520,11.13338,0.00239
577.1664,-2.69595,11.81814,0.68237
577.1874,-1.74064,9.82850,1.13967
577.2091,-2.08062,9.87399,3.92182
577.2296,-2.24344,10.78860,1.65923
577.2504,-0.41421,9.27781,2.33442
577.2726,-2.14527,9.09824,0.56744
577.3054,-1.16122,9.54358,1.91303
577.3214,-0.37830,10.62100,0.64885
577.3314,-2.20992,10.16130,1.03912
577.3464,0.09817,9.28260,-2.20034
577.3664,4.24984,8.19321,-3.11735
577.3890,1.61853,10.17088,-2.20752
577.4066,2.02795,9.55076,-4.09900
577.4285,4.60419,8.85403,0.09577
577.4583,3.20593,8.63375,-1.14446
577.4684,2.87792,7.97294,0.30647
577.4861,-1.46290,9.24669,-1.26418
577.5115,3.24424,8.50207,-2.13090
577.5281,-2.97848,9.84526,0.49322
577.5461,-2.68877,9.65850,1.62571
577.5695,-1.23066,10.06074,2.22428
577.5934,-2.57624,10.29778,3.15805
577.6062,-3.20354,10.17567,1.19714
577.6285,-1.82444,10.32172,0.77096
577.6461,-2.50681,10.78142,2.36794
577.6664,-1.81486,10.55157,3.15326
577.6901,-1.77416,10.71199,3.29931
577.7107,-1.81965,11.59547,2.63131
577.7281,-1.85556,10.81973,1.34558
577.7531,-1.75740,11.39914,5.28177
577.7665,-1.49403,9.70878,-1.21629
577.7862,-1.35037,11.45660,-4.13012
577.8086,-1.67599,9.46696,-0.23224
577.8281,-1.64008,9.13176,-3.00481
577.8552,-1.98246,9.87160,-2.51878
577.8703,-1.86035,10.99212,-2.33202
577.8859,-1.29770,8.99529,-2.93778
577.9058,-2.05189,10.50847,-2.82524
577.9295,-1.47008,9.93385,1.41980
577.9479,-2.04471,10.58270,-1.63050
577.9658,-1.18756,10.12299,-1.97767
577.9880,-2.02795,10.54678,-2.76778
578.0103,-0.02873,9.76625,-4.20195
578.0273,-1.82204,10.47016,-3.10777
578.0484,-2.12612,11.31534,-2.12372
578.0663,0.54829,9.74470,-2.10696
578.0862,-0.00958,10.39355,-3.89549
578.1126,-0.39506,9.68724,-2.93059
578.1302,0.28492,7.63774,-1.21629
578.1657,-0.35914,10.17088,-2.64567
578.1702,-0.63927,10.00807,-2.16921
578.1865,1.93697,8.11899,-0.49801
578.2078,3.63930,8.50207,-0.87391
578.2300,2.17640,8.35841,1.09658
578.2490,-2.54272,11.40633,-3.89788
578.2681,-1.81486,8.98571,0.59378
578.3006,-1.95133,9.88357,-1.55388
578.3062,-0.36872,10.41510,1.50360
578.3262,-0.45012,7.19958,2.98327
578.3483,0.07662,11.47097,-1.95133
578.3673,0.17718,8.71277,-0.63688
578.3885,0.42858,10.03680,1.71430
578.4106,0.97208,8.62657,-0.83081
578.4400,0.72547,9.07430,3.22269
578.4478,-2.28174,12.52206,-0.27774
578.4693,0.73265,9.44781,-0.61772
578.4893,0.13169,9.37837,2.32724
578.5079,-2.68398,11.15971,0.30407
578.5300,0.41421,9.23232,2.58821
578.5480,-3.62014,10.62819,0.08380
578.5721,-1.55388,10.38158,3.22509
578.5889,0.26576,8.43982,1.71670
578.6059,-2.52596,11.60505,-0.46928
578.6258,-1.12052,11.52125,2.67201
578.6483,-0.24900,9.35922,0.79011
578.6660,-2.25780,11.86363,-1.56346
578.6860,-1.19714,10.04398,1.69036
578.7253,-2.62652,10.59467,0.85954
578.7306,-1.73585,9.51485,3.43818
578.7480,-1.89866,10.41988,3.87154
578.7690,-1.83401,9.24430,0.73504
578.7896,-3.01918,10.14454,1.14207
578.8085,-1.66163,10.62579,3.31128
578.8303,-1.46530,10.06314,-0.75899
578.8502,-2.54033,11.04958,-0.30647
578.8679,-2.73187,9.93863,1.71430
578.8920,-1.86993,10.56833,2.70314
578.9096,-1.70712,10.74551,2.30808
578.9274,-0.27774,10.49171,1.96091
578.9496,1.76219,8.08547,1.12531
578.9829,-2.16921,11.17647,-1.55149
579.0017,0.24422,10.43664,-1.62811
579.0099,-3.57465,10.22834,-0.47646
579.0257,-1.11573,11.89715,2.23146
579.0464,-0.60815,10.46777,1.66881
579.0695,-0.99602,9.70878,1.26897
579.0869,-2.81806,10.17088,-1.17798
579.1068,-1.57064,10.24989,3.85478
579.1362,-2.96172,10.47256,-2.15485
579.1472,-1.07503,9.28021,2.98566
579.1670,-2.49483,9.94821,3.57465
579.1895,-0.57223,9.55316,4.40068
579.2090,-1.85556,11.96898,1.86275
579.2307,-2.03274,12.12221,-0.56984
579.2537,-1.88190,9.28500,1.24023
579.2708,-1.98725,10.30017,0.77335
579.2899,-2.61934,11.13577,1.93218
579.3105,-1.84599,11.70082,-1.24742
579.3313,-2.07823,9.98173,2.11654
579.3470,-1.97288,11.04718,4.09900
579.3696,0.07422,9.11261,1.38389
579.3961,-1.01996,8.53320,0.73744
579.4130,-2.81567,10.77903,0.21788
579.4296,-1.67599,8.90431,0.56505
579.4493,-2.32005,10.32651,0.59857
579.4674,-1.06066,9.90751,3.48606
579.4897,1.14446,7.58267,0.90982
579.5119,-1.49403,9.76146,-0.04549
579.5308,-1.43178,11.33450,1.27375
579.5618,2.85876,9.14134,-0.50280
579.5679,0.15084,10.55396,-1.69754
579.5869,-2.01359,10.43186,0.71589
579.6105,0.49083,9.77343,-0.66082
579.6275,-2.68398,10.70001,0.79250
579.6472,-1.49882,9.33767,2.32963
579.6720,1.37192,9.35204,-1.49642
579.7009,0.48604,8.49249,-1.18038
579.7141,-1.38389,9.37119,-1.12052
579.7288,-1.27615,9.15092,-2.09260
579.7479,-2.53314,9.77104,-0.87391
579.7681,-0.22985,8.85163,-0.67758
579.7907,2.58342,8.91149,-2.18837
579.8082,-1.70712,9.80695,-1.28094
579.8381,-1.87472,10.00567,0.62012
579.8498,-0.42858,9.44302,-3.53156
579.8677,0.52195,8.33208,1.27854
579.8876,-0.96729,10.72156,-1.80768
579.9118,-1.96809,11.59068,-3.95295
579.9282,1.81725,8.66488,0.19633
579.9500,0.21788,9.90990,-3.21072
579.9901,-0.73744,9.96976,-4.79573
579.9902,3.08383,9.59865,-0.39745
580.0095,0.20351,9.66569,-4.24505
580.0300,-0.44294,10.53002,-3.82366
580.0477,3.47649,8.42785,-1.58262
580.0678,0.79011,9.05036,-4.18759
580.0905,-0.67279,9.72315,-1.68796
580.1173,-1.54191,9.42387,-5.04474
580.1279,-1.35037,10.80536,-4.50363
580.1498,-1.45572,11.46858,-3.89309
580.1677,-1.07742,9.96018,-4.94657
580.1880,0.85715,9.68724,-1.66642
580.2185,-0.09338,10.90353,1.15883
580.2355,-1.66163,11.19802,0.66321
580.2504,-2.28893,11.21718,0.15084
580.2699,-0.76377,12.03363,-0.36872
580.2888,-1.88429,9.17965,0.21070
580.3093,-1.97528,9.58907,0.38308
580.3348,-3.78056,10.60664,-1.14446
580.3489,-0.80448,9.36161,2.45892
580.3782,-2.15724,9.89075,0.26098
580.3923,-1.25221,9.93863,2.09978
580.4103,-1.73345,9.14852,1.29530
580.4305,0.17478,8.43503,3.16523
580.4515,1.40544,7.78139,1.20671
580.4710,-3.00960,12.11503,0.65124
580.4920,-2.11414,11.40872,3.64169
580.5126,0.19633,9.73512,1.41262
580.5283,-1.98964,9.94821,1.36234
580.5488,-0.06225,9.87160,2.44934
580.5708,-1.89148,8.99529,-0.74941
580.5898,-2.13330,10.69523,2.33921
580.6103,0.35675,8.89234,1.47487
580.6330,0.88828,7.67604,-2.39427
580.6508,1.27136,9.60822,-2.15485
580.6683,2.49483,7.93942,0.67519
580.6910,1.91303,7.59464,-2.31048
580.7085,-1.29530,10.86043,-4.01759
580.7311,-1.77176,11.74871,-2.45892
580.7526,-1.99204,10.59227,-2.58821
580.7700,2.07344,10.23074,-3.22988
580.8041,1.34798,9.35683,-1.88429
580.8185,-1.52276,10.52284,1.29051
580.8294,-1.57783,10.36960,-2.18118
580.8485,-1.76219,9.67287,-3.68479
580.8712,-1.53473,10.30975,1.69515
580.8896,-1.79810,10.98014,-3.13650
580.9099,-1.46051,10.54678,-0.28013
580.9412,-1.70233,9.36880,0.46210
580.9485,-1.66163,8.55474,-0.00718
580.9688,-2.85398,11.74631,-0.05746
580.9911,-2.30090,10.48213,1.24263
581.0089,0.02873,9.22035,1.60895
581.0298,-1.83641,10.95620,2.78694
581.0526,-2.50920,9.93624,-0.17957
581.0715,-0.22267,10.38876,1.60656
581.0882,-3.05988,10.68325,1.08700
581.1111,-2.23625,11.59787,-0.54111
581.1297,-0.05507,8.48292,-2.37033
581.1499,1.56346,9.40711,-4.08703
581.1724,2.33921,8.63615,2.76299
581.2090,-2.82764,8.81572,-2.52596
581.2239,-0.52674,10.43904,-2.23625
581.2308,-1.48445,10.00328,-2.77496
581.2484,-0.32802,8.91389,-3.63690
581.2708,-0.67758,11.17169,-2.22189
581.2943,-2.08781,10.39594,3.25621
581.3088,-1.49642,11.45900,-2.86595
581.3431,-1.32403,11.03042,0.89306
581.3682,-2.31287,10.97775,3.86197
581.3683,-1.93697,12.58431,0.08380
581.3890,-2.14527,10.72396,0.86673
581.4106,-1.31925,10.60664,3.96731
581.4283,-2.19794,9.59146,1.23305
581.4496,-2.10217,11.13817,3.15087
581.4708,0.12929,8.91628,2.50441
581.4968,-2.69356,8.88276,-1.13010
581.5082,-1.91542,9.28260,0.14126
581.5329,-0.95532,8.70319,-1.12052
581.5497,0.49561,9.39992,-1.93697
581.5685,-2.38470,10.07032,-0.60815
581.5909,-2.15485,10.30496,-3.25382
581.6115,-0.89785,10.53241,-1.15404
581.6452,-1.01996,10.63537,-2.89707
581.6519,-1.63768,10.46777,-3.13889
581.6689,0.00000,9.62738,-2.11175
581.6889,-0.39266,10.31932,-1.24502
581.7143,-1.05348,10.25947,0.42858
581.7322,-1.59698,10.16370,0.91461
581.7499,-2.02077,9.13655,2.50920
581.7823,-2.15006,10.61143,0.87630
581.7882,-1.26657,10.05117,2.34639
581.8083,-2.08781,10.91789,1.52036
581.8304,-1.21390,9.26345,0.18675
581.8500,0.26816,8.91628,0.73025
581.8712,2.37991,8.91628,0.27295
581.8944,2.86595,9.52682,-1.14925
581.9221,-1.52994,11.01127,0.49561
581.9365,-2.43019,10.63776,-0.55787
581.9524,-0.46688,10.08947,-1.81965
581.9682,-0.79250,10.00567,-2.22428
581.9909,-0.84278,11.43506,-2.89947
582.0152,-1.01517,10.69523,-2.54511
582.0461,-1.07503,9.45499,-0.31604
582.0604,-1.56825,10.68325,-2.29850
582.0720,-1.26418,9.53879,-0.60575
582.0910,-1.03672,10.72635,-3.45254
582.1094,-1.93697,10.50608,0.17718
582.1332,0.04549,7.33606,1.06545
582.1511,-2.02795,12.51009,-0.61533
582.1832,-1.16841,6.73270,1.61374
582.2016,0.68716,10.37200,-2.59539
582.2091,-0.18675,8.72234,-0.93137
582.2292,0.63448,9.64414,-0.47646
582.2515,-0.46688,9.44781,-0.02394
582.2690,-0.55787,9.54119,-6.55074
582.2892,2.83003,8.98092,-5.31529
582.3115,0.79490,9.22035,-2.35357
582.3342,-0.27534,7.47014,-0.74462
582.3505,-2.01837,11.15732,1.00320
582.3715,-0.83560,11.27943,1.24742
582.3889,-1.36234,10.03680,-1.35516
582.4091,-1.14925,10.12060,2.18597
582.4331,1.06066,9.04796,0.22506
582.4521,-3.39748,10.27623,1.16601
582.4720,-1.74543,11.88757,1.93697
582.4913,0.62251,9.30176,1.55628
582.5093,0.81166,10.01286,-0.68955
582.5305,2.32963,9.58428,0.91940
582.5532,2.59779,9.78061,-2.32963
582.5707,-0.79011,10.10384,-2.60258
582.5910,-0.73504,11.39675,-2.44695
582.6222,-1.69754,10.74790,-1.86753
582.6296,-1.08700,11.33929,-1.51797
582.6492,-2.31526,9.84526,-1.18995
582.6714,-1.95612,9.80934,2.30808
582.6891,-1.28573,10.17806,-0.93377
582.7093,-1.25221,9.62977,0.65603
582.7564,-1.55149,9.22754,1.15643
582.7569,-2.04950,10.03201,-0.60575
582.7712,-1.91542,9.38316,0.26337
582.7916,-1.38868,9.86920,-3.81169
582.8093,-0.99602,9.75667,-0.48364
582.8294,-1.01517,9.33767,-3.03594
582.8514,-1.71430,10.41031,-0.36872
582.8694,-1.66642,9.12458,-2.45892
582.8981,-1.80049,10.47735,-3.60338
582.9116,-1.40783,9.76625,1.40783
582.9291,-1.78373,10.37679,-0.68955
582.9489,-1.11813,10.70480,0.01197
582.9713,-0.09098,9.71357,-0.96250
582.9905,0.11014,10.52284,0.14126
583.0129,0.65124,9.34007,0.21309
583.0398,2.79651,9.17486,0.53632
583.0547,-0.79729,10.46537,-4.78137
583.0709,-0.39027,9.64653,-4.46053
583.0922,-1.22587,9.96258,-0.88349
583.1100,-1.71909,11.29140,0.67997
583.1298,-1.75500,9.30894,1.59219
583.1680,-2.32005,10.35524,2.28174
583.1830,-1.35037,9.94582,0.85236
583.1898,-1.64487,9.30655,-3.40705
583.2122,-1.94655,10.66649,-0.19872
583.2299,-0.68955,8.84445,2.08781
583.2499,0.31844,8.43742,1.95612
583.2722,0.57463,9.75906,-2.54033
583.2899,-0.45731,9.44302,-2.78454
583.3224,-0.25619,9.85723,-0.13408
583.3351,0.69673,8.53080,-1.65923
583.3499,-1.59698,8.84445,-1.11334
583.3699,-1.10137,9.92666,1.34319
583.3920,-1.46530,8.33208,0.95292
583.4114,-1.84359,11.38238,2.44695
583.4298,-0.07901,7.97533,0.44294
583.4525,0.95053,9.01923,0.20351
583.4695,-2.77018,10.79100,-1.15165
583.4889,-1.49642,10.17806,4.46532
583.5116,-0.22746,8.78938,-2.50441
583.5303,-0.64406,11.53322,-1.73106
583.5505,-3.09580,9.42387,-1.10137
583.5744,-0.14126,8.34644,-1.05109
583.5927,0.07183,7.66168,-2.27456
583.6132,-0.69913,10.33608,-0.40942
583.6324,-3.71591,9.46457,0.23224
583.6531,0.26816,10.37918,0.03831
583.6696,-0.91940,8.74150,2.48047
583.6919,-0.69913,9.01444,-1.49403
583.7094,-0.09098,13.02007,1.44135
583.7294,-2.83243,10.54918,0.44294
583.7516,-2.10936,10.90832,-2.29372
583.7694,-0.73983,12.01447,-3.51958
583.7894,-2.20752,10.31214,1.40305
583.8118,-2.82285,11.39435,-0.34717
583.8306,-0.46928,11.18366,0.33041
583.8508,-1.86993,9.97215,-3.31607
583.8720,-1.50600,9.17726,-0.39506
583.8895,-0.63688,8.93064,-1.27854
583.9094,-0.40224,9.73273,-0.02873
583.9315,0.60815,9.80216,-1.64487
583.9507,-0.26098,8.42306,0.12211
583.9694,-1.88429,9.46457,0.34478
583.9932,-1.43178,10.81733,-2.38230
584.0115,-1.86753,9.87638,0.96010
584.0307,-1.81486,11.08310,1.89866
584.0518,-1.87711,9.52203,1.47248
584.0718,-1.41502,10.08469,0.07183
584.0913,-0.91222,9.92427,-0.10056
584.1138,-0.45252,8.36320,-1.10376
584.1331,-0.82602,9.79258,-0.02634
584.1592,-0.39506,7.72154,0.51716
584.1747,-1.00799,8.27701,-1.12291
584.1907,-1.09179,8.32010,-0.03591
584.2111,-0.96010,9.50048,-1.17080
584.2320,-1.39586,9.61541,1.01996
584.2510,-2.09738,10.22355,2.13330
584.2698,-1.39107,10.39834,0.72547
584.2958,-1.40065,10.76466,1.56346
584.3094,-0.89306,11.48773,0.56984
584.3295,0.17957,10.33130,-0.31126
584.3521,1.58022,10.20440,-0.42379
584.3713,0.71349,11.54998,-2.42061
584.3900,-0.19872,10.30975,-2.73187
584.4310,-0.35675,8.62657,-1.58262
584.4476,0.76138,9.46217,-1.87951
584.4501,0.65124,8.89952,-0.84997
584.4722,-1.53473,11.76547,2.34400
584.4897,-0.66082,8.48531,-0.80926
584.5099,-1.87951,9.39992,4.14449
584.5322,-1.92260,11.60744,1.19953
584.5498,1.05348,8.76783,2.22189
584.5731,-0.51237,13.65934,0.07662
584.5920,-0.23464,11.16690,1.87711
584.6115,-0.11253,8.30574,-1.50600
584.6297,-0.29928,11.26506,-1.44854
584.6538,-0.84997,11.85645,-2.23865
584.6729,-0.27774,10.26186,-0.36632
584.7060,-1.19235,8.97135,-3.17481
584.7202,-0.01197,9.12219,-0.99123
584.7295,-0.06943,9.32809,0.01915
584.7495,-0.63927,9.03839,1.48206
584.7731,-0.21070,8.72234,-1.68318
584.7931,0.78053,6.82368,-0.64167
584.8122,0.86673,9.52203,-2.86834
584.8345,0.82124,8.71037,-2.37033
584.8525,2.20273,8.76783,-2.06865
584.8698,0.88588,10.70480,-2.81567
584.8917,-0.04310,10.75748,-0.73025
584.9109,-0.47646,10.87480,-0.70392
584.9299,-0.84757,10.87240,1.12291
584.9522,0.17478,10.45340,1.24263
584.9712,0.12929,9.21317,2.15724
585.0046,0.53632,10.14694,0.31844
585.0136,0.36393,10.72156,0.70871
585.0309,0.28252,9.46696,-0.62251
585.0496,1.78373,8.87558,-2.74863
585.0716,-0.96489,11.83729,0.05507
585.0906,0.17239,8.81093,-2.05429
585.1115,0.28013,8.65291,-0.60096
585.1466,-1.64008,12.69205,2.97130
585.1494,0.29689,9.12698,2.28653
585.1696,0.16042,12.47417,0.73744
585.1934,0.28013,9.74470,0.94334
585.2130,0.43336,8.15490,0.50280
585.2314,-0.32562,10.54439,0.24900
585.2851,-0.02634,11.14535,-2.00640
585.2851,0.69434,8.21715,0.73504
585.2991,-1.32403,10.19243,2.03513
585.3115,0.13887,9.92427,-1.25939
585.3294,1.12531,8.93543,-1.45811
585.3507,-2.29611,10.59467,-0.32562
585.3742,-1.05827,8.22673,1.65444
585.3907,-2.01837,10.03680,0.07662
585.4197,-1.99922,11.51886,2.17640
585.4330,-1.55388,8.48292,3.37593
585.4493,-1.72388,9.85244,1.08461
585.4695,-0.80687,10.42467,-1.89866
585.4932,-0.54111,10.27144,-0.90504
585.5108,-0.12211,11.12380,-1.57304
585.5339,-1.67120,10.46059,-2.73187
585.5679,-1.21629,10.96817,-0.28013
585.5698,-1.25221,11.11183,0.90264
585.5892,-1.56107,9.95779,0.05986
585.6116,-0.05028,9.63217,1.37910
585.6297,-0.92898,11.44703,0.41900
585.6497,-0.78293,8.89952,0.19394
585.6723,-0.12690,8.74868,-1.21629
585.7050,-0.51716,9.20838,0.37830
585.7102,-1.39107,11.47097,-1.54670
585.7321,-0.80208,9.59865,0.20591
585.7516,-1.29770,10.55157,-0.92898
585.7729,-1.30009,10.46777,0.14366
585.7939,-1.73824,11.80377,2.46610
585.8307,-1.13967,9.72554,0.31365
585.8434,-1.07742,9.07670,-1.30488
585.8522,-1.54431,10.63058,-0.84757
585.8689,1.03672,8.41109,2.08062
585.8889,0.52674,8.01603,2.08302
585.9110,-1.08221,9.28260,3.06467
585.9288,-2.78933,10.23792,2.15485
585.9491,-0.99602,9.97215,2.12133
585.9722,-1.95852,10.79339,-0.20830
585.9891,-1.41502,14.04960,1.63050
586.0110,-0.92419,7.78379,-2.16682
586.0320,0.17478,8.09744,-5.76063
586.0496,3.17720,9.14134,-3.89788
586.0714,-3.65845,14.86366,3.73746
586.0933,-2.85158,10.78142,-0.98405
586.1121,-1.53952,3.31128,0.17718
586.1301,0.54589,12.71599,-6.81650
586.1519,-2.53554,7.54436,-0.10056
586.1695,-0.68237,13.01288,-4.20914
586.1896,-1.02236,7.40310,0.00718
586.2121,-0.59139,12.12221,0.94095
586.2297,-1.92500,10.78142,0.74223
586.2606,-0.68476,9.79737,-0.88349
586.2715,-0.84039,8.57390,0.80687
586.2900,-0.68955,11.43027,0.22746
586.3094,-1.56825,10.23553,1.09179
586.3328,-1.06545,9.59865,1.51318
586.3494,0.13169,8.48052,-1.09897
586.3704,-1.00560,9.74709,-0.64406
586.3995,-1.52276,9.94821,-0.40703
586.4139,-1.21629,10.24989,-0.84039
586.4299,-1.66163,10.14454,0.41421
586.4526,-1.04390,9.22275,2.23625
586.4700,-1.95612,8.26982,0.64167
586.4904,-1.57783,8.85642,2.09260
586.5140,-0.98405,8.94980,1.36474
586.5311,-2.15724,10.56115,1.06785
586.5497,-1.18517,10.36960,0.60336
586.5723,-0.77096,9.31612,-1.06066
586.5897,0.50998,11.15253,-0.69673
586.6136,-1.69036,10.20201,-0.01915
586.6331,-1.53712,11.30816,-0.12690
586.6672,-1.60177,10.72875,1.89866
586.6843,-1.67120,10.64255,0.45252
586.6935,-1.42938,9.62498,1.48924
586.7151,-0.90504,8.94980,1.32403
586.7311,-0.47167,10.14215,-0.59617
586.7550,0.74701,10.49171,-2.08062
586.7723,0.98644,9.86920,-2.41822
586.8016,0.07183,9.83568,0.11971
586.8206,0.60336,10.31693,-0.80926
586.8319,-0.92898,10.85804,-3.03594
586.8508,-1.52755,9.22993,-2.25062
586.8735,-1.61135,9.78061,0.72068
586.8913,-1.75979,11.06634,0.58420
586.9120,-1.26178,8.46137,-0.20112
586.9370,-1.29530,9.71357,1.22826
586.9564,-0.43815,8.22194,1.11813
586.9734,-0.33999,8.50686,-0.14845
586.9935,-1.23545,12.20362,0.82124
587.0110,-0.38069,8.03998,-2.47329
587.0322,1.01517,9.99610,-2.16921
587.0546,0.94334,11.70800,4.54194
587.0732,-1.23305,5.68161,-0.22027
587.1018,-1.49403,12.45502,-0.61533
587.1135,-0.56744,12.92908,-3.89549
587.1309,-1.70712,7.35521,5.12614
587.1523,-2.07823,11.66730,-5.90668
587.1736,0.74941,5.34163,-1.67599
587.1915,1.59938,9.92906,-2.53314
587.2130,-2.54511,8.14293,1.24263
587.2362,-1.29291,9.76864,-1.18277
587.2512,-0.26816,7.49408,-1.58501
587.2725,-1.13010,11.40393,1.06306
587.2933,-0.66082,9.57231,1.46051
587.3129,-0.17239,9.12937,-0.25619
587.3349,-2.82524,10.64973,-1.59938
587.3754,-1.70951,9.38556,1.79092
587.3754,-1.14446,9.29218,2.33442
587.3906,-0.98644,9.37119,0.60815
587.4147,-0.72786,9.21317,-2.09738
587.4325,-0.12211,8.51644,-1.21390
587.4525,-0.37111,8.72234,-1.46051
587.4744,-1.24502,10.34566,0.68476
587.4932,-1.88908,10.59467,-1.05827
587.5193,-1.40783,10.14933,0.86673
587.5337,-0.57702,9.12458,1.89148
587.5507,-1.47727,11.63378,1.06306
587.5708,-2.54033,10.82212,1.20671
587.5945,-2.90665,11.30577,-0.41900
587.6121,-1.25939,10.74072,1.52036
587.6331,-0.82842,8.52122,-0.25379
587.6638,-0.39506,9.79019,-3.72310
587.6709,-0.23224,8.86839,-3.72310
587.6908,-0.80687,10.14694,-3.16523
587.7155,-1.91542,9.51006,0.60096
587.7316,-1.63050,9.24908,-0.35914
587.7516,-1.63290,8.44940,2.01359
587.7745,-2.49962,11.70322,0.77575
587.7938,-1.95133,10.52523,2.52835
587.8108,-1.96570,10.90113,2.60737
587.8331,-1.42938,11.10465,-0.34478
587.8522,-0.09098,10.09666,-2.53554
587.8735,0.83560,10.16848,-2.84679
587.8948,-1.20432,9.22275,-2.04950
587.9131,2.03034,8.37517,-3.46452
587.9460,-0.68716,10.58509,-1.96809
587.9535,-0.70392,8.71756,1.03193
587.9709,-2.15964,10.58988,1.92739
587.9923,-1.64966,10.15412,3.92422
588.0135,-0.92658,7.45098,0.36872
588.0311,-0.71589,9.58428,1.15404
588.0512,-1.85317,11.32013,0.25140
588.0822,-1.58022,9.29697,3.09819
588.0906,-0.26576,9.83808,-1.19714
588.1110,-1.10615,8.37757,-0.86433
588.1329,-1.53234,11.10944,1.71909
588.1522,-1.13489,10.47495,2.10217
588.1708,-1.65684,10.26665,0.43576
588.2141,-0.43097,8.04716,-0.19394
588.2142,-1.56825,8.34884,1.33361
588.2305,-1.89866,8.61939,1.61853
588.2531,-1.44375,9.57949,-1.14686
588.2707,-0.91940,9.59386,-0.82124
588.2905,-1.23545,9.36880,-0.69434
588.3159,-1.01517,10.39594,-0.86912
588.3334,-0.94574,10.07511,-1.70951
588.3675,-1.27136,10.45819,-1.39107
588.3735,-1.06785,10.79578,0.94095
588.3909,-0.44534,11.56195,0.81166
588.4105,-2.30569,10.61861,-1.28573
588.4329,-0.38787,8.54277,1.12291
588.4518,-2.00880,7.28338,-2.69835
588.4719,-0.24661,9.22035,-10.55396
588.5064,-0.17957,8.16448,-2.71032
588.5135,-1.33122,7.42704,0.51237
588.5312,-0.08859,8.93304,-6.85720
588.5535,0.55068,11.26985,3.06946
588.5711,-1.88669,10.92508,1.54431
588.5924,-1.27136,11.41351,1.51797
588.6163,-2.73666,11.84687,0.93137
588.6430,-2.80609,10.59227,3.74943
588.6580,-1.45093,9.74709,1.53712
588.6724,-1.70951,9.69921,0.74941
588.6906,-1.39347,10.30017,1.38150
588.7104,-2.39667,10.41749,0.74701
588.7328,-1.02475,9.50767,3.32325
588.7531,-2.45892,9.45260,0.42139
588.7731,-1.65444,8.90191,1.17559
588.7932,-2.10217,10.73353,-0.03831
588.8124,-1.53234,9.09585,-0.08141
588.8306,-0.90982,9.68005,-0.98165
588.8550,-0.49322,8.91389,-1.98007
588.8744,-1.02954,9.65132,-1.69994
588.9150,0.29210,9.90033,-1.59219
588.9277,-0.04070,10.00807,-0.53632
588.9304,-2.07105,10.95620,0.94334
588.9517,-1.85317,9.82131,3.90985
588.9752,-2.42779,11.15014,0.64885
588.9915,-1.50121,9.93385,3.74465
589.0145,-2.32963,10.14454,1.45811
589.0347,-0.89546,11.62899,-2.49244
589.0676,-0.35196,7.68802,-3.04312
589.0724,-2.39906,11.93785,-3.34720
589.0966,-3.09101,8.24588,2.36315
589.1124,-1.35516,10.23313,1.24502
589.1325,-2.78933,11.15014,1.19235
589.1550,-0.77814,10.12539,-0.47407
589.1917,-1.21869,7.38873,2.51159
589.2056,-2.13569,8.40630,0.82842
589.2150,-1.76458,10.57072,1.67360
589.2344,-1.41741,10.73593,-1.93457
589.2529,-1.86275,8.12138,-0.72068
589.2768,-1.31206,8.78459,1.81965
589.2943,-1.40783,10.35045,1.04869
589.3348,-0.35675,9.85005,0.04789
589.3517,-2.34400,10.36721,0.99123
589.3530,3.62972,8.73671,-4.54912
589.3741,-3.95534,9.10064,-1.57064
589.3958,-1.64487,8.16208,-0.73504
589.4121,7.28099,6.10540,-0.50040
589.4342,-4.00802,12.53642,-5.19797
589.4703,-3.36396,16.58754,3.26579
589.4744,-1.49403,8.44461,4.11815
589.4919,-2.77975,11.19563,-3.30649
589.5160,-3.49085,8.76305,-1.44854
589.5323,0.21788,9.32809,-0.39266
589.5539,-0.96250,10.34806,-1.22347
589.5771,-0.96010,8.60742,-0.96968
589.6096,0.35196,10.24031,-2.75820
589.6238,2.56187,8.92107,-0.37830
589.6361,-2.45892,10.15412,0.03352
589.6521,-1.11094,9.48612,1.22108
589.6737,0.62012,8.25546,-1.86514
589.6965,2.90665,10.38876,1.19474
589.7140,-1.87951,8.51644,-1.28094
589.7359,-2.82524,10.33608,-2.62413
589.7654,-2.70792,10.47735,-1.14925
589.7799,-2.05429,10.81015,-0.19394
589.7924,-1.22347,11.68406,-2.95693
589.8146,-1.93697,9.10543,1.58980
589.8337,-1.15404,10.77663,-1.12770
589.8523,0.26576,9.23711,1.36713
589.8917,-2.16203,11.02085,-0.43336
589.9037,-1.47727,9.64893,2.33442
589.9153,-1.78613,8.49489,0.16520
589.9359,-1.35755,9.29697,-1.47248
589.9525,-1.90584,7.83886,0.26098
589.9723,-2.05189,10.26186,0.64885
589.9975,-1.23545,10.53481,0.28971
590.0338,-0.73265,8.87558,0.36393
590.0338,-1.60177,9.90990,1.50121
590.0563,-0.73025,9.52443,0.70152
590.0723,0.84518,9.37598,1.86993
590.0933,0.39266,9.87160,0.83321
590.1160,0.28731,9.52443,-2.76539
590.1348,-0.63927,9.73512,-0.97926
590.1538,-1.69275,9.89554,-0.19633
590.1909,-1.04630,9.19162,3.48367
590.1950,-2.03513,10.42707,2.40146
590.2135,-0.56984,10.05117,3.30889
590.2338,-0.49801,8.40390,0.29928
590.2521,-0.64167,10.98733,-2.21470
590.2722,-0.83081,8.84685,-2.02077
590.2966,-1.02954,9.96258,0.09098
590.3264,-1.57304,10.61861,0.35435
590.3321,-1.80289,10.56354,2.15724
590.3557,-2.54990,11.51407,-0.07662
590.3719,-1.52755,10.30256,2.17400
590.3934,-0.48125,10.08469,2.32245
590.4158,-1.55628,9.65850,1.48445
590.4324,-0.89306,9.76385,-2.07584
590.4609,-0.91940,9.18923,0.24900
590.4744,-1.16841,9.46457,1.78134
590.4921,-1.46530,10.35045,1.40305
590.5121,-2.21949,8.78699,-0.05746
590.5356,-1.28094,8.75826,-1.15643
590.5534,-0.26816,10.23553,0.87630
590.5739,0.40224,10.81973,-2.31287
590.6038,0.48604,7.07987,-3.31607
590.6123,-1.27136,10.50129,-1.17319
590.6323,-1.78613,8.55953,1.96091
590.6562,-2.23865,12.56515,0.14366
590.6732,-1.62571,9.94103,0.68716
590.6936,-1.38150,9.74230,0.58181
590.7169,-0.00718,9.11261,0.13408
590.7344,-1.20671,10.09905,0.84039
590.7520,-0.54829,10.11821,-1.37910
590.7743,-1.06306,10.32651,0.86673
590.7921,-1.15404,11.64336,0.27295
590.8171,-1.42459,9.78540,2.49723
590.8394,-3.30170,10.61382,0.25140
590.8816,-1.22826,11.55956,0.88588
590.8817,-0.49801,8.65530,0.30647
590.8970,-0.81405,12.07912,-0.74701
590.9128,1.70951,8.70319,-0.69434
590.9331,0.46449,10.99451,-0.92180
590.9555,0.59617,10.47495,-0.13647
590.9729,-0.26337,10.22595,0.93137
590.9939,-3.14847,11.52604,0.71589
591.0242,-2.48765,11.20281,-1.00320
591.0333,0.05986,9.94821,3.39029
591.0530,-1.53712,10.71917,1.43417
591.0750,-2.09738,12.87880,-0.93137
591.0931,-0.92658,11.90912,-1.84838
591.1131,-1.05588,9.07430,-2.23865
591.1355,-0.28731,9.64414,-1.26897
591.1641,-1.78134,10.32172,-0.23224
591.1738,-2.19794,10.44143,0.48604
591.1954,-1.13489,9.17247,0.35196
591.2126,-1.27375,9.07670,-0.09817
591.2326,-1.41980,10.06793,-1.05827
591.2551,-1.56346,9.18683,1.39347
591.2729,-1.71191,10.47735,1.25460
591.3052,-1.20193,9.46457,3.63690
591.3472,-0.21788,9.02881,-0.48604
591.3495,-0.92898,8.88994,0.77335
591.3627,-0.55308,9.71597,-2.93778
591.3758,-0.14845,8.66009,-2.05668
591.3935,-0.23464,10.13018,-1.60656
591.4184,-1.61135,8.91867,1.28573
591.4492,-1.16841,8.43024,1.33122
591.4568,0.95532,8.70319,1.39586
591.4738,1.43656,10.39355,-1.96331
591.4962,2.09260,9.63456,-1.04630
591.5150,0.35675,9.88596,-2.56666
591.5351,-0.12450,9.13895,0.15802
591.5641,-1.47487,12.88359,1.47487
591.5842,-2.15245,10.42467,6.48609
591.5949,-1.19235,10.81494,1.85796
591.6159,0.52195,8.46616,0.92419
591.6358,-0.50519,11.12619,-0.79250
591.6559,0.28252,9.06233,-1.56586
591.6765,-0.34956,9.29218,0.93377
591.7149,-0.53153,10.89634,-2.16921
591.7296,-0.96489,9.84286,0.64167
591.7365,0.44773,9.56273,0.57463
591.7537,-0.43336,8.31771,0.75180
591.7738,0.52435,9.68484,0.55308
591.7976,0.16520,11.18605,0.15563
591.8153,-0.59139,10.98733,-1.51318
591.8380,-1.56346,11.32253,1.49882
591.8704,-0.88828,11.26746,1.58022
591.8756,0.97447,10.28820,2.13809
591.8970,1.83401,10.51326,0.20830
591.9197,3.10298,9.09106,-0.46928
591.9398,-0.54589,10.86043,-1.76697
591.9611,-1.26418,11.07592,-2.46131
592.0101,-1.74064,10.37200,0.39027
592.0101,-1.33361,11.33450,1.14207
592.0275,-0.65364,10.04398,0.27534
592.0375,1.00320,8.31532,1.31206
592.0557,0.11732,9.11979,-2.39188
592.0754,-1.27854,10.87958,-2.78215
592.0995,-0.32562,8.76783,-0.46928
592.1171,0.16042,7.90590,3.64409
592.1412,1.31925,11.21478,0.43097
592.1583,1.55388,8.97374,2.55469
592.1756,-0.75659,13.07513,0.68476
592.1959,1.02475,8.08307,0.39745
592.2181,0.70631,11.38957,-2.91623
592.2360,0.55068,9.70639,-0.93137
592.2559,0.08141,9.21556,-1.40305
592.2884,0.02394,10.12299,1.01996
592.2975,-1.01278,9.34485,2.21231
592.3157,-0.26576,10.01765,-1.35755
592.3394,0.12211,8.51644,-1.31206
592.3577,-0.54589,8.65051,0.73744
592.3771,0.11493,9.47893,-0.41660
592.4009,0.16042,9.41429,2.30090
592.4181,-2.01359,10.19243,1.88908
592.4374,-2.09499,11.02564,3.84999
592.4580,-0.50998,8.87797,0.97208
592.4772,0.67040,9.99849,-1.32164
592.4976,0.79969,10.28102,-0.52913
592.5186,-1.02954,11.93307,-1.20193
592.5374,-0.94813,12.40474,-0.42379
592.5646,0.05267,9.90990,0.86912
592.5778,-1.12531,9.13895,0.32323
592.5956,-1.10855,11.23394,0.29928
592.6162,0.02634,11.22197,1.47966
592.6381,-0.64645,10.93465,0.28971
592.6557,-0.91940,11.09986,-1.38629
592.6756,-0.39027,9.47175,-1.78373
592.7056,-0.51956,9.03120,1.05827
592.7176,-0.83321,11.49252,1.92260
592.7357,-0.11014,11.20042,0.46688
592.7578,1.07982,8.65770,-2.87792
592.7755,1.07982,9.47415,-3.62254
592.7956,1.16122,8.41827,-2.71750
592.8200,-0.38308,11.82053,-0.58660
592.8489,-0.35675,11.73195,-0.43815
592.8553,-1.07264,11.21478,1.82923
592.8777,1.33601,7.82210,0.06943
592.8954,-0.40463,9.12937,-0.89306
592.9155,-0.56984,10.33369,-3.63451
592.9394,0.00718,10.54678,-1.88190
592.9555,-1.48445,11.35126,-1.80049
592.9855,-1.13010,11.04000,0.40703
592.9974,-1.53712,10.00567,2.65046
593.0173,-1.36713,10.50129,0.21309
593.0355,0.76617,9.27063,-0.94095
593.0579,-0.26098,12.74233,-2.61694
593.0754,-0.11253,8.03519,-2.76778
593.1243,-0.15084,10.81494,-1.49163
593.1243,-0.86433,9.92188,3.79253
593.1393,-0.29928,9.29218,0.29928
593.1565,-0.89067,11.63139,-1.52036
593.1783,-1.49163,9.69202,-1.99922
593.1964,1.18038,10.83409,-2.35597
593.2163,0.94574,6.94340,-5.27459
593.2385,0.94574,11.42069,-0.50759
593.2566,1.17080,7.98012,-0.69913
593.2760,1.30488,10.38636,-2.60258
593.2986,1.04630,9.37837,-1.28573
593.3163,-0.96250,8.69840,1.57304
593.3376,0.24900,9.34007,-1.70951
593.3590,-1.30249,10.21158,-1.35755
593.3950,-1.33601,11.83251,0.72068
593.4080,-0.57941,9.48612,3.28016
593.4227,0.82124,9.11500,-0.50759
593.4385,-1.17080,10.63776,-1.18756
593.4572,-0.49561,8.32250,-0.88109
593.4800,-1.33840,11.49252,1.07264
593.4976,-1.12770,10.60664,1.06785
593.5352,-0.47885,12.24911,0.90504
593.5535,-0.18915,11.47336,1.54431
593.5573,1.00081,9.76864,1.99443
593.5880,2.20034,8.19800,-2.59300
593.5995,0.83081,14.40635,5.36796
593.6174,-2.13809,11.65533,-0.04070
593.6375,-1.01996,8.66249,-0.54829
593.6642,1.27136,14.73197,-3.17002
593.6866,-0.04070,4.62095,3.36396
593.6981,-1.67120,14.07115,-5.14290
593.7209,-0.62491,10.82930,-0.24182
593.7388,0.97208,9.80695,-0.47885
593.7590,-1.47008,10.67368,2.07584
593.7812,-1.24023,9.73512,3.00960
593.7988,-0.25619,11.83729,1.09418
593.8293,0.25858,8.99050,3.89309
593.8403,0.11014,11.24830,-2.05668
593.8593,0.90743,10.90592,-2.44695
593.8782,0.54589,8.38475,-1.67599
593.9020,-0.77335,12.49572,2.63370
593.9185,1.15643,9.74230,-1.26897
593.9379,0.81884,12.04320,-0.45731
593.9651,0.49322,9.45499,0.67997
593.9795,-0.05986,7.55873,0.50280
593.9989,1.37671,8.71277,-1.81247
594.0203,-1.01038,10.80297,-0.16760
594.0381,-0.69673,11.25549,0.31126
594.0579,-1.05109,11.00169,3.38311
594.0838,0.60336,7.47971,0.99362
594.1057,0.81884,12.42629,1.27375
594.1196,1.13010,10.41749,0.34956
594.1405,1.62332,8.43503,-2.94735
594.1580,0.79250,11.34168,-1.85796
594.1794,-0.39745,8.94262,0.67279
594.2020,-0.11493,11.08310,0.46928
594.2225,-1.13249,11.61942,2.64807
594.2496,-0.24182,9.15810,1.93457
594.2636,1.01278,11.21718,-1.59698
594.2791,-0.68955,12.37361,0.65843
594.2980,-0.82842,10.13496,-0.67279
594.3228,-1.63050,13.20443,3.98407
594.3408,-0.92180,12.73754,2.79412
594.3610,0.35435,10.50847,-0.29450
594.3894,0.61533,10.81733,1.21629
594.3992,0.81405,9.41668,-0.07183
594.4208,0.67040,9.56752,-0.04789
594.4444,1.35755,10.34566,1.32882
594.4611,-1.38629,8.79178,2.12133
594.4822,-0.33759,10.02004,1.19474
594.5222,1.63290,10.31214,-1.62811
594.5223,0.37111,8.25546,0.40703
594.5415,2.12372,9.28979,-4.14210
594.5615,0.64406,8.38954,0.96968
594.5790,0.17478,9.70639,-2.21231
594.5994,-0.59378,10.57551,0.94813
594.6227,-1.69515,11.39196,-0.81405
594.6409,-0.93137,9.20120,1.97288
594.6714,0.57463,9.82850,-2.58821
594.6819,-0.25140,11.07831,-1.12291
594.7001,-0.12690,9.93145,-0.53871
594.7216,-1.01278,12.14855,0.63688
594.7442,-0.66321,10.44622,-0.18675
594.7614,0.56026,9.46457,2.21949
594.7842,0.74223,10.19243,-0.92419
594.8158,0.29210,10.16130,-1.06306
594.8215,0.08380,10.32411,-0.71589
594.8400,0.00239,11.40872,0.67997
594.8639,0.95053,10.27623,1.20432
594.8803,-0.39984,11.08070,1.47727
594.9034,-0.78772,10.59467,0.66561
594.9429,1.12291,10.15891,-1.83162
594.9429,1.68796,10.07511,-3.35438
594.9608,0.67997,9.61541,-3.64169
594.9840,-0.55787,11.20521,-0.48125
595.0001,0.06704,9.08148,1.11573
595.0219,0.75180,9.51724,2.12851
595.0442,1.67839,9.07670,-1.15643
595.0609,1.89387,10.38158,-2.57145
595.0956,1.35277,10.32411,-1.23784
595.1031,-1.09658,10.35763,-1.68078
595.1206,0.29928,11.03761,-5.59303
595.1418,-1.79571,13.44385,11.01606
595.1636,-0.28731,7.53239,-2.29850
595.1801,-1.69275,9.26105,-7.53239
595.1997,-3.04552,14.99295,9.58189
595.2230,-1.05827,15.64180,18.59154
595.2395,-2.32005,8.28898,-4.00323
595.2620,0.82124,9.81653,6.02878
595.2822,-1.07742,7.35042,-10.48213
595.2997,-1.76937,14.59071,-7.34085
595.3218,0.68237,5.39191,2.61455
595.3422,1.87711,9.71836,-4.02717
595.3690,1.12770,8.82051,-0.33041
595.3798,1.06306,8.57150,-0.05028
595.4018,0.17957,10.14933,2.71990
595.4197,0.11493,10.13018,0.85476
595.4410,2.33442,10.45580,1.57304
595.4634,2.37991,7.58506,-2.54511
595.4824,0.48364,10.15412,-0.26816
595.5086,0.90743,8.30095,-1.73345
595.5242,1.52276,9.23232,-3.52916
595.5400,0.25619,9.73991,-3.85718
595.5599,-1.26657,8.43982,3.40705
595.5821,-0.73744,9.94582,0.65603
595.6000,0.05986,9.54597,2.58342
595.6200,-1.67120,10.66889,0.61772
595.6440,0.17478,8.74389,0.87870
595.6599,-0.56984,10.20201,0.00718
595.6801,-0.47885,11.07352,-2.04711
595.7025,-0.18436,9.94582,-0.36632
595.7202,0.36872,8.79657,-1.34079
595.7402,-0.95292,10.43904,-0.11971
595.7625,1.45332,7.61140,0.09098
595.7892,0.16281,10.29778,-1.41980
595.7997,-0.51716,8.42545,-1.31925
595.8218,-0.22027,10.58988,0.73504
595.8397,-0.08380,8.44700,0.90264
595.8600,-0.58899,11.08310,2.22189
595.8848,0.92658,9.56752,0.17718
595.9012,-0.80448,9.99610,1.52994
595.9290,-0.04549,8.78459,0.20351
595.9433,0.02873,10.97536,-1.03912
595.9606,0.16281,10.07990,-0.62969
595.9805,-0.92898,8.71037,0.33999
596.0035,-1.04630,9.79737,1.03193
596.0222,0.06465,8.64573,2.49962
596.0421,0.62012,10.11342,0.51477
596.0737,-0.06225,10.28341,-1.35516
596.0803,-1.02954,9.89314,1.27854
596.1005,-0.27534,9.87878,0.60575
596.1231,-1.15404,10.90592,1.42938
596.1405,-1.07503,11.52604,0.30168
596.1609,-0.96250,11.26027,2.49483
596.1835,0.44294,9.25148,1.47727
596.2096,0.97208,9.25148,1.40544
596.2203,1.21629,9.42387,-0.89067
596.2430,0.19633,10.32411,-1.02714
596.2606,-0.33520,9.74230,0.03591
596.2823,-0.59617,9.37598,0.73504
596.3033,-0.31604,9.74949,0.42858
596.3210,-0.59857,9.35683,0.62730
596.3450,0.74462,9.23951,-0.31365
596.3630,0.30647,9.56273,-0.58899
596.3808,0.02873,9.85962,-1.03672
596.4025,-0.44055,10.32172,-0.41660
596.4230,-0.79969,10.75748,0.86673
596.4411,0.30168,9.57949,1.46051
596.4616,0.41660,9.88836,-0.54350
596.4853,0.81405,9.16289,-0.11493
596.5050,0.96729,8.30095,-1.91063
596.5201,0.56984,10.58030,-2.54272
596.5423,-0.94813,10.40552,1.01517
596.5605,-1.41980,9.75667,0.48604
596.5805,-1.24502,10.10623,1.85077
596.6030,-0.20591,8.43742,2.16921
596.6227,0.43336,10.86282,0.13408
596.6404,0.13887,10.20919,-0.36872
596.6631,0.10295,7.74548,-0.92180
596.6808,1.75979,10.29778,-1.24263
596.7008,1.07503,8.80135,-2.75820
596.7249,0.41660,10.29778,0.01676
596.7426,-1.34798,10.30256,1.19474
596.7737,-0.31126,10.34327,2.90904
596.7851,0.28492,10.07511,1.76458
596.8025,0.79490,10.00328,-3.17960
596.8223,-0.16042,9.82850,-2.30329
596.8450,-0.72547,10.55396,1.41502
596.8626,-0.25858,9.39753,1.36474
596.8829,-0.29450,10.09905,-0.05028
596.9069,0.18196,10.82452,-1.52276
596.9223,0.62491,8.39433,-0.17478
596.9435,0.39745,10.65213,-1.79092
596.9661,-0.76856,8.92346,-1.66163
596.9837,0.37351,9.55076,-1.40783
597.0032,0.29689,9.52682,0.71828
597.0275,0.98165,8.39672,1.00320
597.0462,0.03831,7.82210,1.41023
597.0658,-1.30727,10.69762,-0.30407
597.0862,-0.22506,9.76146,0.30407
597.1032,-0.18915,11.10465,-0.87152
597.1232,-1.15404,10.64973,0.24182
597.1457,-0.78293,11.48773,0.07422
597.1637,-0.45970,9.45260,0.68237
597.1868,0.15563,10.26665,1.71909
597.2056,1.09658,10.74551,-1.60177
597.2234,1.34798,10.53720,-0.28252
597.2435,1.66402,7.44619,-3.28973
597.2654,0.77814,10.61861,-2.74384
597.2832,-0.59378,10.95381,0.66082
597.3038,-0.58420,10.17567,2.08062
597.3257,0.05986,10.25707,1.58501
597.3427,0.33280,9.14613,1.94655
597.3629,1.59938,9.55316,1.13489
597.3854,1.82444,8.04476,-1.64008
597.4031,1.71191,8.68403,-1.76458
597.4242,0.82842,9.72554,-1.46290
597.4473,0.13887,8.89473,0.85715
597.4782,-0.56505,10.18046,0.40463
597.4839,-0.33759,10.79339,1.26418
597.5067,0.53871,9.44063,-0.28731
597.5240,-0.20591,10.42467,-0.63927
597.5441,-0.01915,9.90272,-0.36154
597.5668,-1.00320,10.96817,0.37351
597.5888,-0.78293,10.24271,0.53871
597.6132,-1.17559,8.95698,0.69913
597.6284,-0.34956,9.37598,-0.74223
597.6477,0.02155,11.83011,1.67360
597.6651,5.78457,6.46454,-0.41900
597.6876,1.57783,14.86845,4.92502
597.7051,-3.72070,9.14852,6.97452
597.7252,-0.39506,7.66886,6.90509
597.7538,-3.71352,10.59467,-1.76937
597.7649,-1.06785,8.48770,9.08867
597.7852,1.39826,11.52125,3.29213
597.8074,-2.41582,10.25707,6.72312
597.8254,-0.37351,11.71519,-4.90108
597.8453,1.96570,8.64094,-5.02798
597.8675,2.05189,9.75428,2.48047
597.8871,-0.35914,10.20440,6.49327
597.9052,-0.68237,17.06400,-0.95532
597.9273,1.21869,10.06314,-1.75261
597.9449,0.11971,9.61780,5.52120
597.9653,-1.33122,9.44781,1.20911
597.9891,1.76219,11.90433,-2.39427
598.0055,0.69913,9.58189,3.47170
598.0298,0.43336,9.06472,1.13249
598.0477,-0.40703,10.15891,1.51318
598.0654,-0.06943,9.22754,0.70631
598.0872,1.24742,8.66488,1.89627
598.1072,0.43097,10.27144,-0.50998
598.1252,0.15084,9.70400,0.97447
598.1449,-0.45012,9.74230,2.19555
598.1758,0.44773,9.69442,0.08141
598.1856,1.06306,8.20757,-0.46928
598.2053,-0.08141,8.62657,-0.21548
598.2277,-0.16520,9.12219,0.04310
598.2458,0.45970,9.05754,-0.59378
598.2665,-0.18915,10.52044,-0.45012
598.3105,0.05028,9.98413,0.92180
598.3106,1.01278,8.80375,-0.21548
598.3262,0.48604,9.42865,-0.67758
598.3483,-0.34717,11.01845,0.02873
598.3677,0.13408,9.11022,0.69913
598.3862,0.71828,10.50129,-0.37351
598.4084,-0.01437,8.84924,0.35196
598.4261,0.07662,9.29218,-0.71110
598.4565,-0.05267,9.20120,1.30009
598.4697,-0.12211,8.78220,2.21470
598.4860,-0.31604,9.78540,1.33361
598.5062,0.23703,8.94740,1.24263
598.5283,0.48364,9.31852,1.00799
598.5456,-0.37830,9.95300,1.98964
598.5669,-0.09338,10.55157,0.65124
598.5924,-0.09098,10.35045,1.64726
598.6055,-0.57702,10.14694,1.37431
598.6260,0.29450,9.19402,1.08940
598.6490,-0.06943,10.59467,0.55068
598.6663,-0.37830,9.78540,0.81884
598.6863,0.03113,8.55953,0.30407
598.7088,-0.12929,10.12060,0.87152
598.7277,-0.35914,10.98014,1.21150
598.7461,-0.03113,9.83808,-0.59617
598.7685,0.19872,8.36320,-0.92658
598.7856,0.61772,8.88037,-1.86753
598.8057,0.63927,9.16768,-0.71828
598.8282,-0.33041,9.12219,1.17798
598.8457,-0.28971,8.60981,1.21390
598.8723,-0.85476,9.74470,1.36234
598.8895,0.49322,9.28979,0.09577
598.9061,-0.47167,9.54119,1.48445
598.9268,0.42858,9.66569,2.96890
598.9495,0.27055,9.86441,1.80289
598.9690,0.11014,10.33130,1.40305
598.9885,0.20830,9.35922,0.24900
599.0182,0.43815,9.48133,-0.04070
599.0285,-0.22985,9.91948,0.59857
599.0469,-0.98884,10.07511,1.27615
599.0704,-0.95532,8.65051,3.21551
599.0871,-0.35435,8.75107,1.98725
599.1072,0.45491,8.87558,2.12133
599.1304,-0.50759,10.02722,1.45093
599.1505,-0.22027,9.42626,2.45892
599.1671,-0.09338,10.91071,0.00479
599.1893,0.66800,10.46777,-1.93457
599.2070,0.37830,10.38397,1.78134
599.2291,0.45970,9.23232,1.80528
599.2493,0.69195,9.30655,-0.91222
599.2675,-0.02873,10.33130,0.73983
599.2899,-0.47167,8.99529,0.44055
599.3091,-1.53952,10.61382,2.53554
599.3269,0.81645,9.11022,0.50040
599.3469,-0.73025,8.07110,1.56825
599.3692,0.72068,10.18764,0.31844
599.3868,0.95771,8.54756,-0.25619
599.4091,0.25140,9.45978,-0.33759
599.4431,1.18756,10.69044,0.34956
599.4495,1.61614,7.99209,-0.15323
599.4672,1.01996,10.78860,-0.37590
599.4895,-0.66082,11.54759,1.21629
599.5074,-0.08619,10.65931,1.16841
599.5275,-0.58660,8.91867,0.33280
599.5497,0.13408,10.05835,1.04869
599.5828,-0.95292,8.91867,3.05749
599.5870,-0.72068,11.25549,2.19316
599.6095,-0.06943,9.36640,0.41421
599.6266,0.86194,6.54116,0.90743
599.6467,0.67279,8.08786,-1.73585
599.6691,-0.82124,11.21957,0.13887
599.6868,-1.50360,11.22675,-0.94574
599.7063,0.32323,6.46933,-0.13408
599.7284,-0.81884,11.54998,2.20034
599.7462,-1.77895,12.47657,1.40783
599.7666,1.30967,9.78540,-1.53712
599.7889,-0.77814,10.40073,-0.30168
599.8079,1.19953,6.22511,1.69036
599.8281,4.91545,13.33850,11.01127
599.8550,-2.55709,7.34324,-10.47256
599.8676,-1.28573,12.56515,9.08388
599.8868,0.59378,6.82847,0.94813
599.9092,1.08700,5.37515,-4.32406
599.9268,3.00003,10.03919,-1.79331
599.9473,-1.77416,11.52843,4.98249
599.9695,-4.40068,11.02085,-1.62811
599.9993,3.45494,9.47415,4.52039
600.0069,3.31368,9.28260,0.23464
600.0291,1.87472,9.71597,-5.06389
600.0465,0.73504,8.90431,-2.95454
600.0670,1.54431,11.43745,4.36237
600.0894,0.27055,9.41908,1.94655
600.1081,-0.61772,10.72875,2.00401
600.1290,-0.94095,8.18842,4.71672
600.1489,-0.11493,8.40869,2.59300
600.1669,-0.62251,9.02163,3.63211
600.1867,-0.65603,9.37598,1.86275
600.2108,0.26098,8.85403,0.95292
600.2282,0.99123,10.01286,0.70152
600.2480,0.33759,7.94899,0.94574
600.2781,0.43815,9.51245,-1.62332
600.2874,-0.88828,9.22275,1.98007
600.3066,0.14126,9.82131,2.94496
600.3316,0.42379,11.39914,1.02475
600.3475,0.58660,8.54756,1.76458
600.3722,0.96250,9.52443,1.22347
600.3900,1.32403,10.16848,0.54829
600.4127,0.73744,9.92666,-0.43576
600.4282,0.09817,9.41668,0.99841
600.4509,0.68476,9.84286,1.46530
600.4684,0.14126,9.73752,0.82363
600.4885,-0.11014,10.34327,1.34079
600.5113,0.19872,9.08388,0.57702
600.5301,-0.06225,10.29059,0.86433
600.5498,0.05986,10.60424,1.96570
600.5706,0.63209,7.30014,-0.56984
600.5889,0.96250,8.68403,-1.07503
600.6083,0.02394,10.19482,1.13489
600.6313,0.28731,9.63696,0.05746
600.6484,0.30886,10.29299,-0.23224
600.6688,0.55308,10.48453,0.22506
600.6912,1.12291,10.02722,0.10535
600.7086,0.71349,9.49569,-0.00239
600.7283,0.83321,10.10384,0.60815
600.7506,0.47646,9.28500,-0.68955
600.7686,0.18436,10.70241,-0.71110
600.7882,0.03831,8.63615,0.77814
600.8114,0.57463,8.91149,-0.41182
600.8297,0.16281,8.82530,0.73744
600.8484,0.84757,9.20599,2.39427
600.8709,1.55628,8.08307,-0.92898
600.8884,0.55308,9.93145,-1.20432
600.9086,0.17957,10.37918,-0.15084
600.9310,0.81645,10.18524,0.50280
600.9488,0.03591,10.29059,-0.26576
600.9749,-0.22027,9.90512,0.97686
600.9914,0.19394,9.00247,1.43896
601.0084,0.26576,9.89554,0.32323
601.0311,0.41900,8.73431,-0.91222
601.0539,1.09418,9.00008,-0.20112
601.0717,0.49322,9.09585,-1.00320
601.0897,0.25619,7.98012,-0.22506
601.1202,0.17957,7.85083,0.75420
601.1294,0.52435,8.95938,0.71828
601.1512,-0.23464,10.24750,-0.30407
601.1716,-0.11014,10.79818,0.48843
601.1895,0.81884,9.36401,-0.36154
601.2093,0.39745,10.35524,0.39266
601.2316,-0.28731,10.61621,0.89067
601.2518,-0.34956,10.32172,1.49163
601.2687,-0.20112,9.81413,0.66800
601.2913,0.11493,7.26662,0.22746
601.3092,-0.47167,10.06314,1.36953
601.3304,0.83321,8.11420,0.56744
601.3531,1.40783,8.62418,-1.61135
601.3788,0.46688,8.85882,0.03831
601.3907,0.90504,8.88037,-0.95053
601.4122,1.32882,8.39193,0.66561
601.4296,0.20112,9.30176,-0.07662
601.4495,-0.01915,9.48851,1.74303
601.4714,0.35435,10.17088,0.05746
601.4891,0.17718,9.97455,0.90982
601.5093,0.24422,10.40791,0.93377
601.5376,-0.00958,10.54918,0.96729
601.5488,0.58899,10.54678,-0.78772
601.5693,0.98644,10.17327,0.06943
601.5916,-0.28492,9.53400,2.00640
601.6095,0.42139,10.44622,0.05267
601.6293,0.23943,8.39193,0.25619
601.6515,-0.54350,10.19961,-0.13169
601.6693,0.32562,8.95219,-1.20671
601.6888,0.46210,10.16130,-1.33122
601.7115,0.24900,9.55316,-0.50759
601.7296,0.42618,8.94980,0.01197
601.7502,-0.11732,9.41429,-0.48125
601.7745,-0.25619,9.16050,2.02316
601.7991,-0.59617,10.63058,1.62332
601.8110,0.12690,10.63297,1.83641
601.8325,1.05109,8.32968,1.18517
601.8500,0.77335,9.02881,2.35118
601.8715,0.53632,9.72794,1.23066
601.8953,0.22027,9.92666,-0.14605
601.9131,0.50040,8.36081,0.72068
601.9359,0.24422,8.31532,0.79250
601.9686,-0.27774,9.40950,0.65603
601.9713,-0.26098,8.47813,0.66800
601.9913,-0.67040,8.07828,0.50998
602.0135,-0.45012,9.14852,1.48924
602.0311,-0.73504,8.85163,0.52195
602.0513,-1.39826,10.83888,0.70631
602.0737,-1.09658,10.69283,1.68796
602.1017,-0.78772,10.61382,1.40544
602.1111,-0.12929,9.20359,0.47885
602.1332,0.47167,11.21957,1.15883
602.1510,0.50040,8.66727,1.78373
602.1719,0.22267,9.80455,0.33759
602.1949,0.64406,10.01525,0.67758
602.2131,-0.70631,9.43344,1.48206
602.2431,-0.72547,9.95300,2.31526
602.2535,0.11971,8.25067,1.90345
602.2712,-0.65843,10.62100,2.43258
602.2914,-0.81884,9.30655,2.71271
602.3140,-0.38548,9.16289,0.16999
602.3318,-0.11493,11.38478,2.83961
602.3530,0.61772,8.67206,2.88031
602.3835,0.09338,10.61382,1.07742
602.3912,-1.18038,11.59547,2.07105
602.4112,0.18915,9.10064,3.03115
602.4338,0.20830,9.55076,-0.79490
602.4514,0.37590,10.46537,1.92260
602.4713,0.02873,8.19081,2.20273
602.4960,-0.27295,9.24908,0.66321
602.5147,-0.06225,9.00247,1.29530
602.5339,-0.30168,8.63375,1.34319
602.5535,0.06465,7.72633,-0.04789
602.5712,0.96729,7.92505,1.95612
602.5922,1.22108,8.42306,0.91461
602.6153,0.67040,9.59625,-0.05986
602.6324,0.69673,8.16208,0.71349
602.6633,0.68716,9.61541,1.47727
602.6733,0.00718,9.63935,0.68716
602.6911,1.06785,8.10462,-1.08700
602.7110,0.33280,11.04000,-0.17718
602.7334,-0.48125,9.75428,0.90025
602.7512,0.91222,8.97853,1.56107
602.7922,0.43336,10.58748,1.40544
602.8060,0.11493,9.90990,2.31766
602.8110,0.66800,8.14532,-1.27375
602.8315,0.14845,9.48612,-0.20830
602.8534,-0.92658,10.02962,-0.16281
602.8708,0.26816,8.12138,1.55628
602.8928,0.38787,9.29457,0.33280
602.9221,-0.30168,8.35362,2.91862
602.9402,-0.23703,9.28979,1.19953
602.9513,-0.70152,11.02324,3.14368
602.9755,0.77814,9.34725,1.86514
602.9933,-1.18995,11.62660,-0.40703
603.0135,-0.42858,10.12299,1.95612
603.0338,0.36632,10.31214,1.02954
603.0516,0.19394,11.18845,1.47727
603.0766,0.88828,10.86522,0.44534
603.0935,0.71349,10.51087,0.23703
603.1118,-0.15563,9.76864,-0.55787
603.1312,0.90982,9.66329,0.53871
603.1536,0.64885,9.76385,3.03355
603.1713,-0.67279,9.24908,2.34160
603.1949,-0.10774,9.64174,2.00880
603.2232,1.07982,9.25148,-0.73265
603.2380,0.80208,8.43024,-1.10855
603.2509,0.55308,9.70878,0.05267
603.2732,0.28731,10.35284,-1.33840
603.2910,0.41660,10.68325,0.02873
603.3110,0.57223,8.29137,-0.30886
603.3343,0.32562,10.81733,-0.58899
603.3561,0.03591,10.99690,2.63370
603.3719,0.76856,8.84924,1.29530
603.3934,0.64406,9.51245,2.10457
603.4111,-0.27534,10.72156,1.58980
603.4318,1.06545,6.96016,-0.12450
603.4532,1.04390,9.39992,-1.62332
603.4721,-0.42379,8.93064,0.83800
603.5043,0.33999,8.40869,1.00799
603.5135,-0.45012,11.48294,0.93856
603.5307,0.94813,9.66569,-0.61054
603.5507,0.94813,8.98092,-0.20830
603.5729,-0.08619,10.96817,0.42618
603.5921,-0.18915,11.10465,0.39027
603.6198,0.21070,10.79578,-0.82842
603.6401,0.33280,10.63058,0.46688
603.6511,0.65603,10.01286,-0.48604
603.6710,0.38308,9.27303,-1.03912
603.6934,0.34956,9.96976,-1.42938
603.7111,-0.06943,9.20120,0.86194
603.7313,-0.47167,9.26345,1.26657
603.7557,0.00718,8.87079,0.90743
603.7860,0.52674,8.38954,0.06704
603.7921,-0.22985,8.71756,1.19235
603.8132,-0.94334,8.25546,0.68237
603.8326,-0.22746,8.46376,0.37590
603.8524,0.17239,7.41028,1.08700
603.8745,0.13169,9.02642,-1.43178
603.8918,-0.41900,8.46855,0.70152
603.9125,-0.45491,10.03919,1.51079
603.9326,-0.59857,10.08947,2.27935
603.9502,0.67997,9.14374,2.32005
603.9720,1.69275,9.46217,1.32643
603.9942,1.75740,8.54277,1.11573
604.0121,0.83800,8.93543,-0.92419
604.0341,1.03433,10.07750,-0.79729
604.0703,0.85476,8.81093,-0.47646
604.0706,0.80687,9.69202,0.40942
604.0906,1.19953,8.93304,0.99841
604.1131,1.58501,9.78301,-0.59617
604.1304,1.72148,7.64492,-1.72388
604.1507,1.12052,9.98173,-0.67040
604.1725,0.63448,10.40073,-0.82842
604.1920,0.63927,10.29299,-0.29689
604.2101,0.99123,9.78540,0.97208
604.2326,0.25140,8.85642,1.79810
604.2501,0.20351,10.48453,2.14766
604.2703,-0.01197,10.33130,2.51399
604.2928,1.09658,8.41588,0.53153
604.3123,0.79011,9.33288,1.63290
604.3369,-0.23703,10.22834,3.12453
604.3525,0.42858,9.83329,2.20034
604.3702,0.06225,9.89075,1.59938
604.3905,-0.65843,11.02803,1.74064
604.4132,0.05028,9.49809,2.02556
604.4321,-0.40942,8.89713,0.93616
604.4518,-0.70152,9.05036,1.15404
604.4763,-0.49083,8.85403,0.95053
604.4905,-1.31685,10.19243,2.16203
604.5104,-1.34319,8.75107,2.26498
604.5335,-0.72547,8.98332,1.29770
604.5512,0.21548,9.63696,3.67521
604.5704,0.10295,9.39513,2.22189
604.5929,0.65603,9.68724,1.55149
604.6170,1.08221,9.28979,0.37111
604.6309,-0.07422,8.68403,0.40703
604.6526,-0.49083,9.83808,3.41424
604.6701,-1.01517,8.28658,1.35516
604.6896,-1.95373,11.36083,2.26498
604.7120,-0.81405,8.71277,-0.11253
604.7298,0.16760,8.92825,0.47407
604.7657,-1.11813,9.33288,-2.49723
604.7994,-0.92898,9.66090,0.10535
604.7994,-0.42379,10.57551,1.22108
604.8149,-0.73025,7.77421,1.15165
604.8331,0.16042,11.89236,1.78852
604.8518,0.18675,10.04638,1.77895
604.8810,0.93616,8.12617,0.56744
604.8947,-0.56265,10.43664,2.68638
604.9123,0.81645,10.03201,-0.53153
604.9309,0.86194,10.56594,-1.46769
604.9533,-0.31365,10.67368,1.38150
604.9708,0.54829,10.22355,-0.53632
604.9910,0.55308,10.27862,-1.63529
605.0151,0.49561,10.89156,0.48364
605.0435,1.29051,8.59545,-2.36315
605.0513,0.99602,10.20679,-2.72468
605.0734,0.06225,9.38316,-1.41502
605.0926,0.82363,10.27623,-1.75979
605.1130,0.64645,8.68164,-2.18118
605.1335,-0.44294,8.85403,0.17239
605.1512,-0.14366,10.84606,-1.75021
605.1783,-0.20351,8.06871,-1.83641
605.1935,-0.30407,9.30415,-0.68476
605.2114,-0.47407,9.73273,-0.82602
605.2313,-0.59378,10.69044,-0.61533
605.2537,-0.47885,10.31932,0.94334
605.2714,-0.18675,9.17726,1.22347
605.2921,-0.37111,8.60502,0.16760
605.3175,-0.93856,12.10306,1.70472
605.3311,-0.48364,10.69283,1.81965
605.3508,0.22027,10.62819,1.66642
605.3734,-0.34478,9.26824,2.46131
605.3911,-0.28731,9.39274,0.40224
605.4114,0.56505,9.92427,-0.97208
605.4335,-0.93856,10.18046,-0.15563
605.4544,-0.18915,9.70878,-1.71909
605.4720,0.49083,9.11261,-2.53075
605.4943,-0.34717,9.33049,-2.49005
605.5117,-0.30647,10.07990,0.97447
605.5323,0.19154,9.46457,-0.25379
605.5547,-0.47167,10.22834,1.92260
605.5730,0.63927,10.54678,0.73025
605.5994,1.82204,8.90191,0.29689
605.6144,1.14925,9.26584,-0.78532
605.6321,0.53392,8.67446,-1.26897
605.6517,0.55787,9.20359,-1.29051
605.6742,0.03352,10.21877,-0.70631
605.6910,0.34478,9.63696,-0.62251
605.7114,-0.15563,8.88515,1.21629
605.7348,0.00958,10.49411,0.12450
605.7515,-0.12690,9.22993,3.63451
605.7716,0.69195,10.63058,0.67519
605.7938,0.80208,10.50129,-1.52276
605.8115,-0.02873,9.99610,0.00000
605.8315,-0.75420,10.36960,1.22108
605.8540,-0.19872,11.22436,0.28252
605.8715,-0.34956,9.70400,0.92180
605.8917,-0.27295,9.39992,-0.03113
605.9138,-0.66561,9.72554,0.48604
605.9316,-0.62730,9.06712,2.32484
605.9523,-1.03672,11.68406,2.40146
605.9748,-1.32164,9.95300,4.31448
605.9922,-0.43336,9.71597,1.37431
606.0198,0.46928,8.70798,-0.00958
606.0344,-0.37111,8.71037,1.80289
606.0516,-0.69913,9.52203,0.35435
606.0720,-1.57064,12.05757,1.66881
606.0945,-1.78373,10.19482,3.65127
606.1163,-0.17957,10.84846,0.82842
606.1385,-0.58899,9.24430,-0.07901
606.1555,-1.39347,11.17887,3.24903
606.1733,-1.34079,10.85325,0.64645
606.1932,-1.39826,10.83409,2.66962
606.2155,-1.72148,9.89314,2.09738
606.2333,-1.15883,11.39196,-0.26816
606.2534,0.43336,9.34725,-0.37590
606.2866,0.78532,9.59146,-0.85715
606.3006,-0.26098,8.88515,-0.87870
606.3115,0.33041,10.35524,-0.00239
606.3338,0.99123,8.99050,-0.95771
606.3519,1.29770,8.66967,-1.53234
606.3718,0.92658,9.63456,-2.16682
606.3942,0.41421,7.95618,-0.43336
606.4120,-0.26576,10.97536,1.96091
606.4431,-0.89785,10.65931,1.56825
606.4537,0.68476,7.93702,-0.75899
606.4731,0.89546,10.09666,-1.73345
606.4920,0.11014,10.02483,-1.85556
606.5155,-0.42139,9.42387,0.79250
606.5317,0.47646,10.38876,1.58980
606.5521,0.12450,9.50767,0.78532
606.5844,0.99362,9.84286,-0.60815
606.5914,-0.25140,10.43664,0.19872
606.6117,0.25858,9.49330,-0.78772
606.6337,0.96968,9.25627,-0.29450
606.6516,0.93616,7.57549,0.63688
606.6716,0.87152,9.12937,0.79011
606.6941,0.44773,10.33608,-0.51477
606.7118,0.76856,10.64734,1.78613
606.7311,0.79729,10.86761,0.68716
606.7539,0.76377,10.24989,-0.06465
606.7766,1.19953,10.42228,1.80049
606.7934,0.56026,10.25707,2.59300
606.8159,0.42858,10.58748,1.68318
606.8458,0.90025,9.51724,2.79172
606.8621,1.27136,9.60344,2.39427
606.8770,0.26098,8.96177,1.99683
606.8951,0.38069,9.68963,1.67360
606.9152,0.28971,9.13895,0.18196
606.9363,0.67040,9.85723,1.32882
606.9538,-0.18196,9.05275,1.75500
606.9760,-1.33601,9.06472,2.79412
607.0006,-0.31126,9.30894,0.75659
607.0134,-0.81645,9.47654,2.04950
607.0353,-1.62332,10.64734,2.21710
607.0558,-2.09260,9.62259,2.33681
607.0734,-0.99602,10.20440,0.38308
607.0933,-1.65205,10.88198,2.02795
607.1158,-1.91542,10.54678,2.05908
607.1406,-0.06225,9.37598,3.13889
607.1534,-0.42379,9.66569,2.10217
607.1757,-0.39745,10.98733,0.29450
607.1937,0.43815,8.25307,-1.42459
607.2150,0.40463,10.15891,-0.88588
607.2374,-0.47167,9.50288,0.36632
607.2552,-0.71828,9.87878,0.24422
607.2819,-0.18675,10.00089,0.31604
607.2969,-0.38548,10.07032,0.03831
607.3161,-0.71828,9.54358,3.60099
607.3362,-0.28492,10.21398,1.89866
607.3585,0.64645,10.20919,1.30488
607.3748,0.70871,10.07032,3.09819
607.3943,1.33122,10.89874,0.90264
607.4225,0.70871,10.40073,0.17718
607.4343,0.61054,7.93702,-0.11253
607.4559,0.66082,11.16690,0.78532
607.4769,-0.46449,10.69523,1.48924
607.4947,0.23464,10.52523,2.13330
607.5147,-0.28492,9.46696,0.50040
607.5374,-0.61293,8.37996,2.74863
607.5670,-0.72786,10.06314,2.38709
607.5759,-0.48604,8.76544,3.22030
607.5969,-0.84997,10.23553,2.49483
607.6179,-1.36953,9.43584,1.07024
607.6344,-1.64726,9.77104,-0.86912
607.6564,-1.69275,11.08070,1.18277
607.6776,-0.78532,10.15172,1.97767
607.7018,-1.02954,9.89075,2.07105
607.7189,-1.34079,11.53562,2.30569
607.7365,1.53473,9.83568,1.48206
607.7571,0.12690,10.15651,-0.48364
607.7793,-0.56265,10.41988,3.44536
607.7974,0.82842,10.38158,0.86912
607.8335,0.75180,10.70720,-0.34478
607.8459,0.10056,10.00089,1.97049
607.8558,0.43815,9.85962,2.15245
607.8757,1.72867,8.32250,2.02316
607.8998,0.82124,10.45819,1.48684
607.9177,0.79490,8.48770,2.24583
607.9397,-0.16760,10.10145,2.04950
607.9776,0.57463,9.87878,1.09179
607.9813,0.06225,8.84445,0.40942
607.9980,0.49561,9.99610,0.79729
608.0180,-0.90982,10.37439,2.59779
608.0355,-1.01038,8.76065,2.89707
608.0560,-0.21309,9.60822,2.16682
608.0784,-0.40703,9.69681,1.74543
608.0961,-0.39266,9.47893,0.58181
608.1271,1.34079,9.56513,-0.26576
608.1376,0.84757,8.94740,-1.09179
608.1555,0.97686,10.18285,-1.74064
608.1766,1.45332,9.42626,-0.10056
608.1993,0.99362,8.17166,0.33759
608.2170,1.89866,8.26743,1.99922
608.2372,1.68318,9.75667,1.71909
608.2729,1.07982,7.73111,-0.64645
608.2771,0.07901,10.46298,1.41023
608.2957,-0.34956,8.47094,2.01119
608.3176,0.15802,9.39753,3.47888
608.3357,-0.54111,9.49330,1.68796
608.3557,-0.73983,10.28580,0.06943
608.3796,-0.69434,10.03441,-1.50121
608.3979,-0.14845,9.52203,-0.56505
608.4155,0.90025,9.91709,1.16841
608.4396,0.03113,9.59386,2.66722
608.4576,0.48604,10.47974,-0.87152
608.4777,0.59139,9.91948,0.07422
608.4983,0.05028,9.05036,-0.16281
608.5374,0.38308,10.10623,4.45335
608.5500,1.06785,9.57231,4.44138
608.5582,1.12291,9.51245,1.92500
608.5774,-0.82842,9.84286,2.74863
608.5956,-0.12450,9.16528,2.72229
608.6180,-0.31604,10.55636,1.83880
608.6365,0.08619,9.23951,1.17319
608.6571,-0.33041,9.13176,-0.08141
608.6919,0.04310,10.32172,-1.43178
608.6960,0.97926,8.99290,0.17239
608.7169,1.31925,9.97215,-0.37830
608.7379,0.87870,10.70001,0.67758
608.7571,0.87391,8.89473,1.40783
608.7772,0.38308,11.11901,1.80768
608.7993,0.10056,9.11740,2.06865
608.8265,-1.32643,10.61861,3.12692
608.8427,-1.99922,10.36003,3.98168
608.8575,-0.63448,8.49968,2.43019
608.8756,-0.56026,9.53640,2.48286
608.8955,-0.61772,9.71597,0.10774
608.9178,-0.11732,10.16370,-1.46769
608.9355,0.22027,8.12856,0.99123
608.9589,1.24981,9.31612,-1.25221
608.9775,1.18517,9.12937,0.34238
608.9952,1.23305,10.40312,0.20112
609.0158,0.91461,9.18444,0.36872
609.0391,-0.20351,9.26105,-0.05746
609.0571,0.75659,9.65132,0.49561
609.0771,-0.73265,10.40791,2.52835
609.1121,-1.22826,9.80695,2.06147
609.1157,0.15084,10.46298,1.98007
609.1356,0.24900,10.37679,-1.13010
609.1574,0.28971,10.12299,-0.68955
609.1762,0.02634,9.25148,1.58501
609.1964,0.39984,9.56992,2.52596
609.2193,1.15883,9.69681,0.13169
609.2380,-0.11014,8.73192,0.88109
609.2570,-0.05986,8.78699,-1.63050
609.2787,-0.29689,9.92188,0.16760
609.2963,-0.61772,9.35683,0.69673
609.3201,-1.04390,9.30655,0.53153
609.3430,-1.69275,9.89075,-1.64247
609.3799,0.40224,10.04877,-2.04711
609.3802,-0.08380,10.56115,-2.59779
609.3992,-0.05986,10.23553,1.54191
609.4171,1.40783,11.44224,1.14925
609.4369,1.03672,10.94662,0.67279
609.4594,1.20193,9.95779,0.21309
609.4802,-1.64247,10.32890,1.61374
609.5154,-1.33840,9.67766,3.88112
609.5305,-0.52435,9.60822,3.51719
609.5374,-0.87630,10.29538,1.76458
609.5562,-0.85954,9.18683,2.26738
609.5786,-0.27534,9.92427,1.11094
609.5963,0.09817,10.08947,1.09418
609.6163,0.13887,8.30095,0.72307
609.6394,0.84278,10.60424,-0.92180
609.6578,1.33601,7.77900,0.23224
609.6772,1.50360,8.63136,-0.09098
609.6996,0.99841,9.88117,-0.89067
609.7173,0.34956,8.87079,0.01437
609.7373,0.39266,11.07592,-0.50040
609.7596,1.35516,6.54116,-1.66163
609.7791,0.53871,9.11022,-2.54272
609.7991,0.07901,10.08229,-0.16281
609.8199,-0.00958,10.93226,2.43019
609.8391,-0.91222,9.90272,3.52437
609.8586,0.15323,9.11261,2.21231
609.8813,0.50998,8.72953,2.63610
609.8992,-0.21548,10.19961,1.17559
609.9193,-0.17957,8.08547,1.42938
609.9486,0.05986,8.82769,1.52755
609.9622,-0.03113,9.23951,1.33122
609.9770,-0.51237,8.05195,0.86673
609.9993,-1.01038,10.08947,1.68796
610.0173,-0.60815,10.73353,2.85158
610.0397,-0.44294,10.56594,2.24104
610.0601,-0.66321,10.15412,3.44297
610.0862,-0.63927,9.36161,1.78613
610.0973,-0.09817,11.01127,0.98644
610.1195,0.51956,8.15251,2.45653
610.1380,0.45731,11.55956,2.13090
610.1586,-0.49801,10.16370,3.24664
610.1816,-0.28013,9.32570,3.04552
610.1985,-0.04070,9.36161,3.42381
610.2298,-0.99123,10.27862,2.53075
610.2399,0.18915,11.03042,1.99683
610.2571,0.05267,10.07990,-0.16281
610.2784,0.08859,10.08469,-1.62811
610.3006,-0.12450,10.88677,0.71349
610.3187,-0.47646,9.18444,2.26738
610.3414,0.17718,10.57551,3.42142
610.3694,0.10774,9.26345,0.96968
610.3773,0.18915,8.52362,2.13569
610.3973,1.47487,7.10381,-2.06626
610.4194,0.58181,9.04557,-2.20273
610.4370,0.99123,8.62657,0.56026
610.4572,2.39667,8.65291,2.12612
610.4822,1.91781,7.69999,-1.19474
610.5029,1.20911,10.03680,1.52276
610.5179,2.11414,9.09106,0.20591
610.5393,2.31287,9.60344,-0.67279
610.5574,-0.32802,10.65452,3.04312
610.5773,1.15883,9.34007,-0.48843
610.5998,0.28731,9.36640,1.90105
610.6176,-0.20351,11.51646,-0.54589
610.6459,-0.36632,8.35362,1.63290
610.6600,-0.01915,9.86202,0.70152
610.6780,-0.42618,8.47334,0.42858
610.6993,-0.21548,10.30496,1.67599
610.7217,-0.70392,9.33288,1.40065
610.7401,-0.42139,8.59545,2.94735
610.7616,0.64885,9.34007,2.04950
610.7829,0.36872,10.33130,0.02873
610.8002,-0.05507,9.96258,-0.43815
610.8266,1.01517,10.55875,-0.70152
610.8415,0.50998,9.80216,0.99602
610.8614,-0.70871,10.20201,1.72867
610.8810,0.06225,10.78621,1.30967
610.9034,0.56265,9.90512,-0.59378
610.9350,-0.63448,10.08469,1.30727
610.9390,0.16042,10.95141,0.96489
610.9614,0.53392,10.56833,-0.88588
610.9805,0.07422,9.95539,-0.26337
611.0005,0.14605,9.41189,-1.12291
611.0225,-0.48125,9.47415,1.29051
611.0427,0.49322,9.98652,-1.17319
611.0724,0.51477,10.60664,-0.59139
611.0855,-0.61533,9.96976,1.06066
611.1010,0.19633,10.07271,1.82683
611.1199,-0.71589,9.66569,1.95133
611.1418,-1.05109,10.60424,3.16763
611.1597,-1.68078,9.47175,2.79412
611.1799,-0.50998,10.01525,2.83722
611.2087,0.56026,10.14933,2.41822
611.2206,-0.13887,10.01046,0.02873
611.2401,0.41421,10.59945,1.19714
611.2623,0.00958,9.71357,2.88271
611.2802,-0.90264,9.99610,1.64487
611.3001,-0.34717,9.46457,3.83563
611.3242,0.07901,8.23152,2.56187
611.3418,-0.44773,10.30256,3.43818
611.3590,-0.96489,9.09106,2.04950
611.3814,0.04310,9.50048,1.01757
611.3997,-2.25780,10.16609,4.01999
611.4220,-2.43737,9.91230,3.54113
611.4456,-1.42459,9.52682,3.21312
611.4787,-1.00320,10.85564,3.00960
611.4938,-0.08141,9.16528,4.98488
611.5023,0.70871,8.98092,2.39188
611.5197,-0.13647,9.04318,3.49564
611.5408,0.32083,10.18046,2.95214
611.5634,0.44773,10.35284,2.45413
611.5836,-0.70871,9.76146,1.11573
611.6174,-0.46210,9.94582,2.12133
611.6332,-1.63290,9.65372,4.65447
611.6414,-0.96489,9.74949,1.59219
611.6597,-1.20432,10.33369,1.95373
611.6819,-1.00560,11.33210,0.51477
611.6997,-0.40703,9.18923,3.99126
611.7197,-0.76138,9.79258,2.26977
611.7453,0.07183,9.06951,2.69835
611.7621,-0.59857,9.26345,1.61614
611.7801,-0.60575,9.55795,3.28734
611.8024,-0.41421,9.26584,3.83802
611.8196,-0.33041,9.85723,2.07344
611.8400,-0.08141,8.74868,2.84919
611.8624,0.11014,9.29697,1.79571
611.8801,-0.15084,8.38954,3.40466
611.9116,0.02394,9.07191,1.73345
611.9221,-0.79011,9.57231,2.14766
611.9398,-0.71110,10.35045,3.53156
611.9596,-0.15084,8.90191,2.60497
611.9818,-0.38787,9.70160,2.35836
611.9996,-1.73585,11.19802,2.10696
612.0383,-0.91461,10.30975,4.99446
612.0531,-0.78053,10.13257,4.62334
612.0594,-0.09577,10.36721,3.86915
612.0797,0.12929,10.00567,0.76138
612.1024,0.39027,8.74868,0.80448
612.1210,0.45970,9.40232,-0.89546
612.1411,0.30647,9.27542,1.58740
612.1634,0.11253,9.22993,2.89947
612.1923,-0.64885,9.41189,0.18436
612.2075,-0.07422,9.35683,0.11493
612.2225,-0.42139,8.54996,2.06626
612.2393,-1.73345,10.05117,4.21871
612.2598,-1.22587,10.20201,4.31688
612.2818,-0.17478,9.72554,3.40945
612.2996,-0.53153,10.90592,0.66321
612.3289,0.26337,10.38636,2.52596
612.3422,0.38787,9.80695,1.90584
612.3600,-0.11014,9.39513,1.56107
612.3801,-0.93377,10.22834,1.16122
612.4037,-0.76617,10.58988,3.02397
612.4210,-0.35914,9.30655,2.51399
612.4435,-1.03672,8.75347,4.86277
612.4792,-1.54910,9.31133,1.84838
612.4826,-0.29450,9.78780,3.51480
612.5025,-0.36632,10.11102,1.98246
612.5258,0.67279,9.81653,2.15724
612.5419,-0.38308,11.35365,0.33759
612.5642,0.45731,9.91469,2.64567
612.6026,0.71349,9.66569,1.83401
612.6028,-0.03831,9.82371,4.01280
612.6213,-1.68557,10.87958,1.99683
612.6432,-1.41262,11.06394,3.82126
612.6608,-0.49322,9.69202,2.10696
612.6823,-0.62012,11.40633,2.46371
612.7048,-0.41900,9.59865,1.00799
612.7220,-0.25140,9.71118,-1.61135
612.7549,0.18436,9.66808,0.13169
612.7627,-0.03591,10.26186,0.40463
612.7805,0.06465,9.66569,2.16682
612.8005,0.37111,9.94821,2.41103
612.8229,0.52674,9.09346,1.32403
612.8428,0.05986,10.36242,0.79729
612.8651,0.93377,10.22355,1.65205
612.9042,0.44055,9.43105,1.16601
612.9056,-0.37830,10.48453,0.00479
612.9221,-0.56265,9.82371,0.21788
612.9449,0.09338,9.24669,0.87152
612.9623,0.20351,9.02402,0.56984
612.9825,-0.28492,8.92586,3.01679
613.0060,-0.41421,9.27542,1.26178
613.0263,-0.35196,8.22194,2.69835
613.0441,0.06225,9.30894,0.21309
613.0649,0.12929,8.08307,1.28812
613.0822,-0.07183,10.79100,0.41182
613.1030,-0.49801,8.54517,0.26576
613.1243,-0.08380,10.35763,1.08940
613.1437,-0.46449,9.62259,1.45093
613.1649,0.25140,10.61143,1.33601
613.1841,0.24900,8.90191,-0.40703
613.2025,0.71349,10.47016,-0.06465
613.2257,1.17798,9.53879,0.87630
613.2445,-0.07901,10.40552,-0.32802
613.2623,0.19394,10.70001,1.75979
613.2930,0.12929,9.43344,1.88429
613.3076,0.01197,10.03201,2.61455
613.3207,0.34717,8.94262,-0.09338
613.3408,0.38069,10.11102,-1.01038
613.3633,1.13249,9.55555,-2.99045
613.3813,0.29689,9.51724,0.47646
613.4020,-0.03113,10.92747,0.73983
613.4305,0.19872,8.82530,0.01676
613.4434,0.16999,10.56354,0.41660
613.4619,-0.13408,10.49171,1.35755
613.4847,0.06225,9.85962,1.81725
613.5020,0.25619,9.81174,0.74462
613.5223,0.35435,9.30415,0.64645
613.5460,-0.03591,9.64174,2.70553
613.5637,-0.49561,9.45978,0.36154
613.5840,-0.27774,9.16289,2.64328
613.6050,-0.40942,8.48770,2.14048
613.6222,-0.36872,9.47415,2.33681
613.6421,-0.16760,10.05117,1.87951
613.6647,0.16042,8.82051,0.54350
613.6840,0.64167,10.32172,0.92419
613.7037,0.45012,9.33288,0.90982
613.7343,0.14845,10.24750,0.25379
613.7444,-0.16760,9.28979,4.02717
613.7639,0.48364,9.00487,2.32724
613.7849,-0.01676,9.40950,2.99763
613.8033,-0.20830,10.21637,3.03594
613.8236,-0.06943,8.81572,3.30410
613.8444,0.38308,9.90033,2.00880
613.8698,0.37830,9.37119,2.15006
613.8831,0.84518,9.84526,1.64008
613.9064,1.13967,10.32890,0.53632
613.9219,0.15563,10.20440,0.39027
613.9429,0.03591,8.52601,1.53234
613.9648,-1.03193,10.06793,4.58025
613.9829,-1.02954,10.82452,2.38949
614.0080,-0.18675,8.72474,0.44773
614.0251,-0.79011,9.71357,3.04312
614.0430,0.12690,9.60583,2.55709
614.0629,0.10295,9.38077,1.58262
614.0854,0.72068,9.95300,2.47089
614.1046,0.64406,11.23633,0.73504
614.1233,0.43576,10.23553,-0.07183
614.1461,0.73744,10.91311,2.66483
614.1632,0.48364,7.75266,1.14446
614.1837,-0.58181,10.13257,0.72068
614.2075,0.23464,10.08708,1.46290
614.2250,0.25619,9.12458,1.17559
614.2443,0.50998,9.43584,1.82444
614.2672,0.76138,8.20518,0.95771
614.2845,0.74223,10.04159,0.95053
614.3034,-0.20830,9.76146,1.50600
614.3253,-0.73265,11.46618,2.84200
614.3431,-0.84278,10.03201,1.93697
614.3632,-0.26816,8.83009,1.15165
614.3852,0.21309,9.26105,1.41502
614.4026,-0.16999,9.80216,0.89785
614.4283,0.96729,10.12299,1.45572
614.4456,0.75899,8.90431,2.02795
614.4630,0.75180,10.08229,-1.52036
614.4829,0.90504,9.14374,-0.85476
614.5091,0.20591,10.48932,1.30009
614.5273,-0.29450,10.26426,1.25939
614.5614,-0.98644,10.64495,2.87074
614.5779,-0.88588,9.13416,0.24182
614.5834,-0.28492,10.32411,0.60096
614.6146,0.59378,9.62259,2.43019
614.6254,0.83800,8.91149,1.66642
614.6434,0.79490,9.34964,0.70631
614.6663,0.18436,9.19880,1.98964
614.7072,0.68955,9.40232,0.84997
614.7073,1.89627,7.61140,-1.25460
614.7232,-0.06704,10.71677,1.42938
614.7454,-0.67519,9.26105,3.55789
614.7634,-0.27534,10.29778,1.53234
614.7836,-0.06704,10.90592,1.46769
614.8056,-0.20351,9.40471,1.74543
614.8233,0.53632,10.79578,-1.23305
614.8502,0.67279,9.25148,1.80768
614.8654,-0.52195,10.98254,1.79810
614.8831,0.42139,10.15412,1.99683
614.9031,-0.12211,10.45580,1.65684
614.9255,-0.56744,9.70639,1.83641
614.9436,-0.27534,9.68484,2.28893
614.9653,-0.42379,9.23472,0.53392
614.9962,0.15084,9.42147,0.15323
615.0029,-0.05028,9.47415,1.15643
615.0233,0.42139,8.43982,1.71430
615.0453,0.01197,10.23313,0.23224
615.0643,0.56026,8.42306,1.31685
615.0849,0.01437,9.63456,1.35755
615.1069,0.56505,8.30574,0.48843
615.1255,-0.10535,9.77343,3.50282
615.1434,-0.62012,9.02881,4.06308
615.1652,-0.45970,10.01046,2.47329
615.1826,-0.52674,10.58988,0.28971
615.2053,-0.23224,10.86522,1.58980
615.2250,-0.60575,10.47974,3.88351
615.2426,0.29689,9.79737,-0.41660
615.2643,0.22506,8.88037,-1.36953
615.2874,0.14605,9.09106,-0.05028
615.3024,0.19154,9.11740,2.26259
615.3227,0.24422,8.35362,1.20911
615.3444,-0.39027,9.85962,0.24182
615.3624,-0.99123,10.21158,1.79810
615.3824,0.02634,8.92825,3.03115
615.4078,-0.32802,10.45101,2.75102
615.4217,0.42139,9.76864,1.47008
615.4422,0.10295,9.61780,1.65205
615.4641,0.79969,10.15412,-0.79011
615.4819,0.04310,8.52362,0.89546
615.5018,-0.31844,10.05356,1.52755
615.5268,0.34956,10.49411,1.52515
615.5504,-1.27615,10.11821,0.66082
615.5623,-0.36872,10.01046,1.59698
615.5848,-0.28252,9.16528,3.12213
615.6025,0.23224,9.58189,0.53153
615.6227,0.21309,10.05595,0.99602
615.6448,-0.33280,11.41830,0.72786
615.6625,-0.41421,9.63217,0.36872
615.6863,-0.15084,8.93783,0.72786
615.7047,0.04070,9.39513,-0.90264
615.7242,-0.30886,9.66329,1.24742
615.7458,-0.62969,9.91709,1.45811
615.7692,-0.03352,8.88276,0.62969
615.7869,-0.63209,10.73832,0.07422
615.8223,0.05028,10.87480,0.97208
615.8351,0.63209,9.86202,0.48604
615.8425,0.52195,10.58030,-0.69195
615.8625,-0.06225,10.22116,0.04789
615.8853,0.04789,8.71756,0.75899
615.9030,-1.03912,10.13975,1.46290
615.9229,-0.11971,9.44302,0.52435
615.9453,-0.57702,9.24669,0.35675
615.9661,0.11971,10.65452,0.44055
615.9825,-0.64645,8.48292,2.26977
616.0048,-1.31685,9.85005,0.54350
616.0231,-0.06225,9.62259,-1.19235
616.0448,0.07662,9.26345,0.80448
616.0664,-0.14845,10.07271,1.09658
616.0842,0.22985,9.68963,1.26897
616.1163,0.11014,9.93863,1.22826
616.1257,-0.15323,10.07990,2.32724
616.1425,-0.32083,10.91071,2.45653
616.1631,0.54350,9.19402,-1.07024
616.1863,0.73265,10.09187,-3.95534
616.2063,1.78373,8.88276,-1.79092
616.2234,-0.00718,9.75428,0.14126
616.2465,0.04789,9.55316,0.94813
616.2623,-0.28013,8.97374,2.09020
616.2825,-0.22506,10.11821,2.60018
616.3055,0.00958,8.94980,-0.00479
616.3221,1.18517,10.06074,-0.22985
616.3426,-0.03831,11.15253,0.30407
616.3646,-0.15802,10.41988,-0.31365
616.3817,0.39266,9.51964,0.94574
616.4020,0.67997,10.14933,-2.73666
616.4244,0.38548,9.11740,-1.48924
616.4423,-1.66402,10.42467,1.95852
616.4623,-1.59219,8.85642,3.83563
616.4869,-0.19633,10.31214,1.32403
616.5042,-0.23943,8.85403,1.56107
616.5270,-0.74462,10.25468,1.52036
616.5457,0.85476,10.07271,-1.33840
616.5624,-0.89785,9.98891,0.67279
616.5824,-1.30967,10.51087,0.60575
616.6060,-1.07503,9.62498,2.83243
616.6240,-1.62092,10.06553,2.84919
616.6443,-0.31604,10.52523,0.61772
616.6684,-0.01915,10.11342,1.25699
616.6830,0.04070,10.44622,-0.39506
616.7106,0.66561,9.27781,-0.44534
616.7249,0.23464,9.48612,-1.38389
616.7424,1.01757,8.94262,-0.30647
616.7624,0.78772,9.14374,0.85715
616.7849,0.25858,10.85085,-0.93137
616.8140,-0.54111,9.43584,0.53871
616.8227,-0.60096,9.87399,1.78134
616.8466,-0.12211,10.28102,0.11253
616.8646,-0.01437,8.80375,0.65843
616.8865,-0.39745,10.87719,2.81806
616.9089,-0.85954,10.10145,3.97928
616.9472,-0.19394,8.76065,2.35118
616.9474,-0.19633,9.87399,0.85715
616.9649,-0.74941,9.78780,1.77176
616.9824,-1.23784,10.45580,2.25062
617.0023,-1.66163,11.09028,1.93457
617.0248,-1.13967,9.89554,0.64885
617.0427,-0.96489,9.81413,-2.17161
617.0628,-0.39984,9.96737,0.13647
617.0896,-0.03352,9.41668,0.33999
617.1024,0.54350,9.96737,0.24661
617.1223,0.66321,8.95459,-1.85077
617.1460,-0.31844,10.27383,-0.19633
617.1663,0.69434,9.10303,0.18675
617.1854,0.33280,9.56992,-0.23464
617.2186,0.33759,10.67128,-1.11813
617.2305,-0.62251,10.07511,3.87154
617.2435,-0.38308,9.73512,4.13970
617.2654,-0.09098,9.12937,2.64807
617.2831,-0.06465,8.82769,2.53793
617.3029,0.52913,8.95698,1.79810
617.3272,-0.05746,8.88755,4.60419
617.3450,-0.84518,9.07670,0.18196
617.3691,0.34478,9.37598,-2.00161
617.3875,-0.62491,9.23711,-0.27295
617.4050,0.37830,10.45101,-0.02634
617.4233,0.36632,10.35045,1.23066
617.4458,-0.60096,9.91709,-0.20591
617.4635,0.71349,10.41988,0.35196
617.4850,0.22746,9.18444,1.55149
617.5193,-0.17957,10.74551,1.28812
617.5240,0.90264,10.44862,2.39906
617.5431,1.14446,8.15490,0.58660
617.5656,1.47966,8.75586,-1.78134
617.5835,0.58660,9.96018,-0.43815
617.6046,0.31126,9.50527,3.06467
617.6275,-0.03831,10.11581,2.28174
617.6592,-0.30168,9.03839,2.39667
617.6636,-0.42618,8.65291,2.79891
617.6856,-0.88349,10.74311,5.34163
617.7032,-0.84757,9.09106,3.17960
617.7231,-1.83162,11.58111,1.70712
617.7457,-1.04390,9.91469,0.65124
617.7634,-0.96010,9.34007,0.99841
617.7862,-0.82124,9.29457,0.90982
617.8056,-1.47966,10.23313,0.37830
617.8233,0.24900,9.59386,0.61772
617.8432,0.04070,10.04398,1.00081
617.8673,-0.41660,9.40711,1.79571
617.8849,0.97208,8.39193,0.31604
617.9048,-0.50519,10.72156,1.40544
617.9340,0.46688,10.51326,-1.53952
617.9434,0.23703,8.44221,1.27375
617.9633,-0.02634,10.15891,-0.56505
617.9868,0.22027,9.90751,0.90982
618.0048,0.20351,9.83568,-0.14605
618.0245,-0.29210,11.23633,1.39586
618.0483,-0.17957,9.82371,2.48765
618.0662,-0.24422,9.51485,2.71990
618.0850,-1.74543,10.02483,2.19555
618.1055,-1.18517,11.33210,0.55787
618.1237,-0.65124,9.87638,1.54191
618.1436,-0.59378,10.79339,-0.27774
618.1659,0.00000,9.40232,1.36953
618.1837,0.08619,10.02243,-0.26576
618.2156,0.17239,9.91948,0.03831
618.2256,0.24422,9.62977,-0.89306
618.2433,1.47727,10.13257,-1.76697
618.2634,0.83560,10.13257,-0.20591
618.2855,0.20591,9.62738,1.67360
618.3032,0.46688,10.36721,-0.84039
618.3242,1.38868,8.24828,-1.74782
618.3571,0.00479,9.80216,0.59139
618.3634,-0.68237,9.80455,4.18998
618.3834,-1.02236,9.49091,0.97447
618.4055,0.24661,10.47735,-0.98884
618.4243,0.41182,9.70160,-1.41502
618.4444,-0.31126,8.77023,-0.12690
618.4675,-0.95053,9.41189,1.27375
618.5004,0.27534,9.42865,1.57064
618.5038,0.46928,9.67048,1.34798
618.5280,0.83800,9.73512,-2.16921
618.5432,1.01038,8.60502,0.64885
618.5641,-0.05507,11.12141,0.79969
618.5860,0.40942,9.43584,0.48604
618.6118,0.43576,9.02163,2.39906
618.6286,0.08859,10.10623,1.23545
618.6461,-0.43336,10.35524,1.52755
618.6639,-0.26816,10.34087,1.24981
618.6857,-0.50998,10.02962,1.68796
618.7064,0.29689,9.22754,0.92898
618.7257,0.35435,10.73353,1.05588
618.7593,-0.08380,9.96018,-0.11253
618.7751,-0.40224,10.03201,0.48364
618.7839,0.02873,9.88836,0.95053
618.8038,-0.44055,9.66329,2.33202
618.8267,-0.06943,9.31373,0.09098
618.8456,0.79729,9.04557,-0.63448
618.8654,-0.64406,9.60344,1.01278
618.8879,-0.33759,9.35922,1.70472
618.9144,-0.70392,10.35524,2.61215
618.9276,-0.21070,9.50767,0.66082
618.9465,-0.22506,9.13176,1.11813
618.9646,-0.42618,9.43105,0.77814
618.9843,-0.51477,9.56752,2.71750
619.0086,0.15323,9.11979,0.98644
619.0397,0.43815,11.15253,-0.80926
619.0544,0.37111,8.86121,0.17239
619.0658,-0.03831,10.64734,0.71589
619.0839,0.21309,10.29538,1.83880
619.1035,0.39984,9.68963,-0.37590
619.1276,0.42618,10.24271,1.26178
619.1456,0.19633,9.16528,0.98405
619.1657,0.72068,9.62020,-1.10615
619.1987,0.37830,9.67287,-0.55068
619.2056,0.16281,9.04557,0.40942
619.2237,-0.09098,9.90272,0.74462
619.2457,0.03352,9.83329,-0.06465
619.2639,-0.49801,10.13018,-0.15323
619.2838,-0.17957,9.62259,1.81247
619.3066,-0.47646,8.64573,0.46688
619.3365,-1.06785,9.73752,0.75420
619.3434,-1.07982,10.34327,2.11175
619.3663,-1.34319,10.12060,0.55547
619.3841,-0.01437,9.46457,-0.33041
619.4070,0.05507,9.19880,0.58181
619.4289,-0.30647,9.56273,-0.18675
619.4572,0.19872,9.38556,0.29689
619.4688,-0.16042,9.70639,1.39586
619.4876,-0.06943,9.97215,0.47646
619.5056,0.02873,10.30496,0.19872
619.5245,0.18196,9.44063,-0.77814
619.5469,0.08619,10.41510,0.16281
619.5643,0.26098,9.69442,1.75261
619.5845,0.16042,8.46855,-0.56265
619.6090,-0.28731,10.67607,0.50519
619.6233,-0.38787,9.62738,1.25460
619.6436,-0.16999,9.49091,-1.48206
619.6665,-0.10056,9.93145,0.77575
619.6846,-0.26098,10.21398,1.01996
619.7048,-0.48843,10.35284,1.35037
619.7268,-0.43336,10.65931,0.72786
619.7437,-0.14845,9.93624,-1.08940
619.7635,-0.25140,11.16450,-0.59857
619.7861,0.05986,10.56594,-0.53632
619.8038,0.45731,8.76783,-0.44534
619.8249,0.74462,10.20679,0.04549
619.8468,-0.11971,9.33049,0.41660
619.8641,1.01517,9.73991,-1.99443
619.8932,1.12531,9.86202,-0.81884
619.9084,0.05267,10.76705,-1.65923
619.9255,0.01437,9.76385,1.28333
619.9444,-0.70631,9.46457,1.48684
619.9673,0.00000,9.72076,0.41900
619.9849,0.12929,9.38795,-0.49083
620.0066,-0.51956,9.97694,-0.11253
620.0322,-0.38548,9.19402,-1.09179
620.0462,0.27774,9.48612,-0.59378
620.0658,0.48843,10.34806,-1.55628
620.0886,1.07982,8.53080,0.13169
620.1063,-0.50998,11.22915,1.52755
620.1263,-0.03831,10.21637,0.41421
620.1479,0.90982,9.01444,0.59378
620.1652,0.58899,10.45101,-1.38868
620.1852,0.28971,9.24430,-0.38069
620.2077,-0.14845,10.28580,0.70631
620.2257,-0.22506,9.73033,0.33520
620.2462,0.16520,8.53798,-0.15563
620.2686,0.07422,9.18204,0.03113
620.2864,0.59617,9.46936,-1.28573
620.3105,0.10774,8.30813,-1.18756
620.3289,0.59378,10.58270,-2.43019
620.3481,-0.37590,9.22993,0.36872
620.3666,0.02634,9.78780,0.43815
620.3906,0.11493,10.67128,-1.96570
620.4083,0.56265,8.84206,-1.71670
620.4281,1.39826,7.94420,-0.71349
620.4578,-0.08141,8.87558,-1.24023
620.4669,-0.15084,10.02722,-0.22267
620.4865,-0.05028,10.91311,-0.81405
620.5090,-0.01676,9.33049,0.32323
620.5267,0.68716,10.41749,-0.42618
620.5464,0.88109,10.80297,-2.16921
620.5690,0.57941,9.62020,-1.79571
620.5961,0.28971,9.91469,-0.38787
620.6068,-0.08619,9.56513,0.64885
620.6311,0.19633,8.78699,0.54829
620.6490,0.42379,9.25627,1.06306
620.6693,0.24661,10.13257,0.77335
620.6912,0.49322,9.29457,0.20112
620.7176,0.15323,10.01765,1.05827
620.7300,-0.22506,10.25707,0.22267
620.7488,-0.54111,9.70639,0.07183
620.7675,-0.02634,10.12060,0.50040
620.7877,0.40224,9.11500,-1.23784
620.8097,1.20432,8.92586,-1.79092
620.8275,1.46769,9.72076,-0.46449
620.8490,1.09418,9.09346,0.85954
620.8713,0.84278,9.28260,-0.59378
620.8892,0.61293,9.95539,-0.07422
620.9075,0.00718,9.14613,2.31766
620.9297,-0.38548,10.00807,1.36713
620.9478,-0.29450,9.16050,1.55388
620.9680,-0.01437,9.81174,1.20911
620.9944,-0.00479,9.30655,-0.18436
621.0145,0.68955,9.57710,-1.53952
621.0330,0.59139,10.15651,-0.17957
621.0495,-0.01915,10.68565,-2.87313
621.0674,1.14207,9.34246,-1.10615
621.0876,1.09897,10.07990,-0.96968
621.1100,1.13249,10.03441,0.41421
621.1276,0.46928,10.28820,0.90025
621.1550,0.12450,9.63456,0.66321
621.1700,0.15802,10.69523,1.74064
621.1879,0.27534,9.56034,3.19396
621.2072,0.01915,9.84286,0.18675
621.2296,-0.39984,9.24669,1.90105
621.2473,-0.31126,9.61780,1.55149
621.2773,-0.25619,9.66329,0.76377
621.2997,-0.28731,9.09824,-0.59139
621.3098,0.33041,8.91149,-0.47885
621.3274,0.75180,10.01765,0.00479
621.3495,1.59938,9.99610,-1.62811
621.3673,0.78293,8.43982,1.31446
621.3873,0.50280,9.31612,-0.09098
621.4108,1.59219,9.18923,0.10535
621.4299,-0.73025,10.58988,1.65923
621.4476,0.14126,9.49569,1.25939
621.4697,0.96968,9.30655,1.97767
621.4874,0.59139,10.23553,2.11175
621.5086,-0.36393,10.14933,1.68796
621.5313,-0.20830,8.72713,2.48286
621.5497,-0.42379,9.84526,1.63768
621.5691,0.29210,10.03680,1.53712
621.5894,0.67040,8.70558,-0.98165
621.6074,0.49801,9.19880,0.13647
621.6274,-0.19633,10.02722,1.83401
621.6498,-0.62012,10.75987,2.18358
621.6674,0.07422,9.62977,-0.58660
621.6890,0.41900,8.61460,0.67279
621.7269,-0.04310,10.12778,1.87711
621.7271,-0.12929,9.62977,1.47248
621.7473,-0.34478,9.51485,1.47008
621.7697,-0.04549,10.64016,1.73106
621.7872,-0.49801,10.97296,2.73426
621.8077,0.22027,10.09187,-0.50998
621.8321,0.16281,9.95779,-0.36393
621.8520,-0.35435,9.22993,0.28731
621.8672,-0.17957,9.12219,0.71828
621.8894,0.09817,10.32411,-1.14686
621.9078,0.08859,7.79815,-0.03831
621.9298,0.80926,8.58587,-1.10137
621.9531,0.45970,9.19641,-2.18597
621.9720,0.52913,10.18285,-1.96809
621.9904,0.53871,9.23951,0.08619
622.0125,-0.07183,10.35763,-1.01757
622.0292,0.18675,9.85005,1.42699
622.0511,0.08380,10.07990,1.14207
622.0731,0.27055,10.33608,0.40703
622.0907,-1.00320,9.44781,0.66321
622.1130,-1.30727,9.89314,-0.22985
622.1474,-0.39266,10.66889,2.32484
622.1493,-0.96010,9.54119,1.40544
622.1693,-0.91940,10.35524,-0.53632
622.1915,-0.02634,9.79977,0.92658
622.2093,0.10774,9.30655,0.88828
622.2293,0.03831,9.43105,-0.83560
622.2515,-0.11014,9.23472,0.95532
622.2772,-0.77575,9.99370,2.18837
622.2889,0.11493,9.87399,1.16362
622.3114,0.14366,8.79178,1.36474
622.3292,0.53871,9.43823,0.14845
622.3493,0.28971,9.70160,1.02475
622.3718,0.11253,9.26824,-0.36154
622.4102,-0.17478,9.87638,-0.75420
622.4241,-0.05267,9.85962,0.56505
622.4313,0.11253,10.15172,1.46530
622.4492,-0.00239,10.74072,-0.29210
622.4692,0.81166,10.21398,1.24263
622.4929,0.29210,10.12060,-0.47407
622.5103,0.50759,9.54837,-0.29928
622.5305,-0.30886,9.31133,-0.28013
622.5644,-0.32562,10.12539,0.16281
622.5693,0.09817,10.28820,-1.27375
622.5909,0.98644,8.99529,0.07422
622.6114,0.65364,10.11342,-1.16362
622.6292,0.43336,9.62259,-0.86912
622.6509,0.66082,8.92825,-0.96489
622.6859,-0.01676,9.80455,-1.27136
622.7017,0.53871,9.27542,-0.60096
622.7091,0.27534,10.42467,-0.58420
622.7315,0.11971,9.89793,-1.99922
622.7493,0.26576,10.71199,-0.42618
622.7691,0.30647,9.90512,0.96010
622.7930,0.53392,10.12060,-0.34717
622.8104,0.03831,9.22514,0.54829
622.8415,-0.63688,10.02243,0.58181
622.8513,-1.09418,10.17327,0.26816
622.8691,-0.31126,9.34725,0.45731
622.8891,-0.48604,9.47415,0.10774
622.9117,-0.65364,8.97135,-0.03591
622.9292,0.51477,8.64812,0.53632
622.9581,-0.53392,10.10623,0.33999
622.9717,0.00000,9.27063,0.25619
622.9888,-0.13169,9.77343,-1.15883
623.0085,-0.22746,10.80297,-0.67519
623.0313,-0.39506,10.56833,-0.34956
623.0489,-0.22506,10.12778,-0.31604
623.0703,-0.04070,10.61143,-0.57702
623.0960,-0.07422,8.66967,-1.48924
623.1149,0.15563,10.22116,-0.74462
623.1298,0.23943,9.11261,-0.61293
623.1522,0.23703,8.90910,-1.35516
623.1698,0.88349,9.68724,0.73025
623.1898,-0.06225,8.76305,1.00320
623.2122,-0.56265,10.50368,-0.31844
623.2310,0.28971,9.03360,1.20911
623.2620,-0.36632,10.73114,1.19474
623.2726,-0.05507,10.16370,2.73187
623.2900,-0.72307,10.21158,0.87152
623.3098,-0.03591,11.09268,-0.93377
623.3323,0.03113,10.43425,0.24422
623.3499,1.51318,9.69202,-0.65364
623.3700,0.19394,9.94103,0.65843
623.3951,-0.17478,9.18204,0.11493
623.4124,1.10376,9.34007,1.35037
623.4301,-0.67997,10.43664,0.69195
623.4521,-0.82842,9.96737,1.22587
623.4698,0.09817,10.22595,-0.50040
623.4900,-0.72068,10.42228,-1.37431
623.5123,0.01676,9.89314,0.12211
623.5436,0.43336,10.69283,-0.67040
623.5496,0.00479,10.58270,-0.85476
623.5717,0.18196,10.15891,-0.77335
623.5895,0.04070,10.07750,-0.76138
623.6111,1.00560,9.90512,-1.46769
623.6334,0.70871,8.34884,-0.30168
623.6508,0.59617,9.90272,-1.18995
623.6833,0.21788,9.70639,-0.84997
623.6930,0.40224,9.16289,-0.88828
623.7114,0.66561,9.90512,0.32562
623.7333,-0.01915,9.55316,-0.02634
623.7558,0.50998,10.35763,-0.06225
623.7737,-0.03591,10.46298,2.33681
623.8110,-0.17718,10.14215,0.40224
623.8264,1.31685,9.22514,0.93616
623.8320,0.22506,9.82850,0.67279
623.8503,0.72068,9.42626,-0.42379
623.8724,1.28094,9.25387,0.32083
623.8912,-0.27055,9.43105,0.34478
623.9113,0.02873,9.18204,0.33999
623.9347,-0.10774,8.82051,0.72547
623.9688,-0.03591,9.52203,1.00560
623.9719,-0.19394,9.76146,0.02155
623.9929,-0.28731,11.02803,-0.97926
624.0104,-0.07422,10.63297,1.56107
624.0322,0.88109,9.20359,-0.48604
624.0546,0.54111,8.40869,1.45811
624.0901,-0.91940,11.46618,0.95292
624.1039,-0.69673,12.01447,1.85077
624.1150,1.55628,6.16286,-1.47008
624.1324,0.86433,9.71836,-1.96091
624.1506,0.84278,10.61861,-2.61215
624.1747,0.51237,10.41749,-0.54589
624.2192,0.38787,12.12461,0.60815
624.2195,0.05746,9.50527,-1.21629
624.2428,1.19474,9.54119,-1.42938
624.2502,-0.07901,11.20281,-1.82683
624.2703,-1.53712,8.98332,0.17239
624.2930,-0.32562,9.65132,-1.62332
624.3106,0.45970,9.33528,-0.61772
624.3303,0.83081,10.04159,-3.47170
624.3524,0.89785,8.26504,-0.40463
624.3713,3.73746,9.17007,-1.88190
624.3901,-3.49325,9.50767,-0.28731
624.4146,-3.56268,12.99133,2.31287
624.4304,1.46290,6.19878,0.05507
624.4520,0.05507,8.97853,-7.68083
624.4760,0.80687,8.88037,-3.28255
624.5027,3.25861,11.36083,2.59539
624.5170,-2.41103,11.70561,-0.62012
624.5328,1.75261,9.16768,-0.10774
624.5502,-2.73666,10.31214,-3.89070
624.5706,-2.28414,8.88037,5.34881
624.5933,-1.19235,10.03441,0.42858
624.6120,0.77814,11.11901,1.57783
624.6408,0.72547,11.56435,-1.38629
624.6530,2.71511,2.97848,-13.31456
624.6702,6.45497,8.20518,-4.96573
624.6904,-4.65926,11.69364,-0.83081
624.7142,-3.91943,12.99612,4.59701
624.7320,1.37671,10.58270,3.71352
624.7535,-0.44534,8.44461,-0.79969
624.7876,-1.16841,8.84685,3.68718
624.7911,5.70795,16.46064,-2.32005
624.8102,-4.14210,4.27378,5.18361
624.8329,-1.89866,14.12143,-0.15323
624.8506,0.79729,4.59701,-7.57788
624.8723,1.39347,10.64495,-8.73910
624.8945,-1.43656,9.98173,1.51797
624.9276,1.40544,10.58748,-3.66324
624.9381,0.14366,8.59305,-0.91222
624.9556,-0.69673,11.21957,0.35914
624.9700,0.10056,8.96177,0.45731
624.9907,-0.16520,11.47097,-0.47885
625.0117,1.58501,9.82371,0.29689
625.0380,0.73265,9.03120,0.43815
625.0534,0.60336,11.44224,0.91701
625.0723,1.43656,9.65850,-0.03591
625.0897,-0.12211,9.55316,0.50040
625.1097,0.56744,10.64016,1.05109
625.1321,0.16042,8.23870,0.12211
625.1501,-0.74701,11.53801,1.64966
625.1766,0.12690,8.87079,0.96968
625.1944,-0.72068,10.14933,-0.61054
625.2098,-0.05986,9.60344,-0.50280
625.2307,-0.13647,9.98891,-0.46688
625.2537,0.80687,10.10145,-1.02714
625.2706,0.67040,9.67526,0.31126
625.2914,1.15165,8.87558,1.19714
625.3142,-0.32802,10.07511,0.26098
625.3321,0.25379,9.95300,0.65603
625.3502,0.09577,9.13176,0.61533
625.3726,-0.87152,10.76466,0.62251
625.3901,0.00479,10.28102,0.06704
625.4108,0.22267,9.02881,0.56026
625.4330,1.27375,9.68484,0.74701
625.4509,0.03113,9.68005,0.06225
625.4718,-0.11253,9.91948,-0.45970
625.4930,0.19394,9.27542,0.56026
625.5107,0.41660,10.04159,-0.65364
625.5301,0.00718,9.99849,-1.38629
625.5526,-0.34956,8.87318,-1.91303
625.5718,0.50280,10.79578,-1.78373
625.5917,0.17239,10.15651,-1.30249
625.6183,0.32802,10.21637,-1.19235
625.6348,-0.11493,9.62738,-0.79250
625.6501,-0.74701,10.77903,-0.78053
625.6722,-0.16520,10.21158,-0.49322
625.6899,-0.60815,10.72156,-0.38548
625.7105,0.21309,10.00328,-0.70392
625.7324,-0.37111,10.34087,-2.09260
625.7530,0.01437,8.75586,0.47167
625.7700,-0.14845,10.41510,-0.59139
625.7924,-1.29530,10.26426,0.46688
625.8099,-1.53473,10.19003,1.11094
625.8315,-0.68955,10.87958,0.57702
625.8541,-0.65843,9.79019,0.23224
625.8907,-0.51956,10.42707,0.06943
625.9061,0.33999,10.37200,1.25939
625.9128,0.38787,9.50048,1.52755
625.9301,-0.22506,10.54439,1.00081
625.9502,0.37830,8.90670,1.14686
625.9725,0.69195,10.18524,0.13169
625.9904,0.04549,8.92825,0.75659
626.0104,-0.34478,9.40471,1.00799
626.0428,0.55068,9.41908,0.92658
626.0523,-1.18756,9.05515,0.95292
626.0707,-0.88828,9.37837,0.70392
626.0927,-0.24900,9.49330,0.44294
626.1107,-0.45491,10.81494,-0.03113
626.1308,0.00718,10.12539,0.15802
626.1638,-0.03352,8.39193,1.36713
626.1779,-0.33280,10.67368,0.22267
626.1900,0.01437,9.29218,0.35914
626.2147,-0.17718,8.36799,0.23703
626.2321,0.07183,10.03919,-0.66082
626.2520,0.24661,8.92825,0.16042
626.2742,-1.19235,10.12778,0.96010
626.2916,-0.65124,10.75029,0.65124
626.3220,-0.94574,9.01684,-0.32802
626.3325,-1.40783,10.02243,-0.19394
626.3497,0.08141,9.51245,-0.03831
626.3703,-0.22985,10.42467,-0.08619
626.3945,-0.71110,10.08947,0.13647
626.4105,0.25858,9.54358,0.43576
626.4431,-0.19633,9.74709,-0.94813
626.4577,0.04070,10.33369,-0.27774
626.4697,0.16999,9.70160,-0.24661
626.4897,0.04070,10.03919,1.19953
626.5125,0.36872,9.39992,0.34956
626.5300,0.19872,11.89476,2.03034
626.5505,-0.73265,8.84685,-4.16125
626.5909,3.32565,8.45179,-4.17322
626.5912,-3.07664,10.45340,-0.64406
626.6101,-3.03594,11.00409,2.42301
626.6323,-2.84919,11.52604,-0.57463
626.6495,-1.67599,9.00966,1.01757
626.6699,-0.07901,17.35849,-3.11016
626.6925,1.17319,4.83644,2.60018
626.7111,-2.64328,12.48854,-9.74709
626.7380,-1.38389,6.28497,2.38949
626.7523,2.54033,10.70480,0.93856
626.7698,-4.64010,11.14774,1.24263
626.7899,0.66800,8.94740,3.42142
626.8121,-2.48765,5.97372,-2.69835
626.8297,-2.03992,6.95058,-7.92744
626.8505,1.47248,9.14613,-5.54275
626.8798,3.60817,8.61699,-3.01439
626.8901,5.78217,13.97778,2.23625
626.9101,-5.26262,11.71998,6.35441
626.9323,-1.09418,11.91870,0.47885
626.9512,-2.98327,8.64573,6.26821
626.9713,-2.32005,11.25549,1.63050
626.9955,-2.32245,10.89156,7.07987
627.0136,-1.96091,10.24271,5.44698
627.0299,-0.28971,10.32411,0.79011
627.0524,-0.60096,9.64653,2.65286
627.0698,-1.26897,9.85484,-0.58181
627.0900,-0.98644,9.56513,-2.16921
627.1122,-0.16281,9.27063,1.77655
627.1314,-0.56984,9.37598,-0.57702
627.1520,-0.56984,9.68245,0.50998
627.1718,0.01915,9.52443,1.56107
627.1895,-0.68237,9.21317,1.36474
627.2096,-0.81645,9.80695,0.15563
627.2321,-0.72786,10.20679,0.61533
627.2497,-0.86912,9.83089,0.63688
627.2713,-0.56505,9.54837,0.10774
627.3049,0.07422,9.27303,0.48364
627.3097,-0.17718,10.34566,1.24981
627.3314,0.55308,8.82290,0.09577
627.3524,0.49083,8.70319,1.00799
627.3701,0.17239,10.92747,0.47407
627.3901,0.72786,8.60981,0.33759
627.4156,0.06704,9.50048,0.78532
627.4460,-0.43336,9.87638,1.75979
627.4534,0.03113,8.01364,1.55388
627.4734,-0.93616,9.36161,1.82444
627.4908,-0.50519,10.16130,0.83560
627.5124,-0.38787,8.08786,0.67997
627.5345,-1.06785,10.38397,0.88109
627.5524,0.18675,9.62738,-0.16042
627.5722,-0.20591,9.67287,0.26098
627.5933,-0.61533,10.42946,0.57702
627.6110,0.12929,9.30655,1.27375
627.6310,0.19872,9.90033,0.39266
627.6546,0.41900,10.03680,-0.11732
627.6722,0.33759,10.14694,-0.74462
627.6931,-0.03352,10.62579,1.36234
627.7251,-0.00239,10.23074,0.66082
627.7310,-0.27295,9.77104,0.26098
627.7509,0.22506,10.45819,-0.63209
627.7732,-0.22746,9.43584,1.66402
627.7924,-0.43097,9.67526,0.25858
627.8123,-0.10774,10.35045,0.79729
627.8359,-0.16760,10.49411,2.09499
627.8635,0.03352,10.02722,-0.02634
627.8757,-0.02394,9.84047,0.93856
627.8928,-0.08141,10.18524,1.69036
627.9106,-0.93616,9.58668,2.33681
627.9312,-0.90743,8.65770,0.70631
627.9535,-0.00718,9.69202,-0.06465
627.9711,0.01676,9.00726,-0.00479
628.0042,-0.33041,10.07271,-0.56505
628.0133,-0.81166,10.75987,1.69036
628.0305,-0.53153,8.63136,1.33601
628.0525,0.11253,9.61541,-1.01038
628.0745,0.06465,10.61621,-0.33041
628.0920,0.24900,8.66727,-1.48684
628.1296,0.71828,9.51964,-0.26816
628.1490,-0.01676,9.73512,0.34717
628.1511,0.72068,9.09824,-0.54111
628.1707,0.20351,9.86441,-0.07901
628.1930,-0.93856,11.05437,0.43815
628.2107,0.29210,9.73512,0.57702
628.2310,0.05267,9.15810,-0.72307
628.2545,-0.19633,10.58748,0.00958
628.2724,-0.09098,9.42626,0.63209
628.2907,-0.17478,10.23553,-1.60656
628.3130,0.00958,10.31932,0.04789
628.3304,0.45012,9.12458,0.78772
628.3505,0.33280,9.70160,-1.04869
628.3730,0.43097,9.28500,0.86433
628.4129,-0.38787,9.28260,0.68237
628.4130,0.59139,9.68245,-0.73504
628.4333,0.27295,9.73991,-0.27055
628.4507,0.18915,9.66808,0.25379
628.4707,0.05267,9.76146,-0.72547
628.4932,-0.71110,10.60903,0.98165
628.5107,0.26337,9.30415,0.22027
628.5309,0.10295,9.99849,0.89785
628.5640,0.10774,10.15891,1.28333
628.5704,0.30886,9.07191,1.90824
628.5904,-0.17957,10.53720,-0.75180
628.6162,0.37590,10.89395,-0.40224
628.6344,-0.36872,9.67287,0.72307
628.6530,0.29928,9.87878,-0.70871
628.6742,0.48125,9.63217,0.43576
628.6915,0.31844,9.11022,1.24023
628.7103,0.05267,10.29538,-0.00718
628.7325,-0.42858,9.96018,0.50040
628.7503,0.01437,9.50048,0.91940
628.7711,0.05267,10.43904,0.03591
628.7934,0.25379,10.04398,-0.22027
628.8130,-0.03113,9.23232,0.31844
628.8474,-0.77335,10.42467,-0.10056
628.8532,-0.29928,9.84526,0.53632
628.8725,0.02873,9.92188,0.50759
628.8920,0.15084,9.65611,-1.57783
628.9130,-0.03831,9.92666,-0.13408
628.9304,0.22985,9.18204,0.10535
628.9504,0.31844,9.88117,0.20591
628.9888,-0.72307,8.71277,1.68318
628.9904,-0.42858,9.13176,1.29770
629.0106,-0.78053,9.95779,2.21710
629.0325,-0.34717,10.02722,1.69994
629.0502,-0.52195,10.56594,1.38389
629.0702,-1.19474,10.78142,1.16122
629.0933,-0.56265,10.75508,1.55628
629.1156,0.16520,8.40630,0.80208
629.1312,0.27534,9.77343,0.22746
629.1536,0.56026,9.46217,-1.07742
629.1725,0.36872,9.74470,-1.29530
629.1924,0.25619,10.72875,-0.05028
629.2151,-0.10774,9.19402,-0.87630
629.2351,0.18196,10.29778,-0.74941
629.2537,0.32083,8.66967,-0.79011
629.2742,0.14126,9.95061,0.73744
629.2914,0.16281,9.67526,-0.58899
629.3119,1.00560,9.78301,0.42379
629.3563,0.69673,9.53640,-0.17478
629.3586,0.71589,9.78780,0.58181
629.3762,1.50839,9.73033,0.57941
629.3990,0.32802,10.09426,0.54589
629.4161,-0.17957,10.04877,0.75420
629.4312,0.62969,9.62020,-0.20830
629.4545,0.12450,10.18285,0.64885
629.4724,-0.03352,9.34485,0.84518
629.4925,0.19394,10.64495,1.03672
629.5164,0.45012,9.38556,0.98405
629.5349,1.08461,9.77822,0.28013
629.5525,0.62251,10.05356,-0.28971
629.5742,0.72786,8.47813,0.44534
629.5923,0.34478,10.67128,0.54589
629.6125,0.85954,11.25549,-0.28013
629.6344,1.98964,8.83966,-0.28252
629.6534,-0.21309,9.91469,-1.43656
629.6739,0.90264,10.58748,-1.12052
629.6950,0.55308,8.95698,0.74941
629.7123,1.05348,9.62977,-0.61772
629.7322,1.06306,9.62498,-0.53392
629.7545,0.50519,9.46457,-1.69036
629.7723,0.91222,9.93145,-0.69195
629.7949,0.77814,9.16050,-0.40463
629.8279,1.21869,8.90431,0.25619
629.8333,1.12531,9.66808,0.48125
629.8523,1.03433,9.61780,0.28731
629.8745,0.28731,9.93145,-0.05986
629.8925,1.14925,10.01525,-0.12929
629.9127,0.58899,10.20679,-0.76856
629.9370,1.01278,10.79818,-0.08380
629.9526,1.15643,10.08469,-0.95771
629.9782,0.92658,10.54439,0.53632
629.9954,1.08461,9.27781,0.77335
630.0134,0.90504,11.07113,0.82602
630.0358,0.65124,8.96177,0.23703
630.0580,1.26418,9.63696,0.61054
630.0997,1.07024,9.73991,-0.99841
630.0999,1.52036,10.07990,-0.19394
630.1173,1.50600,9.80695,0.85476
630.1320,1.02954,9.71118,-0.51237
630.1521,0.97686,9.38556,-0.39266
630.1744,0.84518,9.48133,-0.18675
630.1918,0.91940,9.16289,0.72547
630.2111,1.13967,10.81015,0.80448
630.2338,1.18995,10.63776,1.01996
630.2515,1.97767,9.37119,-1.60416
630.2719,0.97447,10.28580,-0.71349
630.2939,0.23943,10.41510,-0.77096
630.3115,0.78772,9.59386,0.48125
630.3317,1.78852,10.55157,-1.22347
630.3541,1.77895,9.75906,-1.56825
630.3718,0.93856,10.19722,-0.49801
630.3936,0.34238,10.54678,-0.13887
630.4139,0.77335,10.72635,1.12531
630.4317,0.18915,9.36640,-1.46530
630.4560,0.76377,10.80297,0.82602
630.4785,0.62730,8.55714,-0.40463
630.4931,1.34079,9.73512,-0.56026
630.5264,1.82923,8.69361,-1.67839
630.5344,1.42699,9.96497,0.24661
630.5520,0.79490,9.66808,-0.45491
630.5721,1.13967,9.78780,0.91461
630.5945,1.16601,9.27781,1.42699
630.6120,-1.86993,10.90592,1.59698
630.6320,-1.79092,10.43425,2.06865
630.6546,-0.80208,13.26668,0.68716
630.6719,2.87313,6.75185,-5.67922
630.6917,8.62897,12.92430,2.13809
630.7145,5.34881,7.86759,-7.28817
630.7320,-3.38550,11.60266,-2.87313
630.7537,-3.51001,10.47256,2.66483
630.7760,-0.32083,5.58105,5.57627
630.7934,-1.75021,11.74631,-4.07745
630.8134,-1.97767,5.82288,3.35198
630.8341,0.36393,8.87558,-6.46215
630.8519,5.62655,10.77663,8.29856
630.8736,-1.81007,14.60029,5.55472
630.8961,-3.64887,12.87162,5.81569
630.9138,-2.52596,10.39115,5.67922
630.9371,-2.50441,10.12539,2.54751
630.9540,-1.25221,10.02962,5.66007
630.9718,-1.27615,11.16690,2.47089
630.9918,-1.52755,10.76705,3.05749
631.0143,-0.84518,9.33528,4.08942
631.0319,-1.45811,9.33528,2.26259
631.0538,-0.50998,9.30655,2.73666
631.0837,-0.16281,8.14293,1.59698
631.0923,-1.67120,9.88357,1.19714
631.1182,-0.68237,9.03599,1.63529
631.1336,-1.51558,10.20679,1.56586
631.1515,-1.67839,10.64016,0.14605
631.1753,-1.03912,9.12698,-0.98884
631.2209,-1.09897,10.80057,0.61293
631.2210,-0.52674,9.60583,0.36154
631.2349,-0.28013,9.93863,-0.18196
631.2545,-0.34478,8.85163,0.11253
631.2718,-1.06306,11.10704,-0.07901
631.2920,-1.39347,9.40711,1.50600
631.3142,-0.46928,9.21556,1.19953
631.3478,-0.75899,10.07990,-1.31446
631.3646,-0.96729,10.86043,0.37111
631.3743,-0.60575,8.79178,0.45491
631.3921,-0.38308,10.45819,-1.43896
631.4135,-1.18995,9.87638,0.42139
631.4378,-1.79092,10.39115,-0.49322
631.4553,-0.20351,9.17007,-0.66800
631.4924,-0.88349,8.82769,-2.31766
631.5070,-0.95771,9.49091,0.36393
631.5124,-0.16760,9.26345,-0.64406
631.5314,-0.91940,9.22275,-0.61054
631.5535,-1.44135,9.10064,2.25062
631.5730,-1.42220,10.84128,1.49882
631.5953,-1.34319,9.85962,0.91461
631.6150,-1.87711,10.23074,1.34319
631.6339,-0.93137,9.01205,0.55547
631.6518,-0.99123,10.81733,1.34079
631.6730,-1.19235,10.45580,1.18995
631.6935,-0.75420,8.36320,0.18196
631.7117,-1.26178,11.32253,-1.13489
631.7338,-0.97208,10.40073,-0.70631
631.7515,-1.46769,9.33288,-0.47885
631.7816,-0.81884,9.91709,0.20351
631.7941,-0.73025,8.85882,0.88828
631.8116,-1.11334,11.94504,1.13010
631.8318,-1.15165,10.47974,-2.33202
631.8579,0.36154,11.97856,-1.07024
631.8755,5.20515,6.88833,-0.92180
631.9117,-4.85080,10.42707,-4.41744
631.9275,-2.69356,7.80773,0.67997
631.9315,-1.65444,10.78621,7.74787
631.9518,0.54829,15.93629,3.33044
631.9759,-4.07506,8.94740,-1.42459
631.9916,2.79891,13.75990,-7.27141
632.0133,-3.50522,6.64411,11.28422
632.0591,-2.45174,15.56279,-0.20591
632.0592,-3.91943,4.83165,10.02962
632.0745,-1.08700,8.88994,4.56828
632.0958,-2.68638,8.60263,6.53876
632.1115,-0.35675,6.08625,1.83162
632.1317,0.67279,12.25150,-6.37835
632.1539,-1.32643,7.42465,1.61614
632.1736,3.01200,12.44305,-10.72396
632.2057,-0.02634,6.67763,-1.35037
632.2141,3.10059,11.08310,-2.16682
632.2333,1.06306,8.45658,1.44135
632.2540,1.67360,10.77424,1.11813
632.2764,0.88588,10.20679,-0.05267
632.2938,-1.54910,11.25070,1.60416
632.3170,-1.70712,10.50129,2.15964
632.3419,-1.19474,10.81733,-0.47167
632.3566,-0.45012,8.95459,1.38150
632.3740,-0.49083,9.40471,-0.00718
632.3966,-0.28492,9.92188,-0.10056
632.4171,-0.32083,9.79019,0.44294
632.4343,-1.39347,9.89554,-0.22746
632.4572,-1.11094,10.19243,-0.12929
632.4756,-0.28492,9.00008,0.37351
632.4924,-0.08859,9.65372,-0.51716
632.5147,-0.23224,10.08229,-1.06066
632.5338,0.09577,10.41031,-0.97447
632.5538,-0.02634,10.71917,-0.64885
632.5766,-0.36393,10.24271,-1.92979
632.5936,-0.16281,9.83329,-0.56026
632.6134,0.27774,10.34566,-0.67279
632.6365,-0.39745,9.37837,0.99362
632.6529,-0.60096,9.46217,2.14048
632.6724,-0.02634,8.78699,0.95771
632.6965,-0.21309,8.96895,0.98165
632.7141,-1.01996,10.22355,0.80448
632.7341,0.28013,9.00726,-0.56265
632.7659,-0.02394,9.41429,0.75899
632.7738,-0.60575,9.15331,-0.29689
632.7929,-0.07662,9.84286,0.55787
632.8146,-0.05746,9.40232,-0.21548
632.8323,-0.40703,10.52284,-0.88828
632.8523,-0.55068,10.70241,0.50280
632.8741,-1.00320,9.27781,-0.93377
632.8959,-0.08619,11.01606,0.42858
632.9117,-0.52195,10.32172,-0.39027
632.9347,-0.42139,11.01845,-0.11971
632.9521,0.58899,8.23870,-0.32802
632.9741,-0.21309,9.06712,0.06704
632.9974,0.09098,9.82850,0.09338
633.0147,0.09577,8.67206,1.09179
633.0365,-0.54589,10.62819,1.29530
633.0563,-0.50519,10.05117,-1.14686
633.0737,-0.50759,9.84047,0.02155
633.0938,-0.68716,10.00567,1.84359
633.1160,-0.32323,9.60583,-0.95292
633.1339,-0.13647,10.80057,1.08461
633.1575,-0.22267,10.18764,-0.58420
633.1844,-0.62969,10.85085,0.49083
633.1979,-0.96729,10.05835,-0.30647
633.2172,-0.79250,10.08229,-0.39266
633.2366,-0.38308,9.46936,0.33759
633.2546,-0.41660,8.78459,-0.86433
633.2759,-0.84518,10.30496,0.64885
633.2979,-0.46210,9.57949,-0.05986
633.3310,0.39506,8.60742,-0.27295
633.3339,-0.05746,9.29936,-0.42139
633.3558,-0.06225,9.41908,-0.40703
633.3735,-0.33280,9.78301,0.73025
633.3943,-1.01757,9.58189,-1.07264
633.4171,-0.07183,11.45900,-0.53871
633.4347,0.30647,9.43584,-0.01676
633.4617,-0.05746,11.39914,-1.95373
633.4758,-0.12690,10.47016,-0.17957
633.4934,-0.27774,8.98332,-1.99443
633.5133,0.87152,10.17806,-1.53712
633.5355,-0.42379,9.12698,-0.90025
633.5535,-0.78772,9.18923,1.02714
633.5734,-0.17239,9.48851,0.90504
633.6029,-0.39745,10.28580,1.74543
633.6136,-0.57223,9.61541,0.30407
633.6332,-0.19872,10.40073,-0.26816
633.6555,-0.59857,10.46298,0.68955
633.6732,-0.93616,9.70878,0.63927
633.6931,-0.79490,10.05117,1.28812
633.7161,-0.57223,9.56273,0.16042
633.7485,-0.40942,9.34725,-0.23703
633.7545,-0.22985,9.87878,0.38069
633.7764,-0.25379,9.67287,1.63768
633.7938,-0.27055,9.57471,1.34798
633.8141,-0.41182,8.88755,-0.33520
633.8365,-0.41660,10.82212,0.72307
633.8542,-0.38308,9.81174,0.29928
633.8745,-0.45970,9.25627,1.01278
633.8962,-0.31604,10.19482,-0.22267
633.9139,-0.14845,9.83329,-0.35435
633.9343,-0.01197,10.62579,1.35277
633.9565,-0.10774,10.32890,-1.68796
633.9772,-1.34319,10.44383,1.16601
633.9954,-0.61533,9.79737,-0.40942
634.0317,-0.11971,10.25468,-1.06306
634.0344,-0.07901,9.45020,-0.97926
634.0562,-0.40942,9.40950,-1.16841
634.0766,-0.45731,10.76466,-1.08940
634.0942,0.04310,9.23951,-1.16122
634.1159,0.08859,10.04398,-0.27774
634.1542,-0.27295,8.79178,-0.34478
634.1686,0.55308,9.45260,-0.80208
634.1805,-0.19394,9.43105,-0.19872
634.1974,-0.55068,10.39594,0.33759
634.2145,-1.04151,9.57710,1.22826
634.2361,-1.26178,10.40073,0.91940
634.2578,-1.34558,10.59227,2.04711
634.2753,-0.34238,8.26743,-0.00958
634.3021,-0.19872,10.59467,1.51558
634.3187,-0.17957,10.30256,-0.39745
634.3359,0.15563,10.63297,0.89785
634.3556,-0.12690,10.84606,-0.01676
634.3779,0.19394,10.19243,0.60575
634.3956,0.73025,8.83966,-0.03352
634.4157,0.36872,9.53400,-1.14207
634.4382,0.05986,9.87160,0.00239
634.4557,-0.55308,9.29457,-0.19872
634.4758,-0.32323,9.55316,0.75659
634.4998,-0.20112,9.95061,-0.57463
634.5172,-0.11493,9.17247,0.17239
634.5373,0.29928,9.70639,-0.82602
634.5861,-0.11732,10.17088,-1.07264
634.5861,-0.13887,9.65850,0.02634
634.6024,-0.07183,8.85882,-0.31365
634.6182,0.26098,9.77822,-0.17718
634.6358,-0.37111,10.26426,0.30886
634.6560,-0.14845,10.64734,1.13010
634.6782,-0.01915,10.14694,-1.34079
634.7124,-0.20351,9.92427,0.75420
634.7310,-0.13887,8.97614,1.61374
634.7384,-0.73983,11.36083,-0.34238
634.7565,0.01915,10.51805,1.22347
634.7762,-0.55547,10.26186,-1.29291
634.7990,-0.92419,10.23792,0.79011
634.8165,-0.18436,9.37837,0.04549
634.8363,0.17957,8.78220,-0.07901
634.8683,0.50280,8.93304,-0.59378
634.8755,-0.05267,9.37359,0.48604
634.8959,0.67758,10.18764,0.38787
634.9179,0.17718,9.59146,-0.53153
634.9359,-0.21070,8.73431,1.54670
634.9593,-0.84518,8.85642,0.22746
634.9982,-0.36154,9.74949,0.67997
635.0137,-0.53392,9.54837,-0.76377
635.0184,-0.53153,9.46936,-0.17718
635.0394,-0.67519,10.33130,-0.67279
635.0568,0.18196,10.26904,-0.67758
635.0785,-0.35435,10.94902,-0.60096
635.1011,-0.14366,9.20838,0.68476
635.1186,-0.76377,10.09426,0.09577
635.1524,-0.49801,9.79977,-0.70392
635.1625,0.22506,9.30894,-0.16042
635.1779,-0.47646,9.15092,-1.21390
635.1991,0.19633,9.78540,-1.23784
635.2218,0.14366,8.09504,-0.45012
635.2393,-0.07901,9.79258,0.35914
635.2592,-0.06704,10.14454,1.75500
635.2886,0.18196,11.02564,1.07982
635.2985,-0.29928,10.17567,2.42061
635.3179,-0.56505,9.58428,0.00239
635.3417,-1.01996,11.49252,0.50998
635.3589,-0.46210,8.68403,-0.09338
635.3793,-0.47167,10.40552,1.94655
635.4018,-0.28971,9.30655,0.88588
635.4206,0.01915,10.02483,2.09260
635.4382,-0.06225,11.08789,-1.02954
635.4602,0.06704,9.59386,-0.06943
635.4783,-0.11253,9.99370,1.73106
635.4980,-0.16999,8.86600,-0.50519
635.5204,-0.54350,10.95620,-1.03433
635.5379,-0.23224,8.66249,0.47885
635.5589,0.90743,9.06472,1.65444
635.5801,0.26816,9.62498,1.27375
635.5980,-0.52674,10.58270,2.97848
635.6178,-1.07024,10.53481,3.18199
635.6404,-0.63927,9.64174,2.49244
635.6580,-0.18675,10.04638,1.18517
635.6795,0.65603,7.76942,0.17478
635.7038,0.16042,9.19641,0.18915
635.7191,-0.58899,10.18524,0.72786
635.7377,-0.05746,10.37439,-0.07183
635.7598,-0.37111,9.74949,0.07901
635.7775,0.45491,9.11500,0.50998
635.7975,0.35196,8.78699,0.34717
635.8210,0.50040,8.95938,1.14207
635.8401,0.25619,9.53879,2.40146
635.8574,0.02873,9.20599,1.12052
635.8798,0.54589,9.47654,1.27375
635.8994,-0.97686,10.49171,0.46688
635.9192,-0.26576,9.32570,0.95532
635.9437,-1.33361,10.20679,-0.22027
635.9796,-1.16601,11.18126,-0.01915
635.9958,0.21309,10.14454,0.00000
636.0009,-0.14126,9.88357,0.74701
636.0176,0.56744,10.48932,-0.87391
636.0375,0.85715,8.73431,-0.74462
636.0611,0.59857,10.08947,-0.75899
636.0811,-0.65603,10.27862,-0.72786
636.0997,0.01197,10.10863,0.26098
636.1302,-0.12929,9.68724,-1.27615
636.1377,-0.76138,10.18764,0.92658
636.1577,0.60096,8.40869,0.31604
636.1798,0.42618,9.31373,-0.77335
636.1977,0.34478,10.31693,-0.75420
636.2194,0.07662,9.54358,0.29450
636.2424,-0.34956,10.93465,0.42139
636.2606,0.15563,9.98173,-0.61772
636.2772,0.73265,8.10941,1.27854
636.3002,0.18196,8.12617,0.31126
636.3176,0.83081,9.82371,0.02634
636.3386,-0.42379,10.37200,-0.25140
636.3611,-0.60336,9.99370,1.59459
636.3789,-0.06704,9.60344,1.90105
636.4115,0.09338,8.14772,1.35037
636.4201,0.07422,9.68245,1.22347
636.4375,-0.56744,10.34566,-0.39027
636.4586,-0.38787,10.99690,0.27295
636.4811,-0.42139,10.59706,-0.15084
636.4988,-0.08380,9.64174,1.16362
636.5186,0.11253,8.80135,0.58181
636.5500,0.07901,10.14454,0.81405
636.5576,-0.33999,10.77184,-0.79250
636.5776,-0.30407,9.35443,-1.85796
636.6006,-0.07422,9.90272,-1.69036
636.6211,-0.10535,9.79498,-0.19633
636.6396,0.36632,9.34725,1.02714
636.6617,0.39506,9.73033,-0.31604
636.6813,-0.15084,10.04877,1.74543
636.6975,-0.40463,9.47415,0.39984
636.7215,-0.28492,10.74551,0.84997
636.7374,-0.31604,10.36721,0.26337
636.7588,-0.33999,10.39834,-0.08859
636.7814,-0.36393,11.20281,-1.84359
636.8008,0.45970,10.19243,-1.32882
636.8282,0.84039,9.78301,-0.49801
636.8433,0.37590,8.91628,-0.96968
636.8571,0.52674,9.81174,-0.77814
636.8774,0.34717,9.25866,-1.43896
636.9000,0.24900,9.29697,-1.05348
636.9196,0.15802,9.34964,-1.74064
636.9490,-0.05267,9.03120,-1.13249
636.9731,0.16520,8.41109,-0.82124
636.9772,-0.61533,9.28979,0.62969
636.9975,-0.69673,11.31295,1.48684
637.0225,-0.77814,10.02004,1.94415
637.0403,-0.50759,9.87638,1.38150
637.0620,-0.34956,10.45819,0.77575
637.0906,-0.34956,10.89156,0.63209
637.1056,-0.15802,10.87719,0.21309
637.1185,1.17080,9.57231,0.06943
637.1411,0.83800,8.50207,-0.46449
637.1588,0.24182,9.38795,0.47646
637.1804,-0.04070,9.36880,0.92180
637.2048,0.15802,10.10145,1.29770
637.2391,-0.27295,10.46298,1.63050
637.2394,-0.81884,9.25866,0.80208
637.2604,-0.13408,8.87318,0.98644
637.2785,0.60336,9.92427,-1.05109
637.2999,1.29530,10.44383,0.23224
637.3243,0.64167,8.51883,-1.02475
637.3420,0.15802,10.04159,1.04151
637.3775,0.35675,9.47654,0.70152
637.3942,0.33999,10.63058,1.58740
637.4020,0.10295,10.70959,-0.40463
637.4180,0.11971,8.95459,-0.22267
637.4413,-0.15563,10.27383,0.07422
637.4584,-0.03591,9.56992,0.02634
637.4791,0.00718,10.43186,0.42618
637.5005,-0.88828,10.51565,0.14126
637.5190,1.10615,9.12937,0.81645
637.5380,0.17239,8.31532,-0.95532
637.5621,-0.07662,8.95698,-0.27055
637.5798,0.88109,9.56752,-0.43097
637.5999,0.08380,8.81333,1.04151
637.6221,-0.73025,10.58988,-1.10137
637.6379,1.38389,8.35602,-1.47008
637.6667,0.39266,9.76864,0.56505
637.6805,0.45970,10.40791,-0.51956
637.6984,0.66321,9.99370,1.59459
637.7180,-0.10295,9.26824,-0.72547
637.7405,0.27055,9.90272,0.90025
637.7581,0.03591,10.30975,-1.36474
637.7793,-0.16760,10.94662,0.26576
637.8076,-0.35196,10.60185,-1.60416
637.8179,0.28252,10.51565,0.59139
637.8379,-0.07183,9.97455,-0.06465
637.8617,-0.01915,9.57231,0.69434
637.8809,0.06225,9.82371,-0.43576
637.9011,-0.34238,10.38158,0.98165
637.9236,0.05267,9.45499,-1.04151
637.9484,0.14605,9.07909,0.93616
637.9634,0.62012,9.64174,0.37111
637.9811,-0.22027,9.44541,-0.78053
637.9993,0.14845,10.89395,-0.51956
638.0202,-0.17718,9.07191,0.40703
638.0425,-0.05267,10.41988,0.56744
638.0601,0.18675,9.53640,-0.53871
638.0845,0.31126,10.62819,1.11334
638.1024,0.73265,10.41510,-1.86035
638.1199,1.26657,10.20679,0.88588
638.1401,0.96729,10.12778,-1.32164
638.1627,1.21150,8.68164,-1.33840
638.1841,1.07264,9.05994,-0.68955
638.2195,1.32403,8.60981,-0.02873
638.2386,0.26816,9.06951,-0.83560
638.2406,-0.62730,10.67128,0.45491
638.2598,0.67758,10.55396,-0.00958
638.2827,0.40942,10.47256,1.05588
638.3004,-0.02873,10.28102,-0.08380
638.3205,0.23464,10.30735,0.18436
638.3442,0.66082,10.47735,0.53632
638.3620,1.16601,8.37039,-0.04070
638.3797,0.39266,10.07750,-0.53392
638.4025,0.63688,9.03599,-2.18118
638.4199,0.35914,9.28979,0.63448
638.4417,0.43097,9.64893,-0.25379
638.4638,-0.22267,9.74230,1.78134
638.4818,-1.48206,10.28102,1.56346
638.5202,-0.59378,8.65291,2.47329
638.5228,-0.38069,9.99610,2.03992
638.5399,-1.61135,10.21637,1.63529
638.5629,-0.25379,9.78780,0.01437
638.5823,-0.02155,9.18683,1.00320
638.6000,-0.26098,11.94983,0.22746
638.6200,-0.11971,9.31373,0.80687
638.6526,-0.71828,10.25468,0.34956
638.6600,0.48364,9.37359,-2.47089
638.6799,0.73265,10.15891,-0.97447
638.7020,-0.34238,9.69681,-1.01038
638.7201,-0.04789,10.42707,-0.17478
638.7401,0.52913,9.68005,-0.11971
638.7627,0.56265,9.61780,0.63209
638.7900,0.24900,9.99849,0.41421
638.7999,0.36393,9.24669,0.82602
638.8241,0.11493,8.24349,-0.20351
638.8416,0.13887,10.86761,0.37590
638.8621,0.24182,9.79737,0.58660
638.8844,-0.56744,10.41031,1.30488
638.9164,0.49801,10.70001,-1.99204
638.9349,-0.69913,9.95779,-1.06066
638.9438,-0.07901,11.34168,-0.62251
638.9603,0.28731,8.95459,0.06225
638.9816,0.48604,10.40073,0.35435
639.0061,-0.08619,8.43264,1.31206
639.0237,-0.32562,10.07511,-0.98405
639.0413,-0.46928,9.99610,-0.04549
639.0779,-0.85715,10.55636,2.55469
639.0831,-1.79092,10.36482,1.40065
639.0995,-0.21309,9.17007,0.75180
639.1219,0.05267,8.46376,-0.57223
639.1388,-0.39027,10.06793,0.03831
639.1598,0.03113,11.29858,-0.61772
639.1816,0.23464,9.99131,0.05028
639.1998,0.43815,10.51565,-0.71110
639.2192,0.18436,9.80216,-1.09418
639.2413,-0.42858,10.73353,0.38787
639.2593,0.21548,8.12856,-0.92658
639.2795,0.70631,9.76864,1.95612
639.3029,0.68237,9.36161,0.11253
639.3268,1.33122,8.41588,2.24104
639.3394,0.03831,9.16528,-0.51716
639.3616,0.04310,10.17088,-0.38548
639.3792,-0.40942,9.29936,0.01197
639.3994,-1.63050,9.94103,0.73744
639.4218,-1.41741,9.91709,0.82124
639.4414,-0.33520,8.86121,1.78134
639.4615,-0.45970,9.90512,-0.21070
639.4925,0.21788,11.07831,0.54829
639.4999,0.00718,11.38478,0.27774
639.5195,-0.45012,9.95539,0.42618
639.5419,0.94574,9.36161,-1.33361
639.5598,0.94095,7.80773,-1.54191
639.5798,0.39027,10.00328,-1.09658
639.6041,-0.36393,10.12060,-0.39745
639.6235,-0.36154,10.31693,0.61293
639.6404,-0.25619,9.55555,-1.07503
639.6621,0.45252,9.26105,0.49801
639.6796,0.06225,9.30655,0.35435
639.7000,0.34238,9.83329,1.25221
639.7224,0.27055,9.80934,1.35277
639.7559,-0.37590,10.41510,0.71349
639.7725,-0.13647,10.36242,1.12291
639.7822,-0.12929,9.32809,0.01197
639.8000,0.51477,10.59706,0.20112
639.8198,-0.11493,9.86202,-0.33999
639.8420,-0.26098,10.15891,-0.61772
639.8599,-0.42139,8.85642,1.12531
639.8813,-0.29450,9.14852,1.04390
639.9083,-0.29689,9.51724,-0.39506
639.9196,-0.62012,9.52203,1.36953
639.9396,-0.43336,9.48612,-1.00320
639.9619,0.16999,9.70878,1.22587
639.9800,0.62491,9.62977,-0.39984
640.0001,0.11493,9.78061,1.60656
640.0244,-0.16281,9.04557,0.32562
640.0420,-0.50040,11.28661,1.55388
640.0635,-0.24182,9.81174,1.43178
640.0818,-1.18517,10.04638,2.94975
640.0994,-1.50121,10.16130,1.42220
640.1211,-1.14207,10.28102,-0.69195
640.1432,-0.60815,10.59706,0.55068
640.1613,-0.82842,8.85403,-1.04390
640.1907,-0.83321,10.65931,0.14126
640.2062,-0.23464,8.35602,-0.04789
640.2196,-0.76138,8.66727,-0.33999
640.2396,-1.17798,10.44143,0.31365
640.2618,-1.49403,11.74152,1.09179
640.2814,-0.84997,10.69283,0.09817
640.3188,0.60815,9.38077,0.50519
640.3366,-0.37590,9.45499,1.25460
640.3419,-0.87870,10.16609,-0.22027
640.3597,-0.07183,12.39516,0.34717
640.3820,-0.21548,8.29377,1.77416
640.3997,0.64167,9.78301,-2.66243
640.4210,0.44534,8.85642,-2.43258
640.4435,0.06465,9.45739,-0.74223
640.4620,-0.45252,9.20838,-1.16122
640.4804,0.19394,9.96976,0.24182
640.5029,-0.78772,10.33130,0.25858
640.5205,-0.03352,9.89075,1.35755
640.5439,-0.78293,10.34566,-0.09338
640.5645,0.11253,11.24112,-0.63927
640.5819,0.13887,9.38316,1.31446
640.6142,-0.27534,10.88198,1.90105
640.6232,-0.57463,10.56833,0.25140
640.6404,0.50040,8.93543,-1.68557
640.6611,0.38069,9.48612,-0.96968
640.6830,-0.73025,11.29619,-0.44534
640.7007,0.07183,10.32651,0.66561
640.7227,0.11014,10.23792,-1.26657
640.7443,0.30647,10.45580,-0.02873
640.7603,0.24182,9.83808,-2.14527
640.7803,-0.16281,10.66889,-0.09338
640.8026,-0.21309,9.50288,-0.51716
640.8204,-0.17718,10.01046,0.74941
640.8405,-0.59139,10.47735,-0.23703
640.8630,-0.14366,10.09187,0.54111
640.8911,0.18675,9.21078,-0.18915
640.9004,0.08859,8.66009,-0.36632
640.9229,-0.03591,9.38556,-1.17080
640.9402,-0.56505,8.91389,-1.30249
640.9616,-0.09817,9.56992,0.02634
640.9840,-0.28971,9.59386,-0.06465
641.0214,0.40224,8.71756,-0.68955
641.0355,0.19154,9.50527,-0.92898
641.0431,0.47646,10.67368,-0.93856
641.0605,0.11732,9.59146,-0.46449
641.0803,-0.08619,9.83329,0.92658
641.1026,-0.29928,9.41668,-0.68476
641.1205,0.64406,10.15172,0.72786
641.1405,-0.09338,10.27383,0.32083
641.1654,-0.18915,9.64893,0.48604
641.1809,-0.03591,9.85244,0.33041
641.2002,-0.37590,9.08148,0.27295
641.2243,-0.71349,10.14454,-0.16520
641.2405,-0.43336,9.66090,1.24502
641.2612,0.07183,9.27063,1.45093
641.2833,0.11014,9.99849,1.68796
641.3113,-0.02634,10.88437,0.31604
641.3200,-0.42618,10.21637,-1.81965
641.3424,0.08380,10.98733,-0.38787
641.3593,0.78053,8.49249,-0.55547
641.3795,0.23464,9.21078,0.54589
641.4017,0.44534,8.37757,-0.53392
641.4262,0.81405,10.46537,1.09897
641.4393,-0.03591,9.13655,0.99362
641.4639,-0.78293,10.66171,1.66881
641.4792,-0.78293,9.15810,0.87391
641.4993,0.30407,8.92586,1.33122
641.5217,0.56026,9.12219,-0.49322
641.5395,-0.09577,10.23074,0.34717
641.5596,0.33759,10.44383,1.47248
641.5990,0.32562,9.50767,0.21309
641.5992,0.12929,10.14454,2.06147
641.6208,-0.61533,9.10782,1.02954
641.6426,-1.19474,9.70639,1.18995
641.6606,0.31365,8.79178,-0.40942
641.6810,0.56026,9.98413,0.08859
641.7059,-1.04630,10.10863,0.65843
641.7239,0.50280,10.57072,-0.35914
641.7448,1.02236,9.60104,-3.05270
641.7640,0.52195,11.38957,0.11732
641.7802,-0.24900,9.20359,-0.19872
641.8019,-0.10774,10.69044,1.31446
641.8225,0.93137,8.83966,0.98884
641.8517,0.83560,8.68882,1.49403
641.8710,-0.90743,9.79019,0.11971
641.8825,-1.01517,10.75748,1.69275
641.9004,0.13887,9.30415,1.32164
641.9201,0.13408,9.32809,1.38868
641.9424,-0.58899,10.39355,0.35196
641.9603,-0.11971,9.70400,1.16601
641.9806,0.33280,10.71199,0.54111
642.0055,0.72068,9.25627,0.33999
642.0201,0.03113,10.37200,-1.11573
642.0402,0.33999,9.55795,-0.03113
642.0624,0.02394,10.53720,0.47407
642.0811,0.56744,9.85484,-1.00081
642.1019,0.45491,10.29299,0.52674
642.1240,0.18436,8.74150,1.51079
642.1398,1.07024,9.06472,-0.94813
642.1601,0.11014,8.49010,0.45970
642.1821,-0.95532,10.90113,1.95133
642.1996,-0.85236,9.21556,1.59459
642.2199,0.44055,11.47097,1.62811
642.2420,0.03591,8.71756,1.89148
642.2791,0.23943,9.58428,-0.33041
642.2958,0.08619,9.61780,-0.68237
642.3026,1.03193,10.95860,-0.48364
642.3198,0.64167,10.04159,-0.43576
642.3401,-0.26816,10.64734,-0.69913
642.3640,-0.38548,9.96737,-0.74941
642.3817,0.54829,9.26824,-0.09338
642.4036,-0.18675,8.67446,0.04549
642.4307,-0.39745,10.55636,0.57223
642.4431,-0.03352,8.85403,-1.14925
642.4599,0.84039,9.82610,-0.99123
642.4821,0.66082,8.95938,-0.63927
642.5001,-0.01197,9.47415,-0.56984
642.5204,-0.55308,10.25947,0.20591
642.5439,-0.19633,10.74311,2.48765
642.5623,-0.24182,9.82371,0.95053
642.5823,-0.54589,10.31454,1.42699
642.6033,-0.41421,8.49010,0.43815
642.6210,1.12291,9.98413,0.20351
642.6424,0.94813,9.25866,-1.07503
642.6672,-0.57702,10.19003,1.97049
642.6998,-0.34717,9.88836,-0.02634
642.7169,0.76856,8.53798,-0.08859
642.7252,-0.16520,9.23711,0.46688
642.7408,-0.59139,8.84924,1.43417
642.7610,-0.64645,9.68963,0.72547
642.7833,0.33520,9.95300,0.68716
642.8046,0.03591,9.96258,0.60815
642.8416,-0.35196,11.07352,1.18038
642.8555,-0.41182,10.74072,0.21548
642.8620,0.48364,9.40711,1.06306
642.8813,-0.17957,10.57551,1.26178
642.9049,-0.30407,10.91789,0.35196
642.9225,-0.27295,10.41749,1.90105
642.9426,0.13169,10.03201,0.76856
642.9836,-0.60096,9.79737,0.91940
642.9836,-0.45012,9.58428,0.33759
643.0016,-0.38308,9.21796,0.14366
643.0233,0.23224,8.89473,-0.41900
643.0409,0.33280,9.85484,-0.38069
643.0629,0.01437,9.09585,-0.23224
643.0834,-0.79729,8.85403,-1.20432
643.1023,0.08859,9.61301,-0.57223
643.1219,0.30168,10.79100,1.31925
643.1431,-0.36872,9.64893,2.48286
643.1604,-0.50759,10.39355,0.98644
643.1816,0.09098,9.73512,2.16203
643.2042,-0.30647,9.24908,1.00799
643.2218,-0.83800,11.30577,2.03992
643.2609,-0.15563,9.44541,0.69434
643.2753,0.51237,9.41668,-0.75180
643.2820,0.18675,9.64653,0.01197
643.3016,-0.12690,9.52682,0.44534
643.3263,-0.51477,9.49809,-1.00560
643.3437,-0.03591,9.48851,0.67279
643.3637,0.35196,8.99290,2.08781
643.4017,0.25379,9.90033,2.53314
643.4171,-0.13887,10.28102,0.17718
643.4224,-0.02394,9.87399,0.41660
643.4443,0.29689,9.82610,-0.42379
643.4633,-0.47885,10.92268,0.92419
643.4832,-0.09577,9.90990,-0.62251
643.5055,-0.64645,10.80536,1.20432
643.5493,-0.83800,9.85723,2.20513
643.5493,-0.18436,9.38795,0.54829
643.5649,0.68716,8.66727,-1.66881
643.5911,0.20830,9.23711,-0.26337
643.6014,0.20351,10.29778,-0.69434
643.6255,0.92898,8.52601,0.73744
643.6432,-0.72786,10.12539,0.57941
643.6636,0.07662,9.12698,1.97049
643.6976,0.45252,8.71995,-0.16999
643.7013,0.02873,10.71199,-0.96489
643.7228,-0.02873,10.80297,-1.81486
643.7452,0.12929,9.74470,0.67040
643.7643,0.11253,9.93145,0.16760
643.7845,0.32802,8.94262,1.59698
643.8085,-0.56984,10.07750,1.69515
643.8270,0.01915,9.50767,-0.43576
643.8428,0.18675,9.59865,-2.48526
643.8650,0.09817,9.30894,-0.61054
643.8824,-0.12450,10.01046,-0.61293
643.9041,0.55547,9.05275,0.35914
643.9283,0.11732,8.66727,-2.33442
643.9623,0.34956,9.38316,-0.38308
643.9775,0.08141,10.54918,-0.47646
643.9846,0.14366,10.14933,-0.12211
644.0040,-0.61054,10.61861,-0.42858
644.0240,-0.44055,9.67287,1.46290
644.0450,-0.17239,10.74311,-0.87152
644.0641,-0.23703,10.25468,0.63209
644.0920,0.01676,9.73273,-1.43178
644.1090,-1.06785,10.10145,1.18517
644.1226,0.11014,11.08070,-0.14845
644.1445,0.56265,9.71118,0.36632
644.1671,0.03591,10.34806,-2.10936
644.1857,-0.47885,10.67128,0.34956
644.2061,-0.22506,9.59865,0.10774
644.2411,0.04789,9.61301,0.87630
644.2441,-0.65124,9.39035,-0.37830
644.2622,-0.43097,10.23792,0.50998
644.2866,-0.74223,9.78301,0.37830
644.3049,0.03831,9.23711,-1.22826
644.3250,0.07183,9.72554,-1.08461
644.3460,-0.04789,10.61621,-0.38548
644.3644,0.27534,10.90832,-0.89306
644.3831,-0.32323,10.09666,-0.50280
644.4054,-0.38069,10.37918,-0.33520
644.4224,-0.12929,7.52999,0.06225
644.4424,-0.11493,9.34485,-0.11253
644.4650,0.00239,9.57949,0.94095
644.4826,-0.48125,10.19243,-0.65124
644.5054,-0.68955,10.10384,0.16281
644.5276,-0.21070,10.36960,-0.45252
644.5439,0.98405,8.56193,-0.46210
644.5624,0.17718,10.43904,-0.92658
644.5845,0.52195,10.58509,-0.01676
644.6024,0.33041,10.25947,-0.52435
644.6224,1.29770,9.27542,-1.61374
644.6704,0.21788,8.81093,-0.64885
644.6705,-0.55308,10.42946,-0.88828
644.6835,-0.83560,9.85484,0.86194
644.7050,-0.51237,10.86282,1.27136
644.7224,0.03352,8.99768,-0.22506
644.7422,0.53392,7.24508,-1.19474
644.7648,-0.06225,11.54998,-0.17239
644.7910,-0.47167,11.14535,1.51558
644.8054,-0.44534,10.33130,1.01757
644.8250,-1.07982,11.13577,1.97528
644.8422,-0.16999,10.03680,2.21949
644.8624,0.04789,8.35362,-1.47248
644.8849,-1.20432,10.22355,-0.79011
644.9025,-0.37590,11.05197,-0.73265
644.9322,-0.25379,11.01366,-0.21548
644.9445,-0.02155,9.91948,0.01437
644.9625,0.06465,8.79896,-0.09338
644.9819,0.23224,8.03998,0.17239
645.0050,-0.43097,9.21556,-0.03113
645.0227,-0.10774,9.76385,0.17718
645.0444,-1.57064,10.50368,1.75740
645.0856,-0.32562,8.66727,2.53793
645.0860,-0.42379,8.69601,2.18358
645.1025,-0.16042,8.22673,0.88109
645.1252,-0.65364,9.46457,1.76697
645.1424,-0.46928,8.88515,0.84518
645.1624,-0.13647,10.73353,0.76617
645.1848,0.33999,11.22675,1.50360
645.2027,0.53392,9.90033,1.12291
645.2346,0.67040,9.53879,0.05267
645.2446,0.18196,9.63217,0.41660
645.2634,0.61054,9.22993,1.65684
645.2833,-0.22746,9.28260,1.64247
645.3056,0.33759,9.79737,2.05189
645.3233,-0.06943,10.03919,1.57304
645.3435,-0.02155,11.04958,0.88109
645.3815,0.09577,10.03919,-0.66800
645.3871,0.25379,8.48292,0.41421
645.4053,-0.02155,9.26105,1.82444
645.4258,0.29928,10.00567,1.79810
645.4437,-0.33041,9.76625,2.14766
645.4637,-0.53153,10.07990,1.37910
645.4859,0.17718,8.48052,0.83800
645.5125,0.27774,7.85801,0.73983
645.5230,-0.31844,11.47336,0.91461
645.5457,0.39984,10.19961,1.73345
645.5637,-0.24661,9.45499,-0.34478
645.5838,0.76377,8.55714,0.20351
645.6063,0.33520,9.67766,-0.17957
645.6249,0.12690,10.28820,1.34319
645.6575,0.57941,10.56115,0.41900
645.6660,0.69195,9.55316,0.31604
645.6837,-0.56744,10.82930,0.32562
645.7037,-0.66800,8.80614,0.19154
645.7274,-1.17559,9.44781,2.20992
645.7446,-0.65603,9.57231,2.41822
645.7651,-0.26098,9.55795,2.29132
645.7929,-0.40942,9.49091,0.98405
645.8077,0.23703,10.28102,0.32802
645.8228,0.12929,8.64094,0.18436
645.8453,-0.34238,10.37439,0.77575
645.8633,0.03352,8.98332,1.46530
645.8845,0.37351,9.11500,1.71191
645.9068,-0.13887,8.52362,-0.16520
645.9387,-0.20830,9.98652,-0.18436
645.9437,-0.66800,9.45020,1.53712
645.9655,-0.30168,9.88596,1.94894
645.9830,-0.53871,9.77104,0.18915
646.0034,0.42379,9.95539,1.10137
646.0255,0.19872,9.19402,0.00479
646.0518,0.40463,10.87240,1.67599
646.0741,0.30647,10.11102,0.21788
646.0855,-0.60096,10.41510,0.37111
646.1045,-0.40224,9.65132,-0.15563
646.1267,-0.26098,10.48213,1.86753
646.1490,-0.10056,9.87638,-0.59857
646.1645,0.77814,8.02082,1.18038
646.1996,0.55787,8.95698,-1.53234
646.2141,0.81405,8.97853,-0.64167
646.2251,-0.59617,9.11979,1.61614
646.2430,-0.90264,10.81973,1.13010
646.2654,-0.11014,9.55316,-0.12690
646.2831,-0.07422,9.92666,1.57304
646.3037,-0.88349,9.28500,1.40305
646.3464,0.05028,10.96578,0.30168
646.3464,-0.44534,9.10064,1.79571
646.3644,0.45252,9.87160,1.02954
646.3857,0.67519,8.69840,-0.23703
646.4052,0.04070,10.51805,0.50519
646.4264,-0.42139,9.79977,0.53632
646.4489,0.51237,8.91628,3.11974
646.4829,-0.45012,8.60263,1.36953
646.4965,-0.44055,9.80695,1.45572
646.5059,-0.13887,9.13655,0.12450
646.5233,-0.55308,9.68963,1.63050
646.5466,-0.67758,9.33528,1.62571
646.5688,-0.71828,11.00888,1.41023
646.5854,-0.57223,9.74709,1.11573
646.6215,-0.11971,10.76466,1.80768
646.6396,-0.21548,9.75906,0.51716
646.6431,0.09577,9.39035,-0.58899
646.6630,0.58899,10.17567,-0.30168
646.6853,0.57702,10.05356,-0.03113
646.7032,0.55068,9.71357,0.91940
646.7234,0.18436,9.24908,0.52435
646.7458,0.44055,9.28979,-1.78613
646.7643,0.90025,9.12698,1.12770
646.7827,0.30407,9.28260,0.10056
646.8054,0.12450,9.74709,-0.40224
646.8248,0.58420,9.24430,-0.31844
646.8445,-0.05267,8.50207,0.77096
646.8667,-0.26337,9.45260,1.03433
646.8858,-0.09817,10.18046,-0.48125
646.9138,0.18436,11.18366,-0.39266
646.9311,-0.30647,10.22116,0.90743
646.9427,0.48364,10.63058,0.12450
646.9638,0.53153,9.43823,0.03591
646.9854,0.73265,10.30975,1.36474
647.0033,0.17478,10.09666,1.50839
647.0233,0.82363,9.81892,0.98405
647.0457,0.27295,10.22595,-0.76617
647.0629,-0.05267,9.76864,1.37910
647.0829,-0.21070,8.14772,0.61054
647.1073,-0.18915,9.27542,0.81166
647.1266,0.44055,9.60822,-0.13169
647.1466,0.44534,9.70878,1.39586
647.1864,0.08141,9.81413,0.86673
647.1866,-0.18675,10.13257,2.89707
647.2081,0.61054,8.09744,1.64966
647.2253,0.75420,9.44063,1.43656
647.2424,0.90025,8.74629,2.08302
647.2631,0.24422,10.49650,1.74064
647.2855,0.14126,9.54358,-0.21309
647.3032,0.84039,9.54358,-0.27055
647.3271,-0.12211,10.86043,0.22506
647.3452,0.54589,10.94902,1.52276
647.3627,-0.19154,10.80776,1.35995
647.3832,0.07901,8.83248,1.78613
647.4056,0.94334,7.69759,1.41741
647.4246,0.11971,8.71995,-0.18915
647.4444,1.00799,11.20521,-1.17319
647.4743,0.68716,10.19243,1.80289
647.4832,0.42858,10.19961,-0.56984
647.5026,0.61293,10.24031,-1.22587
647.5251,0.24422,10.79818,-0.92898
647.5443,0.02155,8.93543,-0.58181
647.5648,0.31844,8.90910,1.94176
647.6033,0.13647,8.15729,1.20432
647.6198,0.43576,9.48612,0.23703
647.6227,0.95532,7.72154,0.31844
647.6453,0.01676,10.56833,1.84838
647.6631,0.17478,9.79498,1.46290
647.6884,-0.15802,9.72554,1.81007
647.7055,0.22746,9.15092,0.01676
647.7374,0.73265,10.06074,1.89627
647.7537,0.85954,8.59305,0.45252
647.7656,0.95292,9.90751,-0.71589
647.7837,0.85236,8.53798,0.03831
647.8035,0.39027,9.18683,1.86275
647.8275,-0.71828,9.19641,0.67040
647.8453,-0.44294,10.20201,0.47646
647.8652,-0.02394,9.16528,-0.04549
647.8948,0.93377,9.98652,0.04310
647.9040,0.99362,10.71677,2.67680
647.9253,0.39506,8.50686,1.74543
647.9474,1.07024,8.47813,1.11094
647.9636,0.46928,9.37359,0.98644
647.9872,0.16042,10.61143,1.10855
648.0344,0.19394,10.24271,0.31844
648.0344,-0.31604,9.77822,0.67519
648.0483,0.73265,8.76305,0.64645
648.0659,0.86194,9.64414,0.30886
648.0834,1.00320,8.59066,-1.79092
648.1055,1.47008,9.28021,-0.04789
648.1279,0.27055,9.64893,-0.23943
648.1603,-0.43336,11.50210,2.05429
648.1768,-0.57702,10.49650,2.61455
648.1858,0.04789,9.04078,2.62652
648.2035,0.15323,9.00487,0.78532
648.2236,1.16601,9.00008,0.71589
648.2458,-0.98405,9.64174,-0.36393
648.2635,-0.33759,11.17887,1.76458
648.2845,0.08859,8.83009,1.41980
648.3178,-0.05746,10.29059,1.27136
648.3235,0.07662,10.18764,-0.20830
648.3437,0.00479,9.80216,-0.42139
648.3658,-0.08141,9.13895,-0.49322
648.3837,0.71589,9.39035,0.24900
648.4036,0.12690,9.45499,0.89067
648.4258,0.42618,9.61541,0.76856
648.4451,0.67758,9.45260,-0.48843
648.4633,0.95292,8.47094,0.15802
648.4873,0.02394,9.22993,-0.84997
648.5053,0.18675,8.46137,-0.19154
648.5234,0.72307,9.78061,1.06785
648.5473,0.17478,8.67206,1.14686
648.5819,-0.33520,10.76466,2.11893
648.6002,-0.25858,9.10782,1.13967
648.6068,0.32802,9.82610,0.36632
648.6248,0.32802,10.16848,0.62251
648.6447,0.44534,11.02324,1.67120
648.6661,0.21309,9.91469,0.91940
648.6845,0.66561,9.86681,1.90105
648.7145,-0.18675,9.26824,1.74782
648.7283,-0.59857,10.11342,0.74941
648.7443,-0.53632,9.06233,-0.56744
648.7632,0.11253,9.58428,0.80208
648.7883,0.64885,8.25785,-1.37671
648.8063,0.41421,10.20919,-0.19872
648.8245,-0.37111,9.89554,0.50280
648.8724,0.07901,10.82452,0.16520
648.8725,0.41421,9.36640,1.13249
648.8890,0.21788,10.05117,0.54350
648.9095,0.95532,9.22993,-0.66561
648.9261,0.25619,10.32651,1.30727
648.9462,-0.39984,10.52763,-0.39027
648.9659,0.23224,9.66808,0.01915
649.0019,0.29210,9.80934,-0.44294
649.0148,0.18436,9.49091,0.80687
649.0255,-0.47167,9.39513,-0.41421
649.0453,-0.28731,10.11342,-0.24182
649.0645,-0.57702,8.54277,1.32164
649.0851,0.22985,8.59784,1.45332
649.1074,0.17239,9.09824,0.39984
649.1536,-0.28252,10.55875,0.04789
649.1536,-0.42858,11.08310,1.03912
649.1697,0.60336,9.10543,1.06306
649.1837,0.47407,9.82131,0.41900
649.2050,-0.00479,11.36562,0.67279
649.2254,-0.35435,9.70878,0.02155
649.2444,-0.16042,10.33608,-0.14126
649.2708,0.24422,9.29697,-1.02236
649.2924,-0.18915,9.72794,1.45811
649.3058,-0.31604,9.42147,1.17559
649.3276,1.07503,9.17486,0.70871
649.3466,-0.22746,8.01124,0.29928
649.3668,-0.32562,10.24510,-0.78532
649.3923,-0.60096,9.85723,-1.06545
649.4077,0.48604,9.60104,0.90504
649.4370,0.41900,9.46217,0.80448
649.4489,0.40224,9.87638,-0.21070
649.4660,0.66321,10.41988,0.26816
649.4851,0.68716,8.58587,0.37830
649.5112,0.42858,9.28500,0.21070
649.5289,0.81166,9.89554,0.18915
649.5499,0.32802,9.98652,-0.64167
649.5859,0.07422,10.30735,-0.61533
649.5905,0.12211,9.67287,0.18675
649.6088,0.31126,9.92666,0.51956
649.6309,0.33041,10.06553,-1.64966
649.6497,1.23066,10.24510,-0.06943
649.6696,0.42139,10.34566,-0.87391
649.6923,0.18196,11.14295,-1.61374
649.7106,0.34238,8.92107,-0.33041
649.7313,0.27534,9.88596,0.22027
649.7518,-0.01915,9.13176,-1.51079
649.7683,0.40942,10.10863,-0.41660
649.7888,-0.25140,10.54918,-0.72786
649.8124,-0.23464,10.59467,-0.47885
649.8299,-0.48843,10.05835,-0.08380
649.8618,-0.54111,10.58030,-0.20591
649.8723,-0.14845,9.68963,-1.23305
649.8881,0.41900,10.77424,0.00958
649.9081,-0.15084,8.48052,0.06704
649.9299,-0.28492,9.68484,-1.26657
649.9484,0.27295,10.69283,-0.77335
649.9695,-0.11014,10.05835,0.25140
650.0058,-0.32083,8.24828,-0.32562
650.0060,0.86194,8.49489,-1.72867
650.0271,0.38069,8.82051,-0.51477
650.0480,-0.34956,10.61143,0.74223
650.0677,-0.78772,10.54918,0.45012
650.0880,-0.40463,9.91709,0.07422
650.1091,-0.80687,10.95141,0.24661
650.1406,0.11014,9.17247,1.36713
650.1465,-0.38787,9.94821,0.53153
650.1683,0.21309,10.24989,-0.30886
650.1866,0.31844,9.64653,-0.79729
650.2090,0.05267,10.66889,1.00081
650.2314,-1.20911,9.80455,0.82363
650.2642,0.22267,9.75667,0.69434
650.2765,-0.18675,9.29697,-0.84757
650.2912,0.16760,10.32172,0.41900
650.3099,-0.60815,10.59706,-1.07742
650.3292,0.06225,9.51006,-1.15404
650.3519,0.10295,8.98811,0.35914
650.3694,0.36154,11.02324,-0.33041
650.4082,-0.64406,8.99290,-0.12929
650.4262,-0.58181,10.30017,0.55308
650.4289,-0.29928,9.80695,0.21309
650.4489,0.67279,9.77582,-0.73744
650.4713,-0.23703,8.92346,-0.27055
650.4890,-0.56744,10.18524,0.95053
650.5078,0.04310,9.15571,-0.20591
650.5331,1.13249,9.22275,-0.00239
650.5524,0.20591,8.83966,-1.80768
650.5690,0.52674,9.59386,-0.41182
650.5913,-0.07422,9.98891,0.63448
650.6088,0.21788,10.42707,0.65124
650.6292,0.15563,9.25866,0.73025
650.6512,-0.20112,9.68963,1.87232
650.6712,-0.17957,9.61062,0.68237
650.7055,0.79969,9.39753,0.78532
650.7116,0.03591,8.87558,0.58660
650.7293,-0.44773,9.46457,1.56107
650.7500,0.14605,10.03441,1.81486
650.7715,-0.06943,9.64174,0.91940
650.7895,-0.27774,9.89793,-0.76377
650.8095,0.08619,9.42865,0.65843
650.8347,0.14366,9.49809,0.32802
650.8485,-0.25619,10.26904,0.62251
650.8686,-0.15084,9.94342,1.11334
650.8911,-0.33280,9.84286,2.18597
650.9089,0.39506,10.07990,0.63209
650.9291,0.52195,10.53481,-0.31604
650.9503,-0.05267,10.94662,-0.46449
650.9799,0.21070,11.26746,0.90982
650.9884,0.45012,7.91068,0.38308
651.0095,0.82124,10.46537,-0.32802
651.0279,0.20112,8.96656,0.41421
651.0475,0.65843,9.95061,1.54670
651.0702,0.14845,8.43742,-0.33520
651.0904,0.52195,10.33608,0.00239
651.1170,-0.01676,8.83727,0.52435
651.1365,-0.12690,10.65692,-0.26337
651.1475,0.34717,9.43584,-0.06943
651.1686,0.36872,9.18683,1.48924
651.1890,0.07662,9.18923,0.29210
651.2095,-0.13169,10.62340,0.90982
651.2318,0.85954,9.09824,1.47008
651.2602,0.19154,8.62657,0.00718
651.2709,0.66800,9.73033,-1.39107
651.2913,0.66082,9.05754,-1.17080
651.3121,0.30407,10.43904,0.16042
651.3299,-0.11493,9.57710,-0.04549
651.3513,0.30647,10.69762,-0.13647
651.3737,0.87391,9.27063,-0.51237
651.4026,0.34717,10.61143,-0.00718
651.4213,-0.22027,10.61143,-1.46530
651.4330,0.56265,10.78621,0.36393
651.4504,-0.50280,9.34246,0.82124
651.4716,0.20351,10.04159,0.43336
651.4943,0.30647,9.14134,-0.00479
651.5223,0.38548,10.27862,-1.57783
651.5367,0.06465,9.91948,-0.90982
651.5521,0.75659,9.90751,0.19154
651.5704,0.42139,8.74389,-0.62491
651.5909,0.92898,10.53002,-1.61374
651.6147,1.15883,9.43584,-1.63768
651.6321,1.15643,10.10384,-0.65603
651.6538,-0.37351,9.64414,0.22027
651.6910,-0.29928,10.34566,1.81965
651.6922,-0.18915,9.52443,1.09897
651.7125,-0.20591,10.59467,-0.15323
651.7335,-0.31126,9.26584,1.00799
651.7509,-0.22746,9.63217,1.13967
651.7707,0.51477,9.39035,1.03433
651.7932,0.37590,9.38795,2.06386
651.8228,-0.39506,10.21877,0.87870
651.8304,0.08859,9.94821,0.93856
651.8531,0.54350,9.45499,0.00000
651.8726,-0.49801,10.49650,1.13489
651.8923,-0.45491,10.28102,0.91701
651.9146,-0.34238,10.05835,0.69913
651.9324,0.08619,9.56752,0.84278
651.9637,-0.03352,9.81892,0.75659
651.9734,0.48843,9.90512,0.66800
651.9906,-0.43336,10.33130,-0.01915
652.0109,0.82602,9.32809,-0.74462
652.0333,0.66800,8.37996,-0.95771
652.0508,0.37590,9.81653,-0.52195
652.0751,0.39984,10.79100,-1.13249
652.1172,1.27375,8.77502,-0.67997
652.1174,0.40942,8.60023,2.17161
652.1299,1.40065,8.99050,0.53392
652.1523,1.06785,8.77262,-0.64406
652.1700,0.92658,10.00328,0.15323
652.1916,0.17478,9.72554,1.20432
652.2130,0.25379,11.17408,-0.19394
652.2307,-0.71589,9.98173,1.75261
652.2514,-0.26576,11.37759,0.98644
652.2751,-0.22267,10.06793,0.05507
652.2938,0.58420,9.99131,-1.29770
652.3115,0.37590,10.15651,-0.81405
652.3339,0.04070,10.68086,-0.57463
652.3671,0.58660,8.60023,-2.45174
652.3811,1.07024,10.44862,-3.04073
652.3932,0.71110,10.21398,-1.04151
652.4109,0.87391,10.16130,-1.07982
652.4305,0.29210,8.82290,-0.16281
652.4534,-0.55308,9.46936,-1.24981
652.4708,-0.50280,9.07670,-0.78053
652.4936,0.42139,9.48133,0.07422
652.5206,0.24661,8.84685,0.11732
652.5351,0.53871,11.12859,-1.22826
652.5506,1.01757,9.20359,-0.43336
652.5728,-0.13647,9.56273,-0.82363
652.5908,1.07503,9.79498,-1.13967
652.6105,0.23943,10.00567,-1.24981
652.6338,0.87630,10.46059,0.13169
652.6664,0.74941,10.91071,-0.44055
652.6707,1.27136,8.43742,0.08141
652.6930,0.62012,9.39753,-0.08859
652.7125,1.54670,8.07828,1.48445
652.7328,0.29689,9.95300,-0.27295
652.7534,0.41660,10.19722,-0.55308
652.7834,-1.18038,9.90033,0.02873
652.7990,0.11014,9.36880,1.73345
652.8129,0.05028,9.51006,0.45252
652.8302,-0.46928,11.25549,1.40065
652.8500,-0.67997,9.54837,-0.36393
652.8729,-0.16281,10.00807,0.53871
652.8931,0.04070,7.92744,0.04549
652.9142,1.29770,9.01684,1.41262
652.9393,0.33520,9.26105,-0.88828
652.9508,0.89546,9.91469,-1.80768
652.9705,1.24981,9.66808,-0.68955
652.9924,0.41660,9.08388,-1.33122
653.0104,1.13489,9.05994,-1.90584
653.0305,1.19474,10.33608,0.65364
653.0626,0.58660,10.95860,-0.09817
653.0768,0.30886,10.34566,1.21629
653.0911,0.21309,9.48612,-0.55787
653.1129,0.35196,10.14933,-0.16042
653.1302,0.37590,9.39992,1.23066
653.1505,0.50519,9.29218,0.53153
653.1743,0.43097,11.01606,0.70392
653.2002,-0.20591,10.10863,1.97288
653.2110,0.56265,9.26345,1.77176
653.2330,0.89067,9.68724,-2.70553
653.2517,1.46769,9.02163,-2.38470
653.2739,0.84278,8.40151,-1.43896
653.2962,0.25379,9.34485,-0.64645
653.3141,-0.50280,9.77582,-0.82363
653.3500,0.04310,9.79258,0.17239
653.3609,0.03113,9.19402,-0.27055
653.3722,0.14126,10.36721,0.56505
653.3903,-0.40224,9.96976,-1.30009
653.4124,0.67279,9.05515,-0.09817
653.4303,0.75899,9.50527,-0.24422
653.4516,-0.04070,10.18764,-0.05746
653.4754,0.11253,10.62100,0.45491
653.5034,0.44773,11.21239,-0.03591
653.5107,0.22506,9.57231,-0.83800
653.5328,-0.30168,9.83089,1.52515
653.5502,-0.50998,10.64255,0.96010
653.5704,-0.24661,10.02962,2.00880
653.5925,0.86194,9.76864,0.90264
653.6120,-0.23464,10.57312,0.98405
653.6426,0.06465,10.08947,0.38548
653.6556,1.05827,9.37837,-0.12211
653.6699,1.06306,9.72076,-1.29291
653.6904,-0.26337,10.66649,-0.84518
653.7130,0.39027,10.26904,-0.23464
653.7308,0.12211,9.80455,-0.29210
653.7531,0.75899,9.51006,0.76856
653.7863,0.05746,8.55235,-0.94095
653.7899,-0.38069,10.68804,1.82444
653.8102,-0.03113,10.37200,2.00640
653.8325,0.18675,9.69442,2.43977
653.8516,0.16042,11.16450,0.01676
653.8715,0.87870,8.10223,0.18915
653.8960,1.45811,9.65132,0.05986
653.9132,0.65603,9.01444,1.12291
653.9304,0.65124,9.89554,-0.22746
653.9612,-0.12690,10.81254,-1.07024
653.9715,-0.12450,9.60822,-0.51237
653.9900,0.33520,9.74230,0.33759
654.0159,0.13647,10.54918,-0.04549
654.0480,-0.76856,9.90990,-0.12450
654.0657,0.12929,9.66808,-0.06465
654.0725,-0.20112,9.05275,-0.41660
654.0899,0.02873,8.54517,-1.30488
654.1097,0.19633,9.31133,-1.83641
654.1340,0.76377,11.48294,0.30168
654.1512,0.41900,10.12539,-2.53314
654.1715,1.06306,10.64734,-4.10858
654.2021,-0.21070,10.46537,-1.77655
654.2341,0.62969,10.57791,0.05746
654.2365,0.07422,10.61861,-0.15802
654.2538,0.16042,10.38158,1.26897
654.2735,-0.98405,12.60346,0.68237
654.2982,0.35675,10.49411,-0.20830
654.3182,0.15323,9.44781,0.90025
654.3365,-0.11253,9.51964,0.97686
654.3514,-0.03113,9.31133,1.98485
654.3733,0.34238,9.15571,1.96331
654.3928,-0.14605,9.99370,0.56505
654.4114,0.19633,8.96177,-0.30886
654.4516,0.97686,9.85484,-0.12690
654.4659,0.47167,9.39753,-0.28971
654.4726,0.48604,9.82610,1.32403
654.4953,1.06785,8.74389,0.23464
654.5125,0.89067,9.13655,0.09098
654.5349,0.11014,10.33369,0.12690
654.5569,0.13647,10.50847,-0.58899
654.5891,-0.03591,10.57551,1.06785
654.6089,0.95532,9.72794,1.99204
654.6138,0.52913,9.45499,1.11334
654.6309,0.89546,9.27063,0.26816
654.6512,0.01915,10.35045,0.31604
654.6737,-0.16281,9.98652,-1.76937
654.6915,0.86194,11.01606,0.94813
654.7129,0.56744,9.70160,0.28731
654.7405,0.30168,10.51805,-1.52994
654.7564,0.91461,9.49091,0.22027
654.7747,-0.64885,9.95061,0.36393
654.7946,-0.96489,9.55076,0.39506
654.8105,-0.27055,9.30415,-0.03831
654.8309,0.37111,10.26665,0.98165
654.8535,-0.61293,10.99451,3.50761
654.8746,-0.46449,11.16929,-1.00081
654.8909,-0.11253,10.79818,0.25140
654.9133,1.06066,9.18683,-0.51716
654.9325,1.45572,10.31693,-1.17798
654.9528,1.20432,8.68643,-1.24981
654.9730,1.01278,8.92107,-0.33041
655.0071,1.32164,9.51006,-1.77895
655.0201,0.54829,9.59386,0.32323
655.0330,0.95053,8.21476,-0.85715
655.0508,1.11334,10.86522,-0.11014
655.0750,0.83081,9.78301,0.44294
655.0928,0.04789,9.68484,0.92898
655.1102,0.41660,9.12698,0.74941
655.1306,0.92419,9.28021,0.12450
655.1533,1.16601,10.13736,0.96010
655.1704,0.31365,9.85484,1.08700
655.1907,0.25619,10.79578,1.47487
655.2129,0.20112,10.91550,-0.35196
655.2304,0.72786,9.48851,1.90345
655.2546,0.16999,9.54119,-0.56505
655.2745,0.28492,9.73991,-0.78772
655.3034,0.25858,9.57231,-0.17957
655.3107,0.33999,8.93064,1.36953
655.3334,0.25379,9.03360,-0.50998
655.3526,0.42858,9.20359,-0.54350
655.3741,0.45731,10.06074,0.48604
655.3970,-0.57702,9.30655,1.83641
655.4305,-0.07662,9.75188,1.09179
655.4339,0.38787,10.02004,0.89785
655.4540,1.13249,10.28102,-0.84997
655.4722,0.84518,9.73991,-1.37431
655.4923,0.60096,10.69283,-0.34956
655.5142,-0.27774,9.87638,1.25221
655.5323,1.13967,9.27303,0.22985
655.5690,-0.15802,9.52682,1.00799
655.5822,-0.16760,11.20999,2.96890
655.5920,0.61533,8.77502,1.78134
655.6132,0.11253,11.11183,-0.53871
655.6339,-0.65364,9.26584,0.51237
655.6529,-0.22985,8.64812,1.03193
655.6725,-0.02634,8.46616,1.00081
655.6956,0.06225,9.24669,-0.04070
655.7273,-0.25858,9.27303,-0.21309
655.7318,-0.19394,10.40073,-0.41182
655.7540,0.76138,8.55474,2.76299
655.7717,0.02873,9.18923,2.78933
655.7917,0.44294,11.15253,3.45973
655.8157,0.67279,9.65850,1.15404
655.8340,0.17478,11.47576,-1.64247
655.8641,0.36632,9.10064,1.95373
655.8778,-0.05746,10.27144,1.77895
655.8913,0.36154,8.77502,0.30886
655.9114,0.50280,11.20042,-0.31126
655.9355,0.50280,8.23870,1.68078
655.9522,0.41182,11.08789,0.75180
655.9769,0.34478,9.68005,0.03113
655.9959,0.84039,9.65372,-0.10295
656.0129,-0.59139,10.89874,0.86433
656.0327,-0.23224,10.19003,-1.09179
656.0565,0.50998,9.37119,-0.59857
656.0741,-0.65603,10.66889,0.12690
656.0941,0.52435,10.02962,0.17239
656.1365,0.32083,8.25067,-0.39506
656.1372,0.39984,11.01366,-0.21309
656.1545,1.22826,8.46616,-0.21070
656.1819,0.72068,10.10863,-0.04549
656.1931,0.28492,9.53161,0.61054
656.2150,1.20432,10.22116,0.58899
656.2374,0.72547,9.84286,1.33122
656.2632,0.31126,11.39914,1.10137
656.2796,0.72786,10.61621,1.13728
656.2952,0.63209,10.31454,-0.76138
656.3129,0.84757,10.88198,0.28971
656.3337,-0.44534,9.72315,-0.37830
656.3563,0.45491,10.18285,0.15084
656.3740,0.74701,8.55474,-1.15643
656.4116,0.83560,9.36880,0.56505
656.4286,0.36154,9.12458,0.46210
656.4322,0.49561,10.12060,0.34478
656.4529,0.63927,8.43024,0.19872
656.4753,0.56744,8.30574,0.59857
656.4925,0.63209,9.45499,-1.85077
656.5140,1.04869,10.04638,-0.77814
656.5372,0.41182,10.07750,1.02714
656.5551,0.34717,10.19722,1.17798
656.5757,1.22347,8.42066,0.48843
656.5963,-0.05507,10.01525,-1.42459
656.6124,1.04869,11.10225,-0.28971
656.6362,0.59617,10.19003,0.73504
656.6586,-0.06225,11.30816,-0.26576
656.6758,-0.30407,10.91550,-1.40065
656.6939,1.81965,8.87318,-0.95532
656.7150,1.78373,8.42306,-2.80848
656.7322,1.70951,10.18524,-3.45254
656.7540,0.94095,9.76385,-2.28893
656.7783,1.51318,9.09585,-1.88190
656.7936,0.71110,10.54918,-0.39745
656.8303,1.13489,9.34007,-0.51956
656.8441,1.04390,9.83089,0.59139
656.8524,-0.41421,10.44862,0.15084
656.8725,-0.36154,8.28180,2.63131
656.8948,-0.22746,9.06712,1.46530
656.9138,0.42618,9.27542,0.29928
656.9338,0.25379,9.70400,-0.77096
656.9583,-0.23464,9.67048,1.54431
656.9861,-0.45970,10.06314,0.95292
657.0016,0.48604,10.21158,-0.04070
657.0150,0.01676,9.82131,1.86993
657.0324,0.44534,11.06634,-0.77096
657.0522,0.47167,10.49889,-0.34956
657.0748,0.60336,9.73512,-0.02394
657.0958,1.22347,9.78540,1.91542
657.1150,0.43097,8.70798,-1.94415
657.1363,0.20351,9.95061,-0.36154
657.1525,-0.79011,10.30975,0.07662
657.1723,-1.09897,11.51646,2.12851
657.1948,-0.45970,9.25387,0.97208
657.2125,-0.35675,8.77981,-0.14126
657.2518,-0.19633,11.55716,-0.38787
657.2677,1.09897,9.08867,1.76458
657.2729,-0.08141,10.06793,-2.83722
657.2928,0.64645,9.91709,-0.45012
657.3151,0.71589,8.11659,-0.21070
657.3345,0.51237,9.86920,-0.58660
657.3544,0.53871,9.44063,-1.11094
657.3877,0.48125,8.54277,1.22108
657.4020,0.94334,11.65054,-0.41182
657.4125,0.65843,9.60104,1.07024
657.4346,0.88109,10.61621,2.11414
657.4537,-0.19872,10.05356,2.06386
657.4739,0.42139,11.23154,0.76856
657.4958,-0.30647,11.12619,0.50998
657.5172,0.49561,11.85884,0.55547
657.5381,0.22027,9.42147,1.72388
657.5545,0.60815,9.80934,0.41660
657.5721,0.85954,10.52044,0.83081
657.5922,0.62251,10.40791,0.64885
657.6149,1.57783,9.60104,-0.27055
657.6328,0.82363,9.00008,0.83560
657.6534,0.41421,9.24430,0.33999
657.6854,0.39984,8.98811,-1.13967
657.6924,0.34717,9.49330,-0.32802
657.7123,-0.32083,8.29377,-0.07422
657.7357,-0.82602,10.13257,0.22267
657.7538,0.00958,9.76864,-1.19235
657.7745,0.49801,10.61143,0.36154
657.8188,-0.25379,10.02483,1.13489
657.8189,-0.32323,10.24271,0.16042
657.8370,-0.29210,10.56115,-0.32323
657.8552,-0.13887,9.96497,-0.25619
657.8734,-0.49801,9.44063,0.18915
657.8935,-0.43097,10.07271,-0.51716
657.9159,1.18277,9.29457,0.81884
657.9350,0.59617,8.92586,-0.08141
657.9661,0.56026,8.94740,0.25619
657.9775,0.32562,9.95539,1.34319
657.9931,0.24900,10.11821,2.20273
658.0136,-0.50998,8.93543,0.87152
658.0360,0.53153,10.25229,0.43576
658.0535,-0.06943,9.37359,2.24104
658.1043,0.09098,10.16848,0.45491
658.1044,0.52195,9.44063,0.00479
658.1235,-0.54589,10.15172,0.70152
658.1349,-0.27055,9.16768,1.56346
658.1555,0.73983,8.73910,1.46051
658.1732,-0.44534,10.24031,0.99362
658.1930,0.05986,10.24510,0.23464
658.2252,1.06306,8.77023,-0.62491
658.2337,0.11732,9.65850,-0.04549
658.2546,0.66082,10.60185,1.00081
658.2774,0.55308,10.27623,0.42379
658.2934,-0.13887,11.82532,-0.90743
658.3161,0.71589,10.30975,0.01915
658.3391,0.49561,10.66171,-0.49561
658.3734,0.64645,9.43344,-1.58262
658.3878,0.03352,10.59227,-2.03753
658.3971,-0.37830,9.15810,-0.70871
658.4132,0.42618,10.96578,-1.62092
658.4332,1.88429,9.21078,-1.35277
658.4554,0.88109,8.38236,-1.53234
658.4732,1.30249,8.30095,0.39027
658.4945,0.97686,9.09106,1.81247
658.5166,1.11573,11.10704,0.65364
658.5328,1.46769,9.54358,-1.62811
658.5526,1.52276,10.52284,-1.63050
658.5765,0.58660,11.09986,-1.61853
658.5943,0.76138,9.55316,-0.01915
658.6145,0.44055,7.61140,1.58262
658.6396,-0.20591,12.80458,-0.43815
658.6580,1.10376,9.21556,1.80528
658.6747,-0.84278,10.67847,1.31206
658.6952,0.07901,9.52443,1.74064
658.7128,0.88349,8.71756,-0.08859
658.7344,1.41262,8.93543,-1.94655
658.7570,1.52755,10.24989,-1.14686
658.7745,0.42858,10.25947,2.29372
658.8067,-0.82124,10.53960,0.12929
658.8160,-0.22746,10.21158,-0.24900
658.8329,0.60815,9.84047,-0.09577
658.8545,0.29210,8.46137,-0.39027
658.8752,0.30168,10.48213,-1.49882
658.8929,-0.98165,9.91948,0.24900
658.9276,-0.04310,10.00567,0.19633
658.9443,0.08380,9.61301,0.09577
658.9548,0.27055,9.96976,-0.69434
658.9730,-0.04070,10.42228,0.52435
658.9954,0.11971,9.71118,0.62491
659.0129,0.17957,10.55636,-0.87391
659.0329,0.76377,11.11901,-0.06225
659.0573,1.30488,9.73752,0.21070
659.0776,0.68716,9.90272,-0.56265
659.0941,1.39586,10.03680,1.52036
659.1152,0.84518,9.78061,-1.13249
659.1326,0.97926,10.76227,-0.94813
659.1528,0.05267,9.35683,-0.96489
659.1751,0.11014,9.88357,1.38389
659.1923,-0.05746,9.90512,-0.00718
659.2191,0.52435,9.35443,0.54111
659.2364,0.54111,11.14535,1.40305
659.2523,0.83560,8.28898,0.55068
659.2724,1.22826,9.17965,-1.88908
659.2947,0.08859,9.35204,-2.99045
659.3125,1.36474,10.28341,0.21548
659.3324,0.20112,9.71836,0.88828
659.3583,1.01996,10.63537,-0.27534
659.3722,1.62092,9.15331,-0.83800
659.3923,0.98165,10.35045,-0.08141
659.4149,0.09577,11.43027,0.04070
659.4348,0.24900,10.27623,0.95771
659.4551,-0.82842,10.95141,-0.11971
659.4950,0.34478,7.47493,0.17239
659.4951,-0.49083,10.77663,0.11971
659.5134,-0.46928,9.13176,1.31925
659.5374,1.07982,10.80776,0.26098
659.5542,0.28013,8.71277,-0.28731
659.5728,0.43097,10.36721,-1.16601
659.5969,1.24981,7.90590,-1.08461
659.6310,1.28812,9.54837,-1.11094
659.6362,0.61293,8.95938,0.12211
659.6553,1.41741,11.17169,-1.54191
659.6729,-0.54111,8.08547,1.11094
659.6930,0.00479,11.33450,0.17718
659.7156,0.79250,10.42467,-0.53153
659.7334,0.56984,8.00167,0.37590
659.7717,0.42618,9.94821,5.00403
659.7858,0.86673,8.90191,2.99045
659.7925,1.41023,8.80375,3.32565
659.8124,-1.30727,10.82691,-0.45012
659.8350,0.20591,10.75029,-0.89306
659.8525,0.08141,10.20679,-0.18915
659.8726,-0.83321,11.09028,2.18597
659.9150,-1.40544,9.74709,3.93619
659.9150,-0.42379,11.67209,0.16042
659.9333,1.90824,7.45098,0.33999
659.9566,-2.47568,9.99370,-3.13889
659.9725,-0.77335,8.74389,4.11815
659.9962,2.20513,8.06392,-5.91386
660.0183,2.86595,9.72794,-6.71355
660.0539,2.71511,7.91068,0.78772
660.0543,-2.77257,10.33130,-0.50280
660.0750,-3.71352,9.69681,1.80049
660.0928,-0.67519,8.35362,5.37994
660.1124,-1.14446,10.32411,2.76299
660.1356,-2.35597,10.95860,1.58740
660.1536,1.46769,8.49968,3.38072
660.1726,0.67758,9.24430,1.68796
660.1959,3.30649,9.50767,-0.40703
660.2124,1.32403,7.21874,2.98805
660.2324,2.44455,11.70800,4.42223
660.2545,2.77496,3.98647,4.07027
660.2722,-0.23464,14.37523,-1.31685
660.2941,-1.31206,5.42782,9.87638
660.3153,-0.90025,14.32973,3.18439
660.3322,-0.25619,5.34881,9.16289
660.3556,1.18277,17.56679,-4.25941
660.3740,-0.91222,2.65764,7.34803
660.3918,3.18199,16.15896,-8.72474
660.4121,0.03352,2.04711,3.75422
660.4361,1.76219,12.49333,-4.48448
660.4598,0.00000,4.08463,-2.36075
660.4811,5.42064,12.47417,-7.53957
660.4946,1.83401,5.65049,1.44614
660.5126,2.91862,10.69762,-5.42782
660.5328,2.23625,8.60742,0.72547
660.5585,0.14605,10.70241,-0.65603
660.5762,0.81884,10.05835,3.56029
660.6122,0.21309,9.65611,1.53952
660.6264,1.04630,8.74629,2.14766
660.6339,1.02475,10.90832,-0.44773
660.6526,0.85715,9.07430,-1.67839
660.6766,1.22108,8.78699,-1.96091
660.6922,2.05908,9.06472,-2.76778
660.7125,0.60815,10.10384,1.36713
660.7579,0.92419,11.66970,0.56984
660.7579,1.83880,9.56513,-0.45731
660.7737,2.02556,10.47495,-1.02236
660.7945,1.15404,10.36242,1.64966
660.8140,1.07742,8.66249,1.75740
660.8322,1.04390,9.57949,1.20193
660.8585,1.41502,9.59386,0.84518
660.8906,0.82124,8.12856,1.69994
660.9049,0.42139,10.50847,-1.42938
660.9169,1.48206,9.43344,-0.61533
660.9326,0.44534,9.61301,1.11813
660.9525,0.34478,10.32411,1.05109
660.9747,0.61533,10.62340,0.98165
660.9933,0.32562,9.47654,1.68078
661.0210,0.21070,10.63776,1.58022
661.0353,0.38308,10.18524,1.66642
661.0542,0.24182,10.69762,0.03113
661.0753,0.65364,10.13018,-0.35435
661.0972,1.29530,10.12778,0.07183
661.1150,0.62730,8.84924,0.75659
661.1371,0.83800,10.03441,0.58181
661.1778,0.81884,9.62977,1.45093
661.1923,0.75659,8.62897,1.06306
661.1933,-0.29928,10.16130,3.39269
661.2173,0.20351,10.48213,1.90824
661.2346,0.30886,9.53400,-0.22027
661.2534,0.96250,9.35683,0.67758
661.2757,0.82602,9.02881,1.03193
661.2948,-0.56026,10.20679,1.63529
661.3281,-0.20351,10.25468,1.36713
661.3375,-0.07183,9.57710,1.45811
661.3551,0.00718,10.56594,-1.47966
661.3746,-0.16042,9.63696,1.66642
661.3969,0.61533,9.92906,0.12929
661.4147,0.63688,10.44862,0.05028
661.4350,-0.07422,10.66410,3.27537
661.4624,-0.12690,10.46298,3.51958
661.4756,-0.65603,9.49809,0.57941
661.4933,-1.01996,11.11183,0.51237
661.5173,0.28731,9.18923,-0.40463
661.5355,-0.25619,8.24828,1.11094
661.5555,0.05267,9.57949,0.54589
661.5947,0.05986,8.55953,1.48206
661.6154,0.22985,10.32172,-0.59857
661.6154,0.25619,9.48612,0.10535
661.6354,0.76377,8.86361,-0.53871
661.6548,-0.07422,11.09507,0.93137
661.6743,0.28013,9.54358,1.14686
661.6990,0.76377,10.11342,0.94334
661.7144,-0.21309,11.15253,-0.30407
661.7479,0.05028,9.63696,0.70392
661.7551,0.86912,11.57871,-0.11014
661.7793,0.50040,7.78139,-0.56026
661.7930,1.55388,9.92906,-0.20351
661.8156,1.88190,8.15011,1.83641
661.8330,0.66800,9.62977,2.95214
661.8605,0.95053,10.25468,2.94496
661.8766,0.92180,10.37679,-3.47888
661.8929,0.50759,9.51724,1.32643
661.9131,-0.01915,12.12700,1.51079
661.9357,-0.40942,7.21634,2.81088
661.9537,0.64406,10.84128,-1.41502
661.9730,1.09897,9.96258,3.11016
662.0073,1.18995,8.72234,0.14126
662.0220,-0.14845,10.80297,-1.33361
662.0325,-0.34238,7.40070,2.01119
662.0554,0.33520,9.36880,1.57543
662.0732,-0.41900,10.02483,1.41741
662.0933,-0.38787,10.59706,0.55308
662.1155,-0.28252,9.43105,1.41502
662.1353,-0.16281,9.91709,0.10056
662.1649,-0.29210,8.68403,-0.14605
662.1757,0.11493,9.97934,1.47966
662.1932,-0.41182,10.38636,2.80848
662.2133,0.42139,10.78142,0.65364
662.2388,1.15643,9.20359,-0.29210
662.2568,0.01915,9.63696,1.86275
662.2742,-0.04310,10.72396,1.24981
662.3111,-0.82363,10.85085,2.57385
662.3148,-0.40942,9.60104,0.74701
662.3333,0.15323,10.66889,1.56586
662.3553,0.44055,9.73273,0.05028
662.3730,0.72307,8.63854,-0.66800
662.3933,0.51477,10.75029,-0.92898
662.4155,0.32802,9.84047,0.83560
662.4460,0.35435,9.24908,1.17080
662.4547,0.15802,10.99212,2.16682
662.4757,0.70871,9.51485,0.15802
662.4929,0.54829,10.29538,1.39107
662.5129,-0.08141,11.04958,1.88669
662.5354,0.50759,9.96737,2.67201
662.5547,-0.91461,11.69603,1.30249
662.5846,-0.39506,10.86043,1.53473
662.5993,0.15563,9.89075,1.33601
662.6129,0.78293,8.40630,-0.84997
662.6330,0.76617,10.26426,-1.14925
662.6553,0.58660,10.18764,-0.24182
662.6729,0.48125,10.18524,0.66321
662.6946,0.43336,8.80854,1.67360
662.7303,0.36632,9.70639,-0.32083
662.7330,0.28252,9.42147,1.11813
662.7529,-0.66800,10.31932,1.80768
662.7754,-0.88109,10.39594,1.16841
662.7929,0.33759,8.83009,1.23066
662.8129,0.00239,10.92029,0.82842
662.8353,0.11493,8.85163,1.63050
662.8545,0.33999,10.00089,1.34558
662.8730,-0.65843,10.58509,2.59300
662.8952,0.38069,9.35922,2.93299
662.9128,0.47646,8.51644,2.33921
662.9330,0.02634,9.89793,2.49962
662.9797,0.15084,10.60903,1.04151
662.9965,-0.67279,10.31932,2.46131
663.0192,-0.05986,9.73512,1.63050
663.0193,0.47885,9.74230,0.80208
663.0358,0.69195,9.65372,0.34956
663.0558,0.55547,10.35524,0.69195
663.0751,0.85236,9.37119,-1.06545
663.0930,0.38308,10.25229,0.62730
663.1130,-0.60575,10.58030,1.89148
663.1365,0.21788,7.90111,0.59378
663.1525,0.51237,9.53640,1.10376
663.1729,-0.10774,9.98652,1.02714
663.1948,0.22027,10.76705,1.73106
663.2124,0.73744,11.65772,1.01996
663.2328,0.77575,8.60502,-0.24182
663.2559,0.17718,11.55238,2.77018
663.2776,0.66321,8.01124,1.81725
663.2936,1.44135,10.81254,1.01757
663.3160,0.97447,9.38556,3.20354
663.3353,1.01517,8.35841,2.88031
663.3564,0.21070,11.97137,1.97528
663.3770,-0.37830,7.42225,2.70553
663.4152,0.05267,11.94264,-0.95771
663.4272,-0.00718,3.76619,0.87391
663.4368,-0.34238,13.49174,-3.98647
663.4549,0.48125,9.32570,3.47649
663.4745,1.09418,10.23313,-2.20992
663.4971,0.16999,8.90431,0.86433
663.5148,-0.07422,10.74551,0.25140
663.5388,0.62969,10.97775,0.64406
663.5699,-0.10056,11.52364,0.82602
663.5748,0.52674,9.42147,0.04789
663.5952,1.39347,9.90751,0.07183
663.6175,1.42699,10.13018,-1.37671
663.6359,1.26897,10.27383,-1.42220
663.6561,1.14446,8.98571,-0.46688
663.6783,1.26657,8.95698,0.97447
663.7079,-0.02634,8.94980,1.64726
663.7201,0.73744,8.54038,1.28573
663.7369,0.06704,10.67368,1.68318
663.7542,-0.39506,9.30415,0.73265
663.7748,0.38069,8.79896,0.08141
663.7985,-0.57702,9.32809,2.75342
663.8159,0.21309,10.63776,0.47407
663.8353,1.24263,10.34806,-1.01038
663.8571,0.45252,10.61861,-2.11893
663.8743,0.90982,9.87878,0.13647
663.8941,0.10295,9.69442,1.76697
663.9176,0.34717,9.57710,-0.80448
663.9341,0.26337,10.04877,-0.19394
663.9547,0.07183,9.69442,0.90982
663.9826,1.02236,9.52203,-0.47407
663.9940,0.71110,9.67766,-0.75420
664.0142,0.64406,10.08469,-1.51318
664.0361,0.72068,9.31373,0.96968
664.0557,0.05507,9.47893,3.80690
664.0768,0.54829,9.43584,0.98644
664.0965,0.63688,10.41270,0.25140
664.1197,0.15323,9.31852,0.62969
664.1340,1.29530,10.13496,-0.96729
664.1609,0.64645,9.92188,-1.89387
664.1733,0.69673,10.58748,-1.12770
664.1940,0.45252,10.44622,0.06465
664.2166,0.98884,9.62977,0.17718
664.2341,1.03433,10.20679,-0.45731
664.2571,0.43815,10.47495,0.15563
664.2766,0.56265,10.10623,1.28094
664.2941,-0.03591,10.40073,1.03912
664.3143,0.26337,9.40471,-0.99841
664.3364,-0.24422,9.24908,1.18756
664.3542,-0.76856,10.19243,1.21629
664.3932,0.11732,10.63776,1.85556
664.4068,0.08619,9.83089,2.10217
664.4150,0.32323,8.81572,-0.08141
664.4362,0.07422,9.73991,0.76856
664.4569,0.39984,9.95779,-0.86194
664.4782,0.73265,9.34964,1.36713
664.4982,0.13647,9.54358,2.07584
664.5380,0.22027,9.28979,0.85476
664.5383,0.29210,8.41588,0.41421
664.5544,0.24422,8.88276,1.15643
664.5770,-0.76377,11.33210,3.18199
664.5944,0.48364,7.89871,0.64885
664.6142,0.18196,10.99212,0.22746
664.6368,-1.07742,11.23154,1.47966
664.6726,-0.33041,8.54996,2.38230
664.6865,-0.15563,10.09426,3.04312
664.6970,0.04070,10.57072,0.43815
664.7142,1.53952,9.78061,1.01038
664.7361,0.67279,10.11342,1.49163
664.7568,0.33520,10.23074,-0.94813
664.7758,0.06465,9.12219,1.64008
664.7961,-0.83321,10.23792,1.75740
664.8228,-0.34717,9.93863,4.20674
664.8349,0.01915,11.03761,1.99922
664.8541,1.00320,8.02561,0.08380
664.8769,0.05267,11.67448,-0.90025
664.8944,0.06465,8.71995,0.19872
664.9166,-0.34238,10.78142,4.06308
664.9385,-2.15724,11.18845,3.28255
664.9556,-1.18517,9.65132,0.41900
664.9742,0.16999,9.72315,0.62251
664.9965,0.11493,8.75107,-0.02155
665.0145,0.38069,10.31693,-1.54910
665.0364,2.22907,8.68403,0.38548
665.0582,1.38629,10.11342,-0.30647
665.0759,-0.75420,9.09106,3.62493
665.1124,-0.65603,10.59945,2.60976
665.1170,0.15084,9.93863,0.92180
665.1345,0.38069,9.00726,-0.46688
665.1541,-0.06704,9.84526,2.29372
665.1765,0.46449,9.20838,3.57944
665.1944,0.50519,10.67847,0.22267
665.2236,0.30407,10.92029,-0.44534
665.2377,0.49801,10.24271,1.95852
665.2554,-0.52195,9.66090,3.23945
665.2753,-0.42379,9.26345,1.34079
665.2975,-0.56744,10.29059,1.57783
665.3162,-0.38069,10.75029,0.11971
665.3391,-0.31126,10.15651,0.28013
665.3591,0.36154,9.01923,-0.85715
665.3776,0.36154,9.73752,-0.72547
665.3961,0.57702,8.84924,-0.62012
665.4180,0.30647,9.17965,0.79490
665.4363,0.10774,9.56752,0.42618
665.4554,-0.03352,9.54597,-0.02873
665.4775,-0.27295,10.08708,0.46688
665.4954,0.17239,8.68882,0.55547
665.5245,-0.37351,9.64653,0.51477
665.5388,0.63448,9.99370,0.04789
665.5562,0.81166,10.51326,-0.53153
665.5775,0.22746,9.40711,1.81247
665.5998,0.11971,9.92427,0.66800
665.6184,-0.29689,10.06793,1.41502
665.6394,0.02873,9.73752,-0.51237
665.6722,-0.39027,9.52203,3.32804
665.6772,-0.18196,10.53241,0.43576
665.6971,0.20830,8.78938,-0.79250
665.7195,-0.02394,11.08070,-2.14048
665.7372,0.46688,10.02243,-0.13647
665.7581,0.01437,8.86600,1.58262
665.8003,0.21788,9.07670,1.00081
665.8148,0.55308,9.63696,-0.57702
665.8185,0.53153,9.78780,-1.44135
665.8405,0.10774,8.84924,0.28252
665.8583,-0.36872,9.66329,1.18995
665.8787,0.01197,9.00966,2.30090
665.9008,0.32083,9.51724,0.32802
665.9186,0.42139,9.96976,-0.16042
665.9525,-0.03591,11.36802,0.78772
665.9602,0.02634,10.14694,2.01598
665.9777,0.15084,9.80695,1.76458
665.9979,1.07264,9.77582,0.53871
666.0206,0.76377,10.78621,0.87870
666.0381,0.14126,9.78780,1.50121
666.0593,-0.25379,10.85085,0.71828
666.0901,1.02475,11.16450,-0.74941
666.0980,0.63448,9.83808,-0.07901
666.1179,-0.03591,10.56354,-0.57463
666.1404,0.76617,9.65132,0.13169
666.1582,-0.03591,10.19482,1.76697
666.1783,-0.37590,9.80216,1.40065
666.2024,-0.34478,9.43105,1.51318
666.2181,-0.26576,9.34246,1.22347
666.2379,0.54350,9.45260,1.66881
666.2601,1.42459,7.21634,-0.77814
666.2779,0.84039,9.73512,-1.19714
666.2981,0.91461,8.55474,-0.89785
666.3205,0.43576,10.74311,1.50360
666.3395,0.23703,9.96497,2.37991
666.3710,0.22506,9.15810,2.32724
666.3811,0.90504,9.77582,-0.51237
666.3983,0.34478,10.07750,1.37192
666.4196,-0.13169,9.92188,1.38629
666.4402,-0.36632,9.56513,2.08062
666.4579,-0.06225,9.49809,0.10774
666.4880,0.42379,10.17567,0.16520
666.5053,0.51477,8.83727,0.56984
666.5193,0.10295,9.03120,0.86673
666.5396,-0.28492,9.19880,2.28414
666.5619,0.19872,8.80135,0.54350
666.5797,0.95532,10.19243,-0.38308
666.5995,0.79011,9.04078,-0.18436
666.6396,0.73744,10.33369,0.47167
666.6535,-0.02394,9.67287,1.50121
666.6586,0.04549,10.75748,0.42379
666.6804,0.82124,10.56594,-1.14207
666.6977,1.73585,9.21796,-0.26816
666.7180,0.87630,8.94262,1.35995
666.7402,0.95532,10.37679,3.26340
666.7733,0.05746,11.02324,6.57947
666.7929,-0.84039,7.96815,1.65684
666.8005,-1.63768,11.19802,1.13728
666.8181,-1.14925,10.22834,-0.67758
666.8382,-1.54910,10.88437,2.23865
666.8621,-0.61533,9.17247,3.17720
666.8788,-0.15323,11.72955,-0.34717
666.8994,-0.59617,11.14056,0.87870
666.9404,-0.73744,10.57791,0.08380
666.9405,-0.76138,10.02483,1.91542
666.9586,-0.86912,10.66649,2.23865
666.9805,-0.36632,11.35844,-0.95532
666.9986,-2.79412,9.62020,5.52120
667.0186,-1.77655,8.94501,-1.48684
667.0422,-1.00081,9.80216,1.49642
667.0693,0.53392,10.94902,-3.71113
667.0821,1.24023,7.15888,0.96968
667.0997,-0.16999,11.39675,-0.51956
667.1178,-0.40942,10.00089,-1.97767
667.1379,-1.09658,8.40151,0.84997
667.1601,-0.96729,10.38636,1.94894
667.1794,-0.85476,10.79100,0.42139
667.2136,1.31685,11.82053,-2.07105
667.2224,-0.62730,6.21554,-1.76697
667.2379,2.60258,7.11818,-6.79256
667.2577,1.61374,3.75662,-9.33049
667.2839,0.95532,9.34007,-12.78543
667.3017,-4.32645,13.27625,5.91865
667.3397,-2.26738,11.82293,12.32812
667.3536,-3.87633,10.21877,5.60260
667.3587,2.82524,8.22673,-4.40547
667.3787,4.72390,11.11662,-2.67680
667.3999,5.30332,8.93064,-2.72229
667.4188,-3.46930,10.22116,2.37512
667.4417,-4.34321,10.89395,1.18277
667.4780,-0.72068,5.20515,6.18441
667.4922,0.74223,7.75266,-5.83724
667.4982,-0.54350,7.70717,-5.88273
667.5203,1.75740,11.73195,-11.07352
667.5377,-2.20752,13.02246,7.32888
667.5577,-1.80049,10.72875,5.87555
667.5800,-3.84042,9.85723,-0.88588
667.6144,-2.03513,9.79498,3.64648
667.6308,4.91305,7.62816,0.80926
667.6403,-3.80690,10.88198,-5.36318
667.6578,-1.44854,11.13577,5.71274
667.6776,-1.39347,7.65929,2.30569
667.7001,0.01437,10.59227,0.86912
667.7194,1.63290,7.74308,-3.98407
667.7394,2.69356,10.73593,1.82204
667.7711,4.74545,13.70962,-5.21952
667.7775,-0.79250,8.79417,10.16848
667.7977,-3.76141,12.49572,-0.69913
667.8201,0.16520,9.40471,5.12375
667.8377,-1.44375,11.23633,1.27854
667.8578,-0.07183,6.28018,-0.29450
667.8997,1.36713,11.83011,-7.99209
667.9189,2.14527,6.14371,-8.12617
667.9191,-3.97928,12.65374,-2.32724
667.9400,2.61694,9.05515,1.07982
667.9575,-3.89070,10.08469,7.88674
667.9775,-0.20112,8.70079,2.00161
668.0015,-0.73265,3.55550,5.58584
668.0193,-0.41182,11.91870,-17.11906
668.0385,4.95136,8.02082,-4.80531
668.0602,8.14053,11.84687,-2.54033
668.0774,-4.67602,13.12781,2.46371
668.0992,-1.62811,8.23870,8.27461
668.1199,-4.64968,13.87003,-0.58899
668.1376,-0.76377,3.70634,3.32325
668.1734,-0.04549,9.86202,-3.64648
668.1862,-0.42858,4.94897,3.57226
668.1981,1.95133,11.21239,-3.96492
668.2184,1.04151,8.00167,-2.06865
668.2396,0.95532,11.19323,-2.88031
668.2576,3.10537,8.45897,-1.15404
668.2793,2.35836,9.34964,-0.29928
668.3010,0.69673,9.21556,1.12052
668.3210,0.31365,9.68484,2.13569
668.3385,0.57463,10.60664,1.82683
668.3598,0.87870,9.51245,-0.55308
668.3788,0.34478,9.16528,0.73744
668.4011,-0.27295,8.96416,2.63131
668.4232,-0.50998,9.58907,2.08062
668.4569,-0.35435,8.85882,2.40146
668.4720,-0.32802,9.52921,2.07344
668.4797,0.21788,10.44862,1.60656
668.4975,-0.08141,9.45499,1.84599
668.5192,0.00479,9.99849,1.89627
668.5414,0.60815,9.14613,0.38787
668.5575,-0.37111,10.13736,2.68638
668.5914,-0.60336,9.96976,2.60976
668.6092,-0.74223,10.34806,2.26738
668.6177,-0.33999,9.63935,0.65843
668.6375,-0.11253,9.64893,-0.64885
668.6599,-0.29928,9.88836,-1.82683
668.6795,0.92419,9.61301,-0.88349
668.6988,0.40942,9.31612,-0.48604
668.7211,-0.12690,9.65850,1.42220
668.7391,-0.24422,9.29457,2.16921
668.7575,0.06704,8.90910,1.33361
668.7797,0.07901,11.69124,1.28094
668.7994,0.05507,10.22595,0.46210
668.8177,0.14605,10.25947,0.43576
668.8400,-0.28252,10.39594,2.15245
668.8601,0.17239,9.34964,0.65843
668.8818,1.29530,9.17726,-0.03113
668.9003,0.79969,10.58509,1.33601
668.9175,0.14126,10.55875,1.54431
668.9374,0.22027,10.27862,-1.85796
668.9598,0.11971,10.85804,-1.03672
668.9775,-0.33041,9.73512,2.82764
668.9976,-0.15323,10.40073,0.09577
669.0221,-0.04549,10.14694,0.50519
669.0374,0.15084,9.63696,-1.72388
669.0571,0.70871,9.43105,-0.36154
669.0794,0.55787,9.80216,1.40544
669.0974,0.19154,10.54678,0.77335
669.1192,0.03113,10.34806,0.36154
669.1572,-0.79011,11.17408,1.27136
669.1724,-0.01437,9.11261,0.65364
669.1772,0.37830,9.84286,0.21309
669.2014,0.38787,8.71516,0.21788
669.2172,0.12211,9.79258,0.37111
669.2374,0.62012,8.95938,1.75261
669.2595,0.38308,9.00487,0.07422
669.2930,0.30407,10.15412,1.58980
669.3031,0.28252,9.62259,0.91461
669.3195,0.06704,9.62977,0.30168
669.3372,0.51237,10.94902,-1.11334
669.3574,0.96968,9.58428,-1.85077
669.3798,0.09338,10.49411,-0.74462
669.3975,0.46928,9.81174,0.49561
669.4174,0.55068,9.41429,0.38548
669.4396,0.17957,10.21637,0.76377
669.4575,-0.22985,9.81892,-0.08141
669.4774,0.01437,9.08867,1.61614
669.4995,0.34956,9.33049,-0.00718
669.5174,0.54350,9.59625,1.26657
669.5375,0.77575,10.13496,1.05588
669.5626,0.45252,9.54837,-0.96729
669.5809,0.19872,9.95061,0.80687
669.6001,1.02236,8.56911,0.08859
669.6226,0.94813,9.87399,1.26657
669.6383,0.57702,10.44622,2.05429
669.6585,0.82842,9.08867,0.18436
669.6827,0.59378,10.35763,-1.81486
669.7115,0.81884,10.26665,-2.35357
669.7296,0.75180,9.83329,-1.33361
669.7421,0.62012,9.71118,-0.92898
669.7581,0.71589,10.10863,-1.24263
669.7798,1.19474,9.90272,-0.73504
669.7999,1.33840,8.65530,-1.76219
669.8171,1.01517,9.21796,0.90982
669.8375,0.92180,8.88755,0.41421
669.8629,0.46449,10.07511,-0.28492
669.8772,0.50998,10.75269,1.08940
669.8973,0.13169,9.17007,0.10535
669.9197,0.19154,10.67368,1.22587
669.9373,-0.41421,10.84606,0.97208
669.9576,-0.07901,10.03919,1.51318
669.9799,0.41660,9.85244,1.53234
669.9982,0.27774,9.52921,0.03352
670.0175,0.24422,9.30655,0.36154
670.0399,0.30647,9.31612,-1.21629
670.0574,-0.31844,9.36640,0.20591
670.0792,0.11493,9.18204,0.61293
670.0999,0.35675,10.21877,-0.74462
670.1175,0.78053,9.39035,-0.45012
670.1374,0.78293,9.67766,0.31844
670.1599,0.33759,10.54678,0.20830
670.1774,-0.00958,10.05835,1.08221
670.1975,0.16760,9.41189,0.67997
670.2199,-0.24661,10.79578,1.01757
670.2375,0.02394,10.45580,0.74462
670.2655,0.75180,9.35922,-0.38308
670.2803,0.07662,10.76705,1.22108
670.2977,0.13408,9.93863,1.12291
670.3175,0.99841,8.84924,0.32083
670.3417,0.38308,9.56752,-0.00958
670.3595,0.27534,8.94980,0.59139
670.3796,0.25858,10.33369,-0.72547
670.4021,0.45970,9.75188,-1.35277
670.4302,0.07662,9.29697,-0.22985
670.4476,-0.18196,10.09666,-1.58501
670.4601,-0.36154,10.25229,0.85476
670.4778,-0.30407,10.36003,0.18436
670.4979,-0.04549,9.29936,-0.58660
670.5210,0.64645,10.24271,-1.46051
670.5386,0.26816,9.65611,0.94095
670.5697,-0.54829,10.31214,0.40703
670.5801,-0.28492,10.96817,1.22587
670.5976,-0.57463,10.14694,-0.73265
670.6173,0.11253,10.25707,-1.28812
670.6401,0.23703,10.25229,1.55628
670.6578,-0.50280,10.19003,1.35516
670.6775,0.40942,10.06793,0.49561
670.6997,0.56265,9.68963,1.54191
670.7175,-0.39027,9.42387,1.15404
670.7377,-0.15323,9.34485,0.14366
670.7599,-0.19633,9.65132,1.83401
670.7818,-0.42618,8.71995,0.84518
670.8204,-0.45012,9.89075,0.17478
670.8233,-0.38308,10.16370,1.91063
670.8413,-0.31844,9.85723,1.63529
670.8575,0.65603,9.71357,0.34717
670.8818,0.84757,9.36401,1.49642
670.8995,0.33520,10.19003,1.53952
670.9217,0.33759,10.00567,0.57223
670.9602,0.53392,11.33450,-0.18436
670.9813,0.37351,9.28260,1.15883
670.9813,0.65603,10.67607,-0.45970
671.0000,0.44773,8.91867,-0.89785
671.0242,0.06943,10.61861,0.39506
671.0374,0.68716,9.94582,-0.25619
671.0599,0.50040,9.17007,0.96729
671.0772,0.22027,8.95938,-0.36154
671.0970,0.58660,9.81174,-0.50998
671.1196,0.27055,9.32331,0.47407
671.1373,-0.78532,10.09187,1.73824
671.1569,-0.26098,11.04000,1.80049
671.1829,-0.11014,10.56594,0.13647
671.1984,-0.34956,9.70400,0.38069
671.2182,0.24661,10.81973,-0.62251
671.2402,0.99362,9.07430,-0.26576
671.2581,-0.19633,9.86920,1.00799
671.2781,-0.32083,9.19641,0.83800
671.3008,-0.30407,9.65132,-0.40942
671.3184,0.10295,9.41668,-0.49561
671.3383,0.34717,9.35204,-0.11253
671.3610,-0.07662,8.91389,-0.88109
671.3837,0.59857,9.22275,0.03591
671.3984,0.24661,10.09905,1.00799
671.4209,0.16281,10.60424,-0.35914
671.4389,0.00000,9.78301,0.13408
671.4588,-0.21788,9.46217,0.99123
671.4811,0.05507,10.16130,-0.88828
671.5001,-0.50040,9.60104,0.43815
671.5290,-0.59378,11.09268,1.37910
671.5408,-0.30407,10.42707,-0.32802
671.5582,0.22027,9.37598,-0.90264
671.5782,0.83081,9.42626,0.48604
671.6012,0.58420,9.05515,-0.71589
671.6190,-0.07422,10.68565,0.05267
671.6414,0.45491,9.63217,1.00081
671.6730,0.49322,10.09187,-3.30889
671.6789,1.12291,8.83727,-3.20593
671.6985,1.54431,9.38316,-1.31446
671.7212,0.89306,11.08789,-2.38709
671.7386,1.12052,10.55875,-0.66800
671.7601,1.30488,10.01286,1.42938
671.7906,0.87630,9.49091,-1.19714
671.8038,0.28971,10.07511,-0.90982
671.8188,0.27534,9.95061,0.81166
671.8409,0.20351,10.35045,-2.08541
671.8586,-0.19154,8.94740,-1.14446
671.8786,-0.05746,9.57710,-0.14845
671.9014,-0.48125,10.50368,0.22985
671.9192,-0.80448,9.58907,-1.67839
671.9495,0.05986,9.47893,0.23703
671.9609,0.17718,9.23472,0.48604
671.9784,0.31604,10.74072,-0.74462
672.0033,0.64167,10.18285,0.18196
672.0222,0.09577,10.32890,0.19394
672.0391,0.35914,9.96018,-1.17319
672.0601,0.45970,9.89075,-0.25379
672.0890,-0.03352,10.02722,-0.82363
672.0991,0.76617,10.29778,-1.41502
672.1185,1.24023,8.95698,0.82363
672.1433,0.92658,9.76864,-1.01517
672.1610,0.54829,9.67766,-1.36234
672.1815,0.68955,9.91230,-0.19872
672.2045,0.75180,9.51485,-1.48206
672.2271,0.11014,9.53400,-2.65046
672.2475,0.26576,9.39274,-0.53153
672.2633,0.55308,8.39672,-0.41421
672.2806,0.01915,9.27303,-1.00320
672.3011,-0.25379,9.49091,0.53392
672.3243,-0.38548,10.54678,1.08221
672.3417,0.34478,9.94821,-0.04549
672.3737,-0.07183,9.78780,-0.08619
672.3835,0.30168,10.61861,-1.13728
672.4005,0.71349,9.28739,0.19633
672.4204,0.22506,10.31454,1.78373
672.4449,0.52674,10.42946,0.46449
672.4609,0.08619,10.16130,0.31126
672.4948,0.10535,9.74230,1.33601
672.5098,-0.17957,9.92666,-0.03591
672.5211,0.00479,9.31852,-1.13010
672.5413,0.26816,9.79019,1.21629
672.5646,0.54350,9.71118,0.74223
672.5833,0.32083,8.87558,0.33999
672.6033,0.26576,10.16609,0.01915
672.6268,0.81166,9.51245,-1.89387
672.6542,-0.48843,9.79737,-0.43815
672.6672,-0.66082,9.69202,2.08781
672.6858,-0.74462,10.25468,0.69913
672.7014,-1.00560,10.31932,-0.78293
672.7228,-0.52435,10.83649,1.41502
672.7449,0.10535,9.71118,0.66561
672.7793,-0.03113,10.03680,0.39984
672.7933,-0.02155,10.53241,1.35516
672.8036,0.31844,9.46217,0.41900
672.8214,-0.01915,9.97455,-0.11971
672.8433,0.08380,10.02483,1.44614
672.8659,-0.03352,9.18923,-0.84997
672.8817,0.47646,10.62340,-2.00880
672.9025,-0.03831,9.38556,-0.21070
672.9363,-0.01437,9.81413,-1.10855
672.9415,0.98165,9.42147,-1.86514
672.9616,0.55547,9.52203,-0.43097
672.9835,0.16042,10.14215,-1.04151
673.0014,0.27774,10.82452,-0.58181
673.0228,0.41660,8.95938,0.61054
673.0455,0.00718,8.99050,-0.20830
673.0640,-0.53632,10.36242,-0.26576
673.0828,-0.61772,10.71438,0.62012
673.1036,0.08141,9.35443,0.06225
673.1214,0.63448,9.41668,0.11253
673.1426,-0.06225,10.19482,1.72627
673.1655,0.45012,9.40950,1.43417
673.1823,0.03352,9.89314,2.22907
673.2153,-0.35435,10.75987,1.39107
673.2237,-0.00718,9.15331,1.92260
673.2419,-0.14605,8.83966,1.20193
673.2616,-0.28013,10.36721,0.92658
673.2840,-0.12450,10.11342,1.62811
673.3016,0.46210,10.19003,-0.27295
673.3356,0.37351,11.30577,-0.71349
673.3541,0.12450,9.58907,0.61293
673.3615,0.37830,9.40471,1.25699
673.3820,0.20351,10.29538,0.16760
673.4036,-0.14845,9.83808,1.12291
673.4214,-0.07422,9.78061,1.08940
673.4431,0.01197,9.49569,-0.50519
673.4854,0.42858,9.52682,-0.01676
673.4858,0.11014,8.47094,0.51477
673.5027,-0.11253,10.73353,-0.89067
673.5237,-0.76856,10.51805,1.64487
673.5413,-0.60336,9.66808,1.56825
673.5615,-0.28492,10.10623,-0.70871
673.5837,-0.28013,10.75987,-0.18675
673.6013,-0.56265,10.05356,1.15165
673.6220,-0.18436,10.03201,-0.91940
673.6437,-0.09338,9.10303,0.41182
673.6611,-0.83560,9.78061,0.41182
673.6829,-0.29210,9.73752,-0.62491
673.7036,-0.09098,10.16848,0.61772
673.7211,0.08141,10.13736,-0.08380
673.7684,0.46449,9.74470,-1.50600
673.7684,0.05746,10.00328,-0.11014
673.7841,0.10056,10.14694,0.40463
673.8018,0.04070,10.19243,0.15323
673.8248,0.00239,10.27383,0.76138
673.8419,-0.75659,10.87480,1.04869
673.8621,-0.20351,9.28739,0.32562
673.8862,-0.18915,8.98571,-0.10295
673.9038,0.00000,8.55953,-0.95771
673.9250,-0.03113,9.11022,-1.51797
673.9458,-0.72547,9.50048,0.10774
673.9634,-0.69195,9.42147,0.07422
673.9833,-0.56026,10.00567,0.50759
674.0058,0.03591,10.72396,0.28731
674.0236,-0.28731,9.77582,1.30249
674.0449,-0.56744,10.02962,0.48125
674.0641,0.36154,10.75748,-0.21070
674.0816,-0.16520,10.89395,-0.17718
674.1018,-0.25858,10.84846,0.39745
674.1251,0.12450,10.36003,-0.43097
674.1435,-0.40463,9.48372,-1.32882
674.1689,0.37830,9.79977,0.04070
674.1891,0.07422,9.63935,-1.60895
674.2040,-0.92898,9.91230,0.13647
674.2240,-0.83560,9.82131,0.83800
674.2484,0.35914,9.35443,-0.99602
674.2643,0.37830,8.65051,0.14605
674.2845,0.10056,9.47654,0.78532
674.3078,0.06704,9.48372,-0.71589
674.3240,-1.44135,10.44143,0.40463
674.3446,-0.66561,9.16050,0.64167
674.3681,-0.59139,7.85322,1.54431
674.3878,-0.33041,9.28260,0.94095
674.4078,-0.37830,11.92349,2.17400
674.4300,-0.68955,10.52044,0.76856
674.4462,-0.03591,10.05595,1.34319
674.4764,-0.29689,9.04557,1.15883
674.4861,-0.37830,10.46777,0.94095
674.5040,-0.22506,9.53640,1.27854
674.5240,-0.49322,10.14933,0.08619
674.5479,-1.11334,9.24430,1.81486
674.5639,-0.20351,9.27303,-0.23464
674.5926,0.54589,9.56752,-2.24583
674.6066,0.33759,9.92666,-1.30727
674.6239,0.57463,9.96018,-0.52913
674.6439,0.64167,9.78301,-0.88828
674.6669,0.18196,10.91071,0.03113
674.6839,0.73265,10.19482,0.86194
674.7039,1.23305,9.74949,-0.18196
674.7271,0.24661,10.13018,0.72547
674.7551,0.13887,11.17169,1.24502
674.7640,-0.06225,10.22595,1.18756
674.7862,0.16042,9.78780,2.25301
674.8038,0.67279,9.96018,0.84997
674.8243,0.86194,9.15571,-0.58181
674.8465,0.33280,9.42387,0.62969
674.8934,1.13249,9.41429,0.59617
674.8935,0.84039,9.52443,0.20112
674.9080,-0.12450,9.59865,0.65124
674.9245,0.20591,9.57231,-0.46210
674.9436,0.10535,9.41908,0.24182
674.9656,-0.02155,8.83727,1.91303
674.9835,-0.60096,10.52284,0.91701
675.0105,-0.58420,9.85484,1.22108
675.0261,-0.48604,9.33528,1.81725
675.0435,0.11014,9.98652,-0.74941
675.0634,-0.56265,11.09028,-0.11253
675.0856,-0.18196,9.94103,1.65684
675.1033,-0.11253,10.38876,-0.05507
675.1227,0.14126,8.58587,0.56984
675.1449,0.70152,9.59146,0.31604
675.1650,0.44055,9.79498,0.37830
675.1827,0.13408,8.50686,1.03672
675.2050,0.14366,9.30415,0.47407
675.2236,0.34478,9.70160,-0.94095
675.2471,0.48125,9.16050,-1.25699
675.2697,0.16042,9.34246,-0.84039
675.3031,0.22267,10.54678,-0.13169
675.3196,0.29210,9.88596,1.29530
675.3256,0.32323,10.73593,0.33280
675.3551,0.41900,11.09986,0.20591
675.3635,0.16520,9.48612,0.81405
675.3874,0.44773,9.45020,0.80448
675.4074,-0.07183,10.47974,-0.11493
675.4429,1.04151,10.05356,-0.27055
675.4630,0.96729,7.78618,-0.65603
675.4642,0.78053,10.11821,-0.55547
675.4848,0.11971,10.48692,1.10855
675.5069,-0.02634,9.11740,0.64167
675.5248,0.13408,10.16609,0.24661
675.5464,0.11253,11.06394,0.30647
675.5688,0.64885,9.16768,-0.64645
675.5872,0.83560,10.03201,-0.63209
675.6050,0.12450,10.58748,0.79250
675.6271,-0.05028,9.13176,0.30647
675.6457,0.50998,10.07032,-0.48364
675.6658,0.26098,9.34964,0.78053
675.6882,-0.24422,9.35683,0.37351
675.7057,0.73265,10.24271,0.05746
675.7390,0.58899,9.45260,1.85556
675.7472,-0.06943,9.39513,0.81166
675.7646,0.81405,9.91948,0.84278
675.7845,0.10535,10.36003,3.17241
675.8071,0.05746,9.90990,1.06306
675.8245,0.61772,10.00328,-0.07422
675.8637,0.05986,10.18285,0.78532
675.8779,0.40224,9.40232,0.77096
675.8846,-0.66321,9.95539,0.72068
675.9046,-0.61054,9.19880,2.47089
675.9266,0.12450,8.97853,1.92021
675.9443,0.50759,10.83649,-0.21788
675.9645,0.22746,9.51964,0.90743
675.9869,-0.43576,9.44541,2.18837
676.0159,-0.57463,10.47735,1.65205
676.0241,-1.09179,10.12060,1.69754
676.0462,0.00958,10.63537,0.68955
676.0659,0.82124,7.67844,-2.26498
676.0859,0.59139,9.33767,-1.21629
676.1088,0.09098,9.90512,0.38308
676.1307,-0.08380,10.96338,0.66800
676.1480,-0.22985,9.82131,0.45731
676.1664,-0.32083,9.09106,0.05028
676.1841,0.87630,9.62259,-1.14207
676.2043,1.42938,9.05275,0.43097
676.2288,1.43417,10.01765,-1.01996
676.2484,1.01517,9.30415,-0.55068
676.2659,1.13249,9.50288,-0.11253
676.3021,0.64167,8.97853,0.95532
676.3079,1.13728,11.32253,-1.10615
676.3286,0.29928,10.88677,-0.46928
676.3486,0.26337,9.05754,0.88349
676.3686,0.67997,9.39513,-1.41023
676.3886,0.59378,8.28898,0.69434
676.4271,-0.11014,9.64893,-0.29450
676.4399,-1.03912,10.71917,1.37192
676.4489,-0.51716,9.29218,1.76697
676.4690,-0.90504,9.79977,2.09020
676.4890,-0.45491,10.37200,1.11334
676.5085,-0.15563,9.53879,3.06946
676.5311,-0.51237,10.31454,2.95693
676.5665,-0.82363,10.74072,2.18358
676.5814,0.07662,9.38077,1.05348
676.5891,-0.16520,9.95539,0.85236
676.6064,-0.13169,8.75826,-0.18196
676.6263,-0.22746,9.18204,-0.15084
676.6496,-0.45252,10.24989,-1.29530
676.6677,0.08619,10.39834,-1.25699
676.6890,0.21070,10.06553,0.37590
676.7235,0.23703,9.81653,0.06704
676.7259,0.49083,10.13496,0.17957
676.7465,0.47885,10.83170,0.97686
676.7690,0.50759,10.72156,-0.33041
676.7867,0.44773,11.06155,-0.64406
676.8068,0.57463,9.10064,0.91461
676.8444,0.52195,8.63854,1.35037
676.8615,0.34956,9.42387,0.96729
676.8664,0.40224,9.33528,0.33520
676.8886,-0.06943,9.15810,0.96968
676.9080,-0.53153,8.87797,1.50121
676.9279,-0.05028,9.97934,0.66082
676.9500,0.56744,8.80135,0.38308
676.9849,0.37830,9.48372,0.24661
677.0001,0.27295,10.27623,0.64167
677.0084,-0.22746,10.43186,0.13887
677.0262,0.15563,10.33130,-0.02394
677.0461,-0.13169,10.16130,0.16999
677.0699,0.20591,9.13655,-1.05109
677.0879,-0.03591,10.19003,-0.75420
677.1085,-0.09098,9.39513,1.84838
677.1339,0.47407,8.91628,0.12929
677.1485,0.66082,9.68484,-1.15883
677.1660,0.17478,9.48133,0.59139
677.1888,0.33520,9.56752,1.00081
677.2076,0.69434,10.24031,-0.74462
677.2277,0.41900,9.80216,0.08859
677.2498,0.16281,9.92427,0.40942
677.2772,0.65603,9.86681,0.79250
677.2864,0.17239,10.44622,-0.16281
677.3084,-0.24661,10.47974,0.97208
677.3264,-0.17718,9.94342,1.67120
677.3468,-0.15323,9.65372,0.32802
677.3698,0.34956,9.11740,0.61533
677.3904,0.69913,9.23472,1.01517
677.4103,0.22985,9.84047,0.39984
677.4290,0.77335,9.05994,0.10056
677.4474,0.38787,9.47654,0.19633
677.4671,0.05507,10.31932,0.70152
677.4911,0.00718,9.70400,0.05267
677.5079,-0.10774,9.58907,0.94574
677.5290,-0.45970,9.85244,0.81645
677.5566,-0.00239,10.36721,1.12531
677.5671,0.39506,9.91230,0.29928
677.5874,0.33759,9.48372,-0.19394
677.6118,-0.06704,9.75667,0.94334
677.6289,0.01197,10.51565,1.15643
677.6510,0.36154,10.59706,-0.82842
677.6884,0.40463,9.57471,-0.36872
677.7040,0.44534,9.09824,0.05986
677.7075,0.53871,10.14933,0.33759
677.7298,0.39506,9.33767,-0.80208
677.7471,-0.19633,10.56115,0.64885
677.7671,-0.33280,9.73752,2.31526
677.7894,0.32562,9.06233,0.52913
677.8097,0.03831,9.31373,0.10295
677.8409,-0.11971,8.90431,1.27136
677.8499,-0.21309,9.73033,1.53952
677.8671,0.15084,9.79737,-0.95771
677.8890,-0.00718,9.74230,-1.69275
677.9116,0.14366,9.93863,-0.04070
677.9294,0.45012,9.47654,1.00799
677.9505,0.78532,8.93304,0.32562
677.9859,0.12929,9.68724,0.86194
677.9930,0.68476,10.20919,0.31844
678.0093,0.35435,10.39594,0.95053
678.0316,0.22746,10.53481,-1.12052
678.0491,0.18675,9.97455,-0.62012
678.0691,0.13647,9.75906,-0.25379
678.0931,0.14366,9.91948,0.77575
678.1103,0.17957,10.89874,-1.27854
678.1292,0.24182,11.17408,-0.50519
678.1513,0.23703,8.83487,1.53473
678.1693,0.51237,8.32010,1.23066
678.1893,0.35196,8.40630,0.25140
678.2116,1.23066,8.73671,0.31365
678.2599,0.76617,9.24430,1.48684
678.2600,0.00239,7.63295,-0.34956
678.2758,0.10535,10.14694,-2.15724
678.2917,0.20112,9.35683,1.14207
678.3106,-0.07183,8.10462,2.03753
678.3337,-0.36872,10.04638,2.18837
678.3491,-0.27055,9.43105,2.85637
678.3873,-0.26816,9.25148,0.77096
678.4033,-0.62012,9.98173,3.23945
678.4126,0.06465,10.18764,1.35995
678.4285,0.48604,9.69442,0.28492
678.4532,-0.24182,10.39834,1.23305
678.4729,-0.59139,9.66329,2.39667
678.4930,-0.45012,10.34327,2.61215
678.5325,-0.31604,9.47175,1.02475
678.5496,-0.31604,9.61301,0.19633
678.5496,-0.40224,9.75667,0.40942
678.5715,-0.15084,9.77582,-0.18915
678.5891,0.08380,9.61062,-1.29530
678.6105,0.17718,10.18046,-1.51797
678.6343,0.34238,9.76625,1.59459
678.6694,-0.02155,9.15331,0.91222
678.6850,-0.06465,11.49491,0.29689
678.6920,0.28731,10.79100,0.01676
678.7089,-0.23943,10.41510,0.66800
678.7289,-0.14605,11.06155,1.27375
678.7535,-0.23943,9.86441,0.25379
678.7712,0.02394,10.32411,-0.49083
678.8075,-0.13647,9.49091,-0.73504
678.8231,0.00718,9.30176,-0.47646
678.8286,0.64645,9.36640,-1.56346
678.8495,-0.01915,10.63058,-1.37431
678.8729,-0.62491,9.51245,-0.40942
678.8906,-0.54350,9.68963,0.84518
678.9088,-0.48604,9.34964,1.65205
678.9518,-0.08859,9.00966,0.62251
678.9518,-0.01676,9.17007,0.88109
678.9707,-0.59139,10.01046,1.03912
678.9913,-0.67997,10.14694,1.24263
679.0089,-0.58420,11.22436,1.44135
679.0303,-0.17718,9.15331,0.44773
679.0526,-0.26098,9.22514,1.26897
679.0719,-0.30647,9.87878,2.07344
679.0921,-0.44773,10.45340,1.37671
679.1132,-0.09338,8.82769,0.40703
679.1288,-0.14605,9.39274,-1.44614
679.1490,-0.01915,8.86121,0.18915
679.1730,0.16281,9.72315,-0.05028
679.1893,0.14845,9.20838,0.19154
679.2103,0.21070,8.69601,-1.12291
679.2403,0.00239,9.43584,0.62251
679.2502,-0.12690,9.79019,0.97447
679.2701,-0.18675,10.67847,0.45731
679.2913,0.53632,10.32411,-1.61853
679.3102,-0.14605,9.22035,-0.72547
679.3305,-0.13887,9.63935,0.56505
679.3560,0.29450,9.01923,1.99922
679.3840,-0.44294,9.42626,0.91701
679.3988,-0.51716,10.01765,-0.52435
679.4111,-0.61054,9.58668,1.07742
679.4297,-1.08221,9.31133,0.19154
679.4488,-0.39984,9.79258,1.09179
679.4711,-0.58899,10.34806,0.25379
679.5043,-0.09098,9.42147,0.20830
679.5134,-0.57223,9.93863,1.53234
679.5313,-0.08380,9.95539,2.14766
679.5484,-0.48604,10.35045,2.17640
679.5696,0.10295,10.54678,0.12929
679.5909,0.15084,9.68245,0.61772
679.6085,-0.23224,9.88596,1.89627
679.6293,-0.22267,9.38077,2.39667
679.6503,0.28252,9.62259,0.93856
679.6676,-0.41182,10.38397,0.62969
679.6883,-0.57702,9.64893,0.87870
679.7104,-0.35435,9.63217,1.71191
679.7274,-0.57223,11.00169,1.03672
679.7474,-0.38308,9.86681,0.67279
679.7759,-0.60815,11.06394,0.43576
679.7875,-0.42139,9.83808,0.18915
679.8073,-0.37111,10.78621,0.56505
679.8294,0.65124,10.04877,-0.79969
679.8479,0.28731,10.10145,1.41741
679.8679,-0.55068,11.21957,1.13249
679.8944,-0.82842,9.25866,2.43977
679.9097,-0.29928,9.19880,0.89546
679.9404,0.03591,9.34964,-0.09338
679.9507,-0.07901,9.06951,-0.94095
679.9689,0.07183,9.66808,-1.08940
679.9882,-0.55068,9.24669,1.41980
680.0115,-0.01676,9.55555,0.75180
680.0281,-0.07901,9.42387,0.41182
680.0480,0.01437,10.28102,-0.58899
680.0762,0.32802,10.32651,0.18915
680.0878,0.30407,10.42467,1.10376
680.1075,0.22267,10.40312,1.86035
680.1304,0.11732,8.79657,0.28492
680.1481,0.68955,8.84685,-0.90264
680.1681,0.36393,9.30894,-0.09338
680.1907,-0.50280,9.51006,1.06545
680.2081,-0.04549,9.43105,1.72867
680.2282,-0.59857,10.20440,1.74064
680.2506,-0.47646,9.21796,1.13489
680.2680,-0.33759,10.63058,0.95053
680.2880,0.14126,10.03441,1.99204
680.3126,0.48604,9.74230,1.97528
680.3455,-0.49083,9.25387,1.54431
680.3616,-0.19154,9.12937,0.72786
680.3708,-0.36154,9.31852,0.65843
680.3884,-0.64167,10.42946,0.24182
680.4084,-0.28013,8.98811,2.06865
680.4308,0.30168,10.39834,1.44854
680.4501,0.34717,9.80455,-0.54589
680.4706,-0.01437,10.14694,-1.13249
680.5013,-0.63927,10.85085,2.04711
680.5156,-0.28013,9.57710,1.19714
680.5283,-0.11253,10.06553,0.36154
680.5508,0.09098,9.91469,-1.49882
680.5683,-0.12690,9.42626,-0.60575
680.5901,-0.29450,10.26665,-0.33520
680.6130,-0.39027,9.15810,0.92898
680.6323,0.12450,9.77582,0.79729
680.6482,0.24661,9.67526,-0.56505
680.6707,-0.09338,10.17806,-0.64167
680.6887,-0.16042,9.85484,-0.33999
680.7104,-0.35435,9.62259,0.13647
680.7329,-0.27295,9.95061,0.19394
680.7605,0.39266,9.86681,0.35675
680.7809,0.00479,10.64016,-0.15802
680.7926,0.79729,9.71357,-1.34319
680.8084,0.26816,9.36401,-0.35914
680.8282,0.26816,9.43344,-0.26098
680.8508,0.43097,9.81174,-1.13967
680.8683,0.50759,9.40711,-0.65603
680.8885,0.02394,9.78780,-1.37671
680.9106,0.32323,9.61062,-0.24422
680.9283,-0.15802,10.04398,-0.61533
680.9500,-0.20112,9.38316,0.64406
680.9744,0.08859,9.84047,0.97208
680.9931,0.07183,10.31454,0.31126
681.0123,0.32083,9.86202,0.64406
681.0505,0.13408,10.48213,0.29450
681.0505,0.06225,9.93863,0.79969
681.0682,-0.22746,9.76625,0.92658
681.0909,0.03591,10.88677,-0.40942
681.1095,0.26576,9.80934,0.26576
681.1299,0.56505,8.97135,0.27295
681.1523,0.35914,8.79896,-0.14605
681.1698,0.35675,9.97215,0.66082
681.2076,-0.10774,9.86202,1.66881
681.2106,-0.78053,9.96497,0.37351
681.2375,0.02873,8.78220,2.56427
681.2482,0.27774,8.42306,0.35675
681.2700,-0.22027,9.45978,1.02714
681.2883,0.20830,10.69044,1.11813
681.3098,-0.18196,9.91948,2.58821
681.3420,0.03113,10.85325,0.47646
681.3484,-0.03113,9.17007,0.84757
681.3679,0.29450,10.04159,0.79969
681.3898,-0.21788,9.34964,1.61614
681.4082,-0.01437,9.68245,1.67839
681.4282,-0.22506,9.45978,1.36713
681.4665,-0.03352,9.94821,0.01437
681.4814,0.74701,9.57471,-0.76377
681.4883,-0.03352,9.72076,-0.46688
681.5106,0.05028,9.40711,0.52435
681.5283,-0.06704,9.04078,0.96729
681.5502,-0.46928,9.67287,2.15485
681.5711,0.00000,10.39834,-0.91222
681.6183,0.46449,10.40791,-0.62012
681.6183,-0.38069,10.06553,-0.66082
681.6335,-0.90743,10.34087,1.00560
681.6481,0.04549,10.27144,1.76937
681.6940,0.30886,10.63058,0.79490
681.6957,0.16042,10.08708,-0.08380
681.7119,0.13887,10.08947,0.88588
681.7281,0.21309,9.83089,0.14605
681.7576,-0.41660,9.25148,0.38069
681.7689,-0.01915,9.66090,-0.11014
681.7878,0.17239,9.53879,-0.88588
681.8104,-0.19154,10.24271,0.36632
681.8282,0.16999,8.96656,0.31365
681.8481,-0.24182,10.23553,0.84039
681.8718,-0.45252,10.47016,-0.19633
681.8937,0.58181,8.88994,-0.10774
681.9088,-0.27534,9.50288,2.43977
681.9322,-0.53153,10.41988,-0.15802
681.9480,0.44534,9.61541,0.10535
681.9681,-0.26576,10.64016,-0.07422
681.9907,-0.27055,10.03201,0.84757
682.0186,0.29210,10.80057,0.08619
682.0381,0.16281,9.84765,-1.03433
682.0505,-0.26816,9.13895,0.76377
682.0679,-0.42618,9.50767,1.26178
682.0896,0.31126,9.64414,-1.20432
682.1105,0.31365,9.27542,0.89306
682.1282,-1.09658,10.12778,0.67040
682.1518,-0.02394,9.09106,1.61374
682.1865,0.10056,9.31852,-0.61772
682.1880,-0.68716,9.84286,1.05588
682.2080,0.38548,9.96737,3.39508
682.2302,0.33759,9.58428,0.03352
682.2480,0.27055,9.86920,0.27055
682.2679,0.35675,10.21877,0.47407
682.2904,-0.10056,9.63456,0.70871
682.3116,-0.18675,9.53400,0.44294
682.3284,-0.03591,8.83009,-1.36234
682.3506,-0.33041,9.21317,0.67279
682.3683,-0.20351,10.13496,1.13010
682.3884,0.71110,9.38795,0.75899
682.4107,1.28094,9.17486,1.36953
682.4283,-0.24422,10.12778,1.74543
682.4583,0.05267,9.87399,1.92260
682.4699,-0.06704,10.17806,-0.79250
682.4881,-0.40942,9.43584,1.24981
682.5078,-0.38069,10.50129,2.42540
682.5303,-0.03831,9.84047,-0.38787
682.5481,0.63209,8.71277,0.33520
682.5842,0.00000,9.59625,0.17718
682.6016,0.28252,9.15571,-0.31126
682.6099,0.20830,10.38636,0.59378
682.6276,-0.02155,9.86202,0.27534
682.6499,0.10295,9.94342,1.85077
682.6684,-0.12450,10.15412,0.35914
682.6876,0.20591,10.11102,-0.33041
682.7108,0.27295,9.47893,0.74223
682.7408,-0.23464,9.53640,0.11971
682.7484,-0.18196,8.94740,0.20112
682.7709,-0.37351,10.81494,-0.04310
682.7883,0.46210,9.00008,-0.33041
682.8085,0.05746,9.89314,-0.70631
682.8309,-0.33520,10.13018,-1.75261
682.8486,-0.40224,9.57471,-0.30168
682.8685,-1.06066,10.23792,0.75659
682.8925,-0.44294,11.33689,-0.37590
682.9110,-0.06943,9.72076,0.80448
682.9311,-0.22746,10.03680,-0.98884
682.9536,-0.56744,9.51485,1.80768
682.9711,-0.11014,9.60822,0.43815
683.0065,0.07183,9.60104,-0.41182
683.0229,0.26337,9.76625,-2.35836
683.0289,-0.11253,9.34007,-1.17080
683.0489,-0.72547,10.06553,-0.01437
683.0714,-0.54111,10.41988,0.23224
683.0942,-0.46210,10.66171,-0.47167
683.1098,-0.05986,10.53002,-1.37910
683.1509,0.01437,10.25947,-0.75659
683.1655,0.28013,9.47893,0.82124
683.1714,-0.28731,10.91550,1.14446
683.1919,-0.34956,9.62738,-1.38389
683.2096,0.56984,10.08469,-0.95053
683.2299,0.32323,8.69122,-0.96489
683.2524,0.10295,9.65372,-0.86912
683.2698,0.19154,10.05835,0.31604
683.2933,0.39506,9.10303,0.26576
683.3121,0.07422,8.72713,-0.62491
683.3295,-0.24422,10.02004,-0.04789
683.3523,-0.40463,8.87558,1.38150
683.3762,-0.46210,9.44541,0.04310
683.3941,-0.45491,10.28341,0.69673
683.4308,-0.41660,10.31214,-0.67758
683.4450,-0.32083,10.57551,1.45811
683.4544,0.23224,10.34327,0.44055
683.4717,-0.23703,10.11821,0.59857
683.4953,0.11971,10.48453,-1.00081
683.5131,0.22267,9.33288,-0.97686
683.5331,-0.22506,8.71995,-0.89785
683.5724,-0.16760,10.33608,1.81725
683.5857,-0.30168,9.30415,1.71909
683.5921,-0.17957,9.81892,-0.46210
683.6139,0.25858,9.24908,-2.17400
683.6316,0.11253,9.37119,-2.55948
683.6518,-0.56026,10.19961,-0.87391
683.6740,-0.55547,10.15412,0.44055
683.6932,-0.33759,10.51565,0.99123
683.7155,-0.17957,10.55396,-0.44773
683.7336,-0.32802,10.18285,-0.21309
683.7515,-0.37351,10.18764,-0.66800
683.7715,-0.62491,10.30735,-0.37351
683.7947,-0.96968,10.19722,1.60656
683.8159,0.39266,9.66569,-0.77814
683.8317,0.56026,9.01684,-1.14207
683.8608,-0.22267,9.88836,-0.02394
683.8738,-0.27534,9.96737,0.25140
683.8912,-0.20351,9.13416,1.19953
683.9136,-0.01197,9.54119,0.90504
683.9311,-0.17239,8.67925,0.08619
683.9513,-0.04070,9.73273,-0.77575
683.9734,0.08141,9.80934,-0.23943
683.9906,0.53153,8.57390,0.72307
684.0108,-0.03831,9.58428,1.82204
684.0331,-0.46449,9.99131,-0.22985
684.0506,-0.53871,10.56115,1.25221
684.0704,-0.99841,9.86681,0.52195
684.0925,-0.99602,10.03201,2.01119
684.1100,-0.55308,10.15651,0.53392
684.1415,-0.61533,10.05117,0.70392
684.1531,-0.53153,10.16848,0.54589
684.1705,-0.39984,10.46298,-0.23464
684.1902,-0.39506,9.39753,0.59378
684.2128,-0.04789,10.17088,1.08221
684.2302,-0.81166,8.79896,2.11414
684.2504,-0.30647,9.52203,0.72307
684.2725,-0.05028,9.86441,-0.52435
684.2902,-0.09338,9.44302,-0.87391
684.3099,-0.13647,9.27781,0.78532
684.3324,-0.33280,9.79977,-0.52195
684.3498,-0.29450,9.67526,1.26178
684.3704,-0.96250,10.34327,0.54350
684.3925,-0.05028,9.61301,1.22347
684.4102,0.11014,9.33288,1.06066
684.4310,-0.38069,9.18683,0.72547
684.4531,-0.66082,10.69762,-0.05746
684.4709,-0.72786,10.46777,-0.14605
684.4910,-0.25140,9.63935,-1.27136
684.5135,-0.14845,9.64174,0.07901
684.5308,0.39027,9.35204,-0.43097
684.5525,0.15563,10.68086,-0.35675
684.5735,-0.17478,9.65611,-1.38150
684.5908,0.05746,10.02962,-1.30249
684.6110,0.11014,9.85723,-0.69195
684.6333,-0.03352,9.97215,0.39984
684.6509,-0.07422,9.95539,0.79490
684.6779,-0.20112,9.44781,0.05746
684.6946,0.36393,10.17327,-0.59139
684.7112,0.17957,8.08786,-1.13010
684.7308,0.38548,9.68005,0.14126
684.7534,-0.32323,11.02564,1.43178
684.7707,-0.94574,9.45978,0.81645
684.7907,0.03352,10.18764,-1.13489
684.8133,0.04789,9.64893,-0.88828
684.8342,0.06225,9.21317,0.38548
684.8506,-0.34238,11.28422,0.86912
684.8734,-0.63927,9.51964,1.67839
684.8907,0.08141,9.96976,-0.74462
684.9126,0.42139,9.82850,-1.49882
684.9364,-0.12450,9.85005,0.04070
684.9635,-0.39266,10.05595,1.99204
684.9726,-0.97447,9.90033,1.34319
684.9948,-0.04070,8.98811,0.78053
685.0126,-0.28731,8.92346,-0.46210
685.0328,-0.59617,9.75906,-0.51477
685.0563,-0.89546,9.66808,1.98964
685.0726,-0.75180,10.29299,1.68557
685.1004,0.10774,8.99050,1.13967
685.1184,0.29210,10.12299,-1.85556
685.1325,0.49561,10.08469,-0.72068
685.1525,0.43815,9.87878,1.13967
685.1750,-0.58181,9.95539,0.93616
685.1927,-0.14845,9.64174,1.50121
685.2126,-0.02394,9.71357,0.08141
685.2348,-0.12211,10.47495,-1.52994
685.2526,0.45491,9.58907,0.59857
685.2725,-0.12929,10.04877,0.56026
685.2946,0.29689,10.23553,-0.44773
685.3125,-0.01437,9.54597,-0.05507
685.3326,0.29210,9.64414,-0.43576
685.3550,-0.20351,9.84047,0.99362
685.3725,-0.05028,10.64016,-0.05507
685.3929,0.30168,9.96258,0.70152
685.4147,0.31604,8.86839,-0.57941
685.4326,0.75180,9.79977,-1.00320
685.4528,0.53392,8.88994,-0.05986
685.4748,-0.30886,9.88357,0.07662
685.4943,0.09817,10.07511,1.43178
685.5148,-0.71349,9.55795,0.98165
685.5377,-0.26816,9.97455,0.08141
685.5526,0.00958,10.10384,0.69195
685.5726,-0.47407,10.29299,1.31206
685.5944,-0.37590,10.74072,1.49882
685.6119,-0.12690,9.74230,1.96809
685.6324,0.21309,9.50288,-0.29689
685.6547,0.69434,9.61780,-2.48765
685.6734,0.21788,10.49889,-1.62811
685.6924,-0.20112,9.20359,1.01996
685.7148,-0.21309,8.91389,0.79011
685.7325,-0.28731,9.28739,0.59378
685.7549,0.31844,10.09187,-0.31126
685.7755,-0.08380,9.74470,-0.90982
685.8066,0.15323,9.96018,-0.21788
685.8240,0.26337,10.42946,0.68716
685.8353,0.15323,9.17965,0.46210
685.8530,-0.34478,11.32013,-0.48125
685.8733,0.19872,10.21637,-0.87152
685.8954,-0.06943,10.25229,-0.01197
685.9130,-0.20351,9.81413,1.46530
685.9340,-0.14845,9.63696,1.81247
685.9558,0.13408,8.59784,0.90025
685.9730,-0.17957,9.47415,-0.68476
685.9937,-0.10774,8.87797,-0.45012
686.0177,-0.27295,9.45260,0.83321
686.0369,-0.39027,9.42626,1.64008
686.0566,-0.27055,9.34725,0.18675
686.0773,-0.13647,9.91948,-0.64645
686.1058,0.22027,10.33369,-1.41023
686.1193,0.09817,9.69202,0.06943
686.1354,0.16042,9.84526,2.22668
686.1531,-0.76377,9.91230,1.67120
686.1730,-0.27295,11.20760,-0.57702
686.1975,0.05507,9.34485,-1.80528
686.2136,-0.38787,9.71836,-0.45012
686.2421,0.35675,8.77262,-0.11014
686.2549,0.46449,10.47256,-0.26337
686.2730,0.23224,9.67766,-0.34956
686.2930,0.29928,9.55316,-1.87472
686.3171,0.17239,9.76864,-1.35516
686.3347,-0.53871,9.28021,-1.10376
686.3731,-0.60096,9.98891,0.93616
686.3900,-0.19872,9.94103,0.61533
686.3949,-0.14366,9.85962,0.62251
686.4135,-0.11971,10.02004,-0.40463
686.4353,-0.09338,10.24031,-0.82124
686.4532,-0.38069,9.41908,0.37830
686.4730,-0.38787,9.72554,0.63448
686.5149,0.24900,9.92666,-0.85715
686.5151,-0.03113,10.32411,-0.58899
686.5325,0.66321,9.13416,-1.24263
686.5553,0.61293,9.42626,-0.75180
686.5726,0.32083,8.98811,-0.73983
686.5930,0.04549,10.41031,0.43097
686.6154,0.53153,9.62259,-0.49801
686.6344,-0.25140,9.38077,-0.50280
686.6668,-0.49083,10.36960,-0.94095
686.6758,0.17957,10.49411,0.05267
686.6935,-0.60096,9.48612,1.76697
686.7133,-1.04630,10.74311,0.61293
686.7362,-0.40463,9.29697,1.33122
686.7532,-1.05109,9.68245,0.82842
686.7733,-1.07982,10.09666,0.12211
686.7980,0.20112,9.40950,0.52913
686.8129,0.20830,9.16289,1.35995
686.8332,0.43576,9.60344,0.44055
686.8553,0.42618,9.41429,0.10295
686.8730,0.13169,9.58428,-0.09338
686.8930,0.35914,9.45499,0.78772
686.9391,-0.09817,10.01286,1.40065
686.9391,-0.25140,10.11102,2.53314
686.9577,-0.64167,9.97455,2.01119
686.9756,-0.25379,10.11342,-0.12211
686.9930,0.23703,9.08148,1.05109
687.0163,0.29928,9.76385,0.61772
687.0388,0.18675,9.02163,-0.83081
687.0703,0.16520,9.06233,0.33280
687.0851,-0.59617,9.65132,0.42379
687.0957,0.38069,9.63456,0.05267
687.1147,0.23943,9.29936,0.83321
687.1370,-0.73025,10.31454,1.37192
687.1591,-0.65843,10.30496,1.02954
687.1765,-0.55787,9.89554,-0.94095
687.2203,0.03352,10.23792,-0.88109
687.2205,0.36872,10.64973,0.23703
687.2358,0.90982,9.43584,1.12770
687.2526,-0.36632,10.46777,1.38389
687.2753,-0.27055,9.72554,-1.13728
687.2935,0.54589,9.15571,-0.05746
687.3173,-0.19154,9.45020,-0.77814
687.3357,-0.46449,8.86839,0.48604
687.3541,-0.33759,8.88515,0.41900
687.3763,-0.27295,9.89314,-0.78053
687.4100,-1.05827,9.58428,-0.81884
687.4153,-0.19633,10.70959,-1.00320
687.4346,0.45970,8.58108,1.85077
687.4570,-0.25140,9.24190,1.07024
687.4749,0.26816,10.34087,-1.63529
687.4952,0.70152,9.91948,-2.13090
687.5178,0.05507,10.32651,-0.53871
687.5359,0.27055,10.45819,0.44055
687.5563,0.01197,9.74470,0.12929
687.5790,-0.64885,10.22595,-0.23464
687.5964,0.36872,8.94501,-0.80208
687.6161,-0.47167,10.43904,-0.92658
687.6386,-0.42618,9.96258,-0.11253
687.6562,0.07183,9.50288,-0.13647
687.6760,-0.04789,9.79498,-0.69195
687.6985,0.05028,10.15412,-1.21869
687.7158,0.33759,9.73273,0.24661
687.7374,0.09338,9.33288,1.13489
687.7592,0.23943,9.86441,-1.07982
687.7768,0.00479,10.55396,-0.96489
687.7968,0.00000,9.37359,-0.25140
687.8193,-0.21788,10.34327,1.09658
687.8369,0.23224,9.08627,1.68557
687.8572,0.16042,10.07750,0.69434
687.8794,-0.02873,9.28500,-1.53952
687.9036,0.18915,9.55316,-1.98725
687.9197,-0.02634,9.77582,-0.70631
687.9389,-0.46210,9.49091,0.45012
687.9568,-0.22267,9.61780,0.20112
687.9776,-0.48364,9.07670,-0.13647
687.9995,-0.36632,9.03120,0.54350
688.0169,-1.56107,10.41510,0.98644
688.0370,-0.98405,9.86441,2.68398
688.0596,-0.32562,10.00807,2.11893
688.0778,-0.67040,10.33608,0.67519
688.0986,-0.02873,10.83409,-0.53153
688.1191,-0.01676,10.24989,0.32323
688.1368,0.28252,9.54597,0.43576
688.1571,0.38787,9.65611,0.47407
688.1792,-0.05028,10.64973,-1.09179
688.2029,-0.11493,8.66249,-0.78053
688.2168,-0.06943,9.98891,-0.97447
688.2391,-0.51956,10.44143,0.01915
688.2571,-0.69913,9.77104,1.42938
688.2768,-0.42139,10.09666,-0.67758
688.2993,-0.35675,10.19722,-0.66561
688.3168,0.01197,10.15172,2.04471
688.3367,-0.47407,10.65213,2.43498
688.3630,0.53871,10.12778,-1.92260
688.3779,-0.17478,10.11342,-0.44534
688.3965,0.01676,10.26904,-0.80926
688.4193,0.42139,9.52921,-0.55308
688.4372,-0.38069,9.76625,1.47248
688.4570,-0.23943,9.26345,1.32643
688.4882,-1.05588,9.39274,1.92500
688.4974,-0.48843,9.33528,-0.53871
688.5172,-0.02634,10.00328,-0.90982
688.5394,-0.50998,9.42865,0.04789
688.5569,0.05267,10.21158,0.71828
688.5771,0.11014,9.06951,1.69515
688.5995,-0.29450,9.59146,0.33520
688.6219,0.93616,9.04796,-0.45252
688.6371,-0.48604,9.86681,-0.67997
688.6594,-0.34956,10.66410,0.54350
688.6772,-0.65364,9.11500,1.64247
688.6973,0.28013,9.65372,1.31206
688.7209,-0.12211,8.90191,0.45491
688.7437,-0.65364,11.16211,0.73744
688.7589,-3.04791,12.40953,-1.09897
688.7795,-1.11094,8.51644,3.84760
688.7969,-1.28333,10.75987,3.32565
688.8181,1.97288,9.10782,-0.63927
688.8392,0.11253,8.21476,-1.37431
688.8569,1.39347,10.69523,-3.59620
688.8771,1.88429,10.24510,-2.77975
688.9033,-1.04630,9.74230,-1.58022
688.9168,0.16042,10.53241,-0.46210
688.9372,-1.36474,9.65611,0.04310
688.9594,-0.69195,10.39115,-0.31604
688.9788,-2.18118,10.36482,2.21949
688.9988,-0.80687,14.88042,3.61775
689.0212,-0.08859,12.26108,3.81887
689.0474,5.80851,6.28737,-5.43022
689.0573,-3.55071,9.82610,-3.30410
689.0790,-3.54832,9.54597,-0.33759
689.0969,-1.40065,10.27623,5.65049
689.1182,3.14368,3.95295,-2.03513
689.1392,1.68318,5.86358,3.22509
689.1575,-2.61455,14.30340,6.13892
689.1777,3.88591,20.03769,0.12450
689.1996,-3.47649,2.55469,0.68955
689.2173,2.11175,9.10303,-10.53960
689.2372,-4.16604,7.19480,-1.69275
689.2596,-1.92979,14.07594,-2.01598
689.2797,1.44375,12.54839,1.13249
689.2994,-0.35435,8.89713,-1.67360
689.3210,4.83165,9.85005,1.92739
689.3375,1.56586,10.09666,1.29291
689.3577,-2.38470,11.07352,-3.58423
689.3799,0.37111,9.18444,0.69913
689.3976,-0.30647,8.88037,0.94334
689.4176,-0.38308,8.61699,0.40463
689.4586,-0.11732,10.42467,-0.83800
689.4587,-0.24182,8.30334,-1.62571
689.4773,0.16999,10.60664,-0.49083
689.4995,-0.02155,9.17726,0.47646
689.5184,-0.68476,10.42707,0.29210
689.5373,0.40224,9.17486,0.56984
689.5596,-0.24422,9.68724,0.06465
689.5775,0.27295,10.90832,-0.03591
689.6091,-0.37351,9.86681,-0.58420
689.6221,-0.29450,9.76385,-0.46688
689.6381,-0.23224,10.52523,-0.99362
689.6581,-0.29928,9.62738,-0.18675
689.6818,0.35435,10.99451,-0.37830
689.6995,-0.01437,8.47573,0.14366
689.7197,-0.19154,9.75188,-0.19633
689.7531,-0.20112,10.42228,-1.17319
689.7578,0.08141,10.46059,-1.52036
689.7782,-0.61293,9.77822,-0.84278
689.8008,-0.77096,10.83409,-1.58740
689.8198,0.52435,8.02800,0.64885
689.8396,-0.37111,11.69124,-0.04789
689.8621,0.41421,10.71677,0.16042
689.8801,0.34956,9.24430,-0.46210
689.9006,0.09338,10.62340,-0.36393
689.9214,-0.39984,9.55795,-0.39984
689.9393,0.56984,9.95300,-0.77814
689.9595,-0.47646,9.02402,-0.68237
689.9836,-0.45012,8.84924,-0.61772
689.9996,-0.35675,9.12698,-0.58899
690.0366,-1.11334,10.76945,-0.80926
690.0434,0.39506,9.31852,-0.71110
690.0596,0.09577,8.93543,-3.08143
690.0795,0.81405,9.33767,-1.52515
690.1032,0.21309,9.28260,-1.26897
690.1218,-0.15084,11.31534,-0.81166
690.1415,0.41182,10.05117,-0.56984
690.1643,-1.02714,10.28102,0.09577
690.1811,0.14605,9.71357,0.07183
690.2010,0.27055,9.47175,0.01915
690.2236,-0.14845,10.79818,-1.04630
690.2404,-0.22746,9.71836,0.67040
690.2604,0.54589,10.23553,0.78293
690.2994,0.52195,9.94342,-0.46928
690.3010,0.63927,10.56594,-0.71110
690.3201,-0.16520,9.78061,-0.03831
690.3425,-0.38787,9.68245,0.54589
690.3598,0.73744,9.05275,0.64167
690.3800,-0.39745,9.47654,-0.76138
690.4025,-0.32323,10.87001,-0.22267
690.4200,0.33520,9.11500,-0.96489
690.4588,0.27055,10.12060,0.23703
690.4621,-0.62251,9.39035,1.19714
690.4797,0.28731,9.73512,-1.10615
690.4997,0.31604,10.74790,-0.26576
690.5222,-0.25379,10.52763,-1.15404
690.5399,1.07982,9.14613,0.34717
690.5598,-0.56744,9.99849,-0.80687
690.5852,-0.68237,9.81413,0.05507
690.6005,-0.34956,11.26746,1.06785
690.6197,-1.02475,9.47893,1.71670
690.6422,-0.31844,9.64414,0.08619
690.6598,-0.38308,10.13736,0.47885
690.6796,0.34956,8.92346,0.19633
690.7019,0.34956,8.13575,0.12929
690.7194,-0.47646,10.53481,-1.15165
690.7397,0.45012,9.17965,-0.07901
690.7617,-0.20591,9.59386,0.56265
690.7789,0.37351,9.85244,-0.78053
690.7999,0.04070,9.07670,0.75420
690.8220,-0.25858,10.77903,0.09098
690.8401,-0.77814,9.57471,0.08619
690.8623,0.16520,10.65931,-0.65124
690.8820,-0.04789,9.70639,0.40463
690.8993,-0.03352,10.12060,1.25699
690.9237,0.70871,9.74470,0.90504
690.9485,0.61533,8.80614,0.40224
690.9594,1.15883,9.44541,2.02556
690.9805,0.53871,9.19402,-0.15323
691.0066,0.75659,9.27063,1.21869
691.0203,0.32083,9.53640,-0.49083
691.0409,-0.83560,9.65611,1.02236
691.0665,0.86194,11.24351,0.55308
691.0821,-0.36154,9.28500,1.88429
691.1023,-0.45252,10.71438,-0.49322
691.1316,-0.01197,10.61861,0.81884
691.1440,-0.05267,9.88596,-0.74941
691.1598,0.70152,10.43186,-0.42858
691.1819,0.71349,10.22834,-0.30886
691.1996,1.55149,9.35922,0.43576
691.2195,0.21548,10.48692,1.63768
691.2419,0.15802,12.78782,2.40864
691.2595,-0.87152,6.73270,-7.74787
691.2799,0.76138,8.24828,-4.70714
691.3017,1.20432,8.64333,-2.34160
691.3198,1.05348,9.69202,-0.97208
691.3402,1.25939,10.67368,-1.57543
691.3625,0.09577,10.14454,1.20193
691.3808,0.45970,9.43823,1.56825
691.4008,2.38230,11.23154,-0.17239
691.4243,0.36393,10.49650,2.57624
691.4415,-1.60177,11.53562,-0.31365
691.4615,-0.96010,8.84206,0.93137
691.4832,-1.98007,11.44703,-1.57783
691.5012,6.09582,6.45975,1.98485
691.5258,-4.78376,12.78064,-1.78852
691.5455,-0.76856,9.28021,6.39271
691.5643,-0.63209,9.21556,2.59061
691.5832,1.31925,9.93145,-2.16921
691.6058,2.43737,7.53239,-0.38787
691.6223,2.38230,10.92747,-3.86675
691.6431,-1.79571,11.47336,-2.71990
691.6786,-3.57465,0.62012,-0.06943
691.6917,0.41660,12.00729,-10.38636
691.7024,1.92500,9.77822,9.52682
691.7244,0.39984,14.86845,-5.09262
691.7429,0.70152,7.13015,0.40942
691.7624,2.26977,11.46858,-1.53952
691.7850,-0.36632,9.08627,-0.11971
691.8032,0.86912,9.86920,-2.56906
691.8223,1.05109,10.44143,-1.14686
691.8453,0.52913,9.20359,-1.05348
691.8633,0.35914,8.96416,0.34717
691.8828,0.62969,10.22595,-0.65124
691.9052,-0.57702,10.85804,0.38787
691.9230,0.32323,10.22355,1.16122
691.9432,0.66800,10.22116,0.14845
691.9653,-0.47167,10.42467,-0.72307
691.9835,0.78772,9.50527,-0.38787
692.0028,-0.06943,9.92666,-0.62491
692.0252,-0.36632,10.03919,-0.57463
692.0432,0.24900,9.67766,-1.17080
692.0631,-0.61293,9.55076,-0.12929
692.0854,-0.12690,10.74551,-0.06943
692.1034,-0.29928,8.33208,-0.05028
692.1229,0.80687,9.85723,-0.95771
692.1456,0.06465,10.19243,-0.41900
692.1631,0.22027,9.51245,0.63688
692.1829,0.53153,9.86920,-0.26576
692.2057,-0.04310,10.25468,-0.17478
692.2234,1.14207,10.46537,-1.08700
692.2434,0.51716,9.77822,-0.02634
692.2656,-0.22746,9.34485,-0.77814
692.2848,0.57702,10.12539,0.16520
692.3032,0.00958,9.87878,-0.49801
692.3256,-0.06465,9.00726,-0.24422
692.3432,0.22506,9.62498,-0.61533
692.3705,0.34238,9.97455,0.87152
692.3885,0.94334,9.83808,0.43336
692.4031,0.44773,9.39992,-2.56666
692.4232,1.01038,10.09426,-2.44216
692.4452,0.09817,9.01205,-0.48364
692.4628,0.26098,10.31214,-0.45731
692.4822,0.62730,10.36960,0.09817
692.5046,0.61293,8.58108,-2.27456
692.5237,1.12531,11.12380,-0.08141
692.5427,0.38787,8.97374,0.33520
692.5647,-0.03831,10.03919,0.38548
692.5830,0.50040,10.67128,0.14126
692.6028,-0.77335,9.33767,0.30886
692.6251,0.04549,9.85723,0.72068
692.6427,-0.52674,10.49650,0.90982
692.6632,0.04310,10.47974,-0.87630
692.6854,0.53632,9.36880,-0.40703
692.7031,0.01197,9.84047,-1.64726
692.7231,1.19474,10.14694,-0.10774
692.7451,1.10855,9.59625,-0.85715
692.7629,0.54111,9.92906,-0.60096
692.7830,-0.00718,10.25947,0.35914
692.8094,-0.44055,9.80216,0.11493
692.8230,1.06066,9.23711,-0.79011
692.8430,-0.37111,10.05356,-0.64167
692.8654,0.48843,9.76385,-2.11893
692.8830,0.70631,8.75586,0.58660
692.9035,-0.77814,10.02483,0.87630
692.9255,0.40703,9.30655,0.23464
692.9438,0.10535,9.43344,-1.10855
692.9630,0.91222,10.17806,-0.50998
692.9854,0.65843,9.74470,0.77814
693.0038,-0.16999,10.09905,-1.61614
693.0231,0.52195,11.01127,-0.21788
693.0493,0.54829,10.28341,-0.23224
693.0650,0.41182,9.57710,-0.28492
693.0841,0.47885,10.21877,0.15563
693.1058,0.27295,9.21556,0.15563
693.1235,0.93856,9.47654,-1.26657
693.1434,-0.13408,9.47654,-0.40224
693.1656,0.10774,10.14215,-1.23066
693.1833,-0.55308,10.82930,-0.04070
693.2045,-0.04310,10.06553,0.37111
693.2292,1.21150,8.49728,-0.90982
693.2449,0.27055,9.74949,-1.24502
693.2633,0.89785,10.30017,1.44614
693.2855,0.83800,9.26824,1.80528
693.3034,0.25619,10.10863,-1.44375
693.3233,1.06066,9.44302,-1.13728
693.3654,0.86673,7.55633,0.53392
693.3819,-1.21150,10.72156,1.79092
693.3834,-0.55547,10.55396,2.34160
693.4054,-0.34478,9.07909,2.10696
693.4233,0.57223,9.25866,-0.95771
693.4432,0.33520,9.46696,-0.59857
693.4657,-0.45491,9.93863,1.68078
693.4843,0.51956,9.59625,0.96250
693.5139,-0.24900,10.00567,0.09338
693.5253,0.40703,9.52921,-0.22267
693.5432,0.24182,10.87240,1.40065
693.5632,-0.61772,9.17726,0.14845
693.5857,0.23703,10.07511,-0.11493
693.6032,-0.28492,9.71597,-1.13249
693.6244,0.40703,10.52284,-1.16601
693.6462,0.89785,8.98092,-0.96968
693.6630,-0.34238,10.80057,0.02873
693.6828,0.50519,9.17726,-1.14925
693.7064,0.52674,9.43584,-1.23784
693.7245,0.31365,9.40711,-1.21629
693.7449,0.58181,10.35045,-0.63209
693.7681,0.78532,10.35284,-1.49403
693.7869,0.94813,9.70639,-0.69673
693.8035,0.66082,9.80934,-1.10615
693.8254,0.03113,9.08627,0.14845
693.8434,0.87630,9.23232,-1.98964
693.8638,-0.76617,9.55555,0.30168
693.8873,-0.21788,9.68963,-0.46688
693.9055,-0.46210,8.97135,1.37431
693.9362,-0.11493,9.69681,-0.29210
693.9529,0.20351,8.55474,-0.16281
693.9630,-1.02954,11.04958,0.62012
693.9830,-0.29689,9.86681,1.15404
694.0057,0.26337,10.64016,0.00000
694.0249,-0.70152,9.06712,1.27615
694.0519,-0.22985,10.10863,-0.62969
694.0654,0.22746,9.24669,0.29210
694.0832,-0.19872,9.54597,-0.32083
694.1049,0.48364,9.32091,0.27774
694.1253,0.72786,10.29059,0.14126
694.1438,-0.65124,8.56672,1.38629
694.1672,0.37830,10.70241,-1.01996
694.1995,0.90025,9.83808,-1.58740
694.2131,0.00958,10.07511,-1.14686
694.2249,-0.16520,11.31534,0.52435
694.2475,-0.73744,10.02962,0.05028
694.2648,-0.03352,10.92508,-0.00718
694.2865,0.12690,10.38876,0.58899
694.3090,-0.43576,9.57231,0.47646
694.3431,0.79969,9.86920,-0.28731
694.3591,0.01197,9.33049,-0.34478
694.3677,0.44773,9.39035,-2.23625
694.3849,0.43815,10.02962,0.27295
694.4049,-0.67758,10.33130,-0.08619
694.4273,-0.38069,11.72955,0.44294
694.4450,-0.62251,9.73273,0.16042
694.4650,-0.72307,9.74230,0.42858
694.4907,-0.42139,11.19323,0.04789
694.5048,-0.37830,8.83727,1.81247
694.5251,-0.04310,11.82532,0.31844
694.5474,0.76856,9.78780,-0.26098
694.5649,0.49561,8.55953,0.00718
694.5875,0.67758,9.35683,0.36632
694.6121,0.63448,8.50925,0.52913
694.6312,-0.91940,9.66090,0.51477
694.6457,-0.14366,9.41429,0.18915
694.6682,-0.24661,10.33608,-0.49083
694.6866,-0.49083,9.08148,0.97447
694.7060,0.58899,9.90272,0.48364
694.7286,0.96010,9.74949,0.11971
694.7462,-0.10295,10.38876,0.25619
694.7817,0.92658,8.25785,-0.77575
694.7883,-0.10774,9.53161,-0.91940
694.8058,0.17718,10.54918,0.62012
694.8260,0.68237,8.87079,-1.16362
694.8489,-0.70631,9.93863,-0.51716
694.8660,0.60336,10.50847,-2.34639
694.8874,-0.05986,10.22595,-0.80926
694.9186,-0.70152,9.77822,-0.28252
694.9257,0.30168,9.57471,-0.19394
694.9454,-0.25619,9.85005,0.65843
694.9680,-0.37111,9.55316,0.53871
694.9857,0.46210,10.28820,0.16520
695.0074,0.28252,9.43584,-0.50519
695.0320,0.60096,8.34405,-0.24661
695.0593,0.70631,9.86441,-1.08700
695.0786,0.04789,9.94821,-0.78053
695.0897,0.45012,9.58428,-0.55068
695.1067,0.03113,10.40312,-1.12052
695.1270,-0.83081,10.20440,-0.51716
695.1494,-0.13169,11.09028,-1.13489
695.1666,0.84278,8.63136,-2.25780
695.1915,0.23224,9.33528,-2.93059
695.2089,-0.14605,10.91550,-1.22347
695.2269,0.08859,10.12539,0.37830
695.2469,0.11493,10.40791,0.80926
695.2693,0.24422,9.85244,-1.02714
695.2869,0.48843,8.25785,0.18196
695.3110,0.55308,8.86121,2.24344
695.3430,1.36953,9.22275,0.86433
695.3488,0.33280,10.03201,0.72307
695.3669,0.89067,7.82449,-0.27055
695.3895,0.67758,10.32651,-2.26498
695.4072,0.42139,8.35602,2.21710
695.4272,-0.55308,10.11581,2.02316
695.4507,-1.26178,11.50688,0.88828
695.4683,-0.54350,10.60424,-0.20591
695.4866,1.51079,9.40950,-0.22985
695.5090,1.15404,9.34246,-1.09897
695.5267,0.51477,9.02881,0.19633
695.5469,0.38069,10.07750,-1.11334
695.5703,-0.74462,10.36003,1.38150
695.5911,0.06225,8.79657,1.52994
695.6089,-0.50280,9.92906,0.26098
695.6290,-0.67997,9.66090,0.54111
695.6469,-0.07183,10.10384,0.53871
695.6667,0.66321,9.94103,-1.34079
695.6893,1.78134,7.40789,-1.86993
695.7070,0.59857,9.60344,0.07901
695.7285,-0.37111,11.03282,-0.61293
695.7697,0.20351,9.27542,0.53392
695.7699,-0.54350,11.21239,0.78293
695.7880,-0.97686,10.22116,-0.19872
695.8090,-0.64406,10.23074,0.55547
695.8267,-0.01437,10.76705,0.64406
695.8500,-0.16520,10.32172,-0.31126
695.8899,-0.19633,9.39513,-0.30647
695.9080,-0.01915,10.02962,0.22027
695.9080,-0.58181,10.14694,0.37351
695.9291,-0.09338,9.16528,0.94334
695.9499,0.13169,9.68484,-0.80687
695.9678,-0.23943,9.24430,-0.96968
695.9902,0.03352,8.69122,-0.35675
696.0081,-0.16999,9.44302,1.05109
696.0396,0.13408,8.88755,0.50519
696.0490,0.33041,8.46855,-0.58181
696.0666,0.24661,10.04638,-0.52913
696.0882,0.17239,9.59146,-0.54829
696.1089,0.49083,10.41749,0.45731
696.1265,-0.09817,9.64174,3.73267
696.1482,-0.45970,9.93385,2.18597
696.1744,0.11014,11.87081,0.13647
696.1874,-0.55308,10.28341,-0.44055
696.2062,0.02155,8.55235,-1.05348
696.2289,-0.17239,8.87558,1.01996
696.2474,-0.11493,9.30655,1.45093
696.2673,1.28573,10.22355,0.91222
696.2910,1.30488,9.23951,-2.25541
696.3210,-0.62969,8.23391,-0.64406
696.3273,0.38308,8.73671,0.07662
696.3502,0.09577,7.42225,0.92180
696.3691,0.08859,10.61382,-0.54111
696.3894,1.00799,10.40791,-0.57223
696.4098,-0.33999,9.89075,0.78053
696.4466,-0.04549,11.95222,0.84278
696.4496,0.56026,10.32172,0.30407
696.4716,-0.26337,9.14134,1.16362
696.4874,-1.24023,13.54441,2.35357
696.5075,-1.95852,11.50210,0.15802
696.5313,-1.98007,10.92508,1.96331
696.5486,-0.18196,8.86361,0.42379
696.5692,0.32562,9.97694,-1.25221
696.6017,0.28252,9.77582,-0.55068
696.6072,0.25140,11.56674,-0.46688
696.6273,0.54829,9.12937,-1.15404
696.6497,0.16042,9.70160,-0.42139
696.6674,0.57463,8.98092,1.39826
696.6876,0.67040,10.11821,2.04471
696.7118,0.54829,9.70878,0.61533
696.7316,0.64645,10.20919,0.16520
696.7481,-0.45970,10.18524,0.09817
696.7701,-0.93856,9.83329,2.01598
696.7878,0.06225,9.90272,0.32802
696.8080,-0.05507,9.87160,-0.74223
696.8318,-0.43815,9.85005,-1.31685
696.8488,0.71110,9.24908,-1.71430
696.8801,-0.39745,9.26105,-1.53952
696.8904,-0.46449,9.09824,-0.16760
696.9072,0.06225,9.02163,-0.22506
696.9272,-0.08141,9.08388,-0.02394
696.9496,-0.71110,9.72794,-0.42139
696.9684,0.76617,9.88596,-2.18837
696.9907,-0.66800,10.02722,-0.28013
697.0246,-1.06785,11.36083,0.14605
697.0276,1.52276,9.48612,-0.67519
697.0474,0.66321,9.21556,-1.15165
697.0695,0.01915,9.58428,-1.44375
697.0889,0.86194,9.99370,-0.62491
697.1106,0.03591,9.48851,-0.51716
697.1318,-0.14845,8.58108,0.08141
697.1516,-0.28492,9.19880,-1.19474
697.1674,-0.61054,10.74072,-0.35675
697.1912,-0.59378,10.36482,-0.16281
697.2091,-0.04310,10.58988,-1.15165
697.2305,-1.12770,10.28820,-1.60416
697.2537,-1.35516,9.83808,-1.19953
697.2945,-0.42858,10.99930,-0.14366
697.2947,-1.53473,9.78540,0.95292
697.3121,-0.45012,8.58587,0.45252
697.3279,0.64885,9.22514,-1.66642
697.3492,-0.28013,9.65372,-1.34798
697.3703,-0.79011,9.55316,-0.32802
697.3881,0.86194,9.75906,0.43576
697.4082,-0.12929,11.32971,-0.64167
697.4370,-0.18915,10.55875,0.96729
697.4478,0.14126,10.52044,1.01517
697.4680,0.01437,10.02483,-0.12690
697.4906,-0.98884,9.89314,-0.26576
697.5081,-0.59378,10.54678,0.00239
697.5283,0.13408,8.72474,0.56505
697.5511,0.31844,8.13335,-0.11253
697.5812,0.95532,9.61062,-0.36872
697.5878,0.66082,9.27781,0.67519
697.6105,0.75420,8.75586,0.62730
697.6280,0.96729,10.25229,0.69673
697.6480,-0.62730,10.35763,0.78293
697.6722,-0.90982,10.61143,1.18277
697.6904,-0.12690,10.39594,0.50280
697.7231,-1.06306,10.74790,1.13489
697.7305,-1.45093,11.35605,-0.30886
697.7504,0.69673,9.35922,-0.07901
697.7682,-0.29928,10.52523,-1.50600
697.7909,0.13887,9.41908,0.42379
697.8087,2.05908,9.25627,-2.52357
697.8288,0.55787,9.90751,-2.85398
697.8528,1.98964,9.33288,-1.53952
697.8679,0.45731,8.91628,2.07584
697.8880,0.12450,10.13018,1.17080
697.9119,-0.24661,8.98811,2.82764
697.9318,-0.30168,9.70400,-0.59139
697.9496,0.68955,8.28180,-0.03591
697.9722,-0.11014,9.77582,-0.34478
697.9901,0.69434,10.99212,-0.75420
698.0082,0.33999,9.28979,1.34558
698.0305,-0.28731,11.20521,1.15404
698.0480,0.86673,9.23232,1.47248
698.0698,-0.25619,10.41749,1.60177
698.0905,-0.46210,10.86522,2.57145
698.1227,0.11732,8.97614,0.64167
698.1420,-0.37111,10.56354,-1.10615
698.1508,-0.23703,10.04398,0.22985
698.1708,-0.17718,8.96895,0.12450
698.1880,0.45012,10.34806,-0.23943
698.2105,0.92180,9.42626,0.08380
698.2295,0.00000,10.06553,0.12450
698.2634,-0.16999,9.02163,0.00239
698.2797,0.19394,10.95620,1.09897
698.2897,0.15563,10.64495,-0.23224
698.3113,-0.53632,9.82850,0.06225
698.3330,-0.39266,10.42467,0.63209
698.3500,0.35914,9.61780,0.08619
698.3696,0.48604,10.02243,0.51716
698.3939,0.25619,10.18046,1.17798
698.4244,0.78532,8.98571,-1.28094
698.4421,0.18196,10.61621,-1.75500
698.4511,0.15323,10.25468,-1.14925
698.4677,-0.02634,8.91389,0.27774
698.4879,0.23224,9.67526,-0.26337
698.5103,0.65843,9.65372,-0.21309
698.5279,-0.01197,10.36960,0.40463
698.5483,0.42858,10.75508,0.36872
698.5701,0.27774,10.63297,0.18436
698.5877,0.47407,9.46936,-0.49801
698.6080,0.53632,9.83808,-1.20671
698.6304,1.15883,10.26904,-1.37910
698.6481,-0.10295,10.50368,-0.06943
698.6879,0.37830,9.50767,-0.20830
698.7125,1.27615,9.49569,-0.67997
698.7126,0.35196,9.41668,-0.36632
698.7316,-0.48364,10.02722,0.23464
698.7521,-0.13647,10.19961,-0.29450
698.7677,0.21309,8.79657,0.62012
698.7875,-0.68955,8.93783,0.84757
698.8098,-0.85954,9.51006,-0.06704
698.8295,-0.21309,9.31133,0.29210
698.8514,-0.03113,9.47893,0.58899
698.8694,0.73983,9.76625,-0.00958
698.8865,-0.02873,9.51006,-0.30168
698.9067,0.04789,10.14215,-0.63448
698.9293,0.55068,8.64812,-1.13728
698.9473,0.01197,9.16289,0.62730
698.9729,-0.67279,10.00567,1.29770
698.9897,-0.39506,10.15172,1.06306
699.0072,0.39027,9.87160,-0.22746
699.0274,0.04310,9.74230,-0.24900
699.0498,0.34238,9.10543,-0.89306
699.0714,-0.39266,10.43425,1.29770
699.0895,-0.04549,9.38556,1.39586
699.1208,-0.12211,9.50048,1.94894
699.1287,-0.02394,10.36482,-0.08619
699.1478,0.77575,8.79178,-0.49561
699.1702,0.81166,9.38077,-1.51318
699.1875,0.12211,10.13975,-0.69673
699.2079,0.23703,9.17965,0.01437
699.2314,-0.31365,9.90512,1.74303
699.2650,-0.08141,9.69202,-0.81645
699.2675,0.15323,10.82930,-0.17239
699.2899,-0.53153,11.17408,0.02155
699.3094,0.24661,9.10543,-0.11014
699.3296,1.11573,10.59227,-1.47008
699.3500,0.48125,11.42787,-1.62092
699.3818,0.27774,9.63696,-0.07901
699.3932,0.56505,10.38158,1.02954
699.4103,1.83162,10.57312,-0.94813
699.4277,0.66321,9.49569,-1.65684
699.4476,0.97686,9.73512,-2.87552
699.4702,0.55068,9.07909,-1.07982
699.4885,-0.73504,9.46217,-1.27136
699.5095,-0.95532,9.12937,-0.16999
699.5393,0.29210,8.77981,-0.79729
699.5536,0.04310,9.37837,-0.88828
699.5673,0.18915,10.17088,-1.88908
699.5898,-0.10535,9.88596,-1.07503
699.6078,0.74701,8.72713,0.70871
699.6275,0.11014,8.82530,0.82842
699.6525,0.18436,9.40711,0.31126
699.6713,1.13249,9.51245,-0.21070
699.6893,0.85954,8.97135,-1.14925
699.7128,-0.64167,10.39834,-0.35435
699.7303,0.86673,11.10944,1.56346
699.7486,0.03591,8.81333,2.23865
699.7728,-0.23464,9.51724,1.70233
699.7975,0.88588,10.36960,-0.88828
699.8112,-0.24182,11.20999,-0.75659
699.8309,-0.16520,11.15493,-1.95612
699.8486,0.93616,8.39433,-0.10295
699.8699,0.79011,9.56273,0.82124
699.8929,-0.46210,11.26506,1.61135
699.9123,-0.37351,10.00807,-1.07982
699.9451,1.41980,9.33767,-2.83482
699.9621,0.28971,10.42467,-0.81645
699.9697,-0.85476,10.47735,-0.33520
699.9886,1.35755,9.00487,-1.40305
700.0109,0.23703,9.29457,-4.11576
700.0287,-0.56265,9.79019,0.25379
700.0485,-1.44854,11.47097,0.10774
700.0729,-0.48604,10.03201,0.41182
700.0921,0.86673,8.16687,0.11732
700.1104,-0.45731,8.95698,1.70233
700.1309,-0.59617,11.56914,-0.17718
700.1484,-0.69673,9.23711,4.30730
700.1685,0.25858,9.09346,2.58103
700.1907,-0.08859,8.38715,1.41980
700.2099,0.26337,10.26426,-2.77496
700.2437,-0.03113,9.15092,1.70472
700.2530,-1.12531,9.96737,1.98246
700.2780,0.14366,8.26743,0.70871
700.2883,0.22746,10.30735,-0.87630
700.3121,-0.38548,9.12698,0.11971
700.3300,1.56825,7.95618,-0.50759
700.3499,0.01915,11.70322,-1.10615
700.3717,-0.94334,10.60185,-1.18517
700.3898,-0.20591,10.55157,-0.08859
700.4083,-0.19154,10.50847,-0.00479
700.4313,0.39506,9.32570,0.14366
700.4489,-0.98644,10.52044,0.42379
700.4690,-0.79250,11.28182,-0.49083
700.4925,-0.64167,10.62100,-1.37431
700.5110,-0.18675,8.70079,-0.83800
700.5315,-0.28013,10.28102,-1.67360
700.5516,0.03591,10.12060,-2.40625
700.5683,0.97926,8.30334,-1.86514
700.5885,0.21788,10.03680,-0.83800
700.6113,0.12211,10.03919,-1.07982
700.6289,-0.10056,10.23074,-0.31365
700.6549,0.80687,10.62340,-0.44534
700.6704,0.48364,9.54837,1.06306
700.6881,0.15563,10.32890,-0.38308
700.7086,-0.41660,9.90272,-0.04310
700.7332,-0.37830,10.82452,-1.02236
700.7507,0.06704,9.63935,-0.23224
700.7703,-0.30886,10.15412,-0.67040
700.8030,0.12450,9.46936,0.82842
700.8088,0.02873,10.93944,0.71110
700.8283,0.18675,9.39992,1.25460
700.8505,0.06943,9.44541,-1.35277
700.8683,0.28971,10.15172,-2.10936
700.8882,-0.50998,9.49330,-1.82923
700.9245,-1.18277,10.00328,0.58660
700.9352,-0.51956,10.98972,0.05028
700.9490,0.11253,9.72315,0.64406
700.9701,0.50280,9.85723,-0.70871
700.9875,0.91222,9.89554,0.27534
701.0082,-0.03591,10.52284,1.79092
701.0308,-0.02873,9.62259,0.71349
701.0506,-0.26816,10.52763,0.00958
701.0814,-0.15084,8.83727,-0.18915
701.0906,-1.47248,9.41908,-0.12690
701.1082,-0.77575,10.58988,-0.45012
701.1284,-0.58899,10.25947,0.25140
701.1506,-0.93377,9.73273,0.13887
701.1685,0.70631,9.85244,-0.59857
701.1882,0.93137,9.11740,-1.03672
701.2181,0.05267,10.73114,-0.58420
701.2279,0.75899,9.58428,0.75659
701.2480,0.48125,9.13895,-0.16520
701.2705,0.22506,9.79498,-1.14925
701.2886,0.08380,9.78301,-0.55308
701.3088,-1.31206,10.49650,0.46210
701.3331,-0.86194,9.32091,1.13249
701.3496,0.33041,8.58348,0.56744
701.3715,-1.37910,10.36482,-0.15084
701.3906,-0.99602,11.16450,0.27295
701.4079,-0.94574,9.40950,-1.09897
701.4280,-1.30249,10.00567,-0.31604
701.4499,-0.50040,10.51087,1.27615
701.4681,-0.89306,10.38397,0.47407
701.4940,-0.82842,10.65452,-0.31604
701.5107,-0.81884,9.74949,0.14366
701.5280,-0.72068,10.31932,-1.00560
701.5478,-1.20671,11.07592,-0.45252
701.5703,-0.16760,11.14535,0.20112
701.5901,0.59378,8.03279,-0.92419
701.6085,0.08380,10.70001,0.86912
701.6324,0.84518,8.93304,2.11414
701.6482,0.78293,9.76864,5.97611
701.6680,-1.28333,10.97536,3.35677
701.6902,0.54589,9.00966,0.67758
701.7079,-0.96010,10.40312,0.26816
701.7295,-1.00560,10.12299,-1.82204
701.7531,-0.15084,9.49569,-0.00239
701.7818,-1.25939,11.48294,0.24182
701.7991,-0.83800,11.36802,0.39027
701.8120,-0.14845,9.75428,0.51716
701.8286,0.87391,10.87240,0.58420
701.8493,-0.23224,8.79896,-0.28492
701.8702,0.11253,10.30256,0.93856
701.8875,-0.95771,10.04877,1.27854
701.9105,-0.31365,9.37598,1.96570
701.9297,0.07901,8.54517,1.37671
701.9470,-0.20830,10.15172,1.37910
701.9675,0.72068,8.63615,1.44135
701.9900,-0.38787,8.91149,-0.55308
702.0078,0.52195,9.14852,-1.30967
702.0277,0.77575,9.87399,-0.55308
702.0499,0.05746,9.24190,-1.05588
702.0674,0.12211,10.19722,-1.12531
702.0876,0.23703,9.57949,1.03193
702.1097,-0.71589,9.92906,0.33759
702.1277,-0.80687,8.23631,0.21070
702.1476,-0.66321,10.72396,-0.73983
702.1700,-0.46210,9.75906,-1.14925
702.1913,-0.91461,11.03042,-1.26657
702.2079,-1.29530,9.49091,2.23865
702.2300,-0.88588,10.20440,1.19714
702.2479,0.13887,8.76305,-0.00718
702.2679,-0.68237,10.58748,-2.09978
702.2902,-0.02394,9.28979,0.27055
702.3275,-0.22267,9.78061,0.47407
702.3422,-1.13967,8.53798,2.38709
702.3505,-1.25221,12.53882,-0.03591
702.3679,-1.14207,10.35284,0.87152
702.3889,-0.15563,10.30975,-1.70712
702.4101,-0.60815,9.27542,0.32562
702.4309,-0.44534,11.63378,-1.26418
702.4660,0.05267,9.20838,0.75899
702.4820,-0.83321,9.99370,0.21788
702.4875,-0.32323,9.56513,1.06785
702.5080,0.54589,8.29856,-0.45731
702.5304,0.36632,8.64094,-1.05348
702.5484,-1.04869,9.95061,0.09338
702.5683,-0.33520,9.92188,0.84757
702.5908,-0.66561,8.24588,0.10295
702.6208,-0.02394,9.14374,0.08859
702.6285,-0.74223,9.79498,1.51558
702.6505,-1.18756,10.88677,1.02236
702.6680,-0.34238,10.42467,0.97208
702.6880,-0.58899,10.11102,0.65843
702.7104,-1.91781,10.44862,0.96010
702.7296,-0.74941,11.88279,1.50360
702.7491,-0.92898,9.70878,1.30009
702.7704,0.39745,9.40950,-0.26337
702.7880,-0.62012,8.85882,0.78532
702.8077,-0.34956,10.87240,-0.37590
702.8313,0.40224,9.07909,3.24185
702.8488,-0.45491,11.15971,-1.81247
702.9018,-0.78532,10.09187,-0.41182
702.9183,0.11014,9.46457,-0.68476
702.9185,-0.15084,9.78301,0.69195
702.9288,0.14126,10.51087,0.19633
702.9512,-0.48364,10.83409,1.46051
702.9690,-0.40942,9.05275,-0.11014
702.9905,-0.33759,10.27862,1.58022
703.0135,-0.73265,10.00807,1.09897
703.0305,-0.32083,10.04159,1.98007
703.0494,-0.28492,9.70160,-1.71909
703.0718,-0.20351,9.62020,-1.21869
703.0892,-0.00239,9.79019,-1.11094
703.1111,-0.52674,9.48612,0.44055
703.1328,-0.96968,9.02163,-0.69673
703.1503,0.15084,8.11659,0.84997
703.1844,0.12929,9.52203,-1.06066
703.1911,0.03113,9.65372,-0.02394
703.2089,-0.52674,11.50449,-2.20513
703.2290,0.17239,6.83087,-0.99362
703.2517,-0.89306,9.49809,-0.87152
703.2689,0.05746,9.82131,0.11971
703.2902,-0.60575,10.84128,-2.38709
703.3239,-0.65364,10.10863,0.58420
703.3298,0.07901,10.31932,-1.07503
703.3488,0.07422,9.14134,-0.18196
703.3706,-0.28492,10.22116,-1.43178
703.3885,-1.10376,8.08547,1.51558
703.4103,-0.70631,9.05036,0.30886
703.4324,-0.52913,9.57471,0.78053
703.4519,-0.11732,9.15810,0.13647
703.4684,-0.10535,9.43105,0.33999
703.4915,-0.24182,9.83808,0.08859
703.5089,-1.43656,10.86761,1.14446
703.5301,-0.11971,10.05356,1.03433
703.5529,0.24182,9.16528,-0.44534
703.5709,-0.16281,10.09187,0.06465
703.6038,-0.47407,9.45499,1.56107
703.6115,-0.19872,9.61541,1.35516
703.6285,-0.77096,9.53640,0.13647
703.6489,-1.17080,9.62977,1.81007
703.6712,-0.90982,9.29218,1.47487
703.6888,-0.60096,10.60903,1.09179
703.7103,-0.23224,9.26345,-1.55867
703.7311,-1.28573,11.01606,0.22746
703.7486,-1.93936,11.09746,3.09819
703.7688,0.23703,9.28260,2.61934
703.7925,-0.00958,9.19641,1.18995
703.8102,-1.15165,10.96817,-1.38629
703.8300,-0.84997,9.38556,-1.61135
703.8535,-1.28573,10.83649,-1.11813
703.8719,-0.47646,9.11979,-1.55628
703.8884,0.61054,8.37996,1.11334
703.9109,-0.93616,10.36242,-1.04869
703.9285,0.90025,9.34725,-0.63448
703.9499,2.04232,7.97772,-1.76458
703.9725,-0.28013,9.30415,0.32802
703.9918,-0.15802,8.63375,1.00560
704.0173,-0.53392,10.19243,-0.50759
704.0316,0.15802,10.22116,-0.19633
704.0486,0.28252,9.60583,-1.37671
704.0684,-0.53153,9.86920,-1.37910
704.0905,-0.53632,8.54038,-0.88828
704.1083,1.16841,9.54837,-1.58501
704.1467,0.10295,9.84526,-1.96809
704.1589,0.74223,7.39831,0.65124
704.1686,-0.40703,9.02881,1.53952
704.1888,-0.55068,9.96737,3.45733
704.2104,-1.14925,10.32651,2.80130
704.2288,-0.82602,11.47576,-1.06306
704.2485,0.19394,9.43584,-1.29770
704.2731,-0.05986,8.87797,0.21070
704.2913,-0.96729,9.95539,1.47487
704.3112,-0.24422,11.42309,-1.82444
704.3325,-0.63927,10.13496,0.03352
704.3484,0.24661,10.90832,-2.82764
704.3699,0.33280,8.91628,-2.91383
704.3922,-0.33999,9.76864,-2.29372
704.4099,0.07422,10.69762,1.15165
704.4432,-0.47167,10.00807,-1.08700
704.4517,-1.83162,10.42228,1.91303
704.4695,-1.32164,9.81892,-0.69673
704.4893,-0.29450,9.33049,1.28094
704.5116,-1.58740,8.74389,1.58980
704.5295,-1.82444,9.26584,0.05746
704.5505,-1.68078,8.57629,-0.25858
704.5824,-1.34079,8.50207,-0.37590
704.5918,-1.68796,10.27144,0.12929
704.6132,-1.93697,10.80536,0.30886
704.6360,-0.37351,9.76146,-0.89546
704.6553,-0.87870,10.39594,-0.88828
704.6731,-0.46688,10.43425,-0.03831
704.6976,-1.47966,9.20599,-1.55628
704.7159,0.31365,10.16130,1.43896
704.7317,0.30168,9.85962,-1.28812
704.7537,0.42139,10.09187,-1.10137
704.7729,-1.92260,11.40154,-0.60096
704.7916,-1.01517,8.24109,1.61135
704.8135,-1.93457,11.51886,3.33522
704.8325,-0.64167,8.08068,3.44297
704.8661,-1.43656,12.72078,-2.81806
704.8737,-1.87951,11.39435,0.30168
704.8914,-0.45491,10.18285,-2.13809
704.9115,0.14126,8.85403,-2.08781
704.9340,-1.08940,11.02564,-3.54113
704.9514,-0.49561,9.57710,-2.43258
704.9714,0.10295,10.13975,-0.66561
704.9998,-0.95771,10.90832,-0.50280
705.0110,0.17718,9.99610,0.95292
705.0315,0.29450,9.49809,-0.61533
705.0535,-0.49322,8.95219,1.13249
705.0712,-0.22267,9.73752,-3.11974
705.0913,0.84039,9.51964,1.14686
705.1422,-0.24422,8.72953,-0.12690
705.1423,-0.79011,8.82290,-0.45252
705.1566,-0.68476,10.43425,-0.59139
705.1733,0.06465,11.53322,0.59378
705.1911,0.31365,8.70798,2.50681
705.2120,-1.34079,9.67766,0.10295
705.2349,-0.66082,10.01286,-0.62491
705.2530,-0.24661,9.68963,-0.48604
705.2803,0.02873,9.83808,0.53392
705.2933,-1.90105,9.70400,0.77335
705.3112,-1.18517,8.73192,0.93137
705.3321,-0.85476,9.17007,0.67279
705.3546,-0.38069,10.16370,2.97848
705.3729,-2.35836,12.71839,3.90985
705.3939,-2.28893,9.70878,1.60177
705.4302,-0.78053,9.77582,0.20351
705.4325,0.62251,9.69681,1.33361
705.4515,-2.76778,11.59308,0.15802
705.4735,-2.48286,10.62579,2.23146
705.4915,-1.32882,10.70241,-0.11493
705.5117,0.71349,10.51087,1.28812
705.5353,-0.07183,9.24908,1.39107
705.5521,-2.44934,10.27144,1.27854
705.5711,-1.28333,11.24351,2.38949
705.5944,-1.47008,9.03839,4.54673
705.6115,-0.99841,9.79977,-0.61533
705.6318,-1.20911,9.46696,-0.08380
705.6540,-1.20193,9.21556,-2.09020
705.6736,-0.37351,10.78381,-1.94894
705.7095,0.80926,6.43820,-2.61934
705.7131,0.39266,9.54597,-2.84440
705.7313,1.45572,10.66889,0.96968
705.7510,-0.63448,9.62498,0.34717
705.7734,0.10295,10.50608,-0.19633
705.7910,-0.24422,10.72635,-1.31446
705.8109,-0.69195,10.33130,2.53314
705.8336,-0.40703,11.11901,0.70392
705.8506,-1.77895,10.56833,0.29689
705.8748,-0.64645,9.11500,0.36872
705.8943,-1.23305,9.37119,0.37830
705.9131,-1.85796,11.01845,0.98644
705.9340,-1.28094,8.77741,0.66082
705.9573,-2.05908,9.04796,1.04390
705.9747,-0.93377,10.11102,0.65364
705.9919,-0.64167,9.79977,0.82602
706.0140,-2.36554,10.27862,0.93377
706.0331,-0.42379,9.28739,2.04711
706.0543,0.70152,7.94660,2.45892
706.0748,0.42379,9.06233,-0.40703
706.1099,-1.06306,9.68005,1.09897
706.1285,-1.21150,9.79019,-0.24661
706.1339,-1.84838,10.49171,-1.14207
706.1522,-1.07024,8.61460,1.07742
706.1721,1.18756,9.49330,0.51716
706.1958,0.17718,8.58108,-1.06066
706.2137,0.09338,9.05275,2.34160
706.2336,-0.73504,10.27623,-0.62012
706.2614,-0.87391,9.97694,0.23703
706.2770,-0.46928,9.97215,-0.36872
706.2917,-0.13169,9.04557,0.58420
706.3137,-0.40463,9.73033,0.77575
706.3323,-0.02634,9.25627,0.44294
706.3525,-0.06225,10.04398,1.09897
706.3756,-1.56107,10.82930,1.76219
706.4061,-0.10056,10.81254,0.01915
706.4119,-0.33041,9.72076,-1.15404
706.4344,0.04310,9.98413,1.70951
706.4519,-1.26897,11.22915,0.23224
706.4745,-1.80289,11.58350,1.43656
706.4969,-0.80926,8.61699,2.28414
706.5141,0.31844,9.25387,-0.00718
706.5515,0.77335,9.18444,0.38308
706.5569,0.37351,9.52921,-1.21150
706.5732,-0.31844,9.69681,-0.20591
706.5927,-0.38069,8.88037,0.62491
706.6153,0.10295,8.98332,0.84757
706.6329,-1.33601,11.35605,1.17798
706.6614,0.55308,9.80455,0.43336
706.6787,0.03831,9.36161,0.29928
706.6929,-0.26098,10.39594,-0.56026
706.7130,-0.56505,9.48612,0.36632
706.7355,-0.41182,10.87001,0.90504
706.7530,-0.52435,10.14694,1.60895
706.7733,-1.34079,9.80934,-0.52195
706.7957,-0.41660,11.44224,-0.67279
706.8162,-0.33520,8.54996,-0.02155
706.8325,-0.25140,8.50925,-0.41421
706.8546,0.42618,9.34246,0.22506
706.8741,-0.18915,8.44221,0.80208
706.8946,-1.52515,8.84445,-0.18675
706.9171,-0.30647,10.58988,-0.80448
706.9357,-0.72547,7.56112,1.55149
706.9539,-0.70152,9.53400,-1.47487
706.9749,0.22746,9.28260,0.74941
706.9926,-0.82124,10.57312,-0.32323
707.0129,-1.52036,10.52284,1.40783
707.0350,-1.35755,8.94501,-0.00718
707.0529,-1.33840,10.73832,0.21548
707.0735,-1.06785,11.00888,0.20112
707.1036,-0.99362,10.55396,-0.31604
707.1126,-0.78053,8.88755,0.02394
707.1329,0.58899,10.41270,0.21548
707.1555,0.14366,10.27383,-0.36154
707.1744,-0.36154,9.50527,-0.49801
707.1943,0.48843,10.12778,0.91701
707.2170,1.31206,7.00325,-3.17960
707.2339,-1.08940,10.14215,-1.22108
707.2559,-1.01038,9.26345,0.80448
707.2747,1.73345,8.60502,-0.88349
707.2929,-0.97447,10.63537,0.69673
707.3138,-1.06306,10.10145,-1.20671
707.3364,-0.39506,8.95938,0.68237
707.3541,-1.86275,10.14454,0.96968
707.3803,-1.79331,9.65372,1.81247
707.3951,-1.79092,9.84047,3.14847
707.4129,-1.54910,10.12060,1.56586
707.4326,-0.71349,10.98493,-1.94176
707.4549,-1.68078,11.15971,0.25140
707.4725,-1.37192,12.01926,-0.96250
707.5026,-0.00958,10.51326,-0.11253
707.5179,-1.13010,10.41510,-0.12450
707.5328,-0.66800,10.78142,0.21070
707.5526,-1.19474,9.34485,1.57064
707.5750,-0.97926,9.30415,-0.71828
707.5928,-0.53153,8.98571,0.15323
707.6129,-1.06545,9.79977,-0.90504
707.6371,-0.36154,9.43344,0.77096
707.6569,-1.27854,10.60903,-1.35277
707.6755,-0.11253,8.38954,-0.76138
707.6949,-0.80926,9.60583,0.13887
707.7125,-0.44055,8.74389,-0.06225
707.7325,-0.18436,9.02163,-0.16760
707.7563,-0.35196,9.26584,-1.26657
707.7757,0.02873,9.11740,-1.66881
707.7940,0.39984,10.05356,0.55787
707.8145,0.41421,10.09187,-1.06545
707.8323,-1.01038,10.58509,0.90264
707.8522,-0.93856,10.60424,0.99841
707.8746,-0.83321,10.09426,-0.12690
707.8925,-0.39266,10.14694,0.89306
707.9138,-1.01996,9.13895,0.63688
707.9450,-1.72148,10.01046,2.30090
707.9525,-1.36713,8.90431,0.19872
707.9725,-0.72307,9.46696,0.92898
707.9947,-0.52913,9.27303,0.18915
708.0139,-0.59617,9.91469,-0.27295
708.0337,0.29210,9.31373,-1.44375
708.0724,-0.27295,8.98571,-0.25379
708.0864,-1.43656,9.93385,-0.18436
708.0923,-1.81247,10.10145,0.66321
708.1146,-0.94813,10.41749,-0.35196
708.1324,-1.04869,10.20201,-0.83321
708.1525,0.21309,9.24669,0.51956
708.1763,0.49322,7.33366,0.16999
708.1939,-1.80289,10.62579,2.58103
708.2261,-0.94813,9.16289,2.66243
708.2346,-0.87630,9.89314,1.27136
708.2526,-1.33840,11.42069,0.79250
708.2726,-1.79331,9.59386,0.17239
708.2947,-1.09418,10.57072,0.78532
708.3126,-1.71670,11.31295,-1.92021
708.3338,-1.02475,10.75269,-0.42379
708.3634,-0.56744,10.96099,0.27534
708.3734,-1.56107,10.45819,-1.66163
708.3928,0.07183,9.85484,-0.91461
708.4149,-0.22027,8.60023,-0.81166
708.4323,-0.10774,9.07670,0.55308
708.4540,-1.05348,9.69921,-1.42699
708.4764,-1.77176,8.80614,-0.89306
708.5061,-0.86912,8.55474,-0.11971
708.5214,-0.09338,9.69681,-0.20112
708.5366,0.42379,9.18683,-1.30488
708.5544,-1.84120,9.25148,-0.68476
708.5741,-2.03753,11.84927,0.95053
708.5966,-2.05908,9.75428,1.40783
708.6217,-1.29770,11.21478,0.39506
708.6342,-2.18597,10.28102,-1.02236
708.6548,-1.47966,9.45260,-0.92180
708.6723,-1.92021,10.46298,1.05588
708.6946,-1.12052,10.19482,-1.36474
708.7155,0.54350,9.20359,-1.49163
708.7327,0.03113,10.24271,0.06225
708.7559,1.18756,8.51883,0.32323
708.7872,0.24900,8.09744,-0.64406
708.7924,-1.99204,11.88039,-0.12690
708.8123,-0.96968,7.99448,1.10137
708.8346,-0.55787,10.32651,-1.01996
708.8523,-1.75979,9.76625,0.99362
708.8721,0.31365,9.68005,-0.51237
708.8947,0.44055,9.80934,0.73025
708.9153,0.00000,10.86761,-1.66402
708.9324,-0.47646,9.23951,2.45653
708.9538,-1.09897,10.59227,-0.00718
708.9714,-0.16520,10.60664,0.91461
708.9923,-0.48125,9.49569,0.70871
709.0137,-0.41900,8.87318,0.28492
709.0311,-0.41182,9.44063,-0.25619
709.0537,-0.07901,9.77104,-0.69434
709.0745,0.27055,7.83167,0.76138
709.0912,-1.13967,9.22993,-2.13330
709.1133,-0.04310,8.85403,-0.39027
709.1335,-1.03193,8.40151,0.15323
709.1513,-1.53952,10.06793,-0.27055
709.1779,-0.34717,7.58506,0.04070
709.1935,0.47167,7.43662,-0.52913
709.2109,-0.45970,8.26264,0.01915
709.2308,-0.30168,8.51883,-2.07344
709.2528,0.25379,9.26584,0.66561
709.2712,0.01437,10.61621,1.37910
709.2916,1.02954,9.69921,2.14288
709.3345,0.20830,8.95698,0.37351
709.3350,0.84997,10.04638,-1.06545
709.3547,0.53153,10.63537,-0.03591
709.3760,-0.50519,12.06715,-1.09418
709.3922,-1.96091,9.07430,-1.13728
709.4122,-1.02475,10.98733,-0.98644
709.4348,-0.89546,8.67685,-0.08141
709.4529,-1.01996,11.33689,-0.98884
709.4819,-2.17879,12.40713,-0.70631
709.4940,1.10855,7.55633,-1.50839
709.5123,-2.54751,10.82930,-2.69116
709.5323,-0.51716,10.20919,0.56026
709.5545,0.25858,10.30256,2.35836
709.5736,-2.60258,9.83329,2.16203
709.5938,-0.32083,11.52843,-0.02873
709.6226,-0.46688,8.47094,1.76458
709.6368,-1.86035,10.72875,-0.33280
709.6530,-1.41502,9.40471,1.80289
709.6754,-0.43336,9.58189,0.45252
709.6944,-1.32643,8.66009,0.82842
709.7142,-0.33041,9.53640,0.36872
709.7369,-0.00958,8.39672,0.90025
709.7582,-0.16042,10.93226,0.12211
709.7747,0.00958,9.21796,-0.72786
709.7955,0.02155,10.01286,-0.54589
709.8135,-0.22746,9.52921,0.40463
709.8353,-0.09338,10.42228,0.03113
709.8557,0.16760,8.13335,0.52913
709.8736,-0.08380,10.59706,1.04390
709.9061,-0.43336,10.37918,1.96570
709.9154,-1.07264,10.55875,0.64167
709.9329,-0.08859,10.50129,-0.54111
709.9530,0.27055,9.33528,-0.24661
709.9756,0.85954,9.35443,-1.57304
709.9929,-1.21150,9.73512,0.53871
710.0131,-2.09738,9.95300,1.61614
710.0440,0.63688,9.67766,1.64966
710.0530,0.31126,10.32890,0.17478
710.0729,-0.73025,9.30655,1.22826
710.0970,-0.79490,9.85244,1.08940
710.1144,-1.47008,10.41031,1.64247
710.1345,-1.03193,10.67847,0.07183
710.1575,-0.03591,9.34485,0.14605
710.1765,-0.80926,8.77262,-0.42858
710.1974,-0.66082,10.33130,0.05986
710.2152,-0.79250,11.00409,2.31526
710.2328,-0.22027,10.83649,-1.72388
710.2529,-0.21788,8.45658,1.49163
710.2769,-0.14845,9.64414,1.04869
710.2941,0.05986,9.80695,0.36632
710.3250,-0.22506,10.43186,1.87472
710.3353,-1.39107,8.98332,3.18439
710.3548,1.13010,10.81254,-0.97926
710.3730,1.70472,7.49647,1.73585
710.3972,0.29450,10.47735,-0.49801
710.4166,-0.20351,10.06793,-0.80448
710.4373,0.12211,10.18046,-4.28336
710.4685,-1.18038,9.26105,1.14446
710.4730,-0.29689,10.61382,0.42858
710.4940,0.31844,9.69442,-0.29689
710.5155,-0.68237,10.58270,-2.99045
710.5333,-2.03274,9.63696,0.66082
710.5533,0.27774,10.61382,-2.38709
710.5769,-0.96729,10.85564,-1.82923
710.6075,-0.13408,10.61621,-0.16042
710.6128,-0.42858,8.90431,0.72307
710.6353,-0.59617,12.21798,0.45252
710.6547,0.31126,9.66090,1.46769
710.6730,-0.94334,10.85325,-0.18915
710.6954,-1.22826,10.11821,0.81166
710.7397,1.10137,8.72953,-0.27774
710.7399,1.10855,10.06074,-1.70472
710.7555,0.39027,11.58111,-1.84359
710.7730,-0.12690,8.58587,-1.62332
710.7928,-0.04310,10.21877,-0.37351
710.8152,0.69195,9.13895,-0.60336
710.8342,1.03672,10.44622,-1.51797
710.8542,-0.84757,9.00487,1.08940
710.8863,-0.02873,9.76146,-0.33759
710.8952,1.23784,8.53320,0.52674
710.9132,-0.39745,10.56594,0.49322
710.9355,0.24661,8.79417,0.75180
710.9531,-0.51477,9.94821,1.49403
710.9732,-0.73744,9.82610,0.06704
710.9954,0.04789,9.42865,0.38308
711.0218,0.73983,9.74709,0.24422
711.0323,0.44294,9.68245,0.64167
711.0552,0.04549,9.73512,-1.87232
711.0725,0.15084,8.63136,-0.02394
711.0944,0.57223,11.22436,-0.13887
711.1171,0.75899,10.54678,-0.32562
711.1376,-0.56026,10.13736,-1.24023
711.1557,0.13169,9.12937,-0.72547
711.1750,1.03672,9.11500,-1.20432
711.1943,0.96250,10.44622,-0.49561
711.2129,-0.10056,11.38717,-1.12531
711.2369,-0.61533,10.79818,-1.17559
711.2529,1.01757,10.49889,-0.29210
711.2728,1.51558,9.42865,-0.80208
711.3057,0.52674,9.98891,-0.74462
711.3129,0.92658,11.19323,-1.86035
711.3325,1.23066,9.29697,-0.61054
711.3549,0.66800,8.90910,-2.57863
711.3729,1.24742,10.66171,-0.70871
711.3930,1.38629,9.55316,-0.04549
711.4171,0.98644,11.18366,-0.30168
711.4335,0.40224,9.35443,-0.53392
711.4525,0.96968,9.31852,-0.45970
711.4775,1.11573,9.67048,0.02634
711.4934,0.87630,9.54837,-1.88908
711.5125,0.51716,9.78540,-2.11654
711.5350,0.42379,9.95300,-0.11493
711.5636,0.63209,8.45418,0.49083
711.5809,0.77575,9.19880,-0.19394
711.5951,-0.12211,10.12539,0.02634
711.6123,-0.84757,8.32010,-0.03113
711.6614,0.70392,9.14134,0.11971
711.6615,1.33361,8.13096,0.36872
711.6859,0.41182,8.45179,0.35435
711.6959,0.35435,10.26665,0.57463
711.7202,0.14845,10.17327,0.74462
711.7341,1.14925,9.50527,1.66163
711.7528,0.64645,9.80695,1.00560
711.7781,0.86673,9.52203,2.57624
711.7935,0.07422,8.69361,2.24822
711.8135,-0.05507,10.24271,2.94017
711.8399,-0.86912,11.90194,1.20671
711.8531,-0.74701,10.74551,3.42381
711.8732,-1.53234,11.31774,-0.34238
711.8959,-1.51797,10.57312,0.87630
711.9135,0.65364,9.05036,-0.21309
711.9333,-0.34238,10.75269,3.20833
711.9575,-0.46928,8.83487,-1.44135
711.9894,-1.41023,9.79258,0.66321
711.9938,0.32562,10.58748,-0.64406
712.0160,0.11253,6.75185,-1.03912
712.0359,0.04310,14.26509,-0.58899
712.0570,-0.90743,12.77824,2.13090
712.0771,-0.28013,10.56354,0.45491
712.0950,-0.87391,8.03998,0.80208
712.1277,-1.17080,8.12377,1.52276
712.1360,-1.44854,10.23553,1.32643
712.1536,-0.24182,11.78941,0.21070
712.1735,0.62730,9.23711,-1.24023
712.1958,-1.33122,9.81892,-1.18756
712.2135,-0.73504,8.19560,0.88109
712.2337,0.53871,6.74467,2.88031
712.2557,0.05746,8.52122,0.80208
712.2733,-0.50998,8.62897,-0.31844
712.2935,-0.46928,8.40630,1.29530
712.3192,-1.42459,10.75508,0.95532
712.3346,-0.23943,8.86361,-0.75420
712.3545,0.05986,8.80854,0.71828
712.3790,-0.38308,10.03680,0.88349
712.4130,-0.28731,8.38954,1.65205
712.4147,0.00239,10.61382,2.11414
712.4354,-0.99841,10.58270,1.69515
712.4529,0.04070,10.00567,0.78053
712.4736,0.19394,10.28102,0.57702
712.4952,0.04310,9.93624,-0.30407
712.5129,0.93377,8.53080,-0.52913
712.5329,-0.17239,9.27542,0.01197
712.5547,0.61772,8.89234,1.39586
712.5720,1.86514,9.15092,-1.86514
712.5923,0.04310,8.85403,-0.60575
712.6145,0.49322,10.14933,0.48125
712.6321,-0.36393,9.85244,3.04552
712.6532,-0.17957,10.36242,0.09577
712.6786,0.04070,10.92747,0.90743
712.6931,-0.55787,10.45101,0.65603
712.7136,-0.32562,10.78142,0.16042
712.7355,-1.10376,10.53481,0.80687
712.7534,-0.36632,11.09028,-0.02394
712.7744,-0.23943,10.15172,0.12211
712.7971,-0.45252,10.72635,-0.70871
712.8284,-0.04549,10.44622,0.39266
712.8340,-0.41660,11.32731,-0.05028
712.8557,-0.22746,10.20919,0.66321
712.8734,0.83800,10.83170,-1.77895
712.8934,0.67997,8.20279,-0.04070
712.9158,1.09897,9.48612,0.38548
712.9352,2.56906,11.25549,7.52999
712.9615,-3.31846,10.69762,3.05270
712.9761,-3.06946,11.51167,-0.81405
712.9933,-2.26259,10.07511,2.39906
713.0132,-1.03912,9.00247,3.64169
713.0359,-2.60737,10.74551,-0.37590
713.0537,-1.18517,9.19402,1.68078
713.0841,-0.72068,8.13335,1.82683
713.1001,-1.28333,10.55875,1.20911
713.1133,-0.56505,9.18204,1.92979
713.1334,-0.45970,9.34246,0.36393
713.1559,-0.33759,7.98491,1.68078
713.1736,0.24422,9.98652,2.04471
713.1935,0.87870,8.66009,0.44294
713.2172,0.95292,11.23154,2.11893
713.2519,0.97208,8.30095,-0.34238
713.2551,1.25699,9.65611,-1.19953
713.2757,1.27375,8.42545,-1.83162
713.2944,0.62251,8.86121,-1.39107
713.3134,0.23703,11.26027,2.25780
713.3369,0.36393,8.69840,-0.36393
713.3549,0.94813,8.80135,-0.85236
713.3740,1.08461,10.53241,0.38548
713.3951,1.18517,9.83329,-1.04390
713.4133,1.47008,9.44541,0.83321
713.4333,1.13010,10.49171,-0.28252
713.4630,0.52913,9.46696,0.65603
713.4783,1.00560,10.61382,0.85715
713.5164,0.07422,10.51326,0.97686
713.5358,0.24900,9.89793,2.00880
713.5360,0.62969,10.57791,1.06545
713.5536,0.72547,10.49171,-0.08380
713.5762,-0.41182,10.47016,1.91542
713.5939,0.04310,9.33528,-1.17080
713.6135,0.37351,9.36161,-1.33361
713.6362,0.05746,10.35524,-1.16362
713.6547,0.79729,8.34405,-0.88588
713.6745,0.12211,9.43823,-0.50040
713.6970,-0.05267,10.07032,-0.30407
713.7146,1.63290,7.95618,0.88588
713.7349,1.02475,10.85564,1.28573
713.7568,1.88190,9.53400,-1.01038
713.7745,0.33280,10.17088,1.24263
713.7953,-0.25858,9.68963,1.50360
713.8173,0.40703,9.49330,1.39586
713.8351,-0.76856,8.96416,3.78535
713.8560,0.33280,9.90751,3.38072
713.8789,0.01197,9.11740,2.13569
713.8969,0.22027,9.95061,1.01038
713.9171,0.66321,10.12299,-0.19872
713.9396,0.59378,10.46059,1.49642
713.9553,0.60815,9.91230,0.39266
713.9750,0.33520,9.92906,0.04310
713.9984,0.22027,9.90990,0.52195
714.0164,0.19633,10.14454,1.48206
714.0366,0.45731,10.89874,0.30886
714.0585,-0.58899,11.11662,1.03672
714.0848,0.32802,10.16848,0.20351
714.1009,0.87152,10.40552,-0.35196
714.1175,-0.21788,10.91311,2.80609
714.1350,-0.65124,10.58030,0.81884
714.1553,-0.27534,10.73832,-0.06943
714.1770,0.70392,10.65452,1.63290
714.1946,0.11493,9.29936,-1.17080
714.2147,0.11253,10.86043,0.93856
714.2369,0.53632,8.88994,1.13489
714.2554,0.51716,10.93705,2.39427
714.2748,-0.08859,11.48294,2.90186
714.2974,-0.13647,10.70959,0.61533
714.3152,-1.18277,9.17965,2.04471
714.3356,-1.59698,11.35605,1.38629
714.3707,-0.32802,9.08627,0.12450
714.3752,-1.17798,11.59068,0.42858
714.3970,-0.89067,9.40471,1.24023
714.4177,-0.03352,8.56672,1.05588
714.4373,0.21548,8.82530,-0.96729
714.4554,0.51477,8.54277,-0.70871
714.4777,-0.08619,8.48531,0.77096
714.5031,-0.69434,9.15810,1.31925
714.5151,-0.96489,8.85403,1.42459
714.5374,-0.65603,8.81333,1.39826
714.5569,-0.28252,8.48531,1.49882
714.5773,-0.22746,7.87716,1.00320
714.5978,-0.39745,8.43503,0.05267
714.6370,0.07901,8.24588,1.75740
714.6382,-0.89067,9.78061,1.35755
714.6576,-0.75420,10.16370,1.39347
714.6750,-0.14366,9.71836,1.85077
714.6953,0.16999,8.16927,2.51638
714.7177,0.24422,9.81892,2.15724
714.7365,0.14366,10.18524,1.19714
714.7570,-0.81405,9.95061,1.43896
714.7874,-0.72068,10.72635,0.76377
714.7950,1.80768,10.20919,0.22985
714.8149,0.79250,9.95779,0.67997
714.8376,0.49322,10.53241,-0.58660
714.8555,0.14366,10.83409,0.82124
714.8765,0.94574,11.10704,2.27696
714.9196,0.95771,9.41908,2.31526
714.9197,-0.43576,9.98891,2.47568
714.9360,-0.66800,10.12778,2.65286
714.9574,0.17478,9.46457,1.58262
714.9744,-0.80208,9.62259,1.79571
714.9946,-1.17319,9.01684,2.70792
715.0187,-1.01757,8.68403,0.27295
715.0363,-0.40942,10.27383,-0.25858
715.0666,-0.54350,10.28102,2.92580
715.0771,-0.19872,9.31852,1.20671
715.0966,-0.09817,10.42946,0.88588
715.1179,-0.10535,9.35443,0.76138
715.1385,-0.33041,9.85962,1.14686
715.1561,0.25858,8.40390,1.95133
715.1778,-0.22985,9.99849,2.73426
715.2053,-0.36632,10.30017,0.24182
715.2217,0.75420,10.36721,0.37830
715.2341,-0.18675,9.50048,-0.11732
715.2569,0.02873,9.71597,0.53871
715.2745,0.88828,9.68963,-0.39984
715.2949,0.04070,10.62340,0.50519
715.3184,0.73504,9.42865,-0.98405
715.3361,0.45970,7.84843,-0.17957
715.3549,-0.28492,10.10145,-0.41900
715.3771,0.09817,8.69361,0.69434
715.3947,0.45491,9.95779,-0.91222
715.4148,0.03113,8.11899,0.35196
715.4371,-0.37111,10.10623,1.20911
715.4548,-0.45252,10.17806,1.93457
715.4819,-0.09098,9.14613,0.73504
715.4994,-0.52913,10.45101,1.11573
715.5169,0.28731,10.12299,0.43336
715.5366,0.03591,9.66329,0.60815
715.5610,-1.10615,10.43425,0.43097
715.5776,0.32802,10.48692,0.60815
715.5977,1.21150,9.75188,-0.70392
715.6348,-0.46449,10.66889,1.47248
715.6349,0.72068,8.55474,-1.37431
715.6546,-0.05746,10.34087,-1.04390
715.6780,-1.21629,10.38876,1.75740
715.6970,0.20351,8.73192,1.95612
715.7170,0.12211,9.90751,-2.19316
715.7642,-0.41900,9.97934,1.76458
715.7642,0.23224,10.38158,-0.15802
715.7800,0.00000,9.29218,-1.14207
715.7969,-0.34478,10.48453,0.34717
715.8147,-0.65603,10.34806,1.00799
715.8356,0.10774,10.61861,0.12450
715.8596,0.16760,9.24669,1.93457
715.8769,-0.14845,9.84526,2.26738
715.9062,0.42379,11.06873,0.59139
715.9166,1.04869,8.30574,0.38069
715.9344,-0.44055,9.69921,-0.32323
715.9546,-0.52674,10.00089,0.90025
715.9771,-0.16042,11.09986,0.40463
715.9946,0.74941,10.64495,-0.82363
716.0172,1.18517,10.89156,-0.69913
716.0544,-0.79250,9.61062,0.81645
716.0546,-1.03912,11.04718,0.45731
716.0747,-0.22506,9.75188,1.07982
716.0971,0.68237,11.10704,-1.99683
716.1161,0.85954,9.46936,-1.84599
716.1357,-0.36632,9.80216,0.50280
716.1587,-0.16281,10.78860,-1.26897
716.1752,-0.22027,10.85564,-0.57941
716.1946,-1.56586,11.99771,-0.52435
716.2168,-1.58262,9.51485,2.37273
716.2344,-0.83081,7.69999,1.53712
716.2545,1.08461,9.87399,9.71836
716.2781,-0.06465,11.31295,2.59539
716.2980,-0.37351,11.02085,3.46691
716.3271,0.90982,10.16848,0.79969
716.3441,0.86433,9.59625,-0.41182
716.3549,-0.81405,7.38155,1.39586
716.3748,1.14686,9.87399,-0.54589
716.3965,-0.99602,10.14215,0.09817
716.4147,-0.75659,9.21556,2.16682
716.4511,-0.33041,9.54358,0.80208
716.4663,-1.26418,10.25229,1.30727
716.4771,-0.65603,10.87958,1.85796
716.4958,-0.42618,9.67048,1.92979
716.5184,-0.50280,9.83089,0.38787
716.5345,-0.76617,9.38795,1.49642
716.5545,-0.28492,10.22595,-1.75261
716.5964,-0.88349,9.92188,1.11334
716.5965,0.04070,8.85163,-2.12372
716.6158,0.15323,10.15891,0.26816
716.6367,0.06465,11.37759,-0.07183
716.6542,-0.06465,9.96737,0.77814
716.6740,0.47167,9.94582,-0.54589
716.6982,0.72547,8.76065,-0.14605
716.7180,0.51477,10.02962,-0.33280
716.7356,0.54111,9.66090,2.18358
716.7585,0.00958,9.79258,-0.47885
716.7755,0.30886,9.08388,1.11334
716.7956,0.38308,10.82930,-0.15802
716.8203,0.52195,10.57551,-0.22746
716.8379,0.11493,11.12380,0.02394
716.8714,-0.33041,9.91948,0.71828
716.8875,-0.54111,10.33130,0.57463
716.8948,0.66561,8.81811,0.81645
716.9144,0.75420,9.40950,-1.25221
716.9370,0.69434,9.24430,-1.15404
716.9556,0.33520,10.18524,-1.09179
716.9755,-0.01676,9.46217,0.47407
717.0182,0.43815,9.26584,-0.53392
717.0184,0.17478,8.50925,2.45892
717.0366,0.16042,9.29936,0.50998
717.0568,-0.23464,10.01765,-0.18675
717.0740,0.01197,9.53161,0.64885
717.0945,0.19154,10.00328,0.94813
717.1169,0.12929,10.44862,0.92419
717.1345,0.24661,8.90431,1.46051
717.1658,0.91222,9.80695,0.83560
717.1782,0.36872,9.35204,1.22347
717.1946,0.53871,10.10623,2.63370
717.2148,0.22267,10.32411,0.97926
717.2368,-0.58420,9.67766,-1.02475
717.2543,0.34956,9.65611,1.28333
717.2741,0.00718,9.08867,1.90345
717.3048,1.01757,9.77822,0.27055
717.3161,0.03352,10.37918,1.10137
717.3340,0.49561,9.22993,0.22985
717.3569,0.88109,9.99610,-0.08619
717.3744,0.70392,9.69442,-0.93616
717.3970,0.26337,10.07271,-1.05348
717.4473,-0.41660,8.78699,-0.03591
717.4474,0.55547,9.89075,0.89785
717.4638,-0.00239,9.48133,0.46449
717.4764,0.28971,10.31932,-0.29210
717.4943,-0.50759,10.63297,-0.04549
717.5140,-0.73025,10.62340,-0.28971
717.5366,0.39027,9.43584,-0.22267
717.5535,-0.09577,10.72156,0.55547
717.5754,0.63209,8.63615,-0.01437
717.5958,-0.11014,9.11261,0.81405
717.6136,0.06943,11.14295,-1.51797
717.6334,0.17478,8.41109,0.39745
717.6561,-0.19394,9.55316,0.47646
717.6736,-0.81884,10.55636,2.53075
717.6937,-0.42379,9.50288,0.48604
717.7174,-0.77814,10.16609,2.11654
717.7336,-1.40783,9.68724,0.60575
717.7540,0.17478,9.43105,0.66561
717.7764,0.26098,8.87558,2.62891
717.7955,-0.58181,10.72396,1.18517
717.8158,0.92898,9.67287,-0.98644
717.8387,-0.15802,9.40950,-1.06306
717.8575,0.21548,11.25788,-2.60018
717.8768,-0.76377,8.71037,1.06066
717.8973,0.32802,8.99290,0.46688
717.9150,-0.11493,9.09585,-0.37830
717.9370,0.13887,9.52443,0.96489
717.9589,-0.42618,10.58748,1.07264
717.9769,0.22506,9.59865,-0.89785
718.0112,0.45731,9.29218,-0.29689
718.0175,-0.17478,9.81174,-0.60336
718.0349,-0.16520,10.01765,-0.37351
718.0549,0.09338,10.30017,0.54111
718.0773,-0.24661,11.06634,-0.39745
718.0964,0.33520,10.41270,-3.20115
718.1184,0.46688,9.49569,-0.38787
718.1390,-0.80687,9.86920,0.13169
718.1555,0.00000,8.48770,-0.73744
718.1752,-0.56505,11.05437,0.65364
718.1985,-0.55308,10.07032,1.11573
718.2162,-0.53153,9.29697,-0.95771
718.2363,-0.78532,10.36003,-1.52515
718.2593,-0.30647,9.91230,-0.83321
718.2772,-0.17239,8.71516,-1.19474
718.2973,0.18915,10.41988,-1.88908
718.3173,0.33999,9.68005,0.75659
718.3350,0.98405,10.86522,-0.50998
718.3577,0.48843,9.71597,-1.47727
718.3811,0.71828,9.91948,-0.65124
718.4135,-0.53392,8.36320,0.80448
718.4290,-0.49083,10.26426,1.59219
718.4374,-0.36632,8.61460,1.02954
718.4553,0.07901,9.49569,1.94655
718.4756,0.09338,9.39753,1.35516
718.4973,1.00320,9.62977,0.91461
718.5150,0.56505,9.17486,-0.09098
718.5356,0.10774,10.83888,-0.28013
718.5652,0.26098,10.77903,-1.35516
718.5936,0.40703,8.39912,1.75500
718.5953,0.16520,9.96976,1.35037
718.6171,0.36872,9.36640,-0.82124
718.6348,0.20112,10.05835,0.61772
718.6550,0.45012,9.45020,0.53392
718.6788,0.70152,10.32890,2.08541
718.6987,0.37111,9.45499,-1.30249
718.7147,0.86912,9.08388,0.12450
718.7370,-0.46688,10.49411,-1.93457
718.7545,-0.85715,10.21877,1.34319
718.7744,-0.78532,8.30334,0.96729
718.7972,-0.82602,9.52443,2.37512
718.8157,0.20830,9.09346,0.70152
718.8477,-0.24182,10.21398,3.58662
718.8587,-0.48843,11.20521,0.92180
718.8749,-0.76377,9.63217,1.73585
718.8950,0.18196,9.59865,-0.13169
718.9173,-0.50759,10.53960,0.71110
718.9348,-0.63927,10.42228,1.12291
718.9550,-0.54829,9.90272,0.80208
718.9864,-0.08859,8.88276,0.16999
718.9944,1.03672,8.68643,-2.41343
719.0145,0.56744,9.47415,1.44135
719.0375,0.06704,9.21078,0.14366
719.0587,0.45970,10.56115,0.27295
719.0786,0.45012,8.81572,-0.85476
719.1185,0.41900,10.17088,-0.31365
719.1340,0.86912,8.98571,-0.68476
719.1349,0.47646,9.24908,1.84120
719.1611,-0.37590,11.04240,1.07982
719.1749,0.36393,8.60263,-0.16281
719.1958,0.24422,10.57072,-1.54910
719.2166,1.06066,10.08229,-2.13090
719.2357,0.70631,9.62020,-0.18675
719.2563,-0.67040,10.28820,-0.07422
719.2780,-0.72547,9.56752,2.01359
719.2952,0.14605,10.14454,-0.40942
719.3160,0.24422,10.08947,1.48445
719.3384,0.63448,8.30095,-1.66402
719.3564,0.93137,10.07032,0.22746
719.3782,-0.00718,9.18204,0.67279
719.4089,0.53871,9.17007,0.42139
719.4196,0.14126,9.96737,-1.52276
719.4344,0.26816,9.26105,-0.98165
719.4562,-0.12211,9.85962,-0.07662
719.4736,-0.16999,9.18683,2.51159
719.4939,0.55308,9.33049,1.40065
719.5242,0.06225,10.68804,-1.52276
719.5347,0.45012,10.81494,-1.38150
719.5533,-0.81645,8.40869,-0.38548
719.5757,-0.77335,9.41668,-0.44294
719.5933,-0.76617,9.74949,0.72307
719.6135,-0.73744,10.04877,0.96968
719.6362,-0.83321,9.91709,-0.51716
719.6538,0.51237,9.12937,-0.69195
719.6814,0.04549,9.46696,-2.25541
719.6964,-0.85236,10.98733,2.08781
719.7141,0.31604,9.75906,0.76138
719.7339,-0.13169,10.28820,0.83321
719.7565,-0.38787,10.36960,0.24182
719.7738,-0.16281,9.49330,-2.74144
719.7939,0.38787,11.36323,-0.76377
719.8173,0.60575,9.26584,-0.77335
719.8337,1.52755,9.53640,1.43656
719.8540,1.18038,9.01444,1.07503
719.8768,1.78852,9.82850,-0.55068
719.8944,1.19714,10.35284,-1.19953
719.9147,-0.03352,9.23232,-1.94894
719.9385,-0.70152,9.86920,-0.47407
719.9562,-1.13489,10.03919,0.76138
719.9749,-0.98884,9.39753,-1.30488
719.9966,-0.11493,8.42545,-0.40224
720.0143,0.65124,9.73991,0.16999
720.0345,0.49083,10.27623,0.08619
720.0574,1.00081,10.59227,-2.51159
720.0745,1.12531,9.91469,-1.10376
720.1058,-0.38308,10.57312,-0.05986
720.1168,0.31126,9.69921,1.39826
720.1344,-0.62969,9.25627,3.95534
720.1545,-0.50998,10.03441,2.09978
720.1769,-0.20591,9.55555,2.08781
720.1947,-0.40224,9.33288,2.96411
720.2161,0.46449,9.61541,0.80926
720.2501,0.69673,7.92505,-0.49322
720.2542,0.59378,10.92747,0.17239
720.2740,0.24422,9.77822,1.09658
720.3004,-0.24900,11.22197,1.60656
720.3182,1.13010,9.44541,-0.37830
720.3383,0.83321,9.71836,0.28013
720.3583,0.24661,9.73512,-0.84039
720.3892,1.01517,9.17486,0.93137
720.3940,0.10056,8.55474,-0.04789
720.4168,-0.85476,10.20201,1.20193
720.4343,0.25140,10.48692,0.27774
720.4546,-0.72786,9.11022,0.51716
720.4772,0.19872,9.22754,0.66321
720.4949,-0.83321,9.57710,2.49483
720.5299,-0.19154,11.51886,1.51318
720.5370,0.38548,9.74230,2.84200
720.5544,0.03831,9.61780,0.78053
720.5757,0.23224,8.78938,1.64247
720.5979,0.02394,9.52682,3.52677
720.6158,-0.50280,11.01366,1.56825
720.6356,0.53632,8.72953,1.16841
720.6578,-0.39266,9.15331,1.84359
720.6780,-0.20591,9.46457,1.28094
720.6942,0.36154,11.15732,-0.11971
720.7172,0.41660,9.81653,-1.95373
720.7342,0.83800,10.35284,-0.04070
720.7542,1.86993,8.49010,-0.00718
720.7819,0.98165,11.70561,-0.55068
720.8104,0.27295,9.22035,-0.30886
720.8223,0.79969,10.90832,2.15485
720.8376,1.36474,6.35201,-3.77577
720.8551,-0.14126,8.87797,0.36154
720.8750,-0.01437,8.44221,4.44856
720.8977,0.87870,8.44221,2.26259
720.9160,0.41182,10.00807,-1.71430
720.9442,1.36474,9.59865,-0.96250
720.9575,2.12851,7.46535,-3.29452
720.9752,0.49322,7.61619,1.44375
720.9959,0.40463,10.88916,0.41421
721.0188,0.99362,9.47893,0.40703
721.0365,0.32802,11.07831,0.72786
721.0571,0.08380,9.49330,0.83321
721.0891,0.73025,10.81254,0.73025
721.0952,-0.66800,9.17965,0.46928
721.1170,-0.09338,10.18046,0.19394
721.1374,0.52913,8.56672,1.28573
721.1553,-0.24182,10.26426,0.16042
721.1754,0.31604,9.05754,0.82363
721.1976,0.36154,9.49569,-0.21548
721.2163,0.21548,8.85163,0.27534
721.2347,0.52195,11.33689,0.92180
721.2575,-0.13647,9.79737,0.60096
721.2751,-0.09817,10.37679,-0.30168
721.2952,-0.47885,10.13496,-0.79011
721.3190,-0.32802,10.17567,-1.29051
721.3549,-0.27055,10.80776,-1.92021
721.3704,-0.62730,11.07592,1.04630
721.3775,-0.33520,8.56432,1.40305
721.3950,0.66082,9.66090,0.81405
721.4153,1.22587,10.53720,0.06225
721.4374,1.81965,10.18764,-0.39027
721.4553,0.16281,10.30735,-0.77335
721.4753,0.19872,10.56115,-0.81405
721.5041,0.77575,8.75107,-1.61614
721.5152,-0.61293,9.21796,-0.53153
721.5350,-0.49083,10.02483,0.01676
721.5574,-0.81645,9.60104,0.64645
721.5752,-0.76617,10.19003,-0.24422
721.5951,0.00239,9.63935,-0.49561
721.6193,0.08619,9.96018,-0.69913
721.6401,-0.28731,10.73832,-1.60656
721.6570,1.06785,10.44862,1.91781
721.6773,0.37351,9.23232,1.71430
721.6964,0.59378,9.67526,-1.35037
721.7158,0.76617,9.49809,-2.25780
721.7387,0.02155,9.62738,0.48604
721.7553,0.00958,10.62579,1.14925
721.7828,0.30886,8.97374,0.84997
721.7974,0.10774,11.05916,0.19394
721.8148,0.71110,8.13575,0.32323
721.8350,0.22746,10.78621,-1.47008
721.8575,0.71828,9.09346,-0.93137
721.8754,-0.64167,9.46696,0.28252
721.8970,-1.31206,10.24989,0.62251
721.9250,-0.42379,10.50129,1.79331
721.9388,-0.08141,8.90670,0.20830
721.9547,0.21309,9.36401,0.92658
721.9772,0.60575,9.21317,0.44294
721.9948,0.09817,10.60903,-0.23464
722.0148,-0.07662,10.72396,-0.91701
722.0390,-0.45012,10.24271,2.50681
722.0561,-0.35914,8.59305,0.15802
722.0758,-0.00479,9.48851,2.30569
722.0980,-0.10535,9.11500,0.15802
722.1155,-0.45252,9.95539,2.21231
722.1376,-0.43336,10.46298,1.34558
722.1600,0.26098,9.71118,2.06626
722.1759,-0.06943,9.07191,1.16122
722.2070,-0.36872,10.48453,0.84278
722.2180,-0.00718,9.88836,0.21309
722.2358,-0.16281,9.99131,0.48364
722.2559,0.05028,10.83170,-0.51956
722.2784,-0.04310,9.44302,-0.92180
722.2960,-0.53871,11.24112,-0.43576
722.3179,-0.53632,10.08947,0.00239
722.3496,-0.21070,9.91469,1.08221
722.3571,-0.42379,8.36081,0.54829
722.3760,-0.70631,9.86441,0.13647
722.3991,-0.28492,8.62897,0.69913
722.4170,-0.17957,9.90990,0.26816
722.4371,0.22985,9.12458,-0.68955
722.4597,-0.25619,10.66889,0.30407
722.4951,0.08859,10.12778,-0.87870
722.4968,-0.26098,9.27303,-0.55308
722.5183,-0.66800,11.53801,0.74462
722.5360,-0.68476,10.18046,1.00081
722.5591,-0.25858,10.53960,1.49403
722.5821,-0.21548,10.13496,1.28094
722.6180,0.17478,9.97694,-0.20591
722.6341,0.36393,8.81333,-0.64406
722.6379,0.11493,10.12060,0.70631
722.6556,0.84518,8.33686,-0.13647
722.6755,0.60336,10.02962,-0.08141
722.6984,0.92658,9.70639,-0.18196
722.7158,0.27774,9.58428,1.61135
722.7360,-0.91701,10.15412,1.26178
722.7744,-0.71349,10.73832,2.62652
722.7756,-0.27055,10.40791,1.70233
722.7958,0.44534,9.55555,0.77575
722.8180,0.27774,9.46936,-0.05267
722.8375,0.18436,10.19482,-0.53871
722.8558,0.50280,9.67766,-0.51716
722.8928,0.00958,9.09106,-0.74462
722.9082,0.12929,10.17327,1.75261
722.9161,0.20591,7.94899,1.46051
722.9382,-0.42139,10.10863,0.86673
722.9557,1.13489,8.85642,-1.11573
722.9760,0.50040,9.70639,-0.20830
722.9981,0.11493,8.59066,-1.20911
723.0168,1.03672,10.60424,-0.63448
723.0459,0.41900,9.94582,-0.57223
723.0581,0.46928,11.04718,0.55308
723.0753,0.16042,9.06472,2.38470
723.0955,0.17718,9.92188,0.91461
723.1179,0.56744,9.42387,-0.97926
723.1356,-0.60096,9.53400,0.28013
723.1559,-0.64645,11.09268,1.90105
723.1889,-0.56505,9.08627,1.85556
723.1960,-0.01676,9.96258,1.38868
723.2162,0.27774,8.44700,0.41660
723.2382,0.08859,10.17567,0.37830
723.2559,0.30647,9.83089,-1.92021
723.2780,0.28013,8.93543,-0.35675
723.3120,-0.13408,8.88037,-2.85876
723.3256,0.70871,9.90751,2.54033
723.3359,-0.11732,9.98652,-0.61054
723.3580,-0.45731,9.15092,1.76219
723.3764,-0.27774,9.85005,-1.83162
723.3993,0.48364,9.28739,-0.61054
723.4216,-0.33759,10.57551,-1.55388
723.4355,-0.16760,9.07670,0.65124
723.4561,-0.15563,10.28820,1.00081
723.4796,-0.42858,11.14774,3.40705
723.4973,0.32323,9.22754,1.03672
723.5174,0.83800,10.70001,0.32083
723.5396,0.37830,10.28341,0.05267
723.5574,0.17718,10.86043,-0.00239
723.5778,-0.66082,10.57312,0.67040
723.6106,-0.67997,10.64255,2.82046
723.6165,-0.78053,10.93465,2.17161
723.6360,-0.92180,8.77502,0.30168
723.6580,-0.69673,9.16768,1.50839
723.6776,-0.45731,9.23472,-1.15404
723.6974,0.37111,9.17486,-0.29450
723.7219,-0.12690,9.69681,-0.21309
723.7393,-0.21788,10.16130,0.53153
723.7588,0.80687,9.10303,-0.03591
723.7814,0.68237,9.38077,-0.13169
723.7971,0.52195,10.08229,-0.91701
723.8171,0.36393,9.95061,0.30886
723.8393,0.26576,9.80455,0.51237
723.8572,-0.18675,10.02483,1.83880
723.8763,0.00958,10.23792,1.58022
723.9009,-0.53392,10.27623,0.29689
723.9152,-0.78532,10.21877,2.67201
723.9354,-0.84997,9.67287,1.64247
723.9595,0.44055,9.72554,0.49083
723.9769,-0.15563,9.36880,-0.40703
723.9952,-0.06943,10.02243,-0.06225
724.0176,0.40224,9.59146,-1.91781
724.0348,-0.26337,8.76783,0.08859
724.0542,0.07901,9.39274,2.29132
724.0764,1.12770,8.95219,2.38949
724.0944,-0.12211,9.82850,2.96651
724.1163,1.09418,8.27940,1.77655
724.1364,0.77814,8.66249,-1.15404
724.1646,-0.00718,10.15172,-1.77655
724.1752,0.21788,10.77663,-0.92419
724.1975,0.38548,9.63217,-0.16520
724.2148,-0.39506,8.88037,1.14925
724.2353,-0.64167,9.65611,-0.07901
724.2582,0.33999,9.67048,0.65364
724.2745,-0.32802,10.12778,1.66402
724.3006,-1.23305,10.04638,3.45733
724.3173,-0.34717,9.58428,1.03672
724.3347,-0.43097,9.39992,1.68796
724.3550,-1.55149,10.70001,1.07742
724.3774,-0.93856,11.22915,1.10615
724.3950,-0.76856,9.94103,0.98405
724.4163,-0.49801,10.72156,1.64008
724.4391,-0.80448,9.02642,0.87152
724.4551,-0.20591,10.72396,-0.50040
724.4748,0.33280,10.13018,-0.03352
724.4974,-0.01197,9.38556,-0.38308
724.5150,-0.04310,10.58270,-0.98644
724.5371,-0.37111,10.22595,-0.12690
724.5752,0.23943,9.70160,-0.46928
724.5753,-0.05267,9.50048,0.11732
724.5953,0.08380,11.71040,0.76856
724.6175,0.04789,9.26345,1.96091
724.6354,-0.69195,10.45101,0.06465
724.6555,-0.56026,9.84047,-0.56505
724.6776,-0.40703,9.37598,1.98007
724.6953,-1.97049,9.21317,0.79490
724.7190,-1.05109,10.16130,1.28573
724.7370,-0.15323,7.98970,0.10295
724.7551,0.28492,8.78220,-0.29210
724.7750,1.26178,8.85642,-0.01915
724.7975,0.79490,10.95141,-1.88908
724.8149,1.30009,9.79737,0.07901
724.8423,0.31604,8.96656,0.31365
724.8587,0.00000,9.27063,-0.39984
724.8751,2.30569,8.09265,-2.27696
724.8951,-0.23464,10.92508,-1.81486
724.9179,-2.03034,10.84367,-0.59857
724.9359,-0.33280,9.82610,0.19154
724.9560,-0.51477,10.04398,-1.72627
725.0006,-1.36474,10.60424,1.43178
725.0012,0.45731,9.49330,-1.48445
725.0209,0.75180,9.40232,-1.25460
725.0383,-0.42618,10.75029,-1.64726
725.0561,0.54111,10.01525,0.05028
725.0776,0.62012,8.02800,-1.77655
725.1004,0.24900,11.11901,-1.28094
725.1179,1.54191,8.62897,-0.96250
725.1480,0.49561,9.67287,-0.95292
725.1587,-0.12450,9.66569,-1.08461
725.1758,0.09817,8.21476,0.28013
725.1975,-0.78293,10.87719,0.52913
725.2198,-0.36154,10.73353,1.09897
725.2378,0.64645,10.02962,-0.40703
725.2584,0.27295,8.79896,-0.50759
725.2831,0.29210,10.04398,-0.53632
725.2971,0.11493,9.96018,-0.16999
725.3163,0.47407,9.04318,-1.30249
725.3378,0.23943,8.82051,1.28333
725.3560,0.62491,9.41429,0.86433
725.3759,0.56984,8.72234,-0.03113
725.3987,-0.28252,11.02564,-0.48604
725.4338,0.13887,7.73590,0.14845
725.4363,-0.38548,6.88354,0.07422
725.4585,-2.33202,12.66811,4.19477
725.4761,-1.63290,13.35766,2.80609
725.4964,1.58022,6.67284,-2.83482
725.5186,2.74144,7.96096,-0.38548
725.5365,-1.86993,13.75271,0.24182
725.5668,0.77335,9.13895,4.37913
725.5785,-0.87870,11.10944,-1.26178
725.5962,-0.44534,11.16450,-0.14605
725.6187,4.29054,7.92984,1.30249
725.6409,2.52596,8.81093,-2.15485
725.6566,0.26098,10.53241,-0.36632
725.6907,1.19235,10.83888,2.52835
725.7070,0.61054,9.80216,-0.26576
725.7162,1.18038,9.11022,-0.92658
725.7358,-1.42459,10.73353,3.10537
725.7604,-2.40625,10.25229,1.14925
725.7777,-0.03352,10.29538,4.51800
725.7975,0.21070,8.69840,2.49005
725.8211,0.20830,10.14694,0.13408
725.8399,1.10615,11.40154,-1.11813
725.8590,0.72307,9.72076,-0.85715
725.8792,0.89067,11.26506,-1.00081
725.8963,1.10855,8.43024,-1.13728
725.9163,0.56265,10.18046,-0.37830
725.9391,0.46449,10.03201,-0.96010
725.9575,0.65843,9.09346,2.01598
725.9883,-0.16042,8.99050,2.48286
725.9982,-0.59378,10.77663,1.90584
726.0176,0.28971,10.31693,0.70152
726.0377,-0.52913,10.08469,0.97926
726.0601,-1.24981,10.46537,-0.48843
726.0797,0.41660,10.16609,1.60895
726.0988,-0.52435,9.89793,1.28573
726.1302,-0.64406,10.11102,0.63448
726.1359,0.86194,8.95219,0.98165
726.1558,0.33520,8.89952,0.25379
726.1798,0.25858,9.30176,-0.18436
726.1959,1.20193,9.05994,-0.00958
726.2186,0.42379,8.65051,0.11493
726.2623,-0.30647,10.18764,0.62251
726.2623,-0.89067,9.06472,1.30249
726.2775,-0.53871,8.28658,0.62491
726.2985,-0.75420,8.54038,1.65923
726.3179,-1.31446,9.72315,-0.36632
726.3356,-0.68476,10.26904,0.17478
726.3584,-0.61293,10.39594,-0.91461
726.3777,0.75420,9.28260,-0.44773
726.4075,0.74223,9.03360,-1.21390
726.4234,-0.39266,10.80057,0.78532
726.4355,-0.22746,9.07670,0.07422
726.4557,-0.46928,9.13176,0.73025
726.4787,-0.51716,9.93385,2.10457
726.4964,-0.48604,9.96018,0.21548
726.5176,-0.13169,10.34087,-0.31365
726.5421,-0.17239,10.16609,0.45491
726.5558,0.11732,10.11342,0.04310
726.5760,-0.35675,10.22834,-0.56744
726.5998,-0.50998,9.68724,0.45012
726.6174,-0.14605,9.81653,-0.98644
726.6377,-0.01915,10.76705,-1.30967
726.6802,-0.31365,10.01525,-1.07024
726.6804,0.15323,10.60185,0.10774
726.7020,0.33280,8.83966,-0.64885
726.7178,-0.26816,9.80216,0.33999
726.7354,0.04070,10.68804,0.07422
726.7555,1.45332,10.45340,2.12612
726.7782,0.05267,8.84445,1.58262
726.8029,0.38548,10.07990,-0.56026
726.8199,0.95292,9.05275,-1.32643
726.8379,-0.75899,9.68245,0.62730
726.8553,0.49801,10.21158,-0.97208
726.8772,1.40544,8.56672,-0.81645
726.8998,-0.61772,9.76864,-0.13408
726.9171,0.89067,7.79336,-0.94334
726.9398,0.80926,9.52682,0.58181
726.9598,-0.82363,10.90592,0.85715
726.9761,1.79331,9.38795,-0.72307
726.9958,0.81166,8.41109,-0.45252
727.0178,-0.66800,11.41111,-0.45491
727.0355,0.14366,9.77104,0.67997
727.0569,-0.14605,11.27703,1.52515
727.0839,-0.66800,9.39992,0.78772
727.1013,0.30168,10.96817,1.40783
727.1186,0.15563,9.73752,0.43576
727.1389,-0.14366,9.37598,0.86912
727.1566,0.08141,10.16370,1.18995
727.1764,0.31844,9.86202,1.22347
727.1991,-0.06704,9.16289,0.07901
727.2183,0.85715,10.24510,0.82602
727.2538,-0.25858,9.53161,0.30168
727.2587,0.64885,10.60664,-0.65124
727.2766,0.96250,9.06233,-1.09179
727.2966,0.31844,11.23154,-0.60575
727.3195,0.89067,10.26904,-1.44375
727.3372,0.03113,10.77663,-0.91461
727.3571,-0.20830,8.81811,0.32802
727.3904,0.18675,9.59625,0.80926
727.3976,-0.88588,9.79737,0.23703
727.4167,-0.31365,8.77741,0.22267
727.4396,0.11732,9.08388,-0.72068
727.4580,-0.42858,10.50608,-0.14366
727.4783,0.24182,9.98413,-0.88349
727.5040,-0.62251,9.63935,-0.19154
727.5333,-0.84757,10.36960,-0.18675
727.5512,0.78053,8.84445,-1.02714
727.5589,0.21309,10.67368,1.20193
727.5765,0.54350,10.05356,-0.20830
727.5968,2.02556,8.86839,1.29291
727.6188,1.60895,10.91071,-1.18995
727.6365,-0.26816,10.28341,1.76219
727.6637,0.83321,8.85642,-1.38150
727.6788,0.75899,11.00169,1.15643
727.6965,0.14845,10.03201,-0.34238
727.7166,0.69673,9.90033,-1.93457
727.7403,-0.04070,10.64734,-2.07584
727.7584,0.93377,8.06152,-1.63050
727.7782,0.38548,11.12380,-0.39266
727.8096,0.10295,10.63297,-0.25379
727.8168,0.82363,9.65611,-1.17080
727.8365,0.04789,9.30894,-1.38868
727.8604,1.18995,9.79737,-0.05986
727.8780,0.53392,8.68403,-0.40463
727.8981,0.64645,10.05835,-0.57941
727.9211,1.24263,9.00008,-0.79011
727.9545,0.19633,11.24591,-1.01996
727.9564,-0.19633,10.21877,-0.86673
727.9791,-0.00718,10.63537,-0.24661
727.9965,-0.39266,9.78301,0.19394
728.0178,0.28252,10.69762,0.35675
728.0400,0.82363,8.78699,-0.96729
728.0578,0.89067,7.97054,-1.04630
728.0908,0.05028,10.46059,-0.76856
728.1006,0.38069,10.54678,-1.87711
728.1165,0.30647,9.31133,-1.17080
728.1386,0.34238,8.08786,1.01517
728.1611,0.20591,9.64414,0.40224
728.1787,-0.13647,10.08469,0.25619
728.2142,-0.18915,9.47654,1.03912
728.2291,0.70152,9.90751,0.50280
728.2382,0.23703,10.82930,0.98405
728.2569,-0.22985,8.75107,-1.06785
728.2792,-0.10295,9.48851,0.81645
728.2980,0.09338,9.10064,0.93616
728.3179,0.36154,9.29936,1.46769
728.3401,0.70392,9.33049,-0.74941
728.3595,0.71828,10.00089,1.80289
728.3760,0.51237,9.46936,0.02155
728.4043,1.28573,10.19961,-0.67997
728.4163,0.14366,9.55076,-1.27854
728.4379,0.29210,10.61143,0.47885
728.4601,0.73025,9.42626,-1.42459
728.4781,-0.30168,10.44862,1.00799
728.5072,-0.49801,10.30975,-0.13169
728.5190,-0.05028,10.37439,0.96489
728.5364,-0.06704,10.26665,0.45252
728.5562,-0.66561,10.20679,1.22587
728.5790,-0.07662,10.08708,-0.83800
728.5966,-0.39506,10.86522,0.70631
728.6194,-0.55787,11.98574,0.58660
728.6461,2.08062,3.69197,-2.53554
728.6609,0.35914,11.04718,-0.84039
728.6769,-0.78053,7.86998,-2.68159
728.6984,0.35196,4.88911,-11.61702
728.7168,2.92341,7.77421,-5.57387
728.7379,1.69754,9.47175,-2.30090
728.7610,6.27300,8.58826,3.14368
728.7963,-2.64807,9.03839,8.77023
728.7980,-0.53153,14.08552,-3.88351
728.8204,-0.87152,7.30733,6.79495
728.8383,-1.04390,11.28422,1.14925
728.8583,-0.82363,10.32890,3.18917
728.8810,-1.42938,10.75748,1.58501
728.9074,-1.86753,10.16609,3.23945
728.9218,-0.54350,9.62259,0.10295
728.9385,0.57941,10.19961,1.01517
728.9562,-1.12531,9.81174,0.79969
728.9763,-1.30488,10.93705,2.47568
728.9984,-1.06066,9.02163,0.99362
729.0162,-0.69434,9.65372,2.20034
729.0378,-0.20112,10.80057,0.63927
729.0690,-0.29450,10.32890,0.64406
729.0764,0.45970,9.63696,-0.91222
729.0963,1.40544,10.27862,0.03113
729.1185,0.84997,10.28820,-1.12770
729.1363,0.04549,10.86761,0.13647
729.1563,-0.16520,9.22035,0.53153
729.1805,0.79250,9.85005,0.45491
729.2014,-0.18915,8.53320,0.22267
729.2159,-0.90504,11.40872,1.24023
729.2383,-0.45012,8.67206,0.50519
729.2561,0.28492,9.93624,0.07183
729.2762,-0.17239,9.46936,0.15563
729.2986,0.22985,10.23792,0.53153
729.3182,0.56505,10.90592,-0.07183
729.3515,0.61054,9.35683,1.03672
729.3588,0.15084,9.06233,0.67279
729.3759,0.26337,10.43186,-0.54589
729.3958,0.55308,10.13018,0.43097
729.4200,-0.23943,9.70639,0.57463
729.4376,0.06704,10.01046,0.71828
729.4576,-0.15802,9.66090,1.25221
729.4915,0.40463,9.11979,1.08221
729.4960,0.12690,8.33447,-0.99841
729.5159,-0.24182,9.97215,0.74223
729.5408,-0.46928,9.70160,0.07901
729.5584,-0.05986,9.18444,0.27534
729.5802,0.63448,7.75984,0.26576
729.6015,0.30407,8.33926,1.56107
729.6185,-1.21390,10.00567,-0.01915
729.6379,0.19394,9.75667,1.85556
729.6583,0.45970,8.60981,-0.25619
729.6776,0.28252,10.06074,0.49801
729.6976,-0.35435,8.48531,0.76617
729.7201,0.25619,9.86441,-0.31604
729.7379,-0.24661,9.08148,2.15724
729.7652,-0.43336,10.48213,2.14766
729.7797,-0.22746,10.04877,0.89067
729.7988,-0.37830,10.23074,1.09897
729.8157,-0.44294,9.69202,-0.93377
729.8382,0.25858,10.49889,-0.31126
729.8557,0.19394,10.06314,-1.09658
729.8759,0.71589,10.12539,-0.14366
729.9025,1.14446,9.09346,-1.46290
729.9176,0.93137,9.08627,0.53392
729.9362,0.20591,10.44862,-1.35037
729.9623,1.03672,10.24031,-0.16520
729.9780,0.00000,9.74230,-0.68716
729.9978,0.20351,10.65692,0.24661
730.0381,0.39266,8.88994,-1.91781
730.0383,1.79092,10.45580,-2.04711
730.0611,1.12291,8.72234,1.53234
730.0782,0.68476,9.70878,3.95055
730.0955,-0.81405,11.24112,1.96570
730.1159,0.17718,9.79737,1.95612
730.1385,-0.39745,9.23472,-0.38069
730.1575,-0.44773,9.60344,0.54589
730.1773,1.34319,8.63854,-1.24502
730.2004,0.24422,10.40791,-0.31604
730.2175,0.40463,11.37759,-2.03034
730.2357,0.82602,8.90191,0.12929
730.2582,0.08859,11.40872,-1.88190
730.2757,-0.50519,10.19482,2.07344
730.2971,0.41660,10.27144,-0.67040
730.3332,0.57702,11.75110,0.22746
730.3362,1.09897,10.05356,-0.99602
730.3560,1.11813,9.00008,-2.22907
730.3785,-0.26576,10.78860,-0.66082
730.3981,0.65603,9.49330,0.98884
730.4183,0.03591,10.31932,-0.44534
730.4613,0.19633,10.23792,-0.18675
730.4615,0.50998,9.78301,-0.49322
730.4780,-0.41182,9.13655,0.91940
730.4982,0.14126,9.77343,-1.65444
730.5161,0.39506,9.79737,1.87232
730.5361,0.56984,10.03680,-0.77335
730.5595,1.11094,8.18842,-0.39506
730.5771,-0.19394,10.49889,-0.35196
730.6105,-0.45970,9.68963,2.95454
730.6190,-0.26816,9.52682,1.24023
730.6380,-0.03831,9.52682,2.30329
730.6581,0.14605,10.41749,-0.15802
730.6806,0.42858,10.67847,0.41660
730.6981,0.09577,10.53481,-0.00239
730.7270,-0.45491,9.58428,0.52435
730.7399,-0.80687,9.95779,-0.27774
730.7562,0.12211,9.14852,-0.22027
730.7758,0.21070,9.67766,-0.37111
730.7986,0.76138,9.70400,-0.36872
730.8162,1.07982,9.69442,-0.93137
730.8364,0.38069,9.54837,0.30647
730.8597,0.49322,9.55076,-1.71670
730.8791,0.87391,9.36401,0.09098
730.8962,0.26098,10.12539,-0.48125
730.9202,0.51716,9.62498,1.98007
730.9355,-0.44055,10.01525,0.81166
730.9557,-0.34956,9.93624,1.04390
730.9780,-0.51237,10.75748,0.48364
730.9966,-0.99841,10.19961,1.15404
731.0201,-0.34717,9.41908,0.53632
731.0398,-0.55308,10.24750,1.06545
731.0576,0.16760,9.82610,-0.82363
731.0792,0.26816,9.21796,0.34478
731.0997,-0.33520,10.59227,-1.10615
731.1193,0.30407,9.03120,0.96968
731.1588,0.65364,10.24271,0.19633
731.1723,0.50759,9.71118,0.26098
731.1761,0.78053,9.17007,-1.67839
731.1957,-0.26816,9.75906,-0.55308
731.2178,0.47885,7.73111,0.39745
731.2355,0.52674,10.19482,-2.01598
731.2571,-0.88109,9.45260,0.39027
731.2805,-0.63927,9.91709,0.94095
731.2977,0.01437,11.43506,1.57543
731.3174,0.71589,10.48692,1.19235
731.3383,-0.52435,9.60822,4.92502
731.3560,-0.91222,10.70480,1.47248
731.3759,0.62491,8.99529,0.56265
731.3993,0.07183,11.24591,-0.24900
731.4172,-0.96489,9.59625,-1.14207
731.4516,0.25858,8.53080,-0.54111
731.4575,-0.97447,8.96177,-0.13169
731.4756,0.63448,9.42147,-0.33759
731.4974,-0.19394,10.74072,0.40703
731.5176,-0.25619,10.05835,-0.90504
731.5356,0.82363,9.41189,-1.20671
731.5557,0.74462,9.80695,0.31844
731.5791,-0.43815,8.14532,-0.16281
731.5974,-0.00958,10.23313,1.30009
731.6155,0.64167,8.74150,-0.62251
731.6378,1.31685,9.22275,-0.83081
731.6556,0.22506,11.09986,0.08380
731.6756,0.20112,10.53960,1.75021
731.7028,0.29210,8.83487,-0.11253
731.7211,0.71349,10.10863,0.95292
731.7364,-0.56984,9.77343,0.38548
731.7595,0.47167,10.57551,1.52755
731.7769,-0.60096,9.06233,1.14207
731.7958,0.51237,10.14933,-0.28492
731.8190,0.30886,8.60263,-0.05507
731.8454,-0.85236,10.21158,0.84039
731.8552,-1.09897,10.02722,0.22027
731.8773,0.60815,10.91311,-1.76458
731.8947,-0.07901,8.95698,0.35675
731.9150,-0.07422,11.59308,0.11253
731.9370,-0.48364,9.63696,0.77814
731.9547,0.45731,10.41031,0.15084
731.9749,0.08859,10.48213,0.25379
732.0057,-0.13169,10.02004,0.12450
732.0148,-0.97926,10.38876,0.43815
732.0347,-0.04310,9.45978,0.12690
732.0577,0.23464,9.33049,0.71589
732.0748,-0.19633,9.41189,0.28252
732.0946,-0.15323,9.02642,0.93377
732.1241,-0.29928,8.70798,0.73983
732.1357,-0.08141,9.54837,-0.22985
732.1547,-0.78293,9.76864,-0.55068
732.1779,-0.76856,11.43745,0.23703
732.1944,-0.64406,10.30017,-0.45731
732.2147,-0.09098,9.34485,-0.14366
732.2390,-0.23224,9.96976,-0.33999
732.2600,-0.24900,10.08469,-0.33999
732.2782,-0.61772,9.46217,-0.68716
732.2979,-0.25379,10.39355,0.01197
732.3155,-0.58899,10.59945,1.23066
732.3356,0.43097,9.70160,0.70392
732.3583,0.10774,8.78938,-1.63529
732.3757,-0.50998,10.04877,-0.99123
732.3971,-0.91222,10.29778,-0.04789
732.4303,-0.11493,10.07032,0.22267
732.4357,-1.00081,9.58428,0.64885
732.4555,-0.33999,10.75269,1.43178
732.4778,0.56744,8.54756,0.93377
732.4956,0.49561,10.77424,-1.01038
732.5171,0.52913,9.73273,0.80448
732.5410,0.49801,9.35443,1.35277
732.5738,0.53871,8.95698,2.22907
732.5773,1.24263,8.97614,0.97447
732.5977,0.58899,10.18046,0.12211
732.6149,0.80448,9.85005,0.34238
732.6358,1.24502,9.01444,-0.62969
732.6577,-0.21548,9.66808,-1.05109
732.6757,-0.24182,10.40791,0.55068
732.7057,0.12450,10.48932,-0.50280
732.7187,0.85236,8.43982,-0.60815
732.7375,0.62251,10.55636,-1.01278
732.7575,0.35435,8.89473,-0.79969
732.7801,-0.73504,8.93064,0.71828
732.7975,-0.12450,10.05356,0.07183
732.8183,-0.23703,9.15331,-0.99602
732.8520,-0.18675,10.09666,-0.06225
732.8552,-0.55068,10.45580,-2.04232
732.8754,0.16999,9.43584,0.35914
732.8975,0.11253,9.08148,-0.30647
732.9156,1.12052,9.81653,-0.25379
732.9358,1.00560,8.53798,-1.33840
732.9581,0.74462,10.26665,-1.68078
732.9785,1.21150,9.33767,-1.97528
732.9995,0.01915,9.87160,-1.23545
733.0172,-0.16760,10.95620,1.26178
733.0356,-0.40463,10.42946,0.03591
733.0554,0.21788,7.83167,-1.35277
733.0811,-0.37590,9.63456,0.57702
733.1110,0.47646,9.57949,2.04711
733.1219,1.15165,9.99131,0.26337
733.1403,0.78532,9.91230,-0.78293
733.1564,-0.74462,10.04159,0.12211
733.1778,0.24900,10.70480,1.87951
733.2022,0.94574,10.60664,-1.00320
733.2180,-0.57463,10.61382,0.87152
733.2542,0.60575,10.80297,-1.56825
733.2718,0.58899,8.76783,-1.09179
733.2768,0.46449,10.15172,-0.69913
733.2961,0.20591,9.47654,0.68476
733.3187,0.84757,9.50048,0.23703
733.3378,-0.40703,9.77582,-2.21231
733.3577,-0.14605,9.85244,0.81166
733.3799,0.40463,9.23232,1.14686
733.3983,-0.51956,10.54439,1.14686
733.4162,-0.22985,8.25785,0.33280
733.4400,0.65124,9.41908,1.18995
733.4562,0.50998,9.37598,-0.66561
733.4763,0.95771,10.13496,-0.27055
733.5004,0.21309,9.96018,0.72547
733.5257,-0.11014,10.56115,0.04789
733.5374,0.56505,7.76224,0.05986
733.5585,0.08859,9.75428,-2.27217
733.5760,0.18196,8.54277,0.48843
733.5975,-0.17957,9.46457,1.71430
733.6214,0.25858,10.71438,-0.45491
733.6379,0.35675,8.80135,0.14605
733.6611,0.53632,10.04398,-0.25379
733.6927,-0.58420,10.48692,1.18038
733.6958,-1.35995,10.91550,-0.13408
733.7159,-0.25858,9.33528,1.68318
733.7384,0.60815,9.57231,0.79011
733.7561,-0.95771,9.10782,2.84440
733.7764,-1.87472,9.94821,0.17478
733.8177,-1.01757,10.28820,0.71589
733.8178,0.09338,8.83966,0.11014
733.8377,-0.40703,9.27542,2.32724
733.8585,-0.74223,9.84286,3.19157
733.8774,-0.44294,10.12060,2.44695
733.8959,0.17478,10.07990,1.11813
733.9189,0.29689,11.41830,0.31844
733.9384,0.04310,10.19243,-1.29530
733.9720,0.37830,10.61382,-0.45970
733.9783,-0.02155,10.96817,-1.50600
733.9958,0.73744,9.12458,-1.29051
734.0161,0.57702,10.39355,-0.73744
734.0385,-0.17239,9.51006,0.48364
734.0895,1.28812,8.98571,0.23703
734.0991,0.64885,9.73033,-1.28333
734.1153,0.91701,9.59386,-1.38629
734.1179,0.24422,10.39115,-0.22506
734.1375,0.37590,8.57869,0.35914
734.1573,-0.44534,10.10863,-0.14126
734.1754,-0.35914,11.40872,2.33681
734.1956,-0.53153,9.24190,0.59857
734.2223,-0.85715,9.05754,2.77496
734.2491,-0.55308,10.42228,0.43336
734.2619,0.67279,9.24669,0.63209
734.2784,0.86433,11.29858,0.85954
734.2957,-1.26897,10.10384,0.61293
734.3160,-0.11493,11.19323,-1.04390
734.3383,0.33759,9.96497,-0.34238
734.3572,0.80448,10.23792,0.01197
734.3764,0.09577,10.08229,2.03034
734.3981,0.05507,8.97853,-0.57941
734.4158,-0.08859,9.01205,-0.12929
734.4356,0.05267,9.95300,-0.59617
734.4592,0.20830,10.07511,-1.02954
734.4771,-0.71349,9.18683,-1.27136
734.5142,1.00320,10.49411,-0.27295
734.5289,1.80768,6.35201,-1.58980
734.5358,1.94415,7.64492,-0.60575
734.5560,0.23224,11.23633,-0.24661
734.5800,0.23224,9.71357,-0.35435
734.5959,-0.38308,10.71917,-0.66800
734.6159,-1.30967,11.26746,0.89785
734.6481,0.40224,9.22514,3.85239
734.6594,0.67519,9.78780,0.29450
734.6754,-0.69434,9.47415,0.86433
734.6976,-0.88109,10.05595,0.98644
734.7161,-0.38548,10.06793,0.81884
734.7404,-0.58420,9.68005,-0.86912
734.7604,1.11094,7.81491,-1.19235
734.7833,-0.86673,10.44383,-1.70472
734.8042,-1.06306,9.73273,0.58181
734.8184,0.19394,9.93385,0.47646
734.8362,-0.57702,9.30655,0.13887
734.8561,-0.22746,9.40711,0.52674
734.8785,-0.05507,8.82051,1.84120
734.8964,-1.49403,10.12060,0.39506
734.9166,-1.47966,9.95539,0.15084
734.9388,-1.12770,9.20838,1.17080
734.9564,-0.17478,10.72875,-0.85715
734.9763,0.10056,9.21796,-1.12291
735.0010,-0.14126,10.28102,-0.46210
735.0182,0.89785,10.47495,-0.06225
735.0385,1.82444,9.88357,-1.61614
735.0611,0.65843,9.72315,-0.71349
735.0916,0.69913,10.46777,-0.15802
735.0980,0.68716,10.06074,0.59617
735.1190,0.19394,10.49171,0.77814
735.1367,-1.03433,10.45819,3.30649
735.1572,-0.81884,10.64495,1.96570
735.1817,0.17478,9.67048,1.21869
735.1970,1.03672,10.27623,-1.12770
735.2277,0.98405,8.49010,-0.99602
735.2393,-0.02155,9.60344,-1.83880
735.2565,0.44294,9.44063,-0.19154
735.2769,0.24900,9.28021,-0.50040
735.2992,-0.08619,9.19641,-1.36474
735.3168,0.55787,9.33767,0.11253
735.3666,0.45491,10.24031,0.22506
735.3666,1.57543,9.53161,-0.73744
735.3815,-0.22985,9.95779,1.73345
735.3969,0.11014,8.91149,1.54670
735.4206,0.74223,10.41510,0.78053
735.4366,-0.62251,9.83808,1.70951
735.4584,-0.92898,10.11342,0.55547
735.4873,-0.67040,10.09666,2.15724
735.5060,-0.01197,9.85962,-0.59139
735.5174,0.03831,10.97775,1.67839
735.5413,-0.04310,9.97215,1.19714
735.5599,0.62491,9.05036,0.05746
735.5804,1.08940,10.08229,0.02394
735.6029,-0.38787,10.03441,0.02155
735.6375,0.21548,10.15891,-0.17957
735.6525,0.06943,8.82290,-1.08940
735.6609,0.25619,9.12458,0.00958
735.6766,0.86433,8.66488,-0.15084
735.6964,-0.30168,10.15172,-1.54431
735.7190,0.26098,8.89952,0.23224
735.7365,-0.22985,8.94022,-0.12211
735.7752,-0.80926,9.54837,0.79250
735.7901,-0.79729,10.42467,1.51318
735.7962,-0.28013,10.36960,0.57941
735.8165,0.21309,9.60344,1.09658
735.8386,-0.29210,9.05036,0.64645
735.8584,0.38787,10.32651,0.09817
735.8785,-0.20830,10.37679,-0.84039
735.9077,-0.82363,9.89793,1.25699
735.9234,-0.54350,10.23553,-0.82363
735.9368,0.01197,10.23792,-1.07503
735.9611,-0.44055,9.72794,1.56107
735.9762,-1.67839,11.20999,3.03594
735.9965,-0.59617,9.72076,1.19714
736.0185,0.20591,9.26584,0.79969
736.0381,0.21070,9.22993,1.29770
736.0707,-0.04310,8.31532,0.98884
736.0805,0.57223,9.85962,-0.25858
736.0984,-0.19394,8.94022,0.33520
736.1163,1.06066,9.78780,-2.34160
736.1404,0.60575,9.47415,-0.94095
736.1579,0.18915,9.91709,-3.09340
736.1779,1.38389,10.02243,-0.70871
736.2156,0.22506,10.45101,-0.04789
736.2178,-0.03352,10.72156,0.78772
736.2371,0.03113,10.58509,0.96489
736.2592,-0.24661,10.75508,0.42379
736.2766,-0.18915,10.55396,2.40146
736.2966,-0.78053,11.01606,0.81166
736.3189,-0.16520,9.77104,2.15006
736.3493,1.33601,10.82691,-1.25221
736.3564,0.40224,7.59464,-0.71828
736.3786,-0.13169,11.56914,-2.07105
736.3965,-0.80687,8.66488,1.59219
736.4166,-0.46210,8.82051,-0.69434
736.4388,-0.30168,10.40552,-0.78532
736.4583,1.07024,9.17726,-1.35755
736.4883,0.05028,9.33767,-0.27534
736.5048,-0.22267,9.17726,1.11094
736.5163,-0.75180,8.56432,0.57941
736.5380,-0.20591,10.70241,2.51399
736.5609,0.84518,10.36003,0.36872
736.5764,0.01197,8.78459,0.61293
736.6052,0.31126,9.58189,-0.16999
736.6230,0.53153,9.56273,-0.24900
736.6372,1.01038,9.86920,-0.39266
736.6561,-0.11253,10.38876,0.06943
736.6804,-0.09098,10.35284,-0.06704
736.6981,1.59938,8.60263,-0.39506
736.7179,0.54111,9.39513,-1.78613
736.7432,0.53392,10.45101,-3.41663
736.7620,-0.28971,10.43186,-0.67040
736.7770,-1.27136,10.65692,-0.03831
736.7997,-0.59617,10.85085,2.40625
736.8185,-1.58740,9.00008,2.56187
736.8373,-0.33759,9.71118,3.60099
736.8594,1.21869,9.02881,1.16362
736.8959,-1.30727,9.11740,1.91063
736.9110,-1.11334,10.45340,0.16760
736.9200,-1.12291,8.96416,-0.04549
736.9373,0.35675,10.45819,-0.39027
736.9573,-1.56825,9.61062,1.00081
736.9795,-1.42938,10.40552,1.04869
736.9995,0.01197,9.94821,0.44294
737.0181,-0.54829,8.92586,-0.20351
737.0529,-0.90982,9.92666,1.04390
737.0590,-0.46928,11.70322,0.04789
737.0773,0.22027,9.32809,1.94894
737.0995,1.26897,9.42626,0.96010
737.1176,0.73744,9.19162,-0.28252
737.1378,1.45811,9.85723,-1.24981
737.1616,1.01757,9.01923,-1.56346
737.1949,-0.90982,10.29778,0.81405
737.1978,-1.05588,9.24908,2.42061
737.2197,0.72547,10.27623,1.21629
737.2374,1.09179,9.16289,0.46449
737.2578,-0.62491,9.89793,1.59459
737.2831,-0.77335,9.76385,0.75899
737.3162,0.62012,9.44063,0.99123
737.3342,0.78532,9.00487,0.82363
737.3396,0.22506,10.63537,-0.43815
737.3579,-0.79250,10.37439,1.37192
737.3791,0.14605,10.82930,0.21309
737.4033,0.32083,10.17088,-0.64885
737.4189,0.67519,10.23313,-0.79250
737.4395,0.87630,10.54918,-1.46530
737.4690,0.88349,9.62738,-2.09499
737.4790,-0.02873,9.36880,-0.09338
737.4973,0.86912,10.44143,-0.34478
737.5204,0.86433,8.08307,-1.09179
737.5411,0.80926,9.43344,-1.59459
737.5586,0.55068,10.00089,0.00239
737.5818,0.21548,9.77343,-1.57064
737.6137,-0.07901,8.70079,-0.00718
737.6328,0.00718,10.04877,0.28971
737.6404,-0.21070,9.68963,-0.09338
737.6566,-0.26576,9.92427,0.89785
737.6771,-0.67758,9.15331,1.35037
737.6994,-0.19154,10.17327,0.35914
737.7188,-0.88588,11.23394,1.68078
737.7501,-0.27774,10.68804,0.63448
737.7595,-0.11493,9.77104,0.95292
737.7773,-1.00799,10.09666,2.84679
737.7971,-1.63529,9.38795,3.33522
737.8209,0.01197,8.76065,3.10537
737.8385,-1.15165,10.43664,1.11813
737.8613,-0.27774,9.36401,-0.66321
737.8920,-0.08141,9.86441,-0.62969
737.8978,-1.65444,8.97614,0.07662
737.9186,-1.10615,9.61301,-1.88190
737.9394,-1.34079,10.00807,0.36632
737.9572,-0.26816,9.08388,-0.19154
737.9789,-1.31446,10.60664,1.56825
738.0197,-1.25460,11.58829,2.51878
738.0200,0.67040,8.92107,-1.30249
738.0396,0.97926,10.31693,-2.92820
738.0594,1.46530,9.33288,-1.52755
738.0770,1.31925,10.05595,-1.02714
738.0981,0.03831,9.89793,-0.49561
738.1209,-0.90743,10.60903,0.78532
738.1383,0.77575,8.46855,-0.40942
738.1732,1.49403,10.80536,-1.30727
738.1791,1.29291,8.15011,-1.47727
738.1972,-0.48843,10.74311,0.66321
738.2169,0.14605,11.08789,1.16122
738.2393,2.66483,7.70717,-2.23865
738.2571,0.90025,12.62501,-1.31685
738.2770,1.15643,9.74230,0.88349
738.3060,1.29051,9.47175,3.32565
738.3175,-1.72148,10.54918,-1.71430
738.3373,-1.73106,9.10303,-1.04869
738.3598,0.36872,8.74150,0.80687
738.3786,-0.91461,10.07750,-0.27295
738.3983,-1.76219,8.86600,-0.32323
738.4210,-0.26337,8.85403,0.50998
738.4589,-1.41980,8.17166,0.90743
738.4592,-0.90504,11.07352,0.20351
738.4796,-0.02634,10.86761,1.77895
738.4976,0.07422,8.99050,-1.36953
738.5185,-0.14126,9.12458,0.37590
738.5406,0.02873,9.39753,0.83321
738.5582,0.33999,9.45020,0.09577
738.5782,-0.34956,11.33210,-0.87152
738.6012,-0.95292,9.85005,0.29210
738.6185,0.94574,10.10145,-0.98884
738.6369,0.65124,9.25387,0.57941
738.6592,0.13647,9.03360,-0.57463
738.6770,0.29928,10.11821,-0.52913
738.6968,-0.13408,10.29778,-1.57304
738.7244,0.48604,9.51724,-3.20833
738.7375,0.71349,8.77981,-0.40224
738.7569,0.05267,9.61780,0.45731
738.7809,0.09098,9.39753,-0.49801
738.8004,0.55787,9.64174,-0.98405
738.8183,0.26098,8.94501,1.06306
738.8603,0.62491,9.92666,-1.15404
738.8609,1.23784,8.76783,0.25379
738.8799,1.37431,8.46855,0.23943
738.9008,-0.33280,9.60344,1.30009
738.9171,-1.12531,10.75508,2.15485
738.9370,-0.58660,9.70639,3.70873
738.9592,-1.82444,11.61463,0.14605
738.9935,1.08940,11.93785,-0.71828
739.0082,3.87394,9.51245,0.47885
739.0204,1.43656,10.24510,-1.76219
739.0366,2.99284,8.84685,-0.35914
739.0568,0.75180,9.16768,-2.56427
739.0792,-1.07024,10.15651,0.67279
739.0966,0.14845,10.58988,-1.36474
739.1334,0.00000,8.60023,-1.43417
739.1495,-0.33520,8.77981,-0.58181
739.1585,0.40703,9.46217,-1.57304
739.1770,0.79729,9.41908,-1.04869
739.1992,0.39506,10.02243,-2.55230
739.2185,1.41262,8.56672,-0.68955
739.2369,2.26020,10.68325,-1.49403
739.2701,0.02394,9.94821,0.78532
739.2805,0.35914,10.23792,-0.18436
739.2964,-0.79969,10.87001,0.89546
739.3209,-0.26337,9.28979,2.23386
739.3384,0.67279,10.17327,0.67997
739.3568,-0.34478,8.94740,1.05348
739.3809,-0.21070,10.19482,1.76458
739.4171,-0.20591,10.27623,0.62491
739.4365,-0.57463,10.14454,0.50998
739.4390,1.19235,9.98891,-0.56026
739.4568,1.35277,8.41348,-1.95133
739.4785,0.02634,8.76065,-0.08380
739.4988,-0.44294,9.74230,-1.74064
739.5168,-0.60815,8.95938,-0.25858
739.5455,0.33280,9.45739,-0.32802
739.5610,0.45731,8.94262,-0.26098
739.5778,-0.05267,9.20120,-0.90982
739.5958,0.87391,10.16609,0.69913
739.6183,0.38787,9.43105,-0.33759
739.6355,0.97208,9.53879,-0.64645
739.6565,0.61533,10.13018,-0.60575
739.6793,-0.05507,10.35524,-0.78532
739.6965,0.36393,10.27144,-0.02155
739.7162,-0.67758,10.70480,1.01278
739.7388,0.21548,9.02881,1.29291
739.7561,0.53871,10.53720,0.21548
739.7769,-1.07264,9.73033,2.16682
739.7985,-1.11094,11.40872,0.90264
739.8359,-0.95532,9.83329,2.85398
739.8491,0.23224,8.78459,1.28094
739.8604,0.37111,8.77023,0.65124
739.8774,0.14605,8.65051,1.33122
739.8960,0.80926,9.30655,0.03113
739.9182,0.17478,9.24908,-0.07422
739.9360,-0.13408,9.15810,0.16281
739.9559,0.47885,8.77262,0.31365
739.9788,0.73504,10.33608,0.43576
739.9958,-0.48604,9.82850,0.35435
740.0162,-0.19154,9.70639,-0.64167
740.0418,-0.22985,9.22275,-1.00081
740.0560,0.74941,8.66967,1.27615
740.0762,0.90743,9.63696,1.90105
740.1051,0.65603,9.28739,1.83401
740.1202,0.42379,10.32651,-0.75659
740.1362,-0.08141,9.63935,0.00000
740.1588,-0.09338,9.45020,0.30647
740.1765,0.82602,11.46379,-0.45731
740.1980,0.78293,9.73512,0.06225
740.2211,-0.04789,10.21877,0.83321
740.2382,-0.90743,10.24510,1.68557
740.2589,0.48364,8.80375,-0.53153
740.2785,0.59139,8.98571,-0.21309
740.2981,0.14605,10.23792,-2.67919
740.3181,1.01038,9.77343,-1.36474
740.3404,0.72547,10.00567,-1.23305
740.3577,-0.14126,8.68164,-1.00560
740.3779,-0.20591,9.22275,0.40703
740.4235,0.28492,9.70400,0.52674
740.4237,0.11253,9.65611,-0.08141
740.4396,-0.35914,9.92427,1.62332
740.4595,-1.30488,9.10782,2.54990
740.4774,0.06225,8.69840,2.28174
740.4972,-0.54350,10.32411,1.90345
740.5211,-0.07183,10.30975,0.64885
740.5547,1.03433,9.72315,-0.95292
740.5573,0.54111,8.83487,-0.66082
740.5798,0.59617,9.02163,0.16281
740.5988,-0.59857,8.57390,-3.49085
740.6174,-0.49801,11.59547,-1.95612
740.6396,0.36154,7.64492,-1.98007
740.6574,-0.45252,10.71677,-1.04869
740.6781,0.14366,9.00008,-1.19235
740.6995,0.04789,9.11500,1.91303
740.7171,-1.59938,9.56273,2.25780
740.7385,-1.29770,9.59865,1.97767
740.7610,0.21309,9.16768,1.98485
740.7786,-0.24182,8.94022,0.15563
740.7983,-0.23224,9.96976,2.42540
740.8309,0.26098,11.19323,1.90105
740.8374,-0.21788,9.48133,1.92021
740.8572,0.12450,10.04398,-0.50040
740.8796,0.33759,8.26743,0.52674
740.8971,1.00799,9.59865,-5.43979
740.9188,-0.54829,12.39756,0.87391
740.9410,-0.75420,10.47256,3.08383
740.9692,-1.23545,12.63219,2.90665
740.9836,0.75180,5.61697,3.34001
741.0067,1.61135,7.25705,-3.73507
741.0190,1.40305,12.57952,0.33520
741.0389,-0.09817,7.23550,1.53473
741.0615,0.56744,9.05036,-2.08302
741.0810,-0.76856,8.34405,-0.35435
741.1107,-0.10774,6.93621,4.27857
741.1214,1.45811,10.22355,-0.94095
741.1391,-2.80848,6.45497,-0.23464
741.1603,-1.32403,8.74868,1.16841
741.1827,-1.35995,8.71995,2.47089
741.2004,-1.95373,8.83487,2.66483
741.2243,1.41262,9.65132,0.19394
741.2554,1.22587,8.91867,-1.34079
741.2600,-0.24422,8.41109,0.88109
741.2803,1.19714,10.38876,-0.88828
741.3022,0.72786,9.95300,-0.81645
741.3217,0.94334,9.59386,-0.77096
741.3417,0.85476,9.74230,1.12291
741.3643,0.72547,10.18285,0.90743
741.3964,0.79011,9.72554,0.15563
741.4009,-0.39984,12.32094,-0.16999
741.4222,0.23464,10.60903,-0.04310
741.4402,1.40544,10.32890,-0.72547
741.4601,-0.42379,11.43027,-0.41660
741.4819,-1.22347,11.38478,-0.46688
741.4995,0.78053,10.09905,0.16281
741.5202,0.94813,9.62020,-1.70233
741.5418,0.05267,9.59386,-0.80208
741.5593,0.35196,11.30577,-0.90743
741.5787,-0.09098,9.58668,0.90982
741.6017,-0.20830,9.88117,1.23305
741.6196,-0.36154,10.24031,1.52515
741.6502,0.05267,10.20679,0.36393
741.6635,0.57702,9.88117,-0.20591
741.6795,-0.18436,10.23792,0.97447
741.6998,-0.05507,9.76146,0.24182
741.7223,0.22985,10.11102,1.47008
741.7399,-0.01676,8.80135,0.79969
741.7600,0.06704,9.98891,0.93377
741.7859,0.33280,9.98413,0.55308
741.8038,0.14605,8.97374,0.45012
741.8202,0.54589,8.81811,0.38787
741.8420,-0.34956,10.17567,0.82602
741.8604,0.25619,9.24669,0.09338
741.8823,0.49322,9.34485,0.12211
741.9028,-2.58103,10.62579,2.26977
741.9397,-1.26418,9.40711,2.48526
741.9545,-0.40224,8.52841,-0.91940
741.9642,-0.88349,12.56276,1.96570
741.9819,4.47969,11.46618,3.43818
742.0000,-5.15248,7.92744,-6.29934
742.0225,0.42618,8.37757,10.13257
742.0401,-0.11971,7.15170,-7.32169
742.0619,1.64008,9.86202,-12.24672
742.0897,-0.45252,6.05033,-0.77096
742.1050,7.86040,13.46061,-6.19878
742.1216,0.52913,4.10858,3.95295
742.1439,3.22988,15.62983,-13.26189
742.1602,2.87074,6.44778,7.12297
742.1807,0.97208,12.66332,-3.77338
742.2203,-0.12450,7.53478,1.88908
742.2388,-0.90025,13.58512,-0.21548
742.2421,0.68955,10.12778,0.26576
742.2648,-0.05986,9.61780,1.62571
742.2821,-0.45491,10.60903,-0.41660
742.3002,0.02155,9.71597,-0.22746
742.3226,0.03831,9.60822,0.88349
742.3404,-0.04310,9.94103,0.90025
742.3691,-0.69195,10.38158,-0.09098
742.3839,-0.66800,10.36721,0.18915
742.3997,0.76617,9.80695,0.30407
742.4199,-0.41900,10.96578,0.70152
742.4423,-0.10535,9.32091,0.76856
742.4598,0.71589,10.14454,-1.02236
742.4819,-0.23464,8.96416,0.70152
742.5073,-0.06704,9.93863,0.62012
742.5195,1.13249,9.42626,-0.41182
742.5397,0.52435,8.92107,-1.06785
742.5620,-0.05267,9.58428,0.55547
742.5798,0.21070,9.64414,-0.24182
742.6011,0.50998,9.17007,-0.33041
742.6246,0.54350,8.80614,1.38629
742.6580,-0.29928,10.35524,0.48364
742.6597,0.35435,9.69921,-0.37590
742.6824,0.58660,10.21637,-1.36953
742.7009,0.33041,9.54119,-0.73983
742.7198,0.55308,10.15172,-0.17957
742.7421,0.74223,9.87638,-0.42858
742.7598,-0.17957,9.78540,0.18675
742.7883,-0.27534,11.03761,-0.59378
742.8016,-0.22506,10.77424,0.73983
742.8199,0.44055,9.95539,-0.47407
742.8411,1.47008,10.19961,-0.48843
742.8641,0.81645,9.95779,0.11493
742.8817,-0.55547,10.26426,-0.32083
742.9014,-0.19394,10.61861,-0.90982
742.9320,-0.60575,9.40471,-1.13489
742.9406,0.43576,9.40711,-1.04630
742.9597,0.73265,10.27623,0.41900
742.9819,0.03113,10.72635,0.02873
742.9996,0.66800,9.19880,-1.28812
743.0212,0.19154,10.47256,-0.82124
743.0450,0.61533,8.17405,-1.65205
743.0651,1.24502,9.06233,-0.11732
743.0823,0.45491,9.89314,0.54111
743.1025,0.11971,8.74629,-0.20112
743.1218,1.26657,9.51485,-1.10137
743.1400,-0.56505,9.55316,0.79969
743.1650,-1.34558,9.45739,0.38787
743.1822,0.92898,10.07271,0.82842
743.2126,0.10774,10.41749,-0.00718
743.2254,0.29450,10.61621,-1.85317
743.2408,0.69913,11.15971,-1.20911
743.2606,0.38548,9.92906,-2.26020
743.2832,0.18436,9.59146,-0.82602
743.3008,0.14126,10.06074,-0.39745
743.3209,0.61054,8.64094,0.79250
743.3511,0.71589,9.51245,0.69673
743.3604,-0.91701,11.17169,0.93377
743.3809,-0.33759,10.37918,0.08141
743.4027,0.82124,10.27623,0.15084
743.4205,0.96968,9.44541,0.74462
743.4406,0.68955,10.79578,-0.62969
743.4662,0.60096,8.73431,-0.53871
743.4852,0.13647,10.32411,-0.68716
743.5005,-0.54589,10.33369,-0.55787
743.5229,0.43336,10.22595,-1.80768
743.5403,1.07264,8.47573,-0.31844
743.5603,0.87391,10.91071,-0.62012
743.5844,0.67040,10.00089,-0.42618
743.6038,0.81884,10.37200,-2.10217
743.6340,0.57463,9.90272,-1.74303
743.6429,-0.30886,11.60266,-0.68716
743.6624,0.98165,9.21317,-0.10056
743.6826,1.33361,9.52203,-1.45332
743.7070,1.06066,9.85484,-0.34238
743.7252,-0.14845,10.68804,-0.48843
743.7601,-0.05028,11.37281,1.22108
743.7778,0.93137,10.87240,-0.88349
743.7805,1.70951,9.72554,1.08461
743.8026,1.96570,10.39834,-0.73983
743.8250,1.04390,11.04718,-3.12213
743.8427,0.09577,12.51727,-0.55068
743.8610,1.16362,9.02642,1.81007
743.9050,-0.03113,11.27703,0.41182
743.9052,1.73106,8.76305,-2.28414
743.9218,1.01517,10.69762,-0.79250
743.9448,0.10774,11.94504,-0.67040
743.9604,-0.03113,11.01127,-1.97767
743.9830,0.87152,10.84367,-2.97130
744.0054,-0.93137,10.42946,-1.52755
744.0236,0.14366,8.80614,0.63688
744.0424,1.10137,9.10543,-2.17640
744.0657,0.78293,10.04638,-2.30808
744.0834,0.34956,10.24271,-0.76138
744.1016,0.03831,9.01684,-0.01676
744.1278,-0.14845,8.26025,-1.60416
744.1467,-0.50759,7.19001,0.55308
744.1821,-0.02634,8.88037,2.07344
744.1942,0.87152,8.77502,0.07662
744.2032,0.34956,9.94582,0.83081
744.2214,-0.90504,9.79498,0.37830
744.2448,-0.47646,9.40950,2.29372
744.2640,0.25379,8.87797,-0.12929
744.2840,0.61772,9.09585,1.88429
744.3086,0.85954,10.41510,0.19154
744.3350,0.09817,8.88994,0.16760
744.3475,-0.15323,9.88836,-0.58181
744.3649,-0.20830,9.27063,-0.14845
744.3821,-0.35914,9.80455,-1.26418
744.4025,0.85476,9.19880,-0.78532
744.4249,1.21390,9.87399,-0.29450
744.4589,1.13010,9.68245,0.04549
744.4738,0.61772,10.55875,0.05028
744.4866,0.34717,10.06553,-2.96172
744.5025,-0.20112,10.62340,0.04310
744.5260,0.37830,9.55316,1.32164
744.5461,1.15165,10.04877,-0.62730
744.5660,2.03274,9.14613,-0.26816
744.6035,0.59617,10.76705,-1.53952
744.6141,0.31604,10.53960,-0.42618
744.6243,-0.20351,10.62579,-0.95532
744.6425,-0.36393,10.20440,-0.30168
744.6664,-0.56026,11.39914,0.07183
744.6841,1.41023,8.82769,-0.24900
744.7023,1.92021,9.72794,0.15323
744.7433,0.96729,10.83649,-0.28013
744.7565,0.09817,9.89314,0.70871
744.7635,1.48924,9.80216,-2.30090
744.7846,0.80687,9.17247,-1.13728
744.8021,0.95771,9.67048,-1.15165
744.8224,1.51318,10.78860,-1.44375
744.8445,0.28731,11.00169,-0.95053
744.8624,-0.80926,11.56195,-1.58980
744.8912,-1.29530,12.15334,-0.03352
744.9045,-1.28333,7.10621,-0.92658
744.9257,1.29770,8.15490,0.66800
744.9443,0.42618,10.90353,-1.70712
744.9684,-0.42379,11.18605,-0.53632
744.9859,0.56026,10.36960,-2.72947
745.0049,-1.05827,8.25546,-2.37033
745.0374,-2.23865,9.78301,2.29611
745.0418,0.08141,11.94264,1.57783
745.0624,0.49322,11.59068,0.86912
745.0844,0.55547,10.65692,-1.93697
745.1035,0.58420,10.36482,-2.37991
745.1242,-0.00239,8.81333,-2.22189
745.1461,-1.46769,12.05517,1.25460
745.1642,-1.48924,10.51326,-0.49561
745.1819,-0.80448,10.08469,0.23703
745.2063,1.17319,8.86600,-1.12052
745.2229,0.39506,9.55555,-1.21629
745.2422,-0.72068,9.50048,-0.59617
745.2649,-0.93137,11.27464,-1.03193
745.2821,0.14605,8.30095,-0.91461
745.3130,1.53952,9.93863,-1.83401
745.3246,1.14686,8.21236,-1.17080
745.3439,0.62012,11.68406,-1.24981
745.3637,-0.86194,10.34087,1.14925
745.3865,-0.76377,11.30577,-0.45970
745.4061,-0.51477,10.25707,0.18675
745.4260,0.12450,10.09187,0.96250
745.4545,0.80926,9.46696,0.56265
745.4692,-0.09817,10.22355,-0.39745
745.4820,-0.37351,9.58907,0.19154
745.5043,-0.07901,10.06553,-1.00560
745.5219,-0.97208,9.78780,-0.41182
745.5431,-1.00560,9.92427,-0.80926
745.5680,-0.71110,9.31373,0.45252
745.5858,0.79729,9.53161,0.13647
745.6028,0.86912,9.77104,0.11732
745.6253,0.99362,10.15651,0.62251
745.6431,0.40463,10.92268,-1.44854
745.6654,-0.99602,10.44143,-0.41900
745.6873,-0.28252,10.34087,-0.42139
745.7064,0.20591,9.94342,0.85715
745.7245,0.29210,9.96737,-0.26576
745.7473,0.30886,9.92427,0.44534
745.7650,0.81166,10.45819,-0.67997
745.7836,-0.30168,8.55714,0.16999
745.8076,0.01676,8.89234,-0.05507
745.8248,0.14126,8.73431,-1.82683
745.8570,0.68716,8.69840,0.04310
745.8721,-0.09098,8.69122,0.44055
745.8829,0.16042,9.67766,-0.24661
745.9052,0.14366,9.81892,-0.07183
745.9269,-0.11971,10.35045,1.60656
745.9446,-1.73585,10.93705,1.83401
745.9667,-0.11014,10.11102,0.84278
746.0032,-0.05986,10.41031,1.57304
746.0034,-0.19394,10.56594,0.76617
746.0230,0.15084,10.54918,0.50519
746.0453,0.85476,10.87719,-0.56984
746.0644,-0.82363,11.20281,0.20351
746.0830,-0.62969,9.97694,-1.51079
746.1054,-0.10295,9.78301,-0.50519
746.1230,-0.43815,8.40390,0.89067
746.1534,0.51237,9.94103,-0.53392
746.1692,0.84757,9.74230,0.33520
746.1844,-0.92180,12.41671,-1.49163
746.2049,-0.36872,11.05676,0.53632
746.2272,-0.59139,10.13975,-0.21070
746.2429,-0.31126,9.73991,-0.42858
746.2642,0.50519,9.98173,-0.72786
746.2974,-0.20830,10.74551,0.37590
746.3038,-0.87391,10.09426,-0.52435
746.3226,-1.55388,10.48692,0.77335
746.3454,-1.44375,10.04159,0.40703
746.3633,-1.58980,10.65931,0.23464
746.3834,-0.14605,8.86121,-0.58181
746.4083,0.29450,8.60742,1.58262
746.4380,0.81405,9.68005,-0.62491
746.4435,0.56265,10.06553,-1.86275
746.4672,0.58660,9.11500,-0.47885
746.4846,-1.51318,11.02324,0.16042
746.5048,-1.66642,9.91230,3.61775
746.5272,-0.71110,10.05117,1.32164
746.5677,1.21869,9.06951,0.53871
746.5677,0.97447,10.13018,-0.33520
746.5858,1.04869,10.15891,-0.53153
746.6067,1.08940,10.43425,-1.39826
746.6248,-0.87391,9.66329,-0.40224
746.6467,-1.34798,10.00807,1.75979
746.6645,-0.76856,8.77741,2.14527
746.6916,1.08221,9.28500,-0.43097
746.7102,0.65603,8.95219,-0.32562
746.7233,-0.36154,10.60903,0.16281
746.7453,0.51716,9.90990,-0.61293
746.7662,0.27534,10.77903,-0.18915
746.7841,-0.89546,10.43664,-0.14126
746.8041,0.59617,9.27303,-2.15485
746.8266,0.88349,9.90990,0.93616
746.8661,0.98644,9.05754,-0.73744
746.8661,0.46449,11.09507,-1.67599
746.8851,0.86433,9.54837,-0.70631
746.9028,-1.19474,9.27781,-1.20432
746.9223,-1.58022,9.80934,0.77335
746.9446,-0.46210,9.46936,-1.02954
746.9623,0.44055,9.14374,-0.69913
746.9829,0.20351,9.41908,-1.48445
747.0038,0.06943,9.85723,0.12450
747.0212,0.47885,11.15493,-1.25460
747.0419,0.24661,9.44541,-1.34798
747.0646,-0.66082,9.34725,-1.73106
747.0839,-0.08380,9.04796,-1.95612
747.1143,1.00320,8.47573,-2.20513
747.1351,-0.40463,9.03599,0.09338
747.1444,0.18915,10.02962,-0.29450
747.1635,0.53153,9.62259,0.50759
747.1858,0.95292,9.93624,-0.73025
747.2054,-0.63927,9.49569,-0.16520
747.2255,-0.26816,10.06314,-1.13728
747.2569,-0.73983,10.56594,0.66082
747.2652,-0.57223,10.12060,1.71191
747.2845,0.25619,9.27781,0.21548
747.3076,1.65684,10.75269,-0.62251
747.3234,-0.88588,9.96258,-1.56586
747.3451,-1.57543,11.19084,-1.00320
747.3676,-0.11493,8.97614,-0.24661
747.3850,0.17957,8.27222,-0.35914
747.4208,0.41900,9.41189,0.89306
747.4277,0.91940,8.34405,0.59139
747.4454,0.67279,10.50608,-0.44055
747.4637,0.27295,9.90272,0.08141
747.4860,-0.28731,10.28820,-1.41980
747.5054,0.54589,8.62897,-1.09179
747.5333,0.05507,9.31852,0.42858
747.5461,-0.09098,9.85005,0.19633
747.5635,1.73106,10.50608,-1.16601
747.5833,1.07264,11.04958,-0.99123
747.6060,0.77575,11.11183,-1.29530
747.6251,-0.78053,10.32172,-0.31844
747.6451,-0.76617,10.44862,-0.11971
747.6700,-0.95532,10.95141,-0.03591
747.6989,0.07422,10.47256,0.40703
747.7155,1.05827,9.45739,-2.15485
747.7269,1.72388,9.67766,-1.12770
747.7443,0.44055,9.20599,-0.47167
747.7645,-0.58181,10.59227,-1.82204
747.7869,0.50998,9.62738,-2.36554
747.8043,0.31365,10.29059,-1.74543
747.8267,0.05267,8.25307,-0.73744
747.8466,1.07503,7.74548,-0.82363
747.8644,1.61614,9.89554,0.20351
747.8858,0.70631,9.59146,-1.13728
747.9085,-0.13169,10.78142,-0.32562
747.9260,-0.77335,10.83170,-1.29770
747.9463,-0.99362,10.35763,2.49005
747.9805,-0.90982,10.29299,1.68078
747.9847,1.19953,8.00646,-0.82842
748.0045,1.57064,9.11740,-0.23943
748.0283,1.26418,10.42707,-1.42459
748.0443,-0.59617,11.54280,1.51558
748.0644,0.02873,9.32809,0.18915
748.0884,0.04310,8.25785,0.43815
748.1210,-0.67519,10.54918,-0.63209
748.1273,0.49801,9.85723,-1.80289
748.1486,1.28094,8.68164,2.03513
748.1647,2.12133,10.35524,-1.62571
748.1845,0.09577,10.46298,-1.43896
748.2105,-0.45012,11.77504,0.20112
748.2442,-1.46769,10.09187,1.81007
748.2463,-1.42699,9.67766,1.57064
748.2693,-0.81405,10.11102,-0.27534
748.2864,1.16601,9.56273,-0.82363
748.3066,0.17957,10.27383,-0.04070
748.3291,0.25858,8.66249,0.21070
748.3464,-0.06465,10.59467,0.42379
748.3811,-1.19953,10.55636,1.05109
748.3990,-1.14207,11.64815,2.40625
748.4058,0.31126,6.98410,-1.40065
748.4244,1.56586,9.43344,-1.40305
748.4486,0.41182,11.10225,-0.66800
748.4662,0.63209,11.92349,2.36554
748.4844,0.74701,9.45739,3.52677
748.5154,-2.47807,11.96659,-1.73106
748.5262,-2.48526,8.55714,2.99524
748.5446,-0.64406,11.02803,-0.89306
748.5671,-0.34478,6.94340,2.46850
748.5846,-0.22506,11.47097,-2.73426
748.6046,0.91222,10.00807,0.12211
748.6268,2.41343,10.08469,-1.00081
748.6706,-0.15802,11.38478,-0.66561
748.6709,-0.31844,10.80776,0.18675
748.6876,-0.55308,10.45101,0.75180
748.7042,0.64885,11.02803,1.02714
748.7239,0.18915,8.86600,0.13408
748.7499,-0.16520,10.97057,-1.00320
748.7653,2.20273,10.06553,-1.64966
748.7869,0.72307,9.97934,-1.58740
748.8124,-0.70392,11.89955,-1.47966
748.8248,0.02873,10.21877,0.25858
748.8449,0.05267,10.00807,-0.22027
748.8699,-0.60575,10.41031,0.49083
748.8876,0.19633,8.62657,-0.95532
748.9057,1.17559,12.06715,-0.16760
748.9483,1.09658,10.29299,-1.22108
748.9621,0.30407,9.93385,-1.79571
748.9649,-0.26098,10.44862,-1.44854
748.9875,-0.78293,10.05595,-0.80687
749.0049,-0.32562,9.79977,-0.99123
749.0261,0.41182,8.56193,-1.37192
749.0499,0.20830,8.66488,0.53392
749.0656,1.98007,9.61301,-1.27375
749.0974,1.55628,9.81892,0.44294
749.1080,1.64487,9.22035,0.40463
749.1255,-0.01437,10.39834,-0.05746
749.1453,-2.17400,11.19323,3.68239
749.1689,-1.29051,11.00409,2.81088
749.1860,0.44534,9.31373,-0.16042
749.2064,1.05109,10.34087,-1.71670
749.2430,2.02556,9.47893,0.67040
749.2458,0.00718,10.09905,0.15563
749.2652,0.18675,10.84846,1.70712
749.2873,-0.05507,9.39753,0.50280
749.3062,-0.62012,8.68643,1.72388
749.3264,1.02236,9.71597,1.24742
749.3486,0.89067,8.97374,-0.47167
749.3817,2.16682,10.12539,-1.85796
749.3867,1.07742,11.02324,0.08380
749.4093,0.91461,10.24271,-1.46769
749.4269,-0.05267,9.68484,0.52195
749.4468,-1.28573,11.66730,1.32643
749.4674,-1.31925,10.83649,0.83321
749.4869,0.73265,10.83170,0.64645
749.5179,1.78373,9.37359,-3.75422
749.5280,1.95852,9.63456,-1.63529
749.5453,1.53712,9.98173,-1.96809
749.5656,-0.50040,10.23074,0.51477
749.5879,-0.73265,8.88994,0.51237
749.6074,-1.68796,9.88357,0.84039
749.6511,-1.15165,9.13895,0.34717
749.6669,-0.58181,9.07430,-0.44534
749.6670,1.86035,9.42626,-0.25619
749.6872,2.70553,9.91469,-2.87074
749.7072,1.79571,9.76385,0.30886
749.7267,1.20671,10.04638,1.49163
749.7488,1.13249,8.94262,1.04630
749.7863,0.61772,10.54918,-0.46449
749.7865,0.23703,8.62178,1.14207
749.8053,0.67519,10.83888,1.96570
749.8275,-0.05028,10.11102,1.43417
749.8455,0.71349,10.63297,0.35914
749.8654,0.60096,10.28102,-0.34478
749.8881,0.56505,9.15571,1.81965
749.9066,-0.64167,9.61780,1.56346
749.9358,-0.00718,9.19880,0.69434
749.9489,0.28731,9.25627,1.54191
749.9648,0.32562,10.07271,0.13408
749.9849,1.98964,9.77343,0.14845
750.0091,1.98007,8.19321,0.56505
750.0302,0.90743,11.62420,-0.14126
750.0631,0.02155,8.62897,0.72307
750.0795,0.82363,10.80536,-1.78613
750.0862,-0.12450,11.76786,0.54350
750.1052,-1.06306,8.99529,-1.50600
750.1281,-0.05267,10.62579,-0.25379
750.1462,1.58262,10.63776,0.77814
750.1661,0.87630,9.15571,1.21390
750.1909,0.89067,10.91311,-0.12929
750.2092,0.65603,11.49731,-1.89627
750.2256,0.25619,8.05674,0.91222
750.2474,-1.19474,9.77822,1.86993
750.2650,0.53392,9.42147,-0.79729
750.2861,0.67997,10.75508,0.17957
750.3090,0.73744,10.12539,-0.12450
750.3264,0.39027,9.88596,0.28492
750.3571,-0.47885,11.20042,1.55149
750.3683,0.82124,11.27943,0.90982
750.3876,-0.28731,9.13655,-0.23224
750.4073,0.51477,8.65051,-1.00799
750.4283,0.90743,10.04398,-0.58420
750.4461,1.45811,9.63456,-1.32882
750.4675,1.40544,10.04159,-2.58582
750.5021,1.81486,10.49889,-1.91781
750.5054,-0.56505,10.74551,-1.15643
750.5258,-1.26418,9.87399,0.91701
750.5482,-1.07742,9.10303,0.64167
750.5660,0.45970,8.57150,0.19394
750.5859,1.04151,10.16130,-0.89067
750.6084,0.25619,9.33767,-0.20830
750.6299,1.47008,10.10145,-1.04151
750.6457,0.82602,9.91948,-0.94334
750.6680,0.26337,10.12778,-1.26418
750.6859,0.67279,8.54038,-0.77335
750.7062,0.85236,9.82131,-0.40942
750.7288,0.98884,9.74949,1.19235
750.7473,1.65444,9.67287,1.13010
750.7783,1.23784,10.38397,-0.44294
750.7898,1.44135,10.96099,-1.17798
750.8073,-0.79011,9.43344,0.32802
750.8257,-1.07982,10.71917,0.32802
750.8498,-1.07982,9.64414,2.20513
750.8698,-0.99123,9.78780,0.30886
750.9051,1.43656,7.74548,-0.05028
750.9169,0.62491,9.27542,-1.16601
750.9265,0.89067,11.25788,-0.42379
750.9474,-0.71828,11.23394,0.86194
750.9714,-0.34717,9.89075,-0.38069
750.9892,0.11014,10.18285,-0.67040
751.0097,-0.05028,11.08070,0.50519
751.0300,0.45731,8.79178,0.56265
751.0552,1.73106,11.43506,-2.13569
751.0710,1.86035,9.61780,-1.06066
751.0895,0.52674,11.44703,1.18038
751.1075,0.61533,10.41270,0.25619
751.1277,0.11732,9.68005,-1.44614
751.1481,-0.60096,10.94902,-2.58582
751.1661,1.49882,8.88276,-3.57226
751.1931,1.08221,7.64253,-1.76697
751.2080,-0.13647,14.38001,-0.89067
751.2256,-0.40703,8.36799,0.02634
751.2478,-0.63927,10.46059,-1.62811
751.2706,-0.43576,8.75107,-1.81486
751.2870,-0.85236,10.25229,-2.57624
751.3087,0.15323,9.39753,-0.66082
751.3400,-0.74462,13.05119,0.48125
751.3461,1.48206,8.19081,0.18196
751.3655,1.35277,9.50767,0.41182
751.3879,0.13647,10.09426,2.85158
751.4057,0.31126,9.83329,1.19714
751.4274,-0.37830,11.20281,-0.03113
751.4491,1.58980,10.87719,-1.72627
751.4691,1.37671,7.92266,1.48924
751.4873,1.03912,8.64812,-1.69036
751.5094,0.66082,7.79576,-1.97049
751.5255,0.29210,10.41031,0.73983
751.5457,0.30647,9.07430,1.78613
751.5682,0.50280,10.63058,-0.20591
751.5854,0.61054,9.19880,1.46530
751.6182,0.33759,10.52763,-0.08619
751.6278,0.09338,10.16370,-0.78053
751.6453,1.42459,8.92825,-0.75180
751.6655,1.77895,9.77582,-0.47407
751.6879,1.61374,8.93783,-0.28252
751.7056,0.00958,10.22116,0.65124
751.7269,-0.67758,10.87240,2.84440
751.7477,0.45252,9.67526,2.13569
751.7655,-0.50519,9.78061,-0.95532
751.7853,0.59139,8.13814,-1.89627
751.8083,-0.60815,10.81733,1.28094
751.8256,0.76617,9.05275,2.10217
751.8459,0.79969,9.36161,1.66642
751.8696,2.26259,10.68325,-1.51797
751.8875,0.12929,10.14933,-0.17239
751.9060,-1.85077,10.19482,-0.03113
751.9280,-0.32323,11.20760,-0.39984
751.9460,1.80768,9.16768,0.52913
751.9658,1.67599,10.10623,-1.47248
751.9876,0.83081,10.40552,-0.39984
752.0057,1.65923,9.27542,-1.61614
752.0325,0.94813,9.07909,0.39027
752.0474,-0.74223,10.24031,0.49801
752.0651,-0.68716,9.63217,1.44375
752.0853,0.09817,8.16687,0.34717
752.1097,-1.06545,10.28102,0.33280
752.1251,0.97447,9.10303,-0.49083
752.1653,1.62332,9.70400,0.24422
752.1814,1.42938,10.26426,0.66321
752.1854,-0.57702,11.10465,0.00479
752.2067,-0.36872,10.33608,-0.14605
752.2275,0.77335,9.87878,-0.95771
752.2451,-0.85476,9.37837,1.60416
752.2653,-0.55068,10.05595,0.74701
752.2954,1.51079,9.12458,1.95852
752.3141,0.60575,10.61143,-0.95532
752.3250,-0.34956,9.93385,-0.26576
752.3474,0.00718,10.76466,-0.39266
752.3654,-0.11014,9.51245,0.47167
752.3868,-0.55787,10.70241,-0.13647
752.4091,0.77575,9.92666,-1.11334
752.4295,2.42540,7.48690,-3.13411
752.4472,1.82204,9.87399,-1.58740
752.4686,1.21390,9.00247,1.44135
752.4875,-0.88349,11.22675,1.03193
752.5075,-0.76856,10.34566,-1.27375
752.5298,-1.21390,10.23792,-3.72549
752.5458,0.66561,6.91945,-2.49723
752.5763,1.91303,8.56432,-0.78532
752.5995,2.02556,9.46217,-1.17798
752.6089,0.47885,10.84606,1.95612
752.6252,-0.11732,10.00807,0.74462
752.6475,0.10295,10.95381,0.32083
752.6668,-1.01757,12.02644,0.58181
752.6866,0.49801,8.90910,-0.32323
752.7286,0.36872,8.33926,0.25140
752.7286,2.28653,10.70959,-1.22587
752.7474,4.38631,8.39433,-2.13569
752.7677,3.91464,9.62738,-0.86194
752.7867,0.56505,11.32971,1.39826
752.8054,-0.22985,9.22993,2.80130
752.8276,-0.39984,10.82691,1.97049
752.8621,-1.00560,11.41111,0.19872
752.8670,0.40463,11.62420,0.46210
752.8879,1.01757,10.07032,-1.89866
752.9052,1.96570,8.92107,-0.70871
752.9290,0.31126,8.80135,1.24742
752.9517,-0.21788,10.34566,1.17080
752.9667,-2.19316,10.87719,-0.06465
753.0017,-1.26178,9.11022,-3.84281
753.0204,-1.67120,5.24586,-7.16606
753.0273,0.72307,7.08226,1.90824
753.0458,0.62730,13.75511,-0.09817
753.0698,1.33840,7.82210,-1.37192
753.0871,2.78933,9.34007,1.16122
753.1058,-1.10855,6.12934,2.14766
753.1399,-0.52913,5.47331,2.36794
753.1456,1.58262,9.03599,1.42459
753.1674,2.02795,12.81176,0.38069
753.1880,0.24661,4.23547,2.32484
753.2054,2.55230,10.58509,-5.99766
753.2254,0.53632,8.87318,2.76778
753.2477,1.07982,10.43664,2.80609
753.2670,-0.81405,10.21637,3.16284
753.2958,-0.75180,10.12778,0.21788
753.3115,0.23703,10.08229,-0.84757
753.3251,0.96489,9.61062,0.56984
753.3453,0.42858,10.54918,-1.23545
753.3675,0.07901,10.55875,-0.02634
753.3851,0.83560,10.38397,-0.50519
753.4052,-0.03831,10.48692,-1.35037
753.4276,0.08141,8.78220,-1.10376
753.4449,0.57702,9.19641,-0.25619
753.4648,0.74941,9.32331,0.26337
753.4879,0.07901,9.39513,-0.46210
753.5052,0.85715,8.80135,-0.55308
753.5264,1.02714,9.27542,-0.63448
753.5493,0.70152,8.48052,-0.77335
753.5689,-0.26576,10.38397,0.41421
753.5848,0.69913,9.54597,-0.18436
753.6072,1.31446,10.44383,-1.69994
753.6266,-0.23943,9.52203,-0.70152
753.6461,1.41502,9.39513,-2.03034
753.6690,2.28653,10.55875,-0.31126
753.6861,1.31685,10.49411,-0.64406
753.7085,0.41421,9.33049,-1.10376
753.7291,0.14366,10.80297,-0.74462
753.7451,-0.04549,10.12299,-0.45731
753.7650,-0.36154,9.76864,-0.36872
753.7891,-0.57702,9.60104,0.17478
753.8093,1.69754,9.29936,-1.83880
753.8279,1.37671,8.84924,-0.52913
753.8496,1.21390,9.32091,-0.06225
753.8649,0.86433,9.05275,0.22506
753.8849,-0.38548,10.03441,0.45012
753.9070,-1.33840,10.35763,0.25619
753.9249,-0.40224,7.93702,0.39745
753.9451,-0.27534,10.24510,1.76697
753.9673,0.65603,9.34485,1.45332
753.9928,0.92419,9.28260,0.39984
754.0046,1.19235,10.51565,-0.35196
754.0270,1.35277,9.58907,0.24182
754.0472,-1.41023,10.36721,0.47885
754.0651,-1.03672,9.86681,0.15563
754.0891,-1.07503,9.69442,1.70472
754.1065,0.89785,10.55875,0.33041
754.1398,0.83800,9.69442,0.78293
754.1486,0.49083,10.85085,0.38787
754.1649,0.56744,10.43186,0.52913
754.1844,-1.16122,11.12141,1.29291
754.2078,-1.35755,9.49569,0.88588
754.2254,0.36872,8.64333,0.38069
754.2454,0.23464,9.59865,0.91940
754.2777,0.78772,8.50925,0.04789
754.2866,1.24742,8.77262,0.90743
754.3050,0.92180,10.52284,-0.05507
754.3272,1.10376,9.53400,0.15323
754.3449,0.09817,8.95219,-1.00081
754.3652,0.38069,9.68724,-1.39586
754.3892,0.10056,10.95620,0.44773
754.4177,1.08221,8.87797,0.19394
754.4261,0.91222,9.64174,0.24182
754.4498,1.00560,10.37918,0.20351
754.4696,0.83560,9.43105,0.77096
754.4877,0.77096,10.87958,-0.78772
754.5082,0.07901,9.12458,-0.77575
754.5297,0.38308,10.01765,-2.10936
754.5500,0.98405,9.13176,-2.12133
754.5681,0.54589,8.40390,-0.10056
754.5858,0.53632,9.49809,-0.89546
754.6057,-0.08380,9.93863,-0.27534
754.6285,0.42858,9.11740,1.70233
754.6461,-0.58660,9.82371,-0.25379
754.6660,-0.43815,11.75828,0.30647
754.6968,-0.17957,10.59467,-1.09418
754.7067,1.63768,8.97614,-0.86433
754.7259,1.10855,10.36003,-2.23386
754.7484,1.12052,11.15014,-1.61614
754.7659,1.95852,7.99448,-1.01517
754.7860,1.56586,10.39355,-1.80528
754.8096,-0.02873,9.95779,-1.05348
754.8437,0.79011,9.95779,-2.50920
754.8456,0.01437,10.80297,-0.89546
754.8682,-0.44055,10.33608,-1.94176
754.8854,1.47248,8.20279,-1.26178
754.9063,1.28573,10.31693,-0.57223
754.9283,0.08859,9.58428,1.53712
754.9478,0.10774,10.02962,0.07183
754.9866,0.98405,9.69921,-0.49561
754.9876,0.14845,10.24750,-0.45731
755.0056,0.31126,8.57150,0.33520
755.0256,0.81645,9.73273,-0.33280
755.0478,1.07503,9.88357,0.93137
755.0655,-0.12690,10.80536,-0.33041
755.0959,-0.41182,10.55396,-0.61293
755.1124,-0.05746,9.42387,-0.29450
755.1266,-0.77335,10.72875,0.98884
755.1478,-0.04310,8.99290,0.06704
755.1702,0.22746,7.82688,0.36393
755.1897,0.44294,9.21796,0.58660
755.2098,0.14605,10.22834,0.61054
755.2513,0.01915,9.29697,0.19394
755.2515,0.31844,10.57072,-0.15802
755.2677,-0.15084,9.99370,-0.33759
755.2880,-1.00320,11.01366,0.53392
755.3057,-0.62969,8.03519,0.32802
755.3258,1.19474,10.01046,0.67279
755.3496,0.80687,9.33528,-0.39506
755.3665,1.04869,8.90910,-1.40544
755.3949,1.04869,8.93783,1.96091
755.4080,0.86194,8.71756,-1.50360
755.4256,-0.18436,10.40552,0.21309
755.4488,0.35196,9.74949,-1.30488
755.4691,0.78293,10.02962,-1.65923
755.4868,2.84919,10.08947,-1.05827
755.5070,4.06069,8.62178,-2.06626
755.5359,2.87792,8.38475,-0.85236
755.5507,-0.06704,12.45981,-0.43336
755.5652,-1.56107,10.14454,2.14288
755.5878,-1.90824,11.01366,3.36156
755.6053,0.03352,10.21398,-0.76138
755.6259,-0.62012,8.83727,-0.16999
755.6479,0.03113,10.50608,-0.84757
755.6658,0.22985,8.60742,2.16682
755.6875,0.36393,9.85244,0.92898
755.7080,2.47568,8.03519,1.14686
755.7263,-1.51079,8.60981,-0.31844
755.7491,-1.25460,8.86839,0.92658
755.7714,-0.19154,9.68724,-0.39984
755.8046,0.00479,9.06712,0.90504
755.8191,0.51716,8.80375,0.11971
755.8276,0.23224,9.75188,0.08141
755.8453,2.01119,9.73273,0.14366
755.8655,1.10376,9.88357,0.05507
755.8877,1.50600,10.72875,-0.49561
755.9055,1.30488,9.89554,1.37671
755.9282,1.08700,8.98092,2.55948
755.9479,0.68237,9.08388,1.27136
755.9672,0.37830,10.21637,0.73983
755.9865,1.19953,9.33288,0.39506
756.0078,1.96091,9.79498,0.68476
756.0273,0.72547,9.10543,-1.06545
756.0469,0.25858,10.07511,-1.75740
756.0878,1.03672,10.77663,-2.28414
756.0880,0.29210,8.52122,1.08221
756.1072,-0.57702,10.40791,0.49322
756.1276,0.44534,8.12138,0.03113
756.1477,2.47089,8.69122,-1.29051
756.1691,1.72867,10.36242,-2.10457
756.1923,0.50040,10.13257,-0.74462
756.2279,0.84278,11.43266,-1.13010
756.2419,0.56026,10.27623,-1.65205
756.2498,0.03591,9.51006,0.13408
756.2659,1.42459,8.77741,-1.04151
756.2858,2.62891,9.99610,-1.42938
756.3094,1.65205,9.69681,-0.48364
756.3274,0.09577,9.67766,-2.48286
756.3712,0.61054,8.74389,-1.22108
756.3892,0.54589,9.35204,-0.11253
756.3893,-1.37192,8.98571,0.63688
756.4064,-1.19235,8.07110,0.14366
756.4297,-1.47966,8.86361,2.10936
756.4464,-0.15084,10.91789,-0.20112
756.4662,0.88828,9.52921,-0.69673
756.4901,0.74941,10.23313,-0.55547
756.5120,1.09897,11.10944,1.29770
756.5264,-0.13169,9.53640,1.15165
756.5489,0.45491,10.54199,0.15563
756.5662,1.00081,9.93385,-0.17239
756.5875,1.57783,11.07113,0.94095
756.6099,1.06545,8.79178,0.90025
756.6297,1.53952,9.57231,-1.06545
756.6561,1.02475,7.95139,-0.53153
756.6699,0.86912,9.63217,-2.48286
756.6875,0.60575,9.73273,-0.56265
756.7061,0.46449,9.19641,-0.31604
756.7286,-0.36872,8.73431,-1.16122
756.7477,-0.05986,9.56752,-0.48125
756.7681,-0.02394,10.80536,1.48206
756.7983,-0.24900,9.32331,-0.15084
756.8084,2.53314,10.72875,-2.92820
756.8262,1.90584,10.61861,-1.71909
756.8522,1.02954,10.12539,-0.15323
756.8699,1.40065,9.96258,-0.90264
756.8898,1.03433,8.92107,0.82124
756.9298,0.74701,9.28979,0.75180
756.9419,0.45731,9.60583,-0.52913
756.9462,1.82204,10.10145,-1.03193
756.9684,1.48684,9.47175,-0.94813
756.9874,1.51079,10.72396,-0.50759
757.0074,1.54431,8.87797,1.24502
757.0300,1.21629,10.46537,0.57463
757.0481,0.55068,8.06871,2.00640
757.0770,-0.35914,9.72315,0.17718
757.0883,0.42139,8.53080,-1.27136
757.1061,0.28731,9.61780,1.63050
757.1263,0.09338,9.07191,1.97288
757.1489,0.67040,9.22514,0.84757
757.1667,1.04630,10.00567,-0.34717
757.1882,2.15245,10.31214,-0.69913
757.2179,2.06386,10.61382,-0.52435
757.2279,0.23703,9.54119,-0.80687
757.2461,0.81645,9.38795,0.89306
757.2693,0.78532,10.42946,0.38069
757.2876,0.62730,10.30496,0.51956
757.3077,0.50759,9.39992,1.78373
757.3319,0.46210,9.30655,2.23865
757.3502,0.19394,11.15253,0.10535
757.3696,0.11253,8.09983,0.77096
757.3890,-0.38308,9.60104,2.28414
757.4061,0.60336,9.93624,1.09418
757.4277,0.37830,9.10303,0.45731
757.4488,0.91461,8.90431,-1.00560
757.4667,0.86194,9.00726,-0.04070
757.4972,-0.25619,9.33528,0.68716
757.5085,-0.53632,9.01923,0.49322
757.5260,-0.11014,9.29218,1.16122
757.5473,-0.05267,9.42147,1.08461
757.5719,-0.19633,9.42387,2.36315
757.5898,0.71589,8.62178,1.26178
757.6228,0.84518,10.97536,0.64885
757.6387,0.61772,10.07511,2.12612
757.6492,0.54589,9.32809,0.22267
757.6666,0.33759,9.92906,1.00320
757.6884,-0.33041,10.13257,0.57463
757.7072,-0.19394,9.81892,1.44135
757.7259,-0.18196,8.66488,1.52276
757.7798,0.00000,9.21078,1.50121
757.7800,0.43576,8.86361,1.24981
757.7991,-0.00479,8.95698,0.38308
757.8088,0.29210,9.89793,1.78613
757.8262,-0.53871,9.33049,1.77416
757.8461,0.52435,8.91628,0.63688
757.8683,0.72307,9.90272,1.12291
757.8875,0.93856,9.93145,1.36474
757.9230,0.81884,9.04078,0.78293
757.9301,0.17718,10.68086,-0.54829
757.9458,4.78616,7.19240,6.46454
757.9658,-4.56588,9.34485,0.21309
757.9892,-2.01119,9.36161,4.72869
758.0112,-3.18199,9.26584,1.34319
758.0457,2.08781,10.96817,2.51878
758.0646,0.15563,8.28898,-5.88752
758.0659,3.11495,9.05515,-1.94415
758.0876,2.55469,10.03919,4.21153
758.1083,1.47248,11.88518,2.76539
758.1276,0.37590,6.81171,-4.24026
758.1460,3.77817,8.85163,-7.09184
758.1705,1.21869,7.20916,-1.45572
758.1900,1.82444,9.35443,-5.20994
758.2078,0.53871,7.15170,-2.70792
758.2300,-1.49163,8.27461,2.83243
758.2475,2.52117,9.18923,-0.33041
758.2689,2.04471,9.49330,-0.58420
758.2933,-0.43097,9.04557,2.97130
758.3271,1.29051,8.88515,0.05746
758.3416,-1.91542,11.35126,2.11414
758.3506,-0.95532,12.63459,2.31287
758.3669,0.51477,11.15971,0.34717
758.3866,-1.34319,11.80617,0.35914
758.4094,1.42459,9.31852,3.18917
758.4270,-0.59617,8.97374,0.79011
758.4470,0.65843,9.98891,0.16042
758.4830,0.35435,8.16208,0.35435
758.4869,-0.00718,9.22514,0.05986
758.5067,0.48364,7.72393,0.58181
758.5292,0.22267,8.67925,-1.01757
758.5469,-0.08859,7.63774,0.92658
758.5670,1.40305,9.09585,-0.64406
758.5908,0.75899,9.51485,1.47487
758.6307,-0.22027,10.35284,0.87870
758.6308,-0.03591,8.81572,2.68398
758.6511,0.97447,8.35362,1.02954
758.6666,1.00320,8.86121,3.01200
758.6868,-0.39984,10.79339,2.93299
758.7093,0.94095,9.37837,1.34558
758.7283,1.22347,9.87638,-0.18196
758.7475,1.11094,9.52682,-0.22267
758.7696,0.51237,9.35683,0.19154
758.7893,0.62012,10.64255,0.61772
758.8093,-0.46688,10.70959,1.08461
758.8306,0.41182,8.67206,0.31844
758.8481,-0.27774,11.24830,0.46449
758.8685,-0.09817,10.54678,0.63688
758.8946,-0.68716,11.12380,0.04070
758.9099,0.00239,11.45421,-0.15802
758.9265,0.57223,8.99050,0.93377
758.9490,0.46928,8.89234,1.50839
758.9684,0.42379,9.44781,1.77416
758.9883,0.16042,9.19880,1.98725
759.0104,0.60096,10.23792,2.40385
759.0280,-0.45731,10.03680,0.86912
759.0486,0.04549,8.02800,1.14446
759.0693,0.20591,9.87878,2.51878
759.0880,0.57223,9.24190,1.42220
759.1096,-0.96250,11.77265,0.56744
759.1295,-0.96489,11.38717,1.41023
759.1633,-0.12450,8.56911,-1.23066
759.1830,-0.19633,8.76305,-0.46688
759.1889,-1.34079,9.88836,-0.26098
759.2081,0.36632,7.94420,1.88190
759.2274,-0.05986,9.80695,-0.54350
759.2512,-0.06704,8.96416,0.52435
759.2677,0.20830,9.28500,-0.20112
759.2890,0.87152,7.65689,1.67360
759.3123,0.10535,9.55555,0.71349
759.3275,0.69195,9.91709,0.85715
759.3494,0.59857,10.21637,0.25140
759.3721,0.75659,10.63776,-0.44055
759.3880,0.45252,10.24271,0.41900
759.4081,1.26657,9.12698,1.55867
759.4337,0.83560,9.56992,1.69036
759.4517,0.52435,10.44143,0.68476
759.4681,0.38308,9.62259,-0.59139
759.4911,0.02873,9.48133,0.30886
759.5085,-0.10056,9.25627,0.07422
759.5289,0.15802,9.50048,0.48125
759.5508,0.18675,8.81811,-0.10535
759.5842,0.19154,9.08867,2.70792
759.5991,-0.28013,9.21556,2.01837
759.6124,-0.10295,10.44622,0.74941
759.6286,0.63209,9.98891,-0.49801
759.6484,-1.97767,16.14938,8.22433
759.6721,-6.11498,17.38962,3.02397
759.6899,2.95693,8.00885,5.90428
759.7116,5.94738,2.15964,-3.72310
759.7403,3.03355,12.15094,0.66082
759.7486,-3.62972,18.69210,3.86197
759.7683,-2.78694,9.17486,0.46688
759.7910,-2.29372,2.79172,7.31930
759.8088,2.85637,6.98171,0.19633
759.8289,2.52835,12.62022,-1.71670
759.8546,3.16523,10.56354,-2.31048
759.8857,3.33283,9.51485,-2.22668
759.8887,-0.28492,9.74949,4.64010
759.9110,0.00958,7.96815,3.58662
759.9285,-0.08380,10.60424,3.59141
759.9523,0.66561,9.01684,3.27297
759.9746,-0.28013,8.55235,0.42858
760.0161,0.53632,8.85163,1.95852
760.0161,0.32562,9.53400,2.42061
760.0308,-0.70152,11.04958,2.12372
760.0486,-0.14126,9.79258,2.68398
760.0686,-0.47646,9.89314,2.00161
760.0919,0.52195,10.17567,2.13809
760.1099,0.55068,10.23074,2.66243
760.1299,0.60575,9.65611,2.14288
760.1666,0.28971,11.44703,1.14686
760.1718,0.30886,11.73913,-0.61293
760.1890,-0.80208,10.24510,-0.62251
760.2130,-1.18756,10.29538,-0.58420
760.2319,1.11813,9.16289,-0.08141
760.2499,0.41660,11.01606,-0.41900
760.2926,0.14845,9.88836,1.16601
760.2931,-0.56984,10.04638,0.01676
760.3098,0.00000,9.87399,1.30488
760.3310,0.73744,9.12458,-0.50280
760.3484,0.17239,9.02163,0.23703
760.3694,0.81166,8.64333,1.01038
760.3936,-0.06465,10.28341,0.32562
760.4111,-0.32083,9.52921,-0.33280
760.4442,0.14845,8.67685,-0.67519
760.4543,-0.07901,10.72875,1.05827
760.4697,-0.10295,8.93064,-0.00958
760.4896,0.11971,10.36721,0.64167
760.5134,0.02873,8.81811,-0.91940
760.5311,0.75180,9.13176,-0.64167
760.5591,0.26576,9.15810,-0.24182
760.5785,-0.13408,10.06314,0.02634
760.5898,1.37671,10.09905,0.12211
760.6100,0.98884,9.17486,-0.83321
760.6318,-0.32323,9.74230,0.83081
760.6492,0.45012,8.60742,-0.02873
760.6698,-0.16281,9.55795,2.20992
760.6923,-1.43178,11.60984,3.00003
760.7216,-0.03352,9.68724,2.42779
760.7317,0.26337,8.50925,0.20591
760.7524,0.09577,9.54597,0.76856
760.7705,0.13887,10.11581,0.20830
760.7919,-0.41182,9.35204,-0.65603
760.8165,-0.86194,11.23394,2.28893
760.8522,-0.90025,10.03201,0.07422
760.8677,-0.55547,11.03042,0.76617
760.8745,-1.80768,9.51964,2.20992
760.8917,1.21629,11.71758,0.75659
760.9102,-1.52515,12.68487,3.40705
760.9338,-1.77895,14.18129,0.71589
760.9540,1.66642,7.08945,-0.30886
760.9716,0.88588,12.33291,-3.03115
761.0034,0.31126,7.32648,1.59459
761.0100,1.97049,13.04880,-5.40627
761.0298,0.74941,8.56193,0.18675
761.0523,1.07264,8.89473,0.09338
761.0701,0.62012,7.53957,-1.86514
761.0903,5.46374,6.96734,-1.23305
761.1142,3.79971,6.77101,-1.42220
761.1418,-2.44695,9.09585,1.86514
761.1554,-1.78134,8.50686,2.57624
761.1722,-2.74863,9.81413,-2.55709
761.1900,0.93377,2.31766,2.37991
761.2113,-3.45733,8.55235,0.73265
761.2324,-2.17879,11.14774,6.72312
761.2502,0.67519,10.66171,7.06790
761.2776,-1.42938,7.01762,4.75503
761.2922,2.44216,9.87399,-1.24742
761.3098,3.39029,9.14852,3.18678
761.3314,0.27534,10.10145,4.29533
761.3539,-1.74782,10.95141,-3.10298
761.3716,3.19396,10.92508,1.62571
761.3920,-2.03992,14.35128,-2.00640
761.4141,2.59779,7.21395,4.41983
761.4324,0.74462,15.25153,-9.78061
761.4500,0.37351,6.04315,3.09580
761.4734,2.49723,15.62504,-9.89793
761.4929,-0.61054,6.37117,2.25062
761.5113,2.25062,15.17731,-7.93702
761.5339,-0.33041,6.26103,4.30730
761.5649,1.46051,13.68567,-5.75344
761.5697,-1.18277,8.72474,4.16364
761.5923,-1.39826,12.26108,-0.04310
761.6099,0.46688,8.35602,-0.37111
761.6314,-0.01437,9.57949,-2.15485
761.6560,-0.34238,10.24750,0.66561
761.6871,-0.38787,10.96578,-1.13728
761.7079,0.28013,9.65372,0.05267
761.7145,0.35914,9.82850,0.51956
761.7302,-0.23703,10.10863,0.82602
761.7500,-0.83321,10.28580,0.33520
761.7732,0.06225,9.85005,0.45970
761.7916,-0.09817,10.50368,1.22108
761.8284,1.37671,10.99212,2.21949
761.8450,1.36474,9.44781,-0.99123
761.8515,0.15563,9.08867,-0.13169
761.8705,0.44055,9.62498,1.74303
761.8925,0.65603,8.54038,0.19154
761.9104,0.30647,10.20919,2.07823
761.9318,0.64645,11.30816,1.52515
761.9538,0.75420,9.79737,0.05267
761.9742,0.15323,7.44141,-0.60336
761.9957,0.40703,8.30334,0.10774
762.0120,0.10295,9.50527,0.04549
762.0297,-0.92180,9.90512,-0.15323
762.0512,-0.82124,9.19402,-0.17718
762.0739,-0.27055,9.00726,1.10855
762.0912,-0.51237,7.88674,0.73025
762.1226,-0.67279,9.98891,1.39107
762.1326,-0.25379,9.78540,-0.14605
762.1516,0.48125,10.07990,0.01197
762.1714,0.76617,9.25387,0.19154
762.1960,-0.42618,8.83966,-0.08380
762.2155,-0.16760,10.23074,1.52276
762.2598,0.29928,9.68005,2.31048
762.2599,-0.57941,11.01606,0.50280
762.2731,-0.08380,9.98652,0.12690
762.2899,0.90264,9.06233,-0.42379
762.3137,0.22746,9.81892,1.46769
762.3314,-0.17957,10.15891,-0.27295
762.3509,-0.22506,10.95860,0.66321
762.3943,-0.20112,9.97215,0.54111
762.3947,0.86194,9.46936,0.05267
762.4105,1.35277,9.86681,0.75659
762.4350,1.10615,10.37200,-1.31206
762.4525,1.01038,9.76864,0.86194
762.4724,0.80208,11.25788,0.73265
762.4946,0.43097,10.65931,0.40463
762.5289,0.45731,10.82452,0.92180
762.5483,0.69673,9.49330,0.87630
762.5531,0.03591,10.55396,0.72547
762.5720,-0.20351,11.75350,1.07503
762.5924,0.69434,9.08388,-1.43656
762.6134,0.41182,10.17088,0.84518
762.6348,0.23943,9.82131,0.81166
762.6528,-0.03591,9.71357,0.67040
762.6824,0.17957,8.75826,1.20193
762.6909,0.36872,9.61301,-0.50040
762.7148,-0.36393,10.79818,1.33122
762.7350,0.03113,9.90512,-1.11094
762.7533,0.20830,9.28260,0.71828
762.7726,-0.12450,9.70160,2.16442
762.8152,0.29689,9.68724,2.88750
762.8153,-0.74462,10.49650,0.68716
762.8310,-0.15323,8.63136,1.10137
762.8535,-0.44055,10.52523,1.66642
762.8704,-0.67040,10.03919,2.69356
762.8929,0.58899,9.71597,0.17239
762.9149,-0.05746,9.81892,2.95454
762.9323,0.10535,9.54119,0.04070
762.9516,0.54829,9.76625,-0.05028
762.9730,0.69673,10.03201,-0.04310
762.9904,0.93377,10.03441,-1.40544
763.0114,0.62730,10.80057,-1.07982
763.0333,-0.45731,10.36482,0.08619
763.0510,0.00000,10.06553,-1.45572
763.0718,0.23943,10.62579,0.27774
763.1077,0.21548,9.93624,-0.19154
763.1124,-0.17478,10.78860,-0.25858
763.1323,-0.15563,9.76625,0.25858
763.1550,0.23703,9.39035,0.68716
763.1724,-0.39745,9.84047,2.68398
763.1957,0.43097,8.70558,1.09418
763.2340,-0.42618,8.69361,1.76937
763.2342,-0.29689,9.91948,1.99204
763.2557,0.17718,9.17965,1.18995
763.2729,0.72307,11.29140,0.27295
763.2906,0.27534,8.77262,1.96809
763.3112,0.60096,9.42147,1.53473
763.3370,-0.45970,10.29778,1.85077
763.3817,-0.06704,10.49889,1.09418
763.3817,0.55787,11.21239,0.62251
763.3965,0.06943,10.58270,1.95373
763.4104,-0.25619,10.52523,0.23703
763.4305,0.30886,10.20679,1.91063
763.4532,0.33520,9.20599,2.61934
763.4710,0.41900,10.24031,0.79969
763.4910,0.44534,10.10145,0.65124
763.5236,-0.10535,9.34485,0.02155
763.5308,0.12211,9.39035,-0.42139
763.5530,-0.23943,9.60822,1.37671
763.5731,-0.30647,8.91389,-0.34956
763.5909,-0.46928,10.52044,0.49561
763.6110,0.04310,10.36482,-0.00718
763.6349,0.36154,9.62259,1.07024
763.6525,-0.18915,10.35045,0.30886
763.6724,0.20351,9.60583,0.45252
763.6928,0.21548,11.70082,0.39506
763.7103,0.85954,10.29059,1.73345
763.7321,0.68955,9.83089,0.05746
763.7540,0.06465,9.62020,1.81725
763.7956,0.69434,9.78780,1.22347
763.7959,0.17478,10.25468,1.13249
763.8167,0.40703,11.26746,0.16999
763.8306,0.64406,9.95779,-0.25858
763.8517,0.45012,9.41668,-0.65843
763.8740,-0.55308,9.72794,1.39347
763.8903,0.59857,8.72234,0.03591
763.9297,0.62251,10.11821,-1.05588
763.9445,0.78293,8.50925,0.62969
763.9553,-0.02873,8.66967,-0.81405
763.9725,-0.07422,9.38795,0.92898
763.9929,0.51477,9.17247,1.03912
764.0126,0.46928,8.64094,-0.88588
764.0328,-0.30647,9.38316,0.80687
764.0576,-0.62012,10.00089,3.50522
764.0899,0.33759,8.70079,1.37192
764.0912,0.00718,10.49411,0.67997
764.1135,0.06704,9.66329,-0.15563
764.1311,-0.04070,9.57710,1.17798
764.1514,-0.34717,11.07113,1.56586
764.1735,0.05507,10.41749,1.87711
764.1929,-0.30407,9.48612,0.31604
764.2282,-0.19633,11.88997,1.36474
764.2341,0.28252,10.02722,0.62491
764.2520,0.39745,9.83568,2.08302
764.2728,-0.14845,9.94103,0.12929
764.2953,0.18436,9.04078,1.74782
764.3132,0.18436,9.50048,2.23386
764.3329,0.47407,9.70400,3.31128
764.3645,0.56984,11.81575,1.03433
764.3714,0.20591,9.19880,3.26819
764.3914,-0.82363,11.09268,2.20273
764.4136,-0.06704,10.33608,2.40864
764.4315,-0.32083,9.40711,3.05031
764.4515,-1.07503,10.08708,4.47490
764.4747,0.01197,10.21877,2.89468
764.5032,-0.49083,8.77981,3.30410
764.5164,-0.75180,9.62977,2.73905
764.5335,1.08221,9.53640,2.32484
764.5513,0.97447,9.47654,2.98327
764.5742,0.16520,8.66249,3.32086
764.5948,0.59857,9.94582,1.96091
764.6129,0.61293,9.58189,4.15646
764.6459,0.32083,8.84685,4.18040
764.6541,0.83800,9.75188,1.16841
764.6722,0.11732,8.95938,3.43578
764.6919,-0.88109,8.94022,3.67282
764.7139,0.39745,9.31852,3.36874
764.7330,0.47885,7.86280,3.31368
764.7529,0.23943,9.62738,1.27136
764.7762,0.95771,8.61699,2.51638
764.7913,0.98884,10.07032,1.25939
764.8123,0.52913,9.75428,3.20833
764.8344,1.18995,9.45739,1.75021
764.8539,1.80289,7.92266,1.48924
764.8739,1.44375,10.21637,1.06545
764.8987,0.73265,9.09585,2.23386
764.9158,-0.59857,9.89554,5.14530
764.9321,-0.20112,9.41189,5.79415
764.9564,-0.23703,9.89314,4.36476
764.9722,0.09817,9.34485,4.00083
764.9942,-1.27136,10.49650,1.88669
765.0156,-0.98644,9.57949,3.58902
765.0336,-0.82124,9.27542,1.14686
765.0538,-0.23224,8.93064,4.17083
765.0776,-0.35914,10.42228,1.72867
765.0923,1.58262,9.59146,-0.26337
765.1157,1.37910,9.96258,-1.28812
765.1379,0.33999,8.99050,0.16999
765.1558,0.34717,8.92346,1.71191
765.1734,-0.04789,9.15810,2.19555
765.2102,0.46210,8.54517,2.97369
765.2119,-0.32802,8.72953,4.44856
765.2340,-0.18196,8.26743,2.84440
765.2559,-0.19394,8.17645,2.00401
765.2725,0.95532,8.92825,1.15643
765.2925,0.36393,10.04877,0.60575
765.3149,-0.25858,8.83248,-0.14126
765.3502,0.94574,9.81892,-0.00958
765.3524,1.41023,10.32172,-1.53234
765.3745,1.68796,10.30256,-1.44614
765.3920,0.97926,9.62738,0.01915
765.4161,1.70472,9.09824,-0.27295
765.4366,0.80926,9.62498,1.49882
765.4709,0.60815,10.50129,2.02316
765.4861,0.22985,10.12539,3.06228
765.4943,-0.16999,10.10145,0.64645
765.5149,0.36154,9.22514,2.16203
765.5333,0.86912,9.30176,1.38629
765.5554,0.11014,8.60502,1.13728
765.5749,-0.34956,10.71438,-0.44055
765.5951,0.39266,9.23711,1.40783
765.6241,-0.10056,9.87160,3.61536
765.6335,0.23703,9.08388,1.61853
765.6528,1.01517,9.38077,-1.30009
765.6754,-0.56265,10.52763,0.47885
765.6932,0.28013,10.06314,-0.21548
765.7128,-1.28094,11.37999,2.78694
765.7363,-1.30249,9.90751,0.93616
765.7603,0.26337,8.35362,-1.04390
765.7725,-0.03113,10.49411,-0.66321
765.7957,-0.23464,10.26904,2.03753
765.8132,0.31844,10.20919,-0.69673
765.8333,0.29928,10.16609,-0.82602
765.8559,0.37351,9.48133,0.26098
765.8765,0.80687,10.10623,1.77895
765.9072,0.40703,9.36161,1.86514
765.9170,0.24422,9.51724,0.83560
765.9330,0.57702,9.06712,-0.16520
765.9542,0.28731,9.40232,1.14446
765.9769,-0.14845,8.60742,2.60258
765.9944,0.61293,9.37119,1.92500
766.0141,0.39506,8.57629,1.76458
766.0417,-0.22506,9.41908,1.06545
766.0527,-0.03831,9.00487,1.45572
766.0732,-0.16760,9.03599,2.38709
766.0975,-0.28731,9.11740,2.75102
766.1152,0.20591,9.78061,1.95612
766.1357,0.60096,10.12539,-0.85954
766.1805,1.18517,9.58668,-0.61293
766.1806,-0.44294,10.59706,1.86035
766.1943,0.28492,10.08229,3.99844
766.2150,1.31925,9.76864,2.36075
766.2329,0.01197,10.29538,2.47089
766.2528,-0.65843,9.93385,2.35357
766.2755,-0.68237,9.53400,3.67761
766.3056,-1.16122,9.35922,1.96809
766.3179,-0.58181,10.31454,1.80528
766.3351,0.54829,9.71357,-1.45332
766.3529,0.76138,10.09666,-0.50519
766.3742,0.88588,9.28260,0.20112
766.3986,0.63448,8.88515,1.43656
766.4163,-0.40703,9.89793,3.45973
766.4525,-0.05746,9.12219,2.52357
766.4695,0.39027,9.78780,1.66402
766.4731,-0.50040,9.60104,1.77176
766.4949,-0.24422,9.07670,2.23146
766.5175,-0.04789,9.39992,3.06707
766.5364,-0.20591,9.39753,3.31368
766.5533,1.09418,10.80057,0.36393
766.5765,0.39027,10.63776,-0.84039
766.6068,0.90743,8.93064,-0.45970
766.6138,-0.39745,10.18764,2.87792
766.6369,-0.22985,8.75586,2.29372
766.6531,-0.04789,8.75347,1.69754
766.6763,-0.23943,7.49647,0.93377
766.6956,-0.26816,9.38556,2.60258
766.7365,-2.61934,13.16372,3.15087
766.7516,-3.07904,10.67368,6.18441
766.7572,-2.72708,9.04557,0.82124
766.7748,-1.39107,8.69122,2.87074
766.7927,2.00161,9.66569,-0.58420
766.8162,1.74782,6.50764,-1.18038
766.8329,-1.73106,13.97299,-3.28495
766.8530,-1.04151,9.77343,4.78616
766.8798,-3.86675,11.69843,2.71032
766.8924,-1.57304,8.03519,4.31448
766.9126,2.43498,9.10064,1.10855
766.9355,-1.91542,8.94262,2.80130
766.9531,-0.71589,11.34407,-1.14686
766.9750,2.03513,8.03519,-0.28971
767.0155,-0.07901,10.21637,0.84278
767.0300,-0.07901,10.43425,0.18915
767.0325,1.17319,9.99610,-1.14207
767.0554,-0.16520,9.34964,-0.83321
767.0725,-0.32802,10.05117,-0.28252
767.0943,-0.10774,10.17327,1.40544
767.1152,-0.43815,10.25468,2.19555
767.1548,-0.27295,9.13416,0.39984
767.1652,0.32323,10.31214,-0.62012
767.1756,0.01197,9.95300,-0.46928
767.1925,-0.01197,9.02163,0.11253
767.2126,-0.05986,9.79019,-0.68237
767.2350,-0.33520,9.88836,0.91940
767.2529,0.28492,9.66808,1.89387
767.2747,0.60096,8.78459,1.53473
767.3060,0.98884,9.96258,-0.50998
767.3125,-0.56984,9.66090,1.06306
767.3326,-0.56505,9.83329,0.76138
767.3549,-0.46210,9.80216,2.39427
767.3726,-0.52674,8.76544,1.89387
767.3941,-0.02873,8.34644,2.20752
767.4174,-0.14126,9.59625,1.28333
767.4348,0.25140,8.40630,0.59617
767.4531,-0.20112,11.29619,0.58181
767.4752,0.14366,9.87160,0.54350
767.4937,-0.15802,9.41429,1.37910
767.5129,0.55308,10.17567,0.73265
767.5355,1.31206,9.68724,-0.19633
767.5529,0.24661,9.96258,1.84359
767.5867,1.16122,9.66808,0.52913
767.5953,1.24023,8.07110,1.75740
767.6135,-0.16760,9.96497,0.51477
767.6316,1.18038,8.77741,1.54670
767.6549,0.28971,8.78459,1.91781
767.6730,0.32323,9.74470,1.16601
767.7042,1.87711,9.01684,1.34558
767.7174,0.88109,10.04159,0.71349
767.7322,0.78772,9.93145,1.09897
767.7523,0.11971,8.69361,1.76697
767.7751,0.14605,9.23711,3.64169
767.7928,-0.42858,9.68724,2.53554
767.8129,-0.18915,10.05835,1.65923
767.8364,0.89067,9.23951,0.00958
767.8633,0.15084,9.61301,0.82602
767.8777,1.26657,8.96895,-0.30168
767.8949,1.32643,9.39035,0.90504
767.9124,0.63448,10.55636,2.24104
767.9325,0.23464,9.87160,2.68877
767.9553,1.07982,10.07750,0.80687
767.9745,0.31365,9.89314,0.11014
767.9941,0.62969,10.28820,1.06545
768.0147,0.70631,9.14374,-0.91461
768.0322,0.66561,9.56752,0.29210
768.0529,0.17957,10.78381,0.39984
768.0755,0.99362,10.18524,0.51477
768.0930,1.01038,9.25387,1.71191
768.1142,0.10774,9.84047,1.67360
768.1472,0.09098,9.44302,2.61694
768.1523,0.00000,10.09905,2.59300
768.1724,-0.37590,9.95300,3.05749
768.1962,0.09817,10.16370,1.80049
768.2138,0.39266,9.07909,0.08141
768.2337,0.40703,8.49489,1.55628
768.2562,0.22027,9.47175,1.19235
768.2848,-0.62491,8.93064,1.84838
768.2946,0.26576,9.47654,-0.26098
768.3168,0.14366,8.71516,1.16122
768.3323,0.94574,10.02004,2.10696
768.3528,0.66561,8.71756,1.99443
768.3753,0.29689,9.80455,3.07904
768.3940,-0.15802,9.84526,2.05668
768.4189,-0.09338,9.81413,1.96809
768.4350,0.20351,10.18046,1.46051
768.4523,0.34717,9.95061,1.26897
768.4726,0.47407,9.70878,0.29689
768.4948,0.20351,9.57949,0.34478
768.5124,0.50998,9.64653,1.43178
768.5525,0.87630,9.73033,0.16042
768.5645,0.90743,8.87079,1.59219
768.5729,0.59139,9.37359,-0.38069
768.5920,0.97447,9.98891,0.82363
768.6161,-0.19394,10.05835,2.87313
768.6321,0.04070,10.85325,2.65525
768.6542,0.73744,10.32651,1.91542
768.6954,0.67040,10.41988,0.28971
768.7103,0.68955,9.48133,2.07344
768.7123,0.50998,10.97536,1.23545
768.7345,0.74462,9.34246,-0.05986
768.7523,-0.02873,10.52523,0.13647
768.7735,0.34956,9.00247,1.08461
768.7960,0.98884,9.76864,0.57463
768.8136,0.55308,8.64812,0.69913
768.8481,-0.46449,11.07592,0.15563
768.8569,-0.58420,10.08229,1.97528
768.8724,-1.01278,9.76146,-0.26337
768.8922,-0.61293,10.67607,0.09577
768.9169,-0.46210,10.05356,2.27217
768.9345,0.14605,9.30894,1.92500
768.9819,-0.11014,9.80934,1.22826
768.9821,0.63688,9.87399,1.10137
768.9968,0.16520,9.51006,3.35917
769.0122,-0.59139,9.51485,2.71511
769.0343,0.50759,10.35045,1.09179
769.0522,0.83321,8.58826,2.71750
769.0738,0.52195,9.26584,0.69673
769.0960,0.59378,9.26824,0.53632
769.1145,0.80448,10.84846,-2.22907
769.1323,0.57223,9.50767,-1.04390
769.1544,0.42139,10.16848,-0.96010
769.1735,0.33520,10.14454,0.00000
769.1924,0.73504,10.56354,0.48843
769.2148,0.62012,9.07909,1.49882
769.2338,-0.47885,10.90592,0.36154
769.2779,0.00479,9.84526,0.91940
769.2780,-0.44773,10.15412,-0.22746
769.2983,-1.21869,9.24190,2.15485
769.3136,-1.33122,10.40073,1.47248
769.3354,-0.31126,8.51644,3.44297
769.3535,-0.74701,10.45340,1.37192
769.3888,-0.10056,9.09824,2.24104
769.4019,0.51237,10.77663,1.53234
769.4123,0.04549,8.71516,2.33921
769.4343,-0.19633,10.55636,3.54832
769.4548,0.81405,10.12060,2.14048
769.4745,0.59617,9.71597,1.31925
769.4954,1.24981,9.35443,0.00479
769.5318,0.69434,10.20919,-0.01437
769.5460,1.74543,8.49968,-0.31844
769.5519,1.46530,10.32890,-1.02236
769.5760,0.72786,10.87719,-0.03591
769.5935,1.21150,9.40471,0.23943
769.6137,1.35277,9.59146,-0.50998
769.6384,0.16999,10.52763,0.12690
769.6714,0.84278,9.53640,-0.83560
769.6850,0.24182,10.68565,0.05746
769.6960,-0.21788,10.62100,-0.51477
769.7119,-0.38548,8.70319,0.88349
769.7320,-0.59857,9.56752,0.04549
769.7546,0.24661,9.36161,1.49163
769.7720,-0.50519,9.19880,-0.14605
769.7958,-0.70152,9.38795,0.99362
769.8248,0.22506,9.88596,1.00081
769.8321,0.18915,9.67048,0.17239
769.8517,-0.49322,9.80455,0.03352
769.8744,-0.23224,9.35443,3.04791
769.8926,-0.51237,10.62579,1.54670
769.9136,-0.06704,9.62498,1.21629
769.9376,0.62251,9.59386,0.90025
769.9553,0.49561,10.09187,1.46290
769.9737,-0.02873,10.80776,2.12851
769.9943,0.24900,10.22116,1.24263
770.0117,0.57702,8.90431,1.16601
770.0334,0.50519,10.28580,1.57304
770.0555,1.18756,9.71357,-2.42540
770.0730,1.12291,8.82051,-1.17319
770.0932,-0.19154,10.11581,-0.70152
770.1161,0.07901,9.37359,-0.62012
770.1346,-0.19872,10.59467,0.79011
770.1533,0.54589,9.35204,-0.43815
770.1759,-0.36154,8.52841,1.54431
770.1935,0.14845,10.02722,-0.44773
770.2320,0.73504,8.95219,0.61293
770.2511,0.14126,9.82371,-0.50519
770.2537,0.56984,9.23232,-0.05507
770.2729,0.74462,9.93385,-2.06386
770.2953,0.21788,8.55953,-0.82124
770.3141,0.47407,9.97215,-2.16203
770.3342,0.32083,9.76385,1.25939
770.3582,0.56984,9.65611,0.85954
770.3761,0.35675,8.75347,1.29770
770.3936,-0.53871,10.34087,0.86433
770.4162,-0.88588,10.95860,2.21231
770.4337,-0.90264,9.86920,1.52755
770.4556,-0.76617,9.59865,2.09020
770.4780,0.19633,9.54597,2.77257
770.4954,-0.25140,9.06951,2.37991
770.5279,-0.54350,9.94821,1.13728
770.5366,0.68955,9.22514,1.88429
770.5562,0.82602,10.13975,0.89785
770.5771,0.82842,8.84445,1.07982
770.5999,0.57702,10.32651,1.00081
770.6176,-0.59857,9.95539,3.91943
770.6531,-0.08141,10.13257,3.17481
770.6669,0.32323,9.32091,1.70472
770.6740,0.61054,9.92666,1.75021
770.6939,1.12291,9.85244,2.69595
770.7158,0.66561,9.24430,0.62730
770.7337,0.00718,10.98014,0.44534
770.7537,0.26576,9.46696,0.24182
770.7806,0.33041,8.51404,1.40544
770.7977,0.71828,9.48133,0.35435
770.8145,0.29928,10.23074,0.14605
770.8371,0.46688,9.94821,0.25379
770.8547,0.09338,9.01444,-0.05028
770.8771,0.17957,9.99131,-0.47167
770.8974,0.84278,8.78938,1.40305
770.9229,1.14925,9.14374,-0.54350
770.9377,0.66561,8.55953,0.32562
770.9564,0.73744,9.47415,0.66800
770.9739,0.48843,9.58189,0.42858
770.9943,0.28971,9.33528,0.11014
771.0162,0.37830,8.72953,-1.00320
771.0336,0.98405,8.24349,-0.14126
771.0602,0.64645,9.78301,-0.17718
771.0778,0.90982,9.30176,0.15802
771.0934,0.30886,10.07032,0.36632
771.1134,0.24182,10.75269,1.24981
771.1360,0.79729,9.88117,-0.33041
771.1536,0.92419,9.44541,-1.35995
771.1732,0.90025,10.10623,0.94334
771.1954,1.24981,9.46936,-2.06386
771.2139,0.95292,10.07990,0.37111
771.2331,0.45252,8.92586,0.29689
771.2557,1.21390,10.16130,0.48364
771.2736,1.14686,9.87878,0.81405
771.2939,0.20351,9.77343,0.01437
771.3169,0.18196,11.28422,3.40705
771.3345,-0.25619,9.24669,-0.39027
771.3558,-0.23703,10.10145,1.61374
771.3787,-0.62251,11.52125,1.05348
771.3961,0.28252,9.00008,1.23305
771.4184,0.51477,10.08947,-0.37111
771.4383,0.24422,10.07032,-0.54589
771.4562,1.33840,9.58668,-0.58660
771.4935,0.74701,10.92029,0.36154
771.5060,0.28252,11.10225,0.30168
771.5145,1.82204,9.06712,0.09338
771.5343,0.64167,10.54439,-0.72068
771.5568,1.48206,9.44781,-0.05746
771.5746,1.29051,10.32411,-0.85715
771.5947,0.46210,9.25627,-0.70392
771.6172,1.36234,8.49968,-1.45811
771.6461,1.75500,8.60023,1.66881
771.6546,0.12690,10.65931,1.35516
771.6777,0.58899,9.64414,1.86514
771.6945,0.36154,9.62498,-0.26337
771.7144,0.47167,9.94342,-0.29689
771.7367,0.42139,9.81174,-0.45252
771.7562,0.11014,9.95779,-0.32802
771.7890,0.16520,10.11581,0.15802
771.7980,0.84039,9.27542,-0.73025
771.8162,0.87630,9.15810,-1.85077
771.8361,1.40544,10.21637,0.61772
771.8585,1.78134,9.31133,-1.19714
771.8759,1.67599,9.93145,0.35914
771.9036,0.56505,10.23313,-1.03672
771.9170,0.40942,9.67287,1.01038
771.9363,-0.25619,9.51964,0.47885
771.9561,0.46928,9.22514,0.29689
771.9769,0.67279,9.37598,-0.30407
771.9962,0.55308,9.91709,-0.66321
772.0161,0.38308,9.67526,-1.33122
772.0369,0.31604,10.56115,-0.28492
772.0544,0.93137,10.27862,-0.84518
772.0743,1.19714,9.71357,0.07662
772.0978,0.99362,10.26186,0.12929
772.1146,0.53153,9.70878,0.84039
772.1347,0.83560,10.03201,0.16042
772.1578,0.52674,8.92346,-0.65364
772.1757,0.85476,8.42785,-0.72068
772.2042,0.70392,8.60023,0.29928
772.2168,-0.48604,10.20201,0.17957
772.2357,0.22506,10.19722,-0.17478
772.2541,1.57783,8.93064,-1.46051
772.2783,0.75899,9.16528,-0.53871
772.2962,1.50600,10.90353,-1.56107
772.3172,1.73824,9.36640,-1.11813
772.3472,0.97447,10.31693,-1.82444
772.3606,1.19714,10.65692,-1.02236
772.3743,1.04869,8.99050,-0.76138
772.3964,1.92260,9.49091,-1.77895
772.4139,1.20432,9.17247,-1.36474
772.4355,0.71110,10.67128,0.17957
772.4579,0.95532,9.87638,-1.03433
772.4868,0.73025,9.53879,-0.48843
772.4950,0.51956,10.61861,-0.44773
772.5165,1.08700,10.39834,-0.11493
772.5342,0.35914,9.73273,-0.19394
772.5556,0.98405,9.79737,0.55308
772.5781,1.30967,10.28580,0.16760
772.5953,1.19474,10.16130,-0.58899
772.6154,0.86673,9.73512,1.01757
772.6382,0.52913,9.85484,-1.02475
772.6561,1.32403,10.15891,-0.11732
772.6757,0.64167,9.28021,-0.23943
772.6987,0.44055,10.31214,-0.45491
772.7164,0.89785,9.33049,0.61054
772.7516,1.08461,9.54837,-0.61772
772.7654,1.18995,10.22355,-0.69673
772.7745,0.77575,9.75667,0.53871
772.7944,0.81166,10.36242,0.40463
772.8166,0.92898,9.44302,0.39745
772.8345,0.84518,10.41031,-0.48843
772.8550,0.72068,8.40869,-0.25140
772.8787,1.37192,9.15092,0.10056
772.9022,1.02475,9.00726,0.40463
772.9138,1.10615,9.62259,-0.37830
772.9362,0.89067,9.58189,0.79011
772.9540,0.60815,9.55795,1.16841
772.9747,0.83560,10.31932,2.59300
772.9971,0.35675,9.66090,1.11334
773.0176,0.63448,9.98652,0.07422
773.0386,0.44534,9.62738,0.40224
773.0569,-0.06943,9.25387,1.08940
773.0743,-1.70951,11.17408,1.44614
773.0941,-1.91542,11.14774,3.12213
773.1165,-0.86194,11.59068,1.94415
773.1343,2.21949,6.69439,-10.79100
773.1558,6.85960,9.06472,-3.34959
773.1890,4.30012,3.35198,-11.13338
773.1965,1.59459,8.70319,-1.59698
773.2156,-3.83084,11.13817,-1.18277
773.2365,0.74462,7.27381,10.79339
773.2556,-0.93616,15.01210,7.22832
773.2758,1.81247,7.55633,-1.58022
773.2985,0.00718,12.68966,0.86194
773.3151,2.28174,8.61221,-2.55709
773.3349,0.54350,6.85002,-1.13010
773.3580,-1.60416,10.53002,-1.72388
773.3740,-1.45811,7.65450,4.27618
773.3978,0.52195,9.12937,-1.45572
773.4202,0.70871,8.76305,0.79969
773.4640,3.33283,10.15891,-3.17241
773.4641,2.37991,10.93226,-1.35037
773.4788,1.68318,11.81096,-2.31048
773.4938,1.57304,8.67925,1.73585
773.5136,0.66561,10.14933,-1.42938
773.5363,0.79969,9.87638,1.08940
773.5538,-0.26098,9.74230,-0.81884
773.5838,0.05507,8.81572,0.27774
773.5975,0.97926,8.94740,-0.93616
773.6155,0.94813,9.16528,-0.27774
773.6357,0.67997,9.98652,0.17957
773.6581,0.24900,10.45340,0.05028
773.6736,-0.35196,9.30176,0.13887
773.6937,0.30647,10.05117,1.41023
773.7182,1.05348,8.35123,1.07742
773.7493,1.60177,9.39513,-1.34798
773.7548,0.38308,9.00487,0.32323
773.7766,0.13169,10.17327,0.16520
773.7938,0.35435,10.37439,0.10774
773.8139,-0.29450,10.73832,0.26816
773.8378,-0.07901,10.30975,-0.35196
773.8730,0.86673,9.99849,-0.03352
773.8858,0.13647,10.08229,-0.57223
773.8969,0.02634,10.26426,0.10535
773.9138,0.73265,10.35284,-0.86194
773.9337,0.76617,10.12778,-0.70871
773.9561,0.15563,8.68882,0.25619
773.9738,0.02394,9.04318,0.54829
773.9985,0.15802,9.64414,0.15323
774.0300,0.08619,9.34485,1.36953
774.0361,-0.00958,9.12937,1.35755
774.0538,0.39027,9.06951,0.67758
774.0761,0.17239,9.79737,0.31604
774.0940,-0.43097,9.89075,-0.78532
774.1140,-0.19394,10.38158,-0.13647
774.1363,-0.22267,9.86441,0.29689
774.1552,-0.05507,10.04159,-0.74701
774.1740,1.34798,8.96656,-0.76856
774.1966,0.59139,9.08867,-0.44294
774.2153,0.12211,9.08627,-0.86673
774.2374,0.80208,10.37918,-1.53952
774.2596,0.18196,9.83089,-1.63768
774.2907,-0.28013,10.86282,-1.22347
774.3136,0.64885,9.90751,0.38787
774.3173,0.19633,9.79977,0.53153
774.3377,0.78293,9.45499,1.11334
774.3574,0.00000,10.04398,1.02236
774.3777,-0.41421,11.14535,0.12690
774.3975,0.03591,10.02243,1.89387
774.4298,-0.33280,10.58509,0.33041
774.4440,0.40463,10.05356,0.94334
774.4542,-0.15323,9.95061,1.37192
774.4736,-0.19872,10.47735,-0.04070
774.4959,0.13169,8.44700,0.48604
774.5138,0.13887,8.38954,-0.40703
774.5354,0.59857,9.25866,-0.95771
774.5580,0.26576,9.46217,0.20591
774.5859,0.17957,8.67685,1.17559
774.6008,0.16281,9.56992,1.61614
774.6159,-0.79011,9.87878,1.03672
774.6335,-0.85236,10.75029,1.18517
774.6538,0.24661,9.55076,0.41182
774.6761,0.27055,10.97536,0.71828
774.7030,0.92658,10.09905,0.50519
774.7203,0.58660,9.47893,-0.24422
774.7359,-0.39027,9.68484,0.50998
774.7537,0.31844,9.97455,1.43178
774.7738,0.25140,9.92188,-0.31126
774.7975,0.10535,9.45260,-0.46449
774.8154,0.66321,9.79258,-1.02475
774.8363,0.04549,8.73910,-0.02873
774.8574,0.31365,8.90191,-0.27534
774.8737,1.69515,10.04638,-1.80049
774.8938,0.98405,9.00247,-0.90264
774.9158,0.53392,9.36640,-0.50040
774.9349,0.43576,8.57150,-0.21548
774.9553,0.30407,9.66329,0.20112
774.9772,0.39027,10.47016,-0.17957
775.0051,1.57064,8.61699,2.55948
775.0142,0.49561,7.91308,1.21869
775.0378,-2.54511,8.37278,-1.82204
775.0556,-1.75261,9.83808,2.87313
775.0759,-0.36632,10.21877,2.52596
775.0983,2.45174,8.16687,-6.86199
775.1337,5.94259,12.10785,9.12937
775.1480,-7.42704,10.82212,1.38868
775.1578,-0.80208,12.39995,9.67766
775.1735,-0.97447,7.14212,6.26582
775.1933,1.09897,8.51644,-0.50040
775.2159,-0.34956,8.58826,-0.12690
775.2339,-0.79729,8.15251,-5.01601
775.2541,6.65130,12.78064,-2.33202
775.2890,-0.33999,7.46295,-2.57145
775.2954,4.43180,12.46220,-2.71990
775.3130,4.91066,6.45018,2.81806
775.3360,1.87951,11.73434,-2.94496
775.3538,-2.83243,9.20359,3.49325
775.3738,-1.37910,8.81811,3.06467
775.3978,-2.64089,11.24591,0.27295
775.4147,-0.72786,9.41908,-0.60096
775.4338,-1.02236,10.18764,-2.60018
775.4575,-0.46928,9.12458,-1.62571
775.4753,-0.20351,7.31451,0.98884
775.4938,2.46850,11.17887,2.12372
775.5188,1.40544,9.52682,-0.68716
775.5464,0.42139,7.16128,1.56346
775.5641,1.47487,9.68484,-0.43815
775.5757,1.89627,10.48213,-1.65923
775.5935,-1.44614,10.18764,3.95295
775.6136,-2.58342,10.46777,1.53952
775.6358,-1.76937,10.44862,2.55948
775.6534,-2.25062,9.89554,3.32804
775.6749,-1.44854,11.38957,0.87152
775.7017,-0.70631,10.32890,1.71670
775.7166,-0.50040,10.52523,1.36713
775.7333,0.78532,9.79977,1.82444
775.7575,0.32802,9.51245,0.83800
775.7736,0.01915,10.05595,0.96489
775.7936,0.10774,9.76625,0.36393
775.8255,-0.33759,10.70001,0.11971
775.8365,-0.02394,9.70400,-0.81645
775.8534,-0.10535,9.31852,-0.15802
775.8759,-0.54111,9.75428,-0.86912
775.8959,-0.67997,9.75428,0.10056
775.9147,-0.36154,9.55316,-0.46210
775.9373,-0.08380,8.82530,-0.31604
775.9579,0.68476,9.37359,-0.90982
775.9754,-0.16999,9.65132,1.27375
775.9970,0.46210,9.31373,-1.45093
776.0152,0.22746,9.67048,-0.02873
776.0355,-0.62012,9.51724,0.17718
776.0590,0.05028,10.01046,1.48206
776.0769,0.22506,10.23792,0.39506
776.0983,-0.38787,10.06793,0.52913
776.1243,-0.35196,10.38397,0.53871
776.1362,-0.43097,9.08388,0.68955
776.1562,0.13169,10.41270,1.26897
776.1837,-0.29450,10.26186,1.05109
776.2011,-0.07422,10.59467,0.80448
776.2197,0.25858,9.37119,-1.12770
776.2617,0.22027,9.44781,0.12211
776.2620,0.00718,9.06472,-0.58899
776.2803,0.23464,8.96416,0.63209
776.3009,0.11014,9.22993,-0.34956
776.3192,0.28013,9.64893,0.20351
776.3400,-0.08859,10.34087,-0.19872
776.3608,0.48604,10.07750,-0.72786
776.3870,0.03831,10.07032,-0.64406
776.4056,-0.41182,10.02243,-0.22267
776.4214,-0.08859,9.50527,0.21788
776.4390,0.27534,9.69442,1.60177
776.4590,-0.94574,10.24510,0.62251
776.4816,-0.05507,10.85564,-0.15084
776.4993,-0.00239,10.44622,0.12929
776.5211,-0.14845,9.96976,-0.29928
776.5558,-0.49083,9.54597,-0.11493
776.5593,0.88828,9.84765,-0.46449
776.5803,0.74941,8.63854,0.14605
776.6033,0.80448,9.31373,1.03672
776.6212,0.39027,9.75188,0.87870
776.6430,-0.61293,10.43425,1.87711
776.6804,-0.77814,10.05356,0.26816
776.6948,0.17718,10.39594,0.36632
776.7012,0.43336,9.54597,-1.09179
776.7227,0.18675,10.38876,-0.04789
776.7401,0.51237,9.77343,-0.74701
776.7603,-0.01437,9.91469,0.19633
776.7828,-0.09817,9.68005,0.59139
776.8016,0.13169,9.89314,0.97686
776.8326,0.53392,8.06871,-1.17319
776.8455,0.13169,11.07592,-0.14366
776.8618,0.12211,10.42707,-0.68955
776.8832,0.30407,10.52284,-0.89546
776.9044,0.47885,8.83727,-1.27136
776.9202,0.63448,10.51805,-1.38150
776.9484,0.54111,10.06793,-0.37111
776.9677,1.18277,9.88357,-1.36713
776.9803,1.78134,10.45819,0.33759
777.0005,0.37830,9.15571,-3.63211
777.0244,0.26098,9.97934,-0.25858
777.0438,2.44695,8.72234,2.06147
777.0643,-4.25223,11.34407,2.36075
777.1036,-2.21710,11.00648,-0.58660
777.1168,-1.66881,8.71277,3.37114
777.1201,-0.75899,14.97140,-2.06626
777.1421,-0.89546,10.35284,1.19235
777.1601,1.76219,10.85804,0.88109
777.1801,1.77416,9.47175,4.54673
777.2024,1.97049,11.17408,-3.91464
777.2200,-1.40305,11.81575,0.37111
777.2562,0.02394,7.81252,2.63370
777.2645,0.83560,9.44781,-2.84440
777.2823,0.87630,8.60023,-0.05507
777.3005,2.01837,8.98811,-1.41502
777.3263,-0.25379,9.02881,-0.34238
777.3440,0.26337,10.32172,-1.32882
777.3818,0.84757,9.38556,1.18038
777.3977,0.23703,9.50527,-0.76377
777.4004,0.35196,10.70480,-0.41660
777.4202,-0.09338,9.67048,-1.27136
777.4424,-0.36872,11.10225,0.71110
777.4601,0.62012,9.39753,3.29692
777.4804,0.47407,9.63217,1.18756
777.5029,0.99362,9.30176,-1.03193
777.5330,0.50280,9.96258,1.06545
777.5418,-0.52674,10.40312,1.05109
777.5635,-0.11253,10.02962,2.58103
777.5800,-0.07662,9.76385,0.46449
777.5999,0.37111,9.39035,2.41822
777.6224,1.16601,9.06951,-0.14126
777.6401,1.40783,9.86681,0.39027
777.6724,0.53871,10.40312,1.12291
777.6824,0.26576,9.28979,-0.32562
777.7014,0.58181,10.11102,1.70472
777.7200,0.28731,9.89554,2.03753
777.7421,0.15563,10.01765,1.52515
777.7614,0.12211,9.45260,1.01996
777.7839,-0.35914,10.12060,0.96489
777.8139,-0.28971,10.25229,2.50681
777.8199,-0.00479,9.33528,2.92580
777.8401,0.62012,9.38556,-0.44534
777.8618,0.21548,10.88916,0.61533
777.8799,0.11493,9.79019,1.10376
777.9005,0.00718,10.30256,1.65444
777.9243,0.17718,9.44302,0.80208
777.9493,-0.52674,9.47654,1.20671
777.9622,0.00958,9.73752,0.96250
777.9835,-0.47885,9.38077,2.83722
777.9999,-0.22267,9.70878,-0.24661
778.0198,0.40463,9.24190,0.55787
778.0433,0.46928,9.79498,-0.72547
778.0627,0.70871,10.03441,2.05668
778.0809,0.39027,9.61301,2.11175
778.1021,0.88349,9.59625,0.57941
778.1197,0.60575,9.23711,0.30647
778.1398,-0.13647,10.15412,2.78215
778.1641,0.45012,9.45260,0.61054
778.1835,0.13647,9.72794,1.59219
778.2219,0.24661,10.24750,0.78772
778.2391,0.39745,9.88836,-0.03831
778.2402,0.75899,9.31133,1.66402
778.2695,-0.66561,9.93385,3.22509
778.2823,0.32083,10.24510,2.54511
778.2999,-0.66082,10.41031,3.11495
778.3200,-1.74543,10.81254,1.49163
778.3421,-0.28252,10.46537,0.76377
778.3669,-0.30168,11.17887,1.12291
778.3795,-0.09338,10.00328,0.80448
778.4033,-0.46449,10.08947,0.83321
778.4205,0.08141,11.04240,1.02954
778.4413,0.47167,9.54119,-0.30647
778.4637,0.45012,9.63696,1.69754
778.4842,0.74941,9.49809,0.32562
778.5016,0.60575,8.83966,1.48445
778.5240,0.25858,10.12539,1.16841
778.5398,-0.12450,9.70160,1.45093
778.5596,0.14366,10.91071,0.70631
778.5819,-0.18196,9.91469,-0.19633
778.6011,-0.07901,10.34806,0.96729
778.6211,-0.29450,10.05117,1.83162
778.6539,0.00239,10.44383,-1.70951
778.6599,0.07422,8.93783,-0.01676
778.6802,0.56265,8.67925,-0.71110
778.7022,0.21070,10.45101,1.01278
778.7222,-0.13408,9.19162,1.14207
778.7422,-0.47646,10.77184,0.06943
778.7657,0.24661,10.22116,0.78293
778.7851,-0.10774,9.32809,0.89546
778.8027,0.29928,10.41988,0.00239
778.8233,-0.41421,9.82850,1.34319
778.8406,-0.28252,10.78621,-0.35196
778.8605,0.59139,9.82610,1.43656
778.8832,0.77096,9.62738,1.51558
778.9020,0.75899,9.45978,0.22027
778.9340,0.62730,10.52523,1.22108
778.9429,0.57941,10.26665,0.18436
778.9604,-0.30168,9.11740,2.08302
778.9805,-0.45731,10.36721,2.94496
779.0069,-0.09338,10.14215,2.20992
779.0220,0.22506,10.06074,0.76138
779.0421,-0.05986,10.59227,-0.22267
779.0721,0.58420,10.25229,-0.39745
779.0889,0.04310,9.87878,0.35435
779.1005,0.01676,10.68086,-1.22347
779.1234,0.39984,11.49252,-0.79250
779.1404,0.24900,10.64973,0.00239
779.1609,0.56744,9.26105,-1.26897
779.1838,0.20830,9.66569,0.43336
779.2020,-0.24661,9.25866,1.26897
779.2208,-0.14845,9.40711,1.40783
779.2444,0.78532,9.68963,0.59617
779.2609,0.08859,9.56034,0.60815
779.2859,0.63927,8.32729,1.00799
779.3069,2.04471,8.16448,0.98884
779.3425,0.73265,10.54439,2.75581
779.3535,0.51716,11.11183,1.07024
779.3628,0.92898,8.23870,-0.93616
779.3804,-0.42139,11.18366,-0.00479
779.4005,-0.42858,9.50527,-0.01676
779.4243,-0.48843,8.40390,0.70392
779.4419,0.07422,10.37679,1.58262
779.4796,0.32562,9.48133,2.03992
779.4933,0.39745,11.43745,0.00718
779.5014,1.04390,9.11022,1.02236
779.5205,-0.28731,9.66569,0.46210
779.5450,0.12211,9.78061,0.96250
779.5626,-0.56744,10.32890,2.57863
779.5840,-0.04549,10.00089,1.38389
779.6312,-0.20830,10.07032,3.80929
779.6313,-0.79729,12.18446,2.18118
779.6434,-1.15883,10.88437,2.40146
779.6654,0.55547,10.14454,0.04310
779.6832,0.54829,7.91308,0.26576
779.7036,0.15323,10.01286,-0.43576
779.7241,1.00799,10.63058,0.44773
779.7626,0.74223,10.19722,-0.19394
779.7750,-0.70871,10.62819,-1.99683
779.7839,0.18436,8.77023,-2.67440
779.8015,0.56026,9.11261,0.26816
779.8217,0.41900,9.17007,1.31925
779.8441,0.24182,11.01366,0.51716
779.8617,0.35675,9.52203,0.63209
779.8832,0.03591,9.25866,1.66642
779.9165,0.21309,8.65291,1.43656
779.9218,0.37111,9.81892,3.18199
779.9415,0.15563,11.35844,3.26100
779.9635,0.40942,11.40633,0.60575
779.9814,0.17718,10.48213,1.43417
780.0034,0.23943,10.18046,1.16362
780.0450,-0.49561,10.22355,1.46530
780.0608,-0.54350,11.08310,1.27136
780.0633,0.57702,8.65770,-0.50040
780.0853,-0.22027,9.61780,2.18118
780.1028,-0.57463,12.01926,0.65124
780.1237,0.31604,10.17327,-0.10774
780.1461,0.14845,9.37598,1.64008
780.1894,0.41421,9.39274,1.26178
780.1895,1.53473,10.63537,2.09020
780.2073,3.05270,9.66329,-1.84838
780.2223,1.33840,7.89153,-1.85796
780.2437,-0.78053,11.24112,1.44135
780.2680,1.32164,8.15969,-1.01996
780.2858,-0.41900,8.94022,-0.54111
780.3183,-1.31925,9.63456,0.94813
780.3344,-0.22267,12.31615,-3.16284
780.3438,-0.03831,7.88435,1.14207
780.3624,-0.11971,9.94582,-2.10696
780.3858,0.17239,9.93863,-1.01278
780.4076,0.45970,8.68164,0.22027
780.4230,1.26178,9.13895,0.08619
780.4443,0.83081,9.61780,-1.31206
780.4690,1.50839,10.16609,-1.52994
780.4822,1.80768,8.58826,0.36154
780.5052,0.83800,10.50847,-0.34717
780.5242,0.32802,10.08469,0.88109
780.5420,0.15323,9.35443,0.10056
780.5667,-0.21070,9.36880,0.73025
780.5845,0.14366,9.87638,1.76937
780.6214,0.56026,9.33049,0.84757
780.6259,-0.08859,9.95300,2.22189
780.6421,-0.05507,9.74709,-0.31126
780.6651,-0.19872,10.00328,-0.29689
780.6860,-0.68237,10.28341,0.64645
780.7037,0.01915,9.90272,0.67758
780.7233,0.12929,10.80057,0.44294
780.7553,-0.18675,10.35524,0.83560
780.7621,1.68318,8.89473,-1.23066
780.7817,0.56744,10.36482,-0.19394
780.8046,0.06225,10.49171,0.10056
780.8246,0.48364,9.94342,-0.11971
780.8450,-0.28013,10.11821,1.88190
780.8678,0.31844,9.65132,0.56265
780.8958,-0.42858,10.00807,2.00640
780.9033,-1.16122,9.86202,0.97926
780.9257,-0.79729,9.73991,1.26418
780.9429,0.55308,10.24989,0.10295
780.9633,0.29928,8.82769,-1.10855
780.9855,0.31844,9.76385,-1.74782
781.0071,0.51237,9.95779,0.39266
781.0396,0.13169,9.90990,-0.20591
781.0458,1.02475,9.93863,-0.08380
781.0632,0.23224,9.83329,0.72547
781.0830,0.81884,10.12060,0.90982
781.1052,0.38787,9.80695,1.09658
781.1233,0.11253,9.78780,1.17319
781.1429,0.09338,10.01525,2.37751
781.1677,-0.39984,11.83490,0.45491
781.1830,0.72547,9.59625,0.78053
781.2031,1.18995,9.54837,-0.14126
781.2255,0.14605,10.42228,-1.14446
781.2430,-1.08940,11.07592,0.04789
781.2631,-0.64406,10.86761,-0.78053
781.2875,-0.15084,7.96336,0.35675
781.3055,0.25140,9.13176,-1.18277
781.3236,1.24502,10.40552,0.37830
781.3454,0.71589,9.78540,0.02394
781.3629,0.00000,9.73512,0.22985
781.3831,-0.35914,10.69523,0.55787
781.4055,-0.22985,10.19722,1.84120
781.4241,-0.46928,9.80695,1.25939
781.4545,-0.27295,9.95779,0.84518
781.4649,0.07183,10.44383,-0.16520
781.4830,-0.44534,10.68325,-0.10535
781.5031,0.23464,10.25947,0.17718
781.5258,-0.94574,9.96737,2.20513
781.5438,-0.29450,11.44942,0.72068
781.5669,0.24900,9.35204,-0.26098
781.5980,-0.05267,10.03680,-0.51716
781.6049,0.34956,8.65051,1.01278
781.6248,0.62251,9.52443,-0.63688
781.6454,0.19154,8.82290,0.65603
781.6632,-0.95532,8.88755,0.54589
781.6860,-0.65603,9.45739,-0.79250
781.7249,-1.12052,10.34806,1.19953
781.7421,-0.50280,9.05515,0.37590
781.7432,-0.40463,9.98413,0.12690
781.7651,-0.82363,11.13817,-0.07183
781.7830,0.02873,9.57231,1.24742
781.8037,0.39745,10.34806,0.04789
781.8267,0.06225,10.92268,1.19953
781.8452,0.51716,9.83808,0.54589
781.8807,0.64406,10.24510,1.47487
781.8859,0.44055,10.99690,2.41343
781.9034,0.09577,10.47974,2.41103
781.9229,0.73983,8.67925,0.63927
781.9453,0.69434,8.52601,0.94334
781.9646,0.21788,9.19641,1.37910
782.0006,-0.67279,11.87560,1.07503
782.0193,-1.14446,11.56674,1.75021
782.0232,-0.69195,11.13338,-0.11253
782.0449,-0.01437,9.15331,-0.27534
782.0652,1.15883,8.77981,1.11334
782.0829,-0.48364,9.56513,1.74064
782.1029,0.07183,9.46457,2.12372
782.1254,-0.12690,9.01684,1.97049
782.1549,-0.83560,9.64414,0.29210
782.1625,-0.00958,10.08947,0.56505
782.1849,-0.74941,10.30975,2.40385
782.2026,-0.30647,9.68245,1.77176
782.2224,0.49083,10.77903,0.30168
782.2486,0.27534,9.90272,0.20830
782.2641,0.39984,9.41429,0.45970
782.2874,0.19872,9.96976,1.18517
782.3072,-0.05507,10.74072,0.72068
782.3242,0.41900,9.25627,2.27217
782.3425,0.71589,10.13736,0.40224
782.3652,0.27055,9.49091,1.05827
782.3828,-0.49801,9.80216,0.92898
782.4027,-0.56744,10.39115,0.49561
782.4285,-0.78772,9.85244,0.11971
782.4444,-0.37590,10.49889,0.70152
782.4644,0.28731,9.26105,0.23464
782.4852,0.14126,10.13975,0.16042
782.5045,0.44294,10.07750,0.97447
782.5267,0.84997,9.86920,1.24742
782.5630,0.13169,9.81653,1.65923
782.5736,-0.23464,10.13975,1.71430
782.5844,-0.22985,10.69044,1.50600
782.6050,-0.16042,11.06394,0.26337
782.6242,-0.37111,10.86761,0.46688
782.6453,-0.91222,10.54918,0.73265
782.6685,-0.27534,10.03441,-0.66561
782.7040,-0.01676,10.03441,0.56505
782.7041,-0.04549,10.39355,1.42220
782.7250,-0.11732,9.73273,1.38868
782.7427,-0.54829,11.63139,1.82204
782.7645,-1.34558,10.67847,0.66561
782.7859,-0.24422,9.63217,-1.40065
782.8038,-0.62491,8.66967,2.94735
782.8237,-1.33840,9.69202,1.25939
782.8559,0.70871,8.83248,-2.17640
782.8649,0.93377,9.77822,-2.35357
782.8851,-0.04549,9.64893,-1.75021
782.9078,1.07742,7.75266,-0.90743
782.9258,0.50998,9.19162,-0.24661
782.9438,0.00239,10.25229,1.24502
782.9778,0.46688,9.34964,-0.05028
782.9951,-0.49322,10.56115,1.52515
783.0041,-1.19953,10.18524,0.64406
783.0276,-0.42139,9.32331,1.13010
783.0433,0.25379,10.15651,0.35196
783.0654,-0.25379,10.97775,-0.91940
783.0873,-0.70392,10.55636,0.75180
783.1049,-0.23224,10.32890,0.51237
783.1250,0.30647,10.46537,0.68237
783.1458,-0.62491,10.19003,1.61853
783.1636,0.51956,9.76864,1.27615
783.1835,0.61293,9.43584,-0.36872
783.2075,-0.92658,9.46696,0.58899
783.2252,0.05507,9.50288,1.10615
783.2451,0.49801,8.75826,0.23943
783.2811,-0.85715,10.08708,0.69195
783.2843,0.41421,10.15651,-0.95292
783.3049,0.89546,9.65372,-0.45731
783.3286,-0.33280,10.61861,0.74701
783.3450,-1.08221,10.53481,2.52835
783.3646,-0.42379,10.15651,1.52036
783.4084,-0.45252,9.84765,-1.48924
783.4089,-0.50519,9.83568,-0.67997
783.4250,0.21309,9.93145,1.26418
783.4468,-0.42379,10.40312,-0.46449
783.4643,-0.22267,9.92427,-0.70631
783.4844,-0.75659,8.97614,2.26020
783.5069,-0.18675,9.01205,1.61135
783.5245,1.03672,10.15891,-1.20911
783.5529,0.41182,9.95539,-0.05267
783.5673,0.52435,9.53879,0.18196
783.5842,-0.15802,10.70001,1.57064
783.6043,-0.77575,10.79339,1.14446
783.6278,-1.02236,10.44622,1.18995
783.6445,-0.32802,10.87480,-1.08461
783.6675,-0.10295,9.93145,-0.17239
783.6996,-0.22027,9.93863,0.63209
783.7044,0.42139,9.44302,3.11735
783.7244,0.01197,8.34644,1.46769
783.7466,0.20830,10.12539,2.10696
783.7645,0.56505,9.53400,0.15802
783.7844,0.83560,9.43105,1.07503
783.8068,0.55308,9.03599,1.22347
783.8393,0.33759,8.20518,2.00640
783.8441,-0.16042,9.12458,1.70233
783.8698,-0.63448,8.42785,2.89707
783.8844,-0.49083,9.65132,0.81166
783.9043,-1.08700,10.97296,2.69595
783.9270,-0.53871,10.10384,0.91701
783.9464,0.11732,9.59386,0.55068
783.9802,-0.32562,10.04159,0.35435
783.9866,-0.42858,9.13176,1.77416
784.0043,0.05028,10.71677,0.28971
784.0244,0.17718,10.38397,0.04549
784.0468,-0.09098,10.07750,0.03113
784.0659,-0.24422,10.33369,1.73585
784.0858,-0.52674,9.92188,0.81405
784.1144,-0.39506,8.71277,2.17879
784.1245,-0.33999,9.79977,0.92180
784.1442,-0.31844,10.28341,1.97528
784.1688,-0.24182,9.48133,2.29611
784.1860,-0.01437,9.96497,1.17798
784.2042,-0.66321,10.32172,0.82602
784.2395,-0.47407,9.79737,1.84359
784.2532,0.20351,10.38158,-0.10774
784.2644,0.51716,8.26264,0.50998
784.2880,-0.39745,10.47735,-0.86433
784.3048,0.25140,8.99290,-0.83800
784.3254,0.73983,9.01923,0.41182
784.3470,-0.58420,9.26345,0.26337
784.3852,0.74462,9.30415,-1.75979
784.3984,0.57463,9.87878,0.62730
784.4066,-0.10535,10.06793,0.32323
784.4258,1.18277,10.92029,-1.68557
784.4473,0.44055,9.09585,-0.52435
784.4688,-1.05588,11.66012,1.28094
784.4860,0.28971,9.91469,-0.37351
784.5233,0.54829,10.57312,0.10295
784.5361,0.45970,9.93624,0.57941
784.5463,0.63209,9.36161,1.39107
784.5638,1.83641,11.25549,0.59139
784.5862,1.53952,9.18923,0.82363
784.6041,0.36154,10.48213,-0.02394
784.6241,0.65364,9.59146,2.01837
784.6467,0.25379,9.33767,-0.00958
784.6770,0.27774,10.14694,-1.48445
784.6843,0.47646,9.06233,0.36154
784.7083,0.59378,11.19563,0.10535
784.7256,0.64645,7.68562,-0.16042
784.7441,0.29450,11.13098,-0.30168
784.7665,1.21150,7.85801,0.34478
784.8053,0.82124,6.50764,-2.33202
784.8087,0.77335,9.38556,-0.65364
784.8267,0.63927,10.16370,-1.46769
784.8442,-0.01676,11.44463,3.88591
784.8671,-0.05746,12.34488,0.98165
784.8905,-0.68955,4.61137,2.11654
784.9056,1.01757,10.65213,-2.74384
784.9256,0.76377,10.35763,2.83482
784.9599,0.03113,9.76625,-0.38308
784.9645,-0.84518,11.69603,-0.28971
784.9843,-1.33840,4.24265,4.27618
785.0069,1.30488,15.35448,-5.73189
785.0275,-0.42379,3.87633,9.70639
785.0479,0.32802,15.65616,-7.62337
785.0898,0.21788,4.39589,5.87555
785.1041,0.29928,13.92989,-3.56029
785.1041,-0.25858,7.10860,2.15485
785.1278,0.55068,12.33770,-0.89785
785.1440,0.04549,9.98652,2.47329
785.1641,-1.16362,10.99212,3.28495
785.1879,0.12929,10.28820,0.72068
785.2040,-0.10774,9.39753,0.13169
785.2331,-0.16520,10.17088,-0.14845
785.2466,1.05588,9.44781,0.11971
785.2657,0.38548,9.04796,1.76697
785.2863,-0.32323,10.10623,-0.50759
785.3086,-0.92419,9.10064,2.27935
785.3264,-0.58899,9.58668,1.38389
785.3628,0.58181,10.67847,0.81405
785.3771,1.06066,8.34165,-1.33601
785.3846,0.98644,9.35683,0.81645
785.4041,-0.01437,9.61062,2.73905
785.4265,-0.64645,10.08708,1.26418
785.4457,0.46688,9.11261,0.66800
785.4641,-0.59378,9.73512,1.32164
785.5031,-0.09098,8.20997,1.62332
785.5202,0.64645,8.98811,1.88429
785.5259,0.34717,9.51006,0.24422
785.5464,-0.16999,9.87878,0.00718
785.5640,-0.39745,11.72476,1.27854
785.5839,0.57702,9.03599,1.34079
785.6066,0.96729,9.60583,1.47248
785.6238,0.45970,11.29379,-1.48924
785.6540,-0.01676,9.02402,2.49005
785.6660,-0.04549,9.75667,0.34478
785.6853,0.34717,8.82769,-0.65124
785.7040,0.71828,9.60822,-2.13569
785.7264,-0.06465,10.06793,1.07742
785.7449,0.14366,9.78780,2.23386
785.7677,0.55308,8.70798,-0.45731
785.7939,0.11493,10.06553,-0.22506
785.8085,0.18675,10.21877,0.22506
785.8238,0.82842,10.33130,0.75899
785.8459,0.83321,9.68724,-0.48125
785.8646,0.11253,9.37359,-1.22347
785.8854,-0.56505,12.51009,2.78933
785.9081,-0.71828,11.52364,1.31446
785.9258,-0.22267,10.45580,0.44055
785.9446,0.36632,9.85723,-1.27854
785.9666,-0.42858,9.32091,2.52835
785.9864,-0.03591,10.88677,0.01197
786.0051,0.09577,8.43503,-0.11971
786.0291,-0.18196,9.34964,-1.67599
786.0457,1.07503,9.81653,0.24661
786.0663,0.90743,10.26426,0.10774
786.0860,1.07742,10.01046,1.01517
786.1037,1.16362,8.48770,0.71589
786.1255,1.13967,10.15412,1.05109
786.1478,0.83560,9.01684,1.13728
786.1638,-0.71349,9.81174,1.91063
786.1930,-0.07422,9.19162,1.38629
786.2064,-0.07422,8.89952,0.05746
786.2238,-1.10615,10.90353,1.93697
786.2436,-0.33520,8.53798,0.99602
786.2662,-0.67758,9.16050,2.28893
786.2838,-0.11732,10.49889,-2.62652
786.3066,-0.28971,8.67446,2.19794
786.3278,-1.00799,11.56914,2.77018
786.3459,-0.29689,9.78301,3.96252
786.3639,0.75180,9.41429,1.38629
786.3877,-0.19633,9.97455,0.67997
786.4039,0.16281,9.96497,1.26178
786.4239,0.20351,9.96976,0.48125
786.4462,-0.30407,10.43425,0.57223
786.4669,0.26098,9.60344,0.04070
786.4941,-0.06225,10.02722,-0.43576
786.5078,-0.75180,10.08229,2.06147
786.5253,0.46928,8.42066,0.65364
786.5454,1.56825,10.52044,-2.15964
786.5699,1.73824,9.18683,-2.35118
786.5868,0.50280,9.13176,-0.44055
786.6231,0.67279,9.69442,1.04630
786.6460,0.20591,9.58668,1.26178
786.6491,0.07183,9.92427,1.55149
786.6653,-0.28971,10.74311,1.34798
786.6891,-0.18196,9.22514,2.17640
786.7051,-0.85476,10.02243,-0.12690
786.7236,0.01197,10.58988,0.06225
786.7459,0.43815,9.21796,0.44294
786.7700,0.56984,9.24669,-0.78053
786.7852,-0.06225,8.93304,0.20591
786.8080,-0.45012,10.08947,1.21150
786.8239,-0.35435,9.48851,1.78613
786.8473,0.13647,9.61780,1.33361
786.8699,0.57941,9.92666,-0.79969
786.9155,-0.37111,9.87638,1.36234
786.9155,-0.64885,9.70160,2.54990
786.9340,0.60096,8.39912,-0.35196
786.9463,1.17559,8.35123,-0.42379
786.9641,-0.83800,12.42629,2.07344
786.9861,-0.73744,12.97218,4.49405
787.0038,-2.82764,13.90116,3.08383
787.0239,-1.25699,9.34246,4.08463
787.0562,-0.16760,10.30256,3.35677
787.0636,-2.35118,11.90673,-1.48445
787.0835,-1.82923,8.90431,5.04713
787.1061,-1.94655,12.26348,2.01359
787.1237,-1.92739,9.84526,1.63050
787.1459,-0.34717,12.24432,-5.85640
787.1694,1.58022,5.96653,-3.47649
787.1877,-3.25861,6.40947,1.26897
787.2040,-0.80687,11.56435,0.49083
787.2261,-2.73187,8.91867,0.96489
787.2438,-0.14126,8.99290,0.16760
787.2635,1.11573,9.63696,2.98327
787.2859,-3.30170,9.67048,4.45575
787.3035,-1.53234,11.61942,2.01837
787.3314,3.31846,5.94977,2.00880
787.3455,0.87152,7.07508,2.36554
787.3635,-3.35438,11.42069,-0.61533
787.3834,2.91383,8.57629,0.00479
787.4059,-0.18436,9.13655,-1.93457
787.4236,-1.35277,11.21957,3.07664
787.4603,1.07982,9.19641,2.22668
787.4782,1.19235,10.78860,-1.55628
787.4838,0.39745,7.91547,3.27776
787.5034,-0.12690,10.35524,1.03912
787.5275,1.32164,8.85163,0.84278
787.5453,-1.53473,10.87240,0.92180
787.5635,-1.41262,9.54837,2.58582
787.5872,-1.01996,10.99212,0.95771
787.6055,0.21070,9.28739,2.39427
787.6232,0.83081,9.92188,-0.63448
787.6459,-0.16520,9.79258,-0.60096
787.6644,0.29450,10.56354,0.36632
787.6850,0.31365,10.64734,1.57304
787.7073,0.58660,9.49569,0.84997
787.7249,0.93616,9.68005,0.07901
787.7547,0.36872,8.32250,1.16841
787.7654,-0.18436,10.54678,-0.26098
787.7833,-0.45012,9.48133,0.67279
787.8046,-0.80687,9.41429,0.69673
787.8275,0.03591,9.83568,-1.12291
787.8446,0.45970,9.70878,0.02394
787.8671,-0.00718,9.84286,-0.20112
787.8984,-0.44055,9.87878,1.94176
787.9050,-0.69673,9.95300,1.56825
787.9233,-0.17478,10.38158,0.45491
787.9457,0.60336,8.94740,0.37111
787.9635,0.27774,9.88596,-0.60575
787.9835,0.49083,8.76305,0.36154
788.0086,0.00718,8.77023,2.20034
788.0339,-0.46928,9.67287,0.86194
788.0483,-0.39745,9.79737,2.70553
788.0654,0.36632,10.13257,-1.41502
788.0833,-0.32562,9.43823,0.67758
788.1042,-0.45491,9.64653,0.19394
788.1270,-0.28971,9.43344,3.53156
788.1445,-1.57304,10.19482,1.65684
788.1751,-1.34319,10.62100,1.29530
788.1873,-0.23464,9.43344,1.31925
788.2052,-0.66321,10.47495,0.27774
788.2253,-1.19953,10.66410,1.29530
788.2458,-0.52913,9.47654,1.14686
788.2634,-0.23464,10.23792,2.06626
788.2850,-0.50759,10.58270,1.41502
788.3264,-0.01676,9.90751,1.85556
788.3267,-0.12211,10.68565,0.44055
788.3436,0.03352,9.79977,0.62012
788.3655,0.43097,9.72315,0.65603
788.3834,-0.13169,9.02402,0.19633
788.4035,0.02394,9.39992,0.45012
788.4261,-0.46688,10.26665,1.01996
788.4453,-0.26098,10.02243,0.68237
788.4642,-0.09577,10.71917,0.50040
788.4874,0.26098,9.08627,0.88828
788.5049,0.21309,9.61301,0.53392
788.5234,-0.89785,11.34168,1.17559
788.5473,-0.81884,10.77184,-0.04789
788.5638,0.26098,11.09507,-0.42139
788.5886,0.46928,9.74709,0.75420
788.6053,0.73504,8.66488,1.63529
788.6230,-0.27055,9.51724,1.30967
788.6438,-0.02634,9.74949,0.85476
788.6660,-0.15323,9.18204,-0.50519
788.6840,-0.02873,9.94582,-1.27854
788.7051,-0.18196,9.68963,0.34238
788.7350,0.08859,9.07909,1.28573
788.7437,-0.16520,10.73593,0.28492
788.7659,0.06943,9.59386,1.69275
788.7901,0.28492,9.24669,2.26020
788.8080,0.72547,9.85244,0.40703
788.8257,0.81645,8.92107,0.17478
788.8499,-0.30647,9.41908,1.89148
788.8692,-0.85236,11.88518,1.46530
788.8846,0.27534,9.76385,2.54990
788.9061,0.50040,10.19722,1.32403
788.9255,0.34478,9.28021,0.78293
788.9455,-0.12211,9.89075,2.07105
788.9682,0.01676,9.51724,2.09020
788.9933,0.60336,8.88037,1.66402
789.0058,0.97686,9.90272,-0.30168
789.0274,1.02475,9.48612,-0.17957
789.0449,0.59617,9.09106,0.56744
789.0652,-0.17478,9.23711,0.92658
789.0898,0.62012,9.07670,1.56586
789.1053,-0.45252,9.16768,0.72786
789.1265,-0.50519,8.30813,0.57223
789.1535,-0.54350,9.38316,0.99841
789.1666,-0.66800,10.46059,-1.11334
789.1890,0.00479,10.16130,-0.49561
789.2117,1.24981,8.41348,-0.43336
789.2264,0.43576,8.82530,0.52195
789.2445,-0.12211,11.41590,0.77096
789.2676,-0.20112,10.24510,0.25619
789.2903,0.28731,9.75188,-0.17478
789.3040,-0.34717,11.00888,0.45252
789.3265,-0.45491,9.61780,1.95373
789.3477,0.39027,10.28102,1.30009
789.3657,-0.14366,10.03680,0.82602
789.3883,0.54829,9.11979,-0.89306
789.4059,0.75180,9.58907,-0.09577
789.4254,-0.51716,9.70878,0.33520
789.4482,0.68476,8.92107,0.27295
789.4657,-0.28971,10.49411,1.35277
789.4862,-0.44773,9.22754,1.44854
789.5069,0.04070,9.58907,-0.18675
789.5244,-0.08141,9.66329,-0.77814
789.5635,0.32562,9.99610,-1.31925
789.5814,0.30168,9.86681,0.12690
789.5870,0.49083,10.29778,0.06704
789.6043,0.47167,10.52044,1.56346
789.6316,0.20830,10.54439,0.22027
789.6464,-0.36872,10.02483,1.61853
789.6669,0.26576,9.86441,-0.10295
789.6904,-0.26576,9.44541,0.25858
789.7097,0.66561,9.70160,0.73744
789.7259,1.06785,8.71277,0.50280
789.7495,0.65364,9.95779,1.19235
789.7657,0.83321,11.00409,0.20351
789.7891,1.37431,10.52044,0.15084
789.8102,0.60336,11.08070,-0.50519
789.8417,0.12450,10.59706,0.15323
789.8585,0.66800,8.93304,0.75659
789.8661,0.39984,9.62738,-0.10295
789.8848,0.22985,10.18524,1.20193
789.9042,1.06785,9.56752,0.23464
789.9291,1.40783,8.37278,-0.36393
789.9476,0.82842,9.56034,-0.88588
789.9659,0.92180,9.36161,-1.66163
789.9992,0.73265,9.37119,-2.23865
790.0069,0.00479,8.08068,1.43178
790.0278,0.66561,9.01205,3.11495
790.0474,0.64885,8.89234,2.66722
790.0656,0.94574,8.59066,0.09098
790.0863,0.61772,9.91948,0.85236
790.1306,0.05746,10.90353,-0.88828
790.1308,0.86912,9.60344,0.13408
790.1504,0.46449,9.91469,0.89785
790.1688,0.53153,9.66569,1.43656
790.1863,0.43815,10.47495,1.32164
790.2052,-0.28971,10.67368,1.46290
790.2276,-0.17957,10.27144,1.39586
790.2463,0.03591,10.95381,1.61614
790.2735,-0.05267,10.22116,0.62251
790.2894,0.49561,9.37837,0.26098
790.3049,-0.04070,9.73991,0.33520
790.3278,0.17718,10.60664,-0.85715
790.3489,0.76617,8.80854,-0.74701
790.3649,-0.65843,11.09507,-1.31206
790.3990,-2.61694,9.45260,-0.79969
790.4162,-3.41902,11.84208,-2.39667
790.4249,1.20911,7.52042,7.72393
790.4457,5.13811,11.23394,1.23066
790.4683,-3.99844,4.06548,3.56986
790.4879,-4.38871,15.50532,-5.50444
790.5080,1.54670,9.70878,4.51560
790.5482,-1.37192,10.97775,-0.98884
790.5482,-4.31448,8.77502,-1.19714
790.5667,3.30649,7.11339,-0.81405
790.5893,2.50920,19.23560,-0.36632
790.6057,1.71909,3.49085,7.39113
790.6261,-5.13811,14.40875,-15.21801
790.6489,4.03914,4.39349,8.58108
790.6671,-2.10457,14.30100,-2.95932
790.6968,-1.41023,9.48133,7.75506
790.7085,0.84039,11.35126,-0.63209
790.7274,-1.02954,9.26584,1.83401
790.7471,-0.75899,10.79100,-2.07823
790.7680,-0.14366,10.72635,3.74225
790.7885,-0.21548,11.70322,0.26576
790.8086,0.55308,11.37999,1.17798
790.8391,1.14207,10.11581,-1.27375
790.8469,0.75180,8.38715,2.25301
790.8659,-0.36154,9.76146,0.62491
790.8881,-1.39347,10.56833,0.37590
790.9077,-0.84039,11.23394,1.49642
790.9275,-0.83800,10.11342,-0.89546
790.9661,-0.81884,9.87160,-1.32882
790.9803,-0.51237,9.37359,-0.97447
790.9855,0.71828,9.94821,0.55787
791.0079,0.12450,8.92586,-0.00718
791.0256,-0.95532,10.13496,-0.51716
791.0457,0.52674,9.02881,-1.35037
791.0693,0.16999,9.30415,-1.94894
791.0892,-1.37671,9.31373,-0.44055
791.1233,0.78053,9.05036,0.89067
791.1282,0.11493,9.48612,-1.01757
791.1454,-0.62969,10.71199,-1.34079
791.1655,-0.23224,9.25148,-0.53871
791.1898,-0.34238,10.98254,-0.49801
791.2069,0.05507,8.83009,0.61293
791.2275,0.13887,10.39355,-0.80926
791.2599,-0.40463,9.73033,0.11971
791.2678,0.17239,10.76227,-0.45012
791.2872,0.01915,10.62340,-1.46530
791.3079,0.52913,10.82212,0.72547
791.3284,-0.05746,9.88836,-0.64406
791.3469,0.28492,10.35045,0.88109
791.3737,0.92180,9.30176,-1.60177
791.4011,0.10774,11.37999,-0.14605
791.4166,-0.43576,9.25627,0.96968
791.4299,-0.39745,9.97694,0.41660
791.4458,-0.28013,9.16768,-0.84518
791.4686,-0.59378,9.81892,1.00320
791.4895,0.30168,9.71118,-0.27534
791.5219,0.63688,9.00247,0.70631
791.5363,-0.05746,9.40232,0.47407
791.5495,0.56265,9.57949,-0.28492
791.5685,-0.40463,9.27063,-0.14845
791.5872,-0.02634,10.86522,-0.94574
791.6093,0.96729,9.59146,0.58899
791.6285,-0.53153,10.12060,-0.79969
791.6555,0.88588,8.68882,-0.36154
791.6734,0.59617,9.43105,-0.94574
791.6858,0.20351,9.33288,-0.22267
791.7085,0.53392,9.47415,-0.48843
791.7310,-0.16042,11.04000,0.41182
791.7474,-0.38069,8.88276,0.10056
791.7704,0.08141,8.77741,-0.23464
791.8105,0.03352,9.53161,-0.99602
791.8107,0.55787,9.20120,0.95771
791.8263,-0.58660,9.46936,-0.33999
791.8477,0.39745,10.02004,-0.44534
791.8665,0.48604,8.53798,-0.40703
791.8853,-0.40463,10.00567,0.19154
791.9089,0.03113,8.83248,2.00161
791.9283,-0.36632,9.68724,0.96250
791.9466,-0.88588,10.14454,0.99602
791.9697,-0.64645,10.32411,-1.58740
791.9850,-0.16520,10.03680,-1.32403
792.0063,-1.13249,10.32890,0.59378
792.0305,-0.48125,10.06793,1.02954
792.0466,0.29450,10.91071,-0.04310
792.0666,0.28971,10.33130,-1.09658
792.0970,-0.61293,9.22275,-0.54829
792.1057,1.01996,10.64016,0.81166
792.1271,-0.37590,9.93624,0.61054
792.1491,-0.35435,12.04799,1.51079
792.1658,0.87152,9.17007,-0.70152
792.1889,1.47008,10.34327,-2.24344
792.2112,1.15643,8.06871,-0.07183
792.2292,-0.37351,9.94342,0.46688
792.2489,0.46688,8.31292,1.45811
792.2693,0.24661,10.76466,-0.65843
792.2883,0.50998,9.34725,-2.19316
792.3054,0.86912,9.90033,-2.07105
792.3276,0.08859,9.30176,-0.64406
792.3461,-0.57702,10.02722,-0.51477
792.3757,0.52435,9.42865,1.02236
792.3889,-0.31604,8.85882,-0.83560
792.4050,0.50519,9.87638,1.19235
792.4267,-0.16520,10.28102,0.58181
792.4501,-0.40703,10.30496,0.11253
792.4666,-0.39266,9.19641,0.79011
792.4885,-1.34558,9.63456,0.38787
792.5151,-0.13408,10.06314,-0.78532
792.5266,-0.89546,10.72875,-1.06785
792.5468,-0.56984,7.33845,-0.67040
792.5695,-1.04390,9.07909,0.15323
792.5872,-0.88349,9.45499,0.36632
792.6052,-0.79490,9.18683,0.12450
792.6377,0.00239,10.97775,-1.20911
792.6548,-0.77096,8.86361,-0.64406
792.6652,0.36154,9.63456,-0.12690
792.6885,0.06225,9.00487,-0.45012
792.7049,0.67758,7.78379,0.71828
792.7264,1.76937,8.98811,-0.28252
792.7489,-1.10855,10.18524,0.38069
792.7684,0.52674,9.73512,-0.68955
792.7878,1.01278,10.70241,-0.72068
792.8088,-0.09577,10.67128,0.75420
792.8265,-0.83321,9.88117,0.68716
792.8478,0.39266,10.53720,0.79729
792.8674,-0.05507,9.63696,-0.64885
792.8855,0.39027,10.99930,0.80208
792.9179,0.25619,9.64174,-0.02634
792.9331,0.32083,10.44622,0.24182
792.9463,0.09338,10.33130,-1.53952
792.9664,0.23943,10.18046,-0.93377
792.9908,0.68716,8.75586,0.34478
793.0063,-0.20591,10.51326,-1.25460
793.0276,1.23784,8.29377,-0.16281
793.0513,0.42379,8.89952,0.80448
793.0696,-0.55787,9.75188,0.34478
793.0869,-0.03831,10.96099,-0.34478
793.1074,0.13887,10.70720,0.56026
793.1262,-0.26098,9.93624,-0.00479
793.1459,1.11813,9.50288,-1.17798
793.1676,0.39984,9.58189,-1.73106
793.1873,1.06306,10.29299,0.92419
793.2202,-0.59857,9.95061,1.31685
793.2289,-0.11971,10.73832,0.26337
793.2468,0.10774,8.94980,2.02316
793.2662,-0.83560,9.30176,0.96010
793.2886,-0.20830,8.95698,-0.20351
793.3049,0.12450,9.01205,-0.02155
793.3265,-0.50040,9.01684,-0.19633
793.3554,-1.40305,10.63297,1.08940
793.3654,0.43815,9.84286,-1.83401
793.3871,0.46928,9.69442,-1.31446
793.4096,0.80448,10.22116,-0.21309
793.4273,-0.64645,10.21637,0.44055
793.4476,-0.09098,10.18046,-0.63927
793.4918,0.13169,8.70558,-0.55308
793.4920,0.85476,10.02962,-0.18675
793.5054,1.03433,8.68403,-0.04789
793.5289,0.32802,10.10863,0.22746
793.5489,0.05028,10.15412,-1.52276
793.5720,0.89546,9.89075,-0.05986
793.5922,0.68237,9.13655,-2.29611
793.6368,-0.04789,9.75188,-2.38470
793.6370,0.14605,10.63537,-2.26498
793.6486,0.51237,10.43904,0.37111
793.6676,0.73983,8.72234,1.50600
793.6891,-0.53392,12.61065,0.50998
793.7083,1.00320,9.06951,0.23943
793.7315,1.16362,10.21398,-2.36315
793.7637,-0.66321,9.12698,0.39266
793.7761,-0.51477,10.13257,-1.19235
793.7859,0.79729,8.02322,-0.09098
793.8071,0.21070,9.61780,-2.93778
793.8279,0.23703,9.78540,-0.15563
793.8477,-0.11014,9.53161,0.38069
793.8674,-0.13408,10.07750,0.03113
793.8915,0.77575,9.34485,-0.98644
793.9098,0.45731,10.05117,-0.26576
793.9257,0.00239,9.02881,0.44534
793.9495,-0.13169,9.88357,0.50519
793.9672,-0.73025,11.60266,0.10295
793.9883,0.01437,10.13496,0.14126
794.0098,-0.50519,11.09028,0.76617
794.0286,-0.21548,8.70079,0.41182
794.0614,0.44773,10.15651,2.47329
794.0683,0.54350,8.81811,0.12690
794.0869,1.05827,9.01684,0.95532
794.1058,0.30886,10.77184,0.22746
794.1285,-0.86194,10.96099,-0.41182
794.1461,-0.47646,10.03441,0.67279
794.1683,-1.12052,10.85804,1.07982
794.2023,-0.43815,9.92188,1.77895
794.2063,0.59378,10.00328,-2.24104
794.2256,0.13887,11.41590,-1.73585
794.2480,0.12690,9.99849,0.18675
794.2662,0.63688,10.23313,0.10056
794.2862,-0.83081,9.97455,0.99123
794.3099,-1.03672,10.77663,-0.18436
794.3289,-0.15084,9.93863,1.14686
794.3469,-0.38069,9.60583,0.84278
794.3679,0.17478,8.02800,1.29530
794.3902,-0.37111,9.78061,-1.10855
794.4091,-0.54589,8.90670,0.08619
794.4330,-0.08859,8.71995,2.59061
794.4492,-0.48843,9.97694,0.97447
794.4672,0.22985,10.39355,-0.81884
794.4885,0.58660,9.02402,-1.54670
794.5070,-0.15323,10.33848,-0.61293
794.5258,-0.27055,9.25627,0.81884
794.5496,-0.33041,10.20679,0.80687
794.5671,1.50839,8.81811,-0.30647
794.5870,-0.01676,8.55235,1.27375
794.6082,0.81884,9.64893,0.23224
794.6269,0.39027,8.60023,-1.90824
794.6466,0.16042,10.17806,-1.48206
794.6697,-0.61772,10.18524,1.67360
794.6873,-0.05746,9.25148,1.18277
794.7090,-0.39984,9.66808,-0.12690
794.7325,0.42858,10.29059,-0.43097
794.7596,0.02873,9.92906,-0.18915
794.7731,-0.91940,10.10384,0.37830
794.7889,0.30886,9.79977,0.34717
794.8072,0.15802,10.27623,0.23224
794.8254,-0.56265,10.91550,0.45252
794.8483,0.22027,10.60664,0.51237
794.8660,0.53632,10.40073,-0.29689
794.8975,-0.19154,11.26027,-1.15404
794.9107,-0.09338,10.01046,0.69195
794.9283,0.21309,11.07352,-0.94574
794.9504,-0.20830,11.41111,-0.37830
794.9729,-0.26337,9.87399,0.53392
794.9884,-0.29450,10.84128,-0.47167
795.0065,0.74701,9.83329,-1.52755
795.0365,0.20351,8.77262,1.42459
795.0458,0.00718,9.66808,-0.32323
795.0688,0.13647,9.63935,-0.56744
795.0891,-0.55308,8.97135,1.17080
795.1096,-0.61293,9.12937,0.00958
795.1283,-0.31604,9.54358,-0.23464
795.1504,-0.09817,9.21796,-0.58181
795.1810,-0.41900,8.83248,-0.11253
795.1873,0.26816,8.93543,2.20992
795.2094,0.71589,8.77981,-0.33041
795.2255,0.85954,8.98811,-1.99204
795.2458,0.30647,9.97215,-1.04869
795.2694,-0.00958,9.94342,-0.50998
795.2902,1.11334,9.26824,-1.00560
795.3103,-0.08619,9.25148,1.70233
795.3298,-0.09577,10.13496,1.69754
795.3455,-0.05028,9.33528,2.09499
795.3670,0.09577,9.90272,-0.69913
795.3893,-0.30168,10.74790,0.10774
795.4055,-0.20830,9.87638,1.99922
795.4284,-0.15802,10.14933,1.66163
795.4597,-0.38548,9.54597,1.03912
795.4676,-1.03433,10.95620,0.59617
795.4866,0.11493,10.50608,-0.79490
795.5078,0.15084,10.25947,-1.10137
795.5269,-0.04789,10.29059,-2.50920
795.5456,0.58899,8.45179,-0.79011
795.5741,0.66561,9.02402,0.04070
795.5949,0.23703,9.46936,0.37351
795.6112,1.40544,10.32651,-0.49322
795.6293,0.77575,9.96976,-0.57702
795.6456,0.41421,9.41668,0.12211
795.6688,1.29770,9.98413,-1.19474
795.6896,0.51956,10.10145,-2.20034
795.7150,0.08380,9.73752,-0.37351
795.7276,-0.96489,10.48692,1.08700
795.7493,0.07901,9.95300,-1.04630
795.7684,0.37111,9.99849,-1.31925
795.7888,-0.32802,10.56833,-0.07901
795.8077,-0.11014,9.48133,1.08461
795.8267,0.21070,10.45101,0.75420
795.8473,0.21070,9.01923,-0.40703
795.8741,-0.75899,9.80695,2.98087
795.8898,-1.54910,10.25707,-1.44375
795.9052,-1.21629,8.83966,0.41421
795.9306,0.44534,8.73192,-1.10137
795.9471,-0.15323,9.39753,0.14366
795.9666,-0.20591,8.30813,-0.27534
795.9968,0.05507,9.35443,0.66561
796.0064,0.71828,9.43584,-0.92180
796.0267,0.27534,9.63696,-1.73824
796.0474,0.96729,9.66569,-0.15323
796.0666,-0.22746,8.33208,1.73585
796.0870,-0.01676,9.68245,1.34798
796.1102,0.17718,10.09426,2.36315
796.1270,-0.46928,10.32411,1.69515
796.1582,1.12052,10.80776,-0.45491
796.1682,1.39826,7.80055,-0.95771
796.1915,-0.11971,9.87878,1.50121
796.2074,-0.65364,9.69442,2.72708
796.2286,-0.16520,9.91469,1.26897
796.2481,0.70392,11.37999,-0.79729
796.2685,0.13887,9.30655,2.06147
796.2999,0.79729,10.38876,-0.69913
796.3063,0.61293,10.33848,0.43336
796.3260,0.35435,10.23792,1.61135
796.3486,-0.10056,11.36323,1.51318
796.3662,-0.28252,10.15172,1.50121
796.3863,-0.31844,9.46936,-0.63927
796.4102,-0.67758,10.44622,-0.87870
796.4283,-0.51477,9.45739,0.95771
796.4457,-0.06225,9.56992,-0.04789
796.4698,-0.24900,9.55795,-0.60336
796.4875,0.55068,9.55555,0.69434
796.5073,0.22027,9.28979,1.62332
796.5309,0.57702,9.75188,-0.07662
796.5491,0.43576,9.37598,-1.06545
796.5817,-1.00081,10.05835,0.80926
796.5922,-0.40703,11.60026,0.71349
796.6077,0.52913,9.36401,0.61533
796.6293,0.22027,9.96737,-0.92898
796.6503,0.17718,10.25947,1.26178
796.6676,0.02155,10.00328,0.81884
796.7078,0.43576,9.91948,-3.31128
796.7224,0.50759,9.53879,-2.75342
796.7297,0.24422,9.21556,-0.76377
796.7486,0.50998,9.58189,0.47167
796.7690,0.35675,9.45260,0.11971
796.7906,0.57941,8.40869,0.12929
796.8074,0.51477,9.23472,0.70392
796.8311,0.25858,9.24190,-0.09338
796.8481,-0.34717,8.50686,2.02795
796.8677,0.12211,9.59865,1.18756
796.8897,0.16042,8.72474,2.67919
796.9061,-0.55308,9.80216,-0.35675
796.9282,0.12211,10.40073,-1.62092
796.9499,-0.70392,10.86761,-0.38308
796.9704,-1.29530,11.49731,-0.19633
797.0001,-0.27295,10.17088,1.69275
797.0145,0.54829,8.46855,0.44055
797.0271,0.49322,9.89314,-0.28252
797.0460,-0.47885,10.62100,-0.14845
797.0696,0.21309,10.22355,-1.81965
797.0862,0.01915,8.75826,-1.36234
797.1074,-0.51956,9.29697,0.28492
797.1334,-0.66321,10.91550,0.72786
797.1459,-1.92260,10.57072,1.12291
797.1671,0.09577,9.80455,1.17319
797.1894,0.70871,9.34725,-0.84518
797.2058,-0.56984,10.56833,0.41660
797.2291,0.44294,10.51087,-0.29210
797.2516,0.26098,10.23553,1.37910
797.2715,0.52195,9.09824,-0.34956
797.2875,0.16520,9.61541,2.72947
797.3096,0.89067,8.17405,-0.54111
797.3276,-0.15084,9.55795,1.16601
797.3459,0.07662,9.24190,0.64167
797.3696,0.24900,9.06233,0.61772
797.3959,0.62251,9.75906,-0.79011
797.4070,0.39266,8.43024,0.16281
797.4295,-1.72627,11.05437,2.67680
797.4463,-0.79729,9.45499,-0.94334
797.4677,0.01676,9.68245,0.46688
797.4924,-0.56265,9.86681,0.22746
797.5068,-0.47885,9.59386,1.53473
797.5319,-0.28971,11.00169,1.73585
797.5645,-0.30407,9.76385,-0.13647
797.5657,-0.15563,9.72794,1.14446
797.5860,0.46210,10.14694,0.15084
797.6081,0.47646,10.14933,0.80208
797.6272,0.19872,9.56752,-0.34956
797.6483,0.16042,10.50608,-0.94574
797.6707,-0.65364,8.55474,0.91701
797.6883,-1.10137,9.64893,1.87951
797.7076,-1.05588,9.39035,0.94813
797.7311,-0.40942,9.95300,1.89387
797.7479,0.32323,8.68882,0.63209
797.7676,-0.08380,9.83568,-0.36393
797.7886,0.29450,9.73752,-0.68476
797.8150,-1.03912,11.12619,-1.25460
797.8273,-0.15563,7.30972,1.04869
797.8495,0.32802,9.00726,-1.73585
797.8655,0.44773,8.92346,-1.21390
797.8872,-0.24422,10.55636,-0.37830
797.9102,0.31844,8.35123,0.44534
797.9275,0.17957,10.09666,0.92419
797.9475,0.27295,9.89793,0.24182
797.9771,0.68237,10.78142,-0.38308
797.9875,-0.39745,10.45819,0.95771
798.0079,0.44534,10.97536,-1.66642
798.0306,0.66082,8.92346,-1.25939
798.0500,-0.41421,10.43186,-0.49083
798.0708,0.23943,7.69520,1.98964
798.1202,0.39984,9.12698,-1.75500
798.1204,0.37351,9.68963,-1.02714
798.1381,0.06943,8.75826,0.51237
798.1501,-0.13408,8.83009,-0.23224
798.1680,0.38069,9.66329,-0.09817
798.1882,-0.13887,10.02483,0.80448
798.2117,0.98884,10.25229,0.56265
798.2292,0.70392,10.13736,0.62969
798.2581,-0.41421,10.37439,-1.79331
798.2711,-0.49322,11.22675,1.20193
798.2892,0.53871,8.27940,1.48445
798.3075,-0.43336,8.51404,-0.56744
798.3313,-1.09658,10.45101,-2.45653
798.3508,1.02236,7.85562,0.53632
798.3696,2.51878,10.23313,1.64008
798.4047,0.04789,9.78061,2.04950
798.4083,-0.92898,10.59706,0.39506
798.4301,0.59139,9.72076,0.45970
798.4510,-2.31766,12.71360,2.02556
798.4702,-1.70951,10.43186,0.75420
798.4916,1.13010,11.30816,-2.91144
798.5129,-0.95532,8.62418,2.29850
798.5420,-0.22506,8.49968,0.31365
798.5491,1.40783,11.26267,0.60575
798.5724,1.75979,10.52523,-0.77814
798.5889,0.64885,10.79818,1.97049
798.6089,0.66321,9.33528,0.79729
798.6325,0.54350,9.39035,-1.26178
798.6510,-0.21070,9.94821,-1.31925
798.6832,-0.80926,9.62259,1.81247
798.6921,-0.61772,9.27303,0.48604
798.7085,0.76138,8.76065,-1.43896
798.7298,0.42858,8.38475,0.35196
798.7511,-1.07503,12.00729,0.96250
798.7700,-0.30886,10.68325,0.85476
798.7925,0.50519,10.17088,-0.88588
798.8262,0.40942,9.62498,1.17319
798.8301,0.71828,10.21398,0.86912
798.8484,0.25140,9.31612,0.33041
798.8737,-0.32083,11.06394,-1.55388
798.8899,0.36154,9.99131,0.17478
798.9110,0.01197,9.80216,-0.79490
798.9326,-0.17239,10.15891,-1.91542
798.9636,0.08859,10.92986,0.60336
798.9684,-0.48604,9.22514,0.78053
798.9923,0.17957,11.00888,1.30009
799.0085,2.21949,8.12138,-0.70631
799.0299,0.81405,7.79097,-1.28333
799.0540,-0.40463,9.41668,0.21788
799.0737,0.78053,9.77822,-0.65364
799.0914,0.88588,10.17327,-1.84599
799.1130,0.40703,9.17965,0.06943
799.1295,-0.61533,9.14852,2.01119
799.1495,-0.39506,10.65692,1.65923
799.1736,0.01437,9.79737,0.98165
799.1907,-1.46769,11.47097,0.48843
799.2108,-1.47727,10.63058,2.66004
799.2370,-0.12690,10.06314,1.11334
799.2520,-0.84757,9.79737,1.42459
799.2695,0.12211,9.21317,0.80687
799.2918,0.10056,9.24190,2.68638
799.3082,-0.46688,10.98254,2.24104
799.3297,1.01517,9.49569,0.16281
799.3525,1.70233,10.03680,-1.27136
799.3871,0.05267,9.52443,0.48125
799.3896,0.31126,9.34007,0.71110
799.4109,0.65124,8.73671,0.25619
799.4335,-0.61293,9.84047,0.29928
799.4531,0.34238,8.36560,1.47248
799.4720,1.13489,8.36560,-1.04630
799.4907,0.68955,9.13416,-1.08221
799.5190,-0.88588,9.85723,-0.61293
799.5320,-0.11971,9.45978,0.56265
799.5496,0.52435,10.18285,-0.49322
799.5696,0.75180,8.70079,-1.88190
799.5918,-0.23943,11.02324,-0.24661
799.6081,0.89067,8.05195,1.20911
799.6289,0.48125,10.25947,-0.08859
799.6555,1.17319,9.59146,-1.64487
799.6672,0.77575,8.75347,0.23464
799.6873,0.39506,9.39274,1.92500
799.7112,0.36872,10.60424,-0.47646
799.7289,0.30647,8.88515,-1.26897
799.7490,-0.13887,10.44383,-0.07422
799.7717,0.38069,10.13496,1.58262
799.8035,0.55547,9.40950,-1.74782
799.8075,0.24422,10.75508,-0.96010
799.8304,0.08141,9.87638,0.71110
799.8484,0.35435,9.97694,1.77655
799.8689,-0.28013,10.20679,0.24900
799.8922,-0.14366,9.37837,0.23224
799.9180,-0.42379,10.90592,0.75899
799.9294,0.04070,10.32651,0.54829
799.9517,0.89306,10.22355,-1.60177
799.9693,0.55068,10.90353,-0.15802
799.9886,-0.11253,8.99050,0.89785
800.0103,0.56026,10.73593,0.18436
800.0293,-0.73025,10.50608,1.86514
800.0493,-0.50040,9.07191,1.21150
800.0729,-0.43336,10.33130,2.75102
800.0874,-0.22506,9.49330,0.24900
800.1083,0.53153,9.75428,-0.88828
800.1299,-0.83321,8.68643,0.58660
800.1481,-0.17239,8.84445,1.45332
800.1703,1.28094,7.57070,0.16281
800.1979,-0.06704,10.43664,-1.14686
800.2097,0.99841,9.53879,-0.49561
800.2294,0.73744,9.72076,2.01359
800.2515,0.58899,10.67607,-1.07264
800.2709,0.64406,9.50527,-1.02475
800.2892,0.10295,9.55555,-0.45970
800.3102,0.33999,9.80455,0.22746
800.3293,0.52435,8.52122,-0.23464
800.3678,-0.05267,9.28739,-1.59698
800.3704,0.20112,9.80934,-0.09577
800.3881,0.76617,8.58348,2.59779
800.4112,0.66561,9.41429,-1.39826
800.4323,0.11014,9.08148,0.02394
800.4495,-1.07264,10.27383,0.31126
800.4917,-0.87152,9.98891,2.64567
800.5057,-0.38548,10.84846,0.04310
800.5095,0.18675,10.19722,-0.91940
800.5281,0.11253,11.20521,-0.23224
800.5516,-0.61533,10.94902,1.25939
800.5708,0.05986,11.09268,-0.22267
800.5908,-0.85236,11.22436,-0.18915
800.6132,-1.48684,12.07672,0.77096
800.6320,-0.81884,11.75350,-0.28731
800.6492,0.15084,9.91948,-0.84039
800.6705,-0.80208,9.65132,-0.07422
800.6904,-0.58899,11.25788,2.07823
800.7098,0.68716,8.17166,0.23464
800.7360,0.86673,9.74230,-1.85796
800.7508,0.86912,9.59865,-0.68716
800.7692,-0.03113,9.43584,0.01197
800.7902,0.58181,9.24190,0.00718
800.8094,0.37830,8.12138,0.56026
800.8297,-0.73744,9.92427,0.89546
800.8521,-0.07422,8.60981,1.96809
800.8708,0.27774,7.93702,0.50998
800.8907,0.55787,9.52443,-1.91781
800.9222,0.34717,9.12219,0.57941
800.9294,-0.00239,9.89314,2.05429
800.9498,0.30407,10.88677,1.46769
800.9719,0.22267,9.68484,0.57702
800.9896,-0.40463,9.63935,0.75180
801.0095,0.19633,9.22993,0.82124
801.0317,-0.31126,10.28820,0.10295
801.0701,-0.00479,9.55316,0.97208
801.0702,0.35435,9.34964,-0.02394
801.0911,0.51477,9.79498,0.42379
801.1085,-0.26098,9.26584,-0.26576
801.1278,-0.29928,10.07511,-0.41660
801.1524,0.18436,10.51087,1.13249
801.1799,-0.75420,9.17247,2.00880
801.1979,0.16281,10.05835,1.18277
801.2099,0.71110,9.02642,0.90743
801.2277,-0.11971,9.23711,-0.00718
801.2490,0.04310,10.90113,0.63209
801.2749,0.42139,9.56034,-0.56265
801.2930,-0.26816,9.57231,-0.64645
801.3268,-0.96010,11.21239,0.87630
801.3519,-0.09817,10.47495,1.01757
801.3542,-0.19154,9.76385,1.70951
801.3690,-0.28971,9.68484,-0.53632
801.3928,0.35196,8.91628,1.25460
801.4125,-0.42139,10.40312,1.12052
801.4341,0.10774,9.78061,-1.05588
801.4828,0.02873,8.92586,0.86194
801.4828,0.21309,9.64653,2.63849
801.4971,-0.09098,10.65692,0.69913
801.5112,0.09577,10.16370,0.37590
801.5302,0.28971,9.87399,-0.41660
801.5502,-0.65843,9.39753,1.06545
801.5714,-0.36154,10.40073,1.01996
801.5890,0.91222,8.36799,-0.37830
801.6102,0.46210,9.29457,-0.57941
801.6313,0.07662,9.69921,1.05348
801.6517,0.99602,8.45658,-0.09817
801.6724,1.58980,10.24271,-1.92500
801.6929,-0.00479,9.90751,0.49801
801.7095,-0.23464,9.24430,2.61694
801.7310,1.13010,7.43901,0.20591
801.7658,0.33520,9.01205,-1.13967
801.7698,-0.28971,9.72794,1.12770
801.7900,-0.91701,9.59146,2.89707
801.8113,0.15084,10.53960,0.84518
801.8304,0.88349,7.82210,-1.79092
801.8505,0.04549,10.50368,-1.00320
801.8726,-0.82363,10.89156,1.05348
801.8924,0.13408,7.85801,-0.97208
801.9095,-0.02394,11.32971,-0.67519
801.9326,-0.13408,10.50847,1.66163
801.9500,0.53871,9.00966,1.94894
801.9702,0.97686,9.65611,0.35914
801.9940,-0.35914,9.78540,0.73983
802.0106,0.21309,9.73273,-0.28971
802.0302,-0.27534,9.88836,1.68557
802.0514,-0.13647,10.07032,0.53153
802.0688,0.59378,9.52682,-1.34558
802.0898,0.02394,8.74150,-0.21309
802.1124,-0.68237,9.50048,0.67758
802.1312,0.46449,9.06472,0.37590
802.1508,0.56026,9.48612,-1.75979
802.1785,-0.11014,9.75906,0.35435
802.1904,0.62491,9.55555,0.98884
802.2092,0.41660,10.10863,0.35435
802.2316,0.54589,9.96737,-0.46210
802.2504,0.16042,10.51565,1.04390
802.2704,0.17239,10.59945,1.94176
802.2943,0.78053,9.11022,-0.86194
802.3130,0.32323,9.37598,0.98405
802.3330,-0.40224,9.64414,1.42459
802.3514,-0.39984,9.72315,3.05749
802.3687,-0.11014,9.40711,1.82683
802.3923,0.24422,9.34725,-0.37111
802.4139,-0.23703,9.31133,1.01517
802.4498,-0.21788,10.11102,1.33122
802.4611,0.03831,9.04318,0.39506
802.4719,-0.48604,9.22993,-0.75180
802.4897,-0.16999,10.65931,-0.75899
802.5085,0.30647,8.94262,1.47966
802.5326,-0.20830,10.27623,1.24263
802.5500,0.63448,9.16768,0.34956
802.5721,-0.14845,9.54837,0.30407
802.5986,0.52913,9.00008,0.83321
802.6126,0.62251,9.35204,1.53952
802.6287,0.11732,9.11740,0.39027
802.6525,-0.60096,8.75586,0.98165
802.6700,-0.78532,10.57072,3.94337
802.6924,-0.10535,10.63537,2.00640
802.7331,-0.01915,9.63696,-0.29928
802.7334,0.57941,11.04718,-1.58022
802.7502,0.72307,9.35922,0.21070
802.7711,-0.36154,10.49650,0.64885
802.7900,0.44534,10.59945,-1.61614
802.8099,1.44854,7.94181,-1.18517
802.8337,-0.50759,9.76625,1.44614
802.8509,1.38150,10.19722,0.54111
802.8848,1.48445,9.77343,-0.56026
802.8921,-0.05986,11.20281,0.48604
802.9103,-0.27055,10.90832,-0.16760
802.9300,-0.59857,9.28500,3.19157
802.9524,-0.16281,10.47495,-0.32562
802.9706,-0.56026,10.71917,0.79490
803.0107,-0.28971,10.13018,0.76377
803.0222,-0.53153,10.77424,0.67758
803.0296,0.14845,9.01923,0.00958
803.0485,0.97208,9.22035,-0.28252
803.0734,0.20351,9.20120,1.70712
803.0912,-0.27295,8.45897,1.44854
803.1101,0.03113,10.69283,-1.37192
803.1334,0.22267,9.55316,0.44773
803.1513,1.10137,8.71756,2.24822
803.1696,-0.24900,9.76385,2.29611
803.1924,1.96331,8.13335,0.09817
803.2094,0.31126,10.74072,-2.07344
803.2315,-1.34558,9.66569,2.25541
803.2547,-0.28731,9.48851,1.64966
803.2709,2.25301,8.36081,0.00000
803.3000,0.17478,9.87638,0.16999
803.3116,-0.69434,9.87160,2.03992
803.3310,0.64645,9.85484,0.42858
803.3511,0.28492,8.43264,-0.31365
803.3722,0.22506,10.28102,-1.66881
803.3898,0.75899,8.14532,0.13887
803.4123,0.36393,9.72315,0.61293
803.4334,0.67519,9.72554,-0.04070
803.4513,0.41421,10.55157,-1.43656
803.4776,0.61054,10.84367,-0.69673
803.4944,0.60336,10.51565,0.60096
803.5104,-1.03433,9.24669,3.07904
803.5319,0.30168,10.21637,-0.62730
803.5531,0.58181,8.07828,0.45252
803.5793,-0.48125,9.58907,1.18277
803.5906,-0.23464,8.81811,2.84440
803.6121,0.17718,10.00328,-0.82602
803.6337,-0.55308,9.16050,1.05588
803.6547,-1.13967,10.41988,2.21710
803.6762,-0.09098,9.37119,3.42860
803.7218,-0.07422,10.62340,0.57941
803.7220,0.04070,9.95300,-1.09897
803.7411,-0.22027,10.34327,0.84518
803.7514,0.22267,10.95620,1.59698
803.7713,-0.23703,10.58509,1.07264
803.7920,0.48125,7.69759,-0.51477
803.8116,0.68955,9.87638,-0.11493
803.8307,-0.25140,9.18444,1.07742
803.8619,0.97686,9.93863,-1.73345
803.8696,0.52435,9.30894,-1.29530
803.8895,-0.48125,11.28182,1.25221
803.9135,-0.44534,10.10863,2.77257
803.9324,0.29928,10.53241,0.66321
803.9545,0.26576,9.37359,0.00000
803.9983,-0.09817,11.18126,0.65843
803.9986,-0.71110,9.84526,2.62173
804.0170,-0.80926,10.85085,1.23545
804.0336,0.18915,10.38158,0.00718
804.0519,0.71110,8.02800,0.10535
804.0751,-0.00239,9.63456,2.07105
804.0922,0.88588,8.76544,1.86275
804.1130,0.19872,9.74709,0.33280
804.1312,0.05028,9.99370,0.46928
804.1540,-0.77096,9.82371,2.50920
804.1722,-1.15643,10.21877,3.18917
804.1903,0.19633,10.53481,0.06704
804.2139,0.09577,8.78459,0.55547
804.2304,-0.50998,9.91709,-0.92419
804.2546,-0.43815,9.87878,0.56744
804.2789,0.69434,9.30415,-0.12211
804.2929,0.60815,10.49650,-1.14686
804.3129,-0.20112,9.50288,0.29689
804.3354,-0.20591,10.29299,1.12291
804.3530,0.70871,10.15172,0.14126
804.3729,0.66082,9.26105,0.32562
804.3970,-0.31844,8.70558,0.59857
804.4117,0.28492,10.04398,0.61533
804.4336,0.69913,9.26345,0.72547
804.4576,0.88109,10.00567,-1.17798
804.4736,0.45252,10.49171,0.87391
804.4939,-0.24422,8.15969,1.05588
804.5165,0.43576,9.09346,1.60416
804.5339,0.47167,8.62897,0.08141
804.5683,-0.05986,9.17726,1.39347
804.5748,-0.80208,10.21637,2.55709
804.5933,-0.19872,10.33608,0.31365
804.6112,-0.30168,9.41189,1.24981
804.6350,-0.68716,9.93145,-0.64885
804.6512,2.00161,8.49010,-0.53632
804.6869,1.36234,8.91389,0.06465
804.7051,0.29928,9.33288,1.75261
804.7123,0.59617,10.21877,1.17798
804.7324,0.68955,9.35443,-0.03352
804.7556,-0.94574,11.05437,0.35914
804.7733,0.42139,10.13018,1.07264
804.7943,0.59617,8.76544,0.93856
804.8356,0.39984,8.93304,-1.77655
804.8357,-0.15323,11.59068,0.90025
804.8514,0.27295,10.31932,1.34079
804.8745,-0.01437,10.19482,2.81806
804.8907,-0.31126,9.17247,2.68398
804.9111,0.18196,9.09824,1.57543
804.9363,-0.54350,9.72315,-1.08221
804.9534,-1.02954,8.80854,0.33280
804.9849,-0.68716,9.56513,1.88669
804.9957,-0.14605,10.16609,0.73265
805.0120,-0.03831,10.49889,-1.68078
805.0353,0.28492,8.80854,-0.70871
805.0588,0.20591,9.78780,1.24502
805.0759,-0.74701,10.85804,0.80448
805.0947,-0.17718,9.67526,0.86433
805.1288,0.55787,8.70558,0.20351
805.1342,0.58181,8.79657,-1.21629
805.1549,-0.96010,11.70561,0.77096
805.1754,0.13408,10.57312,1.59698
805.1947,-0.07422,9.19402,0.78053
805.2154,-0.10056,9.33049,-2.28174
805.2372,-0.83321,10.75029,-0.33759
805.2545,0.84997,8.49968,-0.64885
805.2743,0.22746,8.43982,0.45012
805.2953,0.51716,9.49809,-1.09179
805.3129,0.23224,10.72875,-0.59139
805.3350,-0.16999,10.36721,-0.31844
805.3569,-0.45252,9.79258,0.40463
805.3766,-0.74941,10.81254,1.81725
805.3946,-0.28252,10.10863,1.67839
805.4166,0.00239,8.34884,0.31365
805.4439,-0.21788,10.12778,0.05507
805.4548,0.42618,9.03839,0.66561
805.4788,-0.64645,9.89554,1.10615
805.4977,-0.25379,10.14694,1.50839
805.5308,0.43576,9.56752,0.21788
805.5523,0.00958,9.59625,-0.17478
805.5536,0.33041,10.37679,-0.57702
805.5739,-0.11014,9.04078,0.67758
805.5953,0.35196,8.53320,0.86912
805.6141,0.19394,9.49809,0.19872
805.6342,-0.05028,10.81973,-0.01437
805.6569,-0.56026,11.11422,0.72786
805.6828,-0.37830,9.88836,1.49642
805.6927,-0.52913,9.51006,1.65444
805.7161,0.24182,9.66329,0.50040
805.7328,-0.50519,10.55636,0.45012
805.7540,-0.91701,9.54597,2.15006
805.7792,0.56744,9.91469,0.85954
805.7960,-0.26337,9.28021,-0.35435
805.8172,-0.87152,11.10944,-1.31925
805.8366,-0.81405,9.68245,1.60895
805.8546,-0.29928,9.34246,1.65684
805.8745,0.43815,10.35763,-0.52435
805.8974,0.80448,8.77981,-0.03591
805.9187,0.04789,7.57070,-1.21390
805.9637,0.75420,9.92666,-1.46530
805.9638,0.75659,9.75906,1.07264
805.9791,-0.71110,10.32411,0.23703
805.9943,0.17957,9.86202,-1.37671
806.0153,0.29210,10.32651,-0.91222
806.0341,-0.19154,10.17088,1.55867
806.0530,0.05267,10.74311,1.52994
806.0764,-0.37590,9.33528,0.54350
806.1161,0.03591,9.43584,0.36872
806.1162,-0.20591,10.71438,-0.26576
806.1362,0.32083,10.78621,-1.73106
806.1526,-0.54111,10.12778,0.48364
806.1740,-0.74701,9.55316,-0.02634
806.1958,-0.36632,9.19162,0.63927
806.2156,0.06465,10.04877,-0.34478
806.2376,0.46928,9.51245,1.04151
806.2562,0.19633,9.57231,-1.95373
806.2730,0.43815,10.02722,0.09098
806.2955,0.28013,9.76385,1.42699
806.3165,-0.22506,10.05595,0.17478
806.3344,-0.28013,10.32411,-0.25858
806.3569,-0.88828,10.68325,1.96809
806.3873,-0.09817,8.82769,1.28812
806.3947,0.43097,9.74230,-0.88109
806.4136,0.21309,9.80455,0.40224
806.4349,1.01757,9.48372,-1.41980
806.4542,0.35675,9.43344,-0.11253
806.4741,0.22267,10.25947,0.16999
806.4979,0.87870,8.30095,0.33759
806.5300,-0.09338,9.85484,-0.19394
806.5325,0.33759,8.97135,1.28094
806.5568,0.47167,10.22595,-0.90264
806.5756,-0.46928,10.56354,0.39266
806.5941,-0.31604,9.32091,1.87232
806.6164,0.06465,9.50527,1.07742
806.6503,-0.60575,11.00409,-0.61054
806.6670,-0.48125,10.62340,0.68716
806.6761,-0.05746,10.03919,0.36154
806.6938,-0.45252,8.46616,1.11813
806.7124,-0.30886,9.59865,-0.34478
806.7361,-0.51477,9.44063,0.04789
806.7524,0.40463,9.46696,0.07422
806.7744,0.39984,9.59386,-0.68237
806.8080,-0.41421,9.27781,0.57223
806.8130,-0.14605,8.92825,1.00081
806.8336,-0.60815,9.85962,1.20432
806.8549,-0.25619,8.94980,-0.21070
806.8739,-0.03591,10.26426,-0.47407
806.8925,-0.73744,10.05117,1.69036
806.9174,-0.21070,9.11022,2.12851
806.9451,-0.88828,11.04958,-0.45731
806.9559,-0.58660,10.32411,-0.03591
806.9781,-0.31365,10.33608,1.63050
806.9957,-0.79011,9.92666,1.55628
807.0143,-0.03113,10.47256,0.00479
807.0380,-0.50280,9.62738,-0.66561
807.0524,-0.70631,9.42147,-1.05348
807.0782,-0.52435,9.81413,0.96250
807.0956,0.62491,9.74709,-2.01598
807.1123,0.42618,8.77981,-0.05028
807.1324,-0.13408,9.58428,-0.64406
807.1562,-0.16520,10.08708,2.89707
807.1725,0.13408,11.13098,0.42618
807.2122,0.16520,10.55396,-0.32083
807.2286,-0.21548,11.74152,-1.62811
807.2341,-0.20112,10.10145,1.27854
807.2528,0.00000,10.14215,0.29450
807.2784,1.60895,10.85085,-1.68078
807.2960,0.95771,8.28898,-1.69036
807.3148,0.06465,8.93064,-1.50360
807.3555,0.37590,9.65611,-0.47646
807.3557,-0.90504,10.08947,1.95133
807.3741,0.47167,8.75347,-0.15084
807.3965,0.25858,9.56513,-1.16362
807.4135,-0.30168,10.01046,0.36632
807.4323,0.03113,10.50368,-0.60575
807.4579,0.65124,9.41668,-0.66321
807.4888,0.95053,8.27222,-1.23545
807.4995,0.42139,8.90431,-0.70871
807.5210,-0.27055,10.36242,0.15084
807.5340,0.58181,9.34725,2.77975
807.5518,0.49322,9.54837,1.74782
807.5756,-0.59857,10.78381,-0.39266
807.5942,0.00958,9.32570,0.95532
807.6207,-0.36872,8.95459,0.58660
807.6358,-0.66321,10.35524,0.06943
807.6542,0.07662,9.67287,0.52913
807.6736,0.56026,8.99529,-0.16042
807.6957,-0.55547,10.09187,1.07982
807.7134,-0.54111,10.71917,0.84997
807.7338,0.10295,8.61699,1.60895
807.7622,-0.14845,10.69283,-0.86912
807.7748,0.73025,8.86361,0.25140
807.7910,-0.67040,9.69442,-0.28731
807.8139,-0.47646,10.91550,0.57941
807.8331,0.38069,8.85163,0.72547
807.8530,-0.08619,10.08229,-2.23865
807.8754,-0.46688,9.15571,0.60575
807.9004,-0.76138,9.76864,0.93616
807.9117,-0.65843,10.41270,1.57783
807.9339,0.34238,9.29218,0.20591
807.9524,-0.27774,10.70001,-1.47248
807.9727,-0.63688,10.49650,-0.66561
807.9952,-0.49322,10.75269,0.91940
808.0129,-0.89306,11.48055,-0.60336
808.0387,0.28971,9.94103,-0.84757
808.0597,0.33999,10.16130,0.47646
808.0731,1.62811,10.07750,0.46688
808.0934,-0.42858,9.80216,1.85317
808.1165,0.04549,9.76146,-0.19154
808.1332,0.11014,9.79498,-0.40942
808.1512,-0.62012,8.93304,1.28573
808.1750,-1.25699,8.96656,3.37353
808.1975,1.36234,7.68323,0.36393
808.2397,0.60096,9.29936,-0.43097
808.2397,-1.32643,9.28021,1.35755
808.2558,0.44773,11.02564,1.10137
808.2719,1.06066,8.88276,1.67120
808.3026,0.56026,9.69202,-2.71032
808.3124,1.19235,10.06553,-0.63209
808.3329,-0.11732,10.56354,0.49083
808.3546,-0.84518,8.68403,2.74863
808.3740,-0.29210,8.96895,1.27615
808.3936,0.13647,9.72315,-0.08859
808.4156,-0.15084,10.05356,-0.16042
808.4396,-0.74941,9.92666,0.57941
808.4598,-0.22506,10.66649,1.17559
808.4758,-0.12690,7.68802,-1.44375
808.4930,0.38308,9.72315,-1.11334
808.5140,0.75420,9.66808,0.33520
808.5364,0.78772,9.77104,-0.15802
808.5526,0.43576,10.38397,0.70392
808.5798,-0.55547,9.03839,0.08859
808.5964,-0.87630,10.92508,3.05749
808.6140,-1.08940,11.10225,1.43656
808.6338,0.82124,9.28500,0.45731
808.6548,0.52435,9.53161,-2.25301
808.6740,0.16999,10.77903,-1.27854
808.6936,0.46449,11.34886,1.81725
808.7224,0.10056,10.93465,1.61614
808.7426,0.65124,8.51883,1.21150
808.7524,-0.05986,10.68565,-0.16999
808.7759,0.17478,9.73273,0.37111
808.7933,-0.12929,8.92825,1.74303
808.8138,-0.33041,10.61382,1.11094
808.8358,0.46928,8.77741,-0.01197
808.8519,0.88828,9.65611,-1.20671
808.8759,0.21309,10.44622,-0.25140
808.8962,0.73025,8.15011,-0.58420
808.9139,0.73025,10.58988,-0.78053
808.9338,0.16999,9.01444,0.45731
808.9551,-0.75420,10.04877,2.22428
808.9752,-0.95053,10.45819,2.47807
808.9935,0.03113,10.36960,0.75899
809.0157,-0.64885,9.68484,1.21150
809.0336,-0.16281,9.82850,-1.37192
809.0519,0.72786,8.83487,-0.12211
809.0761,0.18196,9.92666,-1.77895
809.0938,0.24422,9.33528,-0.74223
809.1136,0.34238,9.45739,-0.86673
809.1416,-0.53392,9.86681,1.32643
809.1541,0.06465,10.53241,1.38868
809.1740,0.52195,9.44063,0.23464
809.1959,-0.62969,10.00807,-0.30886
809.2134,-0.10774,9.28739,0.93616
809.2338,0.45731,9.61780,1.00320
809.2566,0.15323,9.67048,-0.32323
809.2825,0.05267,10.74790,-0.06704
809.3039,0.42858,8.97853,0.13647
809.3171,-0.14126,9.55316,0.57223
809.3324,-0.09338,9.96976,0.69195
809.3575,0.50040,9.47415,-0.17478
809.3748,0.52674,9.02642,-0.44055
809.3920,0.12450,8.94501,-0.07422
809.4194,0.87391,9.17726,1.47727
809.4374,0.81166,10.29778,-1.58740
809.4542,0.18675,9.74230,0.37590
809.4737,-0.01437,10.09187,1.23545
809.4941,-0.10056,9.26105,2.20752
809.5143,-0.07662,9.43105,0.96250
809.5334,0.56984,8.92346,-0.56505
809.5616,0.10295,10.36960,-0.80687
809.5859,0.69673,9.22275,-0.10295
809.5931,-0.05746,10.34806,1.47487
809.6155,0.05028,9.95300,1.91781
809.6331,0.62730,8.85642,0.03591
809.6525,0.62491,10.48453,-0.31126
809.6764,1.10137,9.60344,-1.70233
809.6979,0.10535,10.04398,-0.82842
809.7166,-1.01278,10.50129,0.26098
809.7362,-1.29291,10.64495,4.13970
809.7531,-1.54910,10.79818,4.75264
809.7740,0.64645,10.82212,0.85954
809.7947,2.08062,8.94501,-0.42139
809.8140,2.00880,9.68963,-3.65127
809.8386,1.17559,9.33049,1.41980
809.8602,0.68237,9.05994,-0.94095
809.8741,0.56265,10.03680,0.93137
809.8931,-0.13647,9.62977,0.07662
809.9152,0.23943,9.81892,-0.12929
809.9343,-0.16520,10.50129,1.58980
809.9533,0.39984,10.41749,-0.15563
809.9827,-0.92180,9.30894,1.16362
809.9987,-0.41182,9.88596,-0.21788
810.0136,0.69434,9.26345,1.64008
810.0364,0.95053,9.40232,-1.11813
810.0533,0.01915,10.73353,-1.02954
810.0745,0.36632,10.26426,-0.26576
810.0972,0.63448,11.14056,0.26098
810.1127,-0.07662,9.90272,1.52515
810.1333,0.69434,8.33447,-0.15802
810.1570,-0.65603,9.85723,0.59857
810.1750,-0.29210,9.53400,0.62012
810.1946,0.30407,9.02642,-0.29450
810.2157,-0.42858,10.22116,-1.31206
810.2346,-1.18995,9.49569,1.78852
810.2534,-0.13408,10.57072,2.21231
810.2776,2.07105,9.34485,0.00958
810.2948,0.25858,9.98413,-0.91461
810.3135,0.05507,10.79818,-1.48206
810.3360,-0.61533,10.66171,0.80208
810.3537,-0.27534,9.72315,0.98405
810.3737,0.58420,9.40711,0.35435
810.3958,0.58899,8.83009,0.01437
810.4238,0.45731,9.39753,-0.09817
810.4349,0.27774,10.13736,0.45252
810.4558,0.16999,9.11979,-0.73025
810.4738,0.39027,8.81333,-0.77335
810.4954,-0.21548,8.83966,-0.09577
810.5159,0.16999,9.27542,0.95292
810.5498,0.64645,9.28500,0.24182
810.5701,0.89785,10.22116,-2.47807
810.5778,0.14126,10.26904,-0.77575
810.5948,-1.00081,10.78621,1.30727
810.6132,-0.66321,9.46936,2.23146
810.6376,0.39984,9.67048,-0.73744
810.6569,0.32802,10.18764,-0.68955
810.6829,-0.43815,9.69681,1.52036
810.6959,0.59857,10.24271,0.67040
810.7131,-0.01197,10.23313,-0.39506
810.7332,0.05507,10.67847,-0.63927
810.7557,-0.67997,9.41668,0.96250
810.7747,-0.53392,8.42306,1.86035
810.7933,0.73265,9.91230,1.78134
810.8160,-0.34956,9.15092,0.52195
810.8345,0.29689,8.56432,0.33999
810.8542,0.72068,8.94980,-0.92898
810.8774,0.35196,10.23553,-3.52677
810.8965,0.66082,11.00409,-2.77018
810.9164,0.87152,9.76625,0.33759
810.9376,-0.02155,8.53559,1.09418
810.9535,-1.00799,12.45262,0.96968
810.9766,-0.50519,8.46855,0.97686
810.9958,-0.40703,9.60583,0.22027
811.0172,-0.52913,9.30176,2.40864
811.0350,-0.31844,9.35443,-0.22506
811.0556,0.28731,9.50288,-0.63688
811.0748,-0.35196,9.45020,-0.60815
811.0935,-1.07742,9.36161,1.45811
811.1158,0.54111,10.51565,1.01757
811.1333,0.40942,10.44143,0.38308
811.1534,0.26098,9.98652,-1.17559
811.1759,0.21788,9.74230,1.99922
811.1951,-0.60096,10.72875,0.72547
811.2147,2.82764,8.21715,0.92898
811.2371,-3.95055,10.23074,-0.44294
811.2721,1.02954,6.13174,5.43022
811.2753,-0.08619,9.17726,-8.12377
811.2958,1.16122,9.95061,-5.84921
811.3134,5.12854,9.90512,5.52599
811.3336,-3.13889,9.67526,-1.18277
811.3558,-1.45332,9.19402,0.45970
811.3749,-0.67040,13.28344,-3.80690
811.4100,-0.33520,5.67683,-2.80848
811.4179,2.10936,11.64815,-9.34725
811.4347,1.61853,7.16367,-1.74543
811.4547,1.31446,11.58350,-3.05988
811.4771,3.12453,8.45418,-1.57304
811.4982,0.98165,8.73192,-0.27295
811.5172,1.06066,9.53400,1.85077
811.5412,0.97447,10.04398,-3.15326
811.5555,3.30410,7.94420,6.17723
811.5742,-3.73986,13.07992,-0.64167
811.5969,-2.16682,8.30095,0.89306
811.6142,-0.93616,9.26584,-3.82605
811.6343,1.69754,9.10782,-4.49166
811.6565,-0.45012,5.31050,-3.11016
811.6782,0.33759,18.54366,-9.19402
811.6943,-0.14126,5.18839,5.36557
811.7166,0.53153,10.91071,-3.06707
811.7344,1.58262,6.92903,1.73585
811.7540,-1.09179,11.13577,-0.74462
811.7776,-2.72947,11.83729,-4.14928
811.7956,0.28013,10.86043,2.25780
811.8235,0.37111,7.33606,-1.03912
811.8364,0.19633,8.75347,-0.10295
811.8546,1.63529,7.94660,-1.37431
811.8743,1.53234,7.81731,-0.32083
811.8989,-0.72547,12.63698,-2.24822
811.9182,-0.50040,8.40151,3.06707
811.9529,-0.77335,11.10465,2.19794
811.9675,0.83800,10.41270,0.68476
811.9759,-0.85954,9.28260,-1.98007
811.9959,0.25619,10.74551,-2.97369
812.0170,1.08700,8.32010,-0.10774
812.0361,0.16760,9.38316,-0.43576
812.0561,0.44534,8.90431,0.35435
812.0950,1.18517,8.80614,-0.40463
812.1072,0.99123,8.79896,0.22506
812.1143,-0.84518,11.90194,1.01517
812.1359,-0.35196,10.35524,-0.04789
812.1555,-0.07422,11.77983,0.58660
812.1753,0.00239,10.18524,0.80926
812.1964,0.97686,9.79498,-0.13647
812.2142,-0.15802,10.36003,0.76617
812.2440,-0.26337,10.00807,-0.17718
812.2568,0.75180,9.19402,1.61135
812.2742,1.02714,9.66090,-1.25939
812.2972,0.89306,8.98092,-0.91701
812.3211,-0.07662,9.28021,0.50998
812.3375,-0.06943,9.24669,-0.54829
812.3723,0.33041,9.78540,-0.54829
812.3859,0.00000,9.48133,-0.34956
812.3936,-0.15802,9.65611,-0.59857
812.4146,0.43097,9.40950,-0.18436
812.4382,-0.05746,10.04877,-1.53952
812.4569,-0.25858,10.60424,-1.13010
812.4756,-0.03591,9.48372,-0.79729
812.5058,-0.25858,9.76146,-0.87630
812.5201,0.01915,11.39435,0.95532
812.5363,0.82842,10.27862,-2.26020
812.5574,0.50040,10.05356,0.65364
812.5753,0.64645,10.21398,0.03591
812.5953,0.86912,10.16609,-0.16760
812.6171,0.72068,10.07032,-0.38308
812.6362,0.28492,9.19162,1.75021
812.6698,-0.33999,9.92427,1.72867
812.6777,0.54350,9.81174,-0.87630
812.6966,0.22506,9.15810,-0.95292
812.7151,-0.37351,9.88357,-0.60815
812.7397,0.21788,9.12937,0.66800
812.7550,0.45731,9.60104,-0.70871
812.7860,-0.34238,10.08469,-0.53392
812.7990,-0.10295,10.30496,1.03672
812.8159,0.16520,9.64414,-0.16281
812.8361,0.32802,9.34725,-1.19474
812.8586,0.55787,9.57471,-0.85954
812.8776,-0.05507,9.93624,0.32562
812.8997,-0.14845,10.06074,1.33840
812.9405,0.85476,9.64174,0.29689
812.9438,0.71349,8.32729,-0.12211
812.9578,0.28013,9.70878,1.19714
812.9800,0.23464,10.85085,0.60336
812.9977,0.68955,9.63456,-1.29770
813.0159,0.00000,9.73752,-1.00799
813.0380,-0.57463,10.94902,0.08619
813.0575,-0.06943,9.65372,2.05908
813.0932,0.19633,11.95701,0.98405
813.0977,-0.74701,9.74949,2.71750
813.1161,0.01676,10.04638,0.76138
813.1362,1.35995,10.88916,-1.76697
813.1594,-0.56505,10.30975,0.29689
813.1774,0.08380,9.68724,0.55547
813.1974,0.23703,9.10064,0.44773
813.2316,0.44773,10.10145,-2.86595
813.2375,0.31365,9.49330,-1.33122
813.2561,-0.56744,9.19641,1.27136
813.2782,0.15563,9.50767,-0.21309
813.2996,0.38069,9.42626,-0.02873
813.3178,-0.13169,10.13018,-0.43336
813.3403,-0.27295,9.51724,2.06626
813.3771,-0.31365,9.74949,-0.10295
813.3773,-0.07901,9.94582,-0.64885
813.3983,-0.68476,9.90272,0.31604
813.4160,0.00479,9.67287,-0.57463
813.4377,0.76377,8.95938,-0.97447
813.4586,0.56984,9.63217,-0.95053
813.5005,-0.40463,9.90033,1.13249
813.5010,-0.04310,8.10462,0.62251
813.5183,0.86194,10.83888,-1.70712
813.5356,-0.02394,9.83808,0.15563
813.5556,0.70392,10.16609,-0.83081
813.5786,1.09897,10.13257,-0.22267
813.5965,0.15563,9.81413,-0.64645
813.6162,-0.21788,9.40471,1.44375
813.6393,0.14126,10.70001,1.16122
813.6559,0.50519,7.10381,-0.18436
813.6771,1.21869,9.28739,-3.10777
813.6981,0.14605,9.37598,0.93377
813.7158,-0.02634,9.13416,0.99602
813.7358,0.43815,8.93064,0.51477
813.7578,-0.75899,9.66569,-0.27055
813.7758,-0.71589,10.28102,1.39826
813.7980,0.65364,9.48133,0.75899
813.8180,0.12929,9.64893,-2.05668
813.8357,0.23943,10.14694,-0.56744
813.8556,0.36154,9.47415,1.73585
813.8780,0.59617,10.61143,-1.07982
813.8986,-0.29928,10.34566,-0.74462
813.9186,-0.63448,9.85484,0.57463
813.9384,-0.02155,10.81973,0.13169
813.9589,0.26576,10.98493,-1.02954
813.9756,0.62251,9.00008,-1.05588
813.9980,0.11014,8.95938,1.98964
814.0172,0.11971,10.19722,2.04711
814.0376,0.48604,9.73033,-1.45811
814.0721,0.30168,9.71836,-1.08700
814.0754,0.56505,9.68963,0.63927
814.0953,0.11014,10.16370,-0.35675
814.1196,-0.04549,9.29457,-0.74223
814.1356,-0.53392,9.78540,0.69434
814.1553,-0.22985,10.07990,-0.41182
814.1777,0.26816,9.21796,-0.91701
814.1976,-0.38548,10.17088,0.01437
814.2153,-0.07422,9.96018,1.42220
814.2379,0.28731,10.22355,0.21788
814.2554,0.53392,9.33767,-1.52994
814.2765,0.03113,9.82610,0.67997
814.3013,0.53632,10.47256,-0.88109
814.3259,1.01278,10.18046,-1.04151
814.3364,0.28252,8.93064,-0.39027
814.3586,-0.12690,9.90033,0.30168
814.3762,0.63448,10.21398,-1.33840
814.3965,0.46688,9.60822,-1.29051
814.4188,0.86433,9.68484,-0.29450
814.4363,0.87870,9.93863,0.98644
814.4598,0.89306,9.54119,-1.13489
814.4902,-0.03831,8.88037,1.49642
814.4994,-1.30009,10.63058,-0.37111
814.5205,-0.79969,9.73752,-1.56586
814.5403,0.20830,9.09585,-0.10295
814.5590,-0.72068,10.19961,2.02556
814.5778,0.57223,8.84206,1.01278
814.5994,0.48604,9.68724,-0.83321
814.6169,-0.07662,10.68565,0.34478
814.6366,-0.16042,9.48133,1.44375
814.6602,0.65364,11.09268,0.00718
814.6774,-0.80687,10.83170,-0.59378
814.6971,-1.07264,10.40073,0.04789
814.7196,0.66082,9.30415,-0.38308
814.7545,-1.14925,9.96258,1.56586
814.7670,-0.72307,9.07909,2.07344
814.7800,0.12211,9.63217,-0.73983
814.7975,-0.07422,9.31612,-0.58660
814.8176,-0.40224,8.36081,1.07024
814.8400,-0.37590,9.17486,1.42459
814.8590,-0.49322,10.31693,-2.10457
814.8887,-0.19633,9.02402,-0.33041
814.9017,0.16281,9.70400,0.50280
814.9186,0.09577,9.63935,1.57304
814.9363,0.08380,8.45179,-0.37351
814.9591,-1.12052,9.56752,2.05908
814.9770,-1.02475,10.49889,-0.27295
814.9969,-0.84757,11.66491,-0.62730
815.0192,-0.88349,11.56914,0.30886
815.0366,-0.02155,9.80455,1.46051
815.0565,0.46928,10.61621,0.73983
815.0801,-0.56744,10.32411,1.28573
815.0961,-0.34717,10.33130,-0.99123
815.1165,-0.07183,9.87878,0.56505
815.1392,-0.15323,9.54358,-2.04950
815.1564,0.23464,9.37119,-0.83081
815.1802,1.37431,9.99370,-0.61054
815.1990,0.71349,9.30894,-1.41502
815.2174,1.15643,9.53161,0.68237
815.2369,0.06225,14.00651,2.40864
815.2595,0.27774,8.08786,2.85398
815.2768,-0.20112,10.12778,-4.13012
815.3033,-0.77814,9.80455,-0.57223
815.3195,-0.48604,10.51565,0.09338
815.3373,-0.04310,8.42785,-1.35277
815.3565,-0.51956,10.79100,-0.23224
815.3800,-0.87391,8.29377,-0.74462
815.3982,1.61135,7.95618,-0.70871
815.4187,0.54111,10.73832,-0.13408
815.4391,0.37111,10.18285,0.47646
815.4648,1.95373,10.19243,-0.68955
815.4788,0.64406,11.33929,-0.54829
815.4993,0.79490,9.34007,-0.55787
815.5172,1.09179,9.51724,1.22108
815.5372,-0.00239,9.72794,0.03113
815.5594,0.18196,10.07511,1.77655
815.5773,0.43815,10.06074,-0.44773
815.5997,0.40703,9.21796,-1.49163
815.6193,0.33041,8.33926,0.61533
815.6371,-0.41421,10.02004,0.92658
815.6573,0.06225,9.75667,-2.00401
815.6787,-0.47885,9.55316,-0.54589
815.6967,0.28971,8.39193,1.37910
815.7168,0.62969,9.16050,-0.26816
815.7402,0.02873,8.49249,1.59219
815.7566,-0.96010,10.29778,-0.25619
815.7766,-0.67040,11.54519,-0.74223
815.7998,-0.93616,9.85723,0.96010
815.8170,-0.35196,10.06074,0.89067
815.8372,-0.05267,10.74790,-0.20830
815.8661,0.23703,9.07191,0.29928
815.8820,0.22267,10.10384,1.12770
815.8969,-0.09577,10.42467,-1.02475
815.9196,-0.30647,9.42147,0.32802
815.9366,-0.80926,12.51966,1.24981
815.9562,-0.41660,10.93226,-1.47008
815.9785,1.66163,9.48372,-1.51318
815.9964,2.24104,13.38639,1.43656
816.0190,0.68237,8.66967,2.21470
816.0386,-0.41421,10.24510,1.84120
816.0560,-1.17798,9.84047,2.68159
816.0764,-0.30647,8.61221,2.16203
816.0991,1.48684,12.54600,-3.82605
816.1170,0.81884,5.92822,2.15485
816.1428,-0.19633,10.65931,-1.54431
816.1629,-0.60336,7.67844,-0.47885
816.1791,0.20351,9.91469,-0.32802
816.1984,0.75420,8.47334,-1.18038
816.2203,0.01437,9.02642,-2.47807
816.2379,-0.21309,9.76146,-0.40463
816.2579,0.00000,9.89314,1.21390
816.2869,0.27295,9.69681,-0.34238
816.2976,0.61772,9.14374,-0.07662
816.3178,0.04070,9.79258,1.68078
816.3403,0.49561,9.67766,-0.68955
816.3578,0.59139,9.61780,-0.06704
816.3783,-0.43576,10.24271,1.20432
816.4008,0.15323,10.31693,-0.13887
816.4191,0.01197,10.28341,0.06465
816.4508,-0.12929,10.01046,0.30886
816.4604,-0.47646,10.00328,0.96010
816.4797,-0.08619,9.87160,0.50040
816.4982,0.01197,9.09585,0.93377
816.5205,1.48924,9.40471,-0.42139
816.5381,0.38069,8.78699,-0.44773
816.5613,-0.38787,10.95141,1.52515
816.5944,0.16042,9.07191,-1.54910
816.5982,0.28252,10.08229,-2.34639
816.6182,-0.78772,10.96099,0.82602
816.6404,-0.26576,9.39274,0.45970
816.6588,-0.70631,9.41189,-0.92180
816.6799,-0.63209,10.28341,-1.27375
816.7021,0.00000,9.94103,-2.85398
816.7221,0.42379,9.32570,-1.06785
816.7391,0.35435,8.97374,1.02954
816.7602,0.31126,8.48052,-0.31604
816.7778,0.70871,8.97614,0.20112
816.7982,0.03591,9.38556,0.04070
816.8204,-0.23464,8.71516,0.54111
816.8556,0.53392,9.32809,-1.56586
816.8691,0.33280,9.48851,-0.47885
816.8810,0.22746,10.07511,0.19394
816.8979,0.10056,9.45978,-0.72547
816.9211,-0.77096,9.78540,0.96968
816.9468,-0.11971,10.53481,-0.19394
816.9631,0.70631,9.23472,0.49801
816.9966,0.74462,10.74551,1.43178
817.0042,0.51477,10.58748,-0.59378
817.0201,-0.16520,9.68245,-0.58420
817.0423,-0.73983,11.64096,1.40544
817.0648,-0.63448,9.12937,1.72867
817.0809,-1.42699,9.37837,1.58262
817.1290,-1.07503,9.30176,1.41502
817.1290,-0.11732,10.02483,-0.19394
817.1437,-0.89785,8.96416,-1.12531
817.1603,-0.85954,9.37359,1.36234
817.1837,-1.44375,10.86043,-1.44135
817.2018,-2.02077,10.06553,2.25541
817.2217,-0.05028,9.72315,0.01676
817.2504,-0.56265,9.82131,2.04950
817.2644,-0.68716,10.48453,0.09338
817.2798,0.22267,11.25549,-0.02155
817.3021,0.64406,8.38715,-0.24422
817.3199,-0.83560,9.34246,0.28252
817.3416,0.68716,10.16609,-0.73265
817.3641,0.39027,10.36721,0.06704
817.3839,-0.33999,11.37759,-2.03274
817.4010,0.29928,10.24271,0.92180
817.4222,0.14126,10.04159,-0.80687
817.4400,1.08940,9.28739,-0.77814
817.4595,0.78053,9.38077,-0.45970
817.4823,0.29689,9.34725,-1.51079
817.4999,0.25379,9.99610,-1.01278
817.5378,0.30407,9.67048,0.74941
817.5547,0.10774,9.26584,-0.32083
817.5594,-2.22907,10.27144,0.45970
817.5800,-2.37273,10.39834,3.52437
817.6020,-0.36154,11.15971,3.87394
817.6197,0.18675,7.15888,-8.03998
817.6417,6.89551,7.80534,-1.46051
817.6644,6.21075,12.18686,2.37512
817.6819,-4.30251,9.75667,-0.05028
817.7013,-1.46769,11.32253,5.57148
817.7222,-1.10376,15.44786,8.55953
817.7402,-1.26657,12.73754,-1.01757
817.7617,1.59698,9.51006,-0.50040
817.7838,2.52357,7.78858,5.97850
817.8076,-2.50920,12.60825,0.76856
817.8201,-1.43656,8.68882,3.40226
817.8425,-1.62811,12.23714,5.28416
817.8597,0.83560,6.48130,-2.39667
817.8788,2.65046,17.84932,-1.81725
817.9026,7.36479,10.06314,4.68081
817.9214,-4.51081,11.08070,1.18038
817.9420,-2.24583,10.08708,3.47170
817.9753,-1.57304,9.45739,4.03196
817.9798,-2.24104,7.45577,2.70792
818.0015,3.55550,9.60344,-5.50204
818.0238,0.93616,7.51323,-6.19638
818.0414,3.03355,9.05515,-4.27618
818.0598,3.54113,8.60981,-1.35277
818.1031,2.64328,9.11022,-1.05827
818.1032,-3.10777,10.64495,2.09738
818.1201,-3.91464,10.19003,0.99841
818.1418,1.31206,9.04796,1.32643
818.1595,-0.43097,6.69200,-3.28016
818.1794,1.66402,10.08947,-2.47807
818.2021,1.43178,8.10701,-3.02157
818.2224,1.37192,11.36323,0.42618
818.2495,2.67919,12.94584,-1.89387
818.2645,0.64406,6.47891,3.21551
818.2806,-1.11813,13.06077,-5.15248
818.3009,-0.47407,6.49567,1.86035
818.3232,-0.04070,11.22197,2.48286
818.3409,-1.35037,10.03680,0.66321
818.3609,0.56265,10.97057,-2.77496
818.3868,0.57463,9.64893,0.77814
818.4008,-1.18995,10.71917,1.17798
818.4206,-0.48604,9.72794,0.97686
818.4432,-0.88828,10.99690,2.03513
818.4608,-0.05986,8.70798,-0.48364
818.4819,-0.27534,10.36242,-1.62571
818.5056,-0.63927,9.97694,0.68237
818.5242,0.76617,9.79019,-0.49083
818.5419,0.68716,8.31771,-0.59139
818.5637,0.37111,9.46936,-1.49163
818.5811,0.84518,9.97694,-0.84997
818.6013,0.36393,11.17408,1.55149
818.6234,0.93856,10.81973,1.51318
818.6513,0.95771,8.55235,-0.33041
818.6705,0.28492,9.01684,0.80687
818.6829,-0.29689,9.48851,0.02634
818.7006,0.81645,9.28500,-0.74223
818.7206,0.32323,10.00807,-0.06225
818.7435,1.39347,9.27781,-0.78772
818.7610,0.71828,9.90990,-0.19633
818.7810,-0.01437,8.91628,0.85476
818.8077,1.15165,9.83089,-1.53473
818.8204,0.30886,8.73431,0.24900
818.8403,0.14366,9.05754,0.56744
818.8633,0.88349,9.83329,-0.71828
818.8809,-0.65843,10.48932,0.19394
818.9010,0.39266,10.59227,0.83800
818.9245,1.18038,10.89395,-0.11971
818.9420,0.25619,9.14613,0.91222
818.9609,1.22826,8.91389,1.06785
818.9829,1.17319,8.99529,0.62491
819.0018,-1.41741,10.23074,-0.04070
819.0217,-1.72148,11.00888,0.24661
819.0443,-0.94813,10.63058,-0.71589
819.0639,-1.06785,9.96737,2.01119
819.0961,0.05746,10.40791,0.80448
819.1026,0.08859,9.38316,2.09260
819.1206,-1.05588,10.09187,0.80687
819.1403,0.31844,8.71756,-0.30647
819.1632,0.36393,10.30496,-0.06465
819.1808,1.03912,9.77822,0.82602
819.2008,1.56107,10.88916,-1.27615
819.2291,0.46210,10.77424,-2.06386
819.2403,0.02873,10.44383,1.34558
819.2622,-0.21309,9.53400,0.60815
819.2824,0.21788,9.51006,1.57783
819.3021,0.13887,10.55636,-0.83560
819.3220,0.18436,10.40073,-0.74462
819.3449,1.83401,8.31532,-1.01038
819.3728,0.65603,10.31454,0.49801
819.3866,0.43336,10.27144,-1.52994
819.4045,0.51477,9.97215,0.04310
819.4204,0.31604,9.64653,-1.65444
819.4404,0.39745,8.83966,-0.69913
819.4645,0.45970,8.82530,0.34717
819.4893,0.06704,9.10782,-0.71828
819.5084,-0.03591,11.00169,-0.05746
819.5227,0.15802,8.88755,-0.73504
819.5404,1.47966,8.83487,-1.75261
819.5616,0.86912,9.32570,0.55308
819.5837,1.07742,9.29457,-1.28812
819.6016,0.66321,10.45819,-0.16760
819.6392,-0.14126,9.83329,1.03912
819.6530,-0.74941,9.07430,0.30886
819.6615,-0.24661,10.17088,-0.53632
819.6831,-0.31126,10.96338,0.89546
819.7046,0.03352,8.84445,-0.29450
819.7236,0.67279,9.37119,-0.27055
819.7418,-0.11493,9.87160,1.16601
819.7804,0.56026,10.81254,-0.78532
819.7935,0.01676,9.70400,2.84440
819.8033,-0.18675,10.17327,2.01119
819.8235,-0.49083,10.19243,0.20830
819.8428,-0.40463,8.49968,1.27136
819.8632,0.55068,11.15493,-1.06066
819.8855,-0.06943,11.25788,1.47008
819.9059,1.31206,9.77582,-0.26816
819.9275,1.70233,8.37039,-1.85556
819.9436,0.43815,9.32570,-0.62251
819.9622,-0.22985,8.73910,1.53952
819.9837,-0.25619,9.56992,0.78772
820.0063,-1.10855,10.84367,3.98886
820.0239,-0.10535,9.04318,-1.13728
820.0604,-0.16999,9.27303,-0.40703
820.0740,-0.34956,11.52125,1.42459
820.0850,0.82602,9.52921,1.63529
820.1024,-0.02155,11.83969,-0.20830
820.1254,1.63290,8.64812,0.74462
820.1433,0.83560,9.69921,-0.03113
820.1635,-0.02634,10.37679,1.75979
820.1856,-0.24900,9.80695,0.68476
820.2172,-0.59617,10.34806,-0.20351
820.2251,-0.24422,11.32253,-0.65364
820.2457,0.24900,9.61780,0.09098
820.2650,0.74462,9.56752,-0.99841
820.2872,0.85476,8.66009,-0.11732
820.3074,0.03831,9.94342,-0.07662
820.3434,0.06465,9.59625,2.41343
820.3594,0.24182,10.16609,1.18517
820.3655,0.92658,10.54678,-0.50519
820.3829,0.01915,9.91469,1.26178
820.4050,0.72307,10.04159,-0.17478
820.4266,-0.50759,10.07750,1.24502
820.4434,-0.57941,10.47974,0.87870
820.4645,0.00958,11.32013,-0.52674
820.4933,0.08141,8.83966,-0.70152
820.5031,0.84518,8.73192,-0.89067
820.5231,1.46769,8.23152,1.72148
820.5455,0.31126,10.97296,0.55547
820.5633,-0.01197,9.79498,-1.53952
820.5829,-0.83081,10.54439,3.19875
820.6060,-0.74223,9.20838,0.60096
820.6322,0.71828,8.35602,-0.91222
820.6428,0.48604,8.08068,0.26816
820.6670,0.14366,10.51805,-1.75021
820.6853,1.00081,8.78699,-0.14366
820.7056,0.01915,8.21955,0.70631
820.7296,1.19474,9.73033,-2.50681
820.7631,-0.18436,10.26186,-0.48604
820.7773,-0.10295,10.79578,-0.13887
820.7855,0.72786,8.90191,0.85236
820.8036,0.91940,10.01286,0.25619
820.8232,1.35755,9.17486,-0.34956
820.8472,1.47248,9.91709,0.42618
820.8632,-0.30886,10.08469,2.57145
820.8947,-0.31126,9.51245,1.37671
820.9121,-0.47407,10.54439,1.64008
820.9231,0.28252,9.93624,-0.22506
820.9430,0.53632,9.83808,-1.92979
820.9653,0.17478,10.64973,0.32562
820.9846,0.29689,10.40552,1.85317
821.0046,0.58660,8.78699,-0.06225
821.0266,-0.10774,10.17567,1.01278
821.0554,0.46928,9.20838,-0.80208
821.0633,0.50040,11.23394,0.17239
821.0852,0.60096,11.32013,-0.19154
821.1031,0.13169,8.91628,0.43576
821.1243,0.00958,10.03201,-0.30168
821.1462,1.03433,9.71836,-0.11493
821.1640,0.25619,8.15251,0.44773
821.1938,0.50040,9.75667,1.35277
821.2053,0.42139,9.03599,-0.07901
821.2228,-0.81166,10.38397,0.14366
821.2438,1.11813,10.55875,0.04789
821.2665,1.94894,9.75188,-0.56505
821.2830,-0.05986,9.52443,1.01996
821.3040,0.16281,10.47974,0.00718
821.3361,0.00958,10.53002,0.51956
821.3433,-1.20432,11.72237,0.77814
821.3667,-0.77814,11.04000,-1.07264
821.3875,-0.96729,10.80057,1.94655
821.4052,0.14605,10.38636,-1.77895
821.4235,0.00239,9.32091,0.15563
821.4674,-0.33999,10.22116,1.75500
821.4676,-0.18675,8.97135,0.36872
821.4885,-1.01278,10.21877,1.34558
821.5050,0.47646,8.17884,-0.85236
821.5227,0.59617,9.46457,-2.43498
821.5444,-0.21788,9.84047,0.62491
821.5665,-0.28013,9.26105,-0.77575
821.5872,-0.82124,9.54597,-0.08619
821.6135,-0.03352,8.45658,-0.39266
821.6283,0.29689,7.90829,0.12450
821.6440,0.40703,9.23472,-0.20591
821.6655,0.84757,9.74949,-1.18995
821.6879,0.41182,9.63217,-0.28971
821.7039,0.65364,9.67766,-0.86912
821.7315,-0.01676,9.88836,-0.62491
821.7483,-0.02394,9.67766,0.75180
821.7639,0.31365,10.36482,2.26498
821.7838,-0.25619,10.05356,0.72786
821.8059,-0.17957,10.50368,0.31126
821.8237,1.00560,9.37598,-0.58420
821.8455,0.36872,9.00966,-2.33202
821.8732,0.60096,9.99131,-0.79250
821.8835,-0.22506,9.88357,-0.39266
821.9031,-0.72786,9.88836,-0.23703
821.9255,-0.25619,9.09585,-0.61533
821.9440,0.65364,8.78459,-0.53871
821.9635,0.87630,9.32331,0.61772
821.9860,1.19953,9.67526,-1.55867
822.0049,0.30407,11.25549,0.08141
822.0275,-0.01915,10.54918,-0.10295
822.0458,-0.32083,10.86043,0.18196
822.0636,-0.93377,9.36161,-0.03831
822.0854,-0.40942,8.67206,0.12450
822.1099,0.04549,9.85723,-0.29210
822.1252,0.70152,11.30337,0.44773
822.1457,0.53632,9.32809,-1.11094
822.1770,0.31604,10.21158,-0.22746
822.1835,0.27295,9.47654,0.26816
822.2035,-0.30886,9.93624,0.77096
822.2279,0.16281,9.99370,1.17080
822.2458,0.67519,9.51724,-0.05507
822.2658,0.12450,10.58030,1.45811
822.3080,1.00320,9.09585,0.95292
822.3082,0.50040,8.22194,0.46928
822.3316,-0.31365,10.34566,1.08221
822.3458,0.16281,9.85962,-0.83081
822.3636,0.21309,9.64893,0.84039
822.3840,-0.02634,9.08627,0.54350
822.4064,-1.05348,9.75188,1.13249
822.4252,-0.83081,10.30017,1.79331
822.4592,-1.14925,10.73593,0.92180
822.4660,-0.14605,10.99930,0.57941
822.4836,-0.06225,9.71118,1.35755
822.5040,0.00718,9.11261,-1.24981
822.5266,0.41900,11.23633,0.28252
822.5454,1.62811,9.86202,-1.88190
822.5803,1.49403,9.76864,-1.69036
822.5944,1.45572,9.64893,0.25379
822.6050,0.97686,8.93064,0.31844
822.6255,0.68716,9.67048,0.40463
822.6474,0.32083,9.92906,1.00320
822.6660,-0.66082,9.68005,0.17957
822.6859,-0.08619,9.33288,1.57783
822.7393,0.37111,8.25067,-0.12929
822.7394,0.56026,9.84286,-1.52276
822.7559,0.87870,9.31373,0.12450
822.7675,0.00479,10.62819,-0.12211
822.7855,0.14126,8.15969,-0.00239
822.8055,0.58420,9.24190,-1.01038
822.8298,-0.36632,8.57869,0.72786
822.8474,-0.35196,11.39435,1.78134
822.8679,0.65843,10.84128,3.37353
822.8882,-0.59139,9.63935,3.78774
822.9055,1.22347,10.94423,0.94334
822.9258,0.53871,9.34725,1.17559
822.9482,0.09098,10.96338,0.63209
822.9658,0.53392,10.07271,-0.71349
822.9879,-0.14605,10.15891,1.44135
823.0181,-0.16042,9.07191,0.56744
823.0274,-1.48445,9.44541,0.37351
823.0453,-0.75659,10.12539,-0.80926
823.0690,-0.14605,8.74150,0.04549
823.0867,-0.13647,9.53640,-1.31925
823.1065,0.98644,10.12539,-1.08940
823.1318,0.56265,9.28979,-1.50121
823.1470,0.76617,9.19402,0.44773
823.1652,0.62012,8.67685,0.21309
823.1874,0.11253,10.10623,-0.31604
823.2072,0.74701,10.04638,-1.51318
823.2263,0.63448,9.06472,-0.69434
823.2490,-0.10774,10.69044,0.53871
823.2675,0.89546,10.39594,0.81645
823.2989,0.15563,8.83248,0.50280
823.3088,-0.16520,11.59547,2.77257
823.3266,0.27774,9.92427,0.94813
823.3462,-0.43336,10.00807,1.98007
823.3688,-0.86673,10.39834,2.06147
823.3881,-0.41421,9.28500,-0.60575
823.4082,-0.83081,10.87480,1.22826
823.4388,0.26098,9.19162,0.42858
823.4484,0.56744,9.11022,-0.18436
823.4664,-0.22267,9.60104,-0.00479
823.4886,0.53392,10.02722,0.07901
823.5082,-0.25619,10.20679,3.09580
823.5273,-0.23703,9.75428,-0.09817
823.5508,0.26098,9.96018,0.93377
823.5809,-0.40942,9.26824,0.53632
823.5880,0.16520,10.04159,-1.40783
823.6089,0.77096,9.49330,0.07183
823.6277,-0.00718,9.07430,0.08859
823.6504,0.03831,9.18444,-0.85954
823.6725,0.33759,9.75188,1.03912
823.7060,-0.48604,9.73273,-0.41182
823.7204,-0.64406,11.59547,0.03831
823.7285,-0.28492,10.78381,0.71110
823.7466,0.25140,9.65611,0.35675
823.7661,0.89546,10.66649,0.44534
823.7888,0.20351,10.78381,-0.08380
823.8067,0.36393,11.43506,0.44534
823.8280,0.10535,9.93385,0.07662
823.8539,0.35435,10.56115,-0.39984
823.8698,0.15323,9.19880,0.65364
823.8859,-0.04789,9.69202,0.33041
823.9084,-0.06704,10.98014,-0.27534
823.9261,0.35196,8.57150,1.12291
823.9461,-0.12450,9.15571,-2.27456
823.9683,-1.50360,9.75906,-0.18915
823.9861,-0.17957,8.97135,0.02873
824.0081,0.16281,9.24190,-0.22027
824.0285,-0.69195,11.58829,0.31365
824.0463,0.41900,8.93064,-0.15323
824.0662,0.94095,8.94980,1.27136
824.0886,0.63209,8.58108,-0.27295
824.1187,0.59617,9.18204,0.18675
824.1411,0.53153,10.62579,1.48924
824.1484,0.15802,10.72635,-0.45491
824.1661,0.41900,10.15172,0.54350
824.1863,0.88828,10.02722,1.40544
824.2099,1.11334,10.07511,0.65124
824.2276,0.54589,9.68724,0.82363
824.2476,0.58660,8.78220,-1.66642
824.2723,-0.16999,10.91311,-0.33999
824.2863,-1.15165,9.42387,1.42459
824.3062,-0.43576,8.63375,-0.31126
824.3286,-0.38787,9.92906,1.17559
824.3477,0.56265,8.82530,-0.11971
824.3675,1.16601,9.35204,0.28492
824.3898,0.10774,8.77023,0.04549
824.4077,0.75420,9.98173,-0.82602
824.4273,0.43336,10.59467,1.40544
824.4489,0.32083,10.06793,0.07422
824.4681,1.38868,8.68164,-2.06626
824.4883,0.99362,8.61699,1.58022
824.5090,0.88349,8.84924,-0.64645
824.5473,1.50360,8.30095,1.32164
824.5610,0.45012,10.43425,0.93377
824.5701,-0.60336,10.04877,-0.27534
824.5862,0.36872,10.49889,-0.17478
824.6099,0.42379,9.15571,-0.30886
824.6322,0.09577,9.91469,2.30569
824.6509,0.86433,10.86282,-0.27295
824.6851,1.14686,9.67048,-2.36075
824.7131,0.34238,10.29059,-1.04390
824.7134,0.30407,9.01684,0.71110
824.7279,0.32323,9.62020,-0.46449
824.7496,1.14207,10.47735,1.24981
824.7676,-0.00479,9.59146,-1.34558
824.7872,-0.37590,10.58270,-0.47167
824.8096,-0.04549,7.93463,-0.81645
824.8341,-0.08859,8.72713,1.06306
824.8474,0.59617,9.49809,1.49163
824.8695,-0.25619,10.47016,0.06465
824.8891,0.26098,11.05916,-0.20591
824.9091,0.43097,8.89713,-0.82124
824.9310,0.35914,8.94022,-0.23943
824.9518,0.69673,9.39035,1.65684
824.9782,0.45731,10.60424,1.55867
824.9908,0.03352,11.32731,0.84757
825.0069,1.65923,10.10623,-0.30647
825.0285,1.30967,9.22035,0.22985
825.0513,0.94813,9.86681,0.46449
825.0691,1.31685,10.71438,-0.88588
825.0891,-0.09817,11.50449,2.08541
825.1160,1.07024,10.41510,0.00718
825.1289,0.47885,9.98652,0.43815
825.1490,-0.26816,10.09187,0.75659
825.1719,0.08141,10.97536,-0.97208
825.1904,0.16281,9.63935,-0.11493
825.2107,0.00239,10.14215,-0.77814
825.2325,0.36393,9.76385,0.12690
825.2575,-0.61293,8.41348,0.02634
825.2704,-0.03113,9.26824,-0.87152
825.2924,0.23943,10.46777,0.18915
825.3099,-0.03352,9.33288,0.87391
825.3301,0.53392,10.15412,-1.10137
825.3525,1.49882,8.20757,-0.08380
825.3721,0.55068,8.76305,-0.93377
825.3901,0.97926,8.99529,0.28971
825.4119,0.46210,9.70400,-1.15643
825.4300,-0.71110,10.17567,1.68557
825.4500,0.11493,10.74072,0.84757
825.4739,0.07183,10.34087,0.25619
825.4914,0.11971,10.05117,-0.22506
825.5158,1.40305,10.69523,1.86035
825.5484,0.26576,8.58108,3.87633
825.5525,-0.18675,11.42787,1.75021
825.5729,-0.29450,10.29299,0.88588
825.5951,-0.59857,9.52921,0.93856
825.6125,-0.16281,10.39355,0.00000
825.6329,0.10774,8.14532,0.86433
825.6558,0.52195,9.39992,0.05507
825.6739,0.20830,9.77104,-0.62730
825.6962,0.06704,10.07032,-1.32882
825.7176,0.72547,8.26025,-1.63529
825.7330,0.39745,9.12458,-0.56026
825.7535,0.20112,9.59146,0.42858
825.7776,0.36872,10.75987,-0.28731
825.7942,-0.10056,9.92666,-0.13887
825.8257,-0.08619,10.78381,-0.23224
825.8351,-0.65124,10.28580,0.63688
825.8528,-0.18436,9.88836,1.21869
825.8727,1.01757,9.23711,0.83321
825.8960,-1.32164,10.66889,1.13967
825.9142,-0.46449,11.70800,0.99602
825.9512,0.33759,9.36640,-0.14366
825.9689,-0.45012,9.93385,-1.02475
825.9725,1.17798,9.28021,-1.06306
825.9932,0.29210,9.88596,-0.98884
826.0151,-0.17239,11.19084,-0.07183
826.0342,0.64885,7.86519,-1.05827
826.0566,0.10295,8.21715,-0.08141
826.1045,0.21548,8.15490,-0.80448
826.1046,-0.20830,9.71118,0.45731
826.1202,-0.81645,11.48294,1.21390
826.1349,-0.73504,10.23313,0.00239
826.1528,-0.88109,9.33288,0.46449
826.1732,-1.00560,9.88836,2.72947
826.1954,0.07662,8.73192,1.92500
826.2147,0.17239,8.73192,2.43258
826.2501,0.62251,9.43823,0.38548
826.2551,-0.33280,11.03282,0.83321
826.2744,-0.75899,10.32890,0.20830
826.2944,0.19872,10.75748,-1.64487
826.3169,-0.49083,11.04240,0.50040
826.3328,0.18915,10.33130,0.84518
826.3696,-0.23943,10.21877,-0.28252
826.3837,-0.08859,9.79737,-0.85476
826.3935,0.63688,8.46616,0.34956
826.4125,-0.11253,9.16050,2.44455
826.4354,0.70871,7.87716,0.00000
826.4539,-0.16042,10.48213,0.54829
826.4741,-0.50759,8.69122,-0.34238
826.4976,0.36393,8.94262,-1.41262
826.5317,-0.25379,7.92266,0.39027
826.5328,-0.14605,8.49489,0.05746
826.5552,0.22985,8.64812,-1.05348
826.5729,-0.79250,10.73593,1.16841
826.5926,-0.03591,9.10782,-0.68476
826.6157,-0.18675,9.79258,0.75180
826.6325,-0.91222,10.94184,0.74941
826.6562,0.27055,8.56911,1.73106
826.6748,0.60096,11.15493,0.07183
826.6943,-0.31604,9.93863,0.64167
826.7128,-0.20591,10.66171,0.75420
826.7363,0.38787,10.51565,1.81965
826.7540,0.64406,9.76146,0.06943
826.7746,0.65364,9.66808,1.45093
826.8059,0.63688,8.50686,-1.26897
826.8145,0.28492,8.53559,0.26816
826.8324,0.48604,10.37439,1.95612
826.8549,-0.00958,9.87878,-0.12450
826.8726,-0.13647,10.17567,-1.14686
826.8925,-0.25858,9.05036,-0.76617
826.9178,-0.22267,9.50288,-0.82842
826.9360,0.78772,9.34964,1.19474
826.9524,0.98165,8.84685,-1.18038
826.9749,0.39984,9.86202,0.60336
826.9944,0.84518,9.18923,-0.02155
827.0138,0.03352,9.03120,0.44055
827.0369,-0.26098,9.32331,0.64167
827.0558,-0.69673,9.24190,1.05348
827.0759,-0.63688,10.67128,1.24502
827.0987,-0.60575,10.19243,2.53554
827.1122,-1.18995,10.44622,0.88828
827.1323,-0.87391,10.79818,2.40385
827.1547,0.73504,8.76544,0.37351
827.1724,-0.50519,10.49650,0.89306
827.1923,-0.82602,11.09268,1.36713
827.2201,-0.04549,10.29538,-1.15883
827.2326,0.12450,11.59547,-0.73744
827.2524,1.04151,9.12219,-1.75500
827.2774,0.68716,8.67206,0.16520
827.2936,0.23464,10.53481,-0.33999
827.3152,-0.22267,8.99290,-0.70392
827.3559,0.00000,9.94103,0.77814
827.3588,0.74701,8.82530,0.36154
827.3735,-0.13887,8.08547,-0.57941
827.3957,-0.50519,10.12299,1.45811
827.4133,0.80448,8.52122,-0.69434
827.4363,0.41660,10.88198,-0.76138
827.4554,-0.27534,11.45421,-0.63688
827.4736,0.23464,10.20679,-1.91781
827.5035,1.01038,8.17645,0.41660
827.5172,-0.17478,10.67847,-1.35516
827.5353,0.33999,7.80773,-1.14925
827.5538,-0.26098,10.10863,0.03831
827.5768,-0.36632,8.77741,-2.15485
827.5951,0.14605,9.68484,0.43097
827.6195,0.72786,9.48851,0.83800
827.6358,0.36393,10.76705,-0.83081
827.6532,0.06704,10.35045,0.49083
827.6729,0.46210,8.70319,0.09817
827.6951,1.04390,8.94980,-0.02155
827.7128,-0.07183,9.33767,1.41741
827.7328,0.17957,9.77822,0.04070
827.7552,0.44294,10.05595,-0.05507
827.7733,0.29210,10.94184,-0.80687
827.7930,0.65843,9.90272,-0.12211
827.8154,0.54111,9.31133,-1.83880
827.8333,0.62251,9.80695,-1.26178
827.8548,-0.28252,10.97536,1.92021
827.8771,0.03831,10.32172,-0.76377
827.8948,-0.09338,9.62020,-0.24422
827.9249,-0.30407,9.71118,0.31604
827.9365,-0.10774,9.22035,-0.07662
827.9539,0.42139,9.55795,1.28812
827.9741,0.02634,9.41908,1.32643
827.9969,0.13408,9.01684,0.34478
828.0149,0.28013,10.21158,2.14766
828.0357,-0.01197,9.71118,2.49723
828.0690,0.02155,10.43186,3.54832
828.0759,-1.38629,12.29460,1.31206
828.0998,-0.01676,10.14933,0.31604
828.1166,0.60336,10.04877,0.69195
828.1381,0.40463,9.59865,0.31365
828.1579,0.34478,11.60505,-1.52755
828.1978,-0.15084,11.52364,0.41182
828.1981,0.85954,8.86121,-2.99284
828.2137,0.15084,9.26105,0.50998
828.2363,-0.39027,9.54837,-1.15643
828.2542,-1.00081,9.19880,2.81327
828.2742,-0.30168,9.20599,0.88109
828.2968,-0.81884,9.88357,0.04070
828.3145,-0.45970,9.28739,0.09577
828.3423,0.88349,7.85562,-0.05507
828.3562,0.85715,9.35204,0.49561
828.3739,0.33520,10.56354,1.60177
828.3940,0.16520,10.03441,-2.05429
828.4168,-1.11813,11.44224,0.38787
828.4354,-1.15643,9.17247,-0.67519
828.4571,-0.38548,9.92188,1.50600
828.4879,0.98644,7.52521,1.15165
828.4953,0.12450,8.32968,1.45811
828.5151,0.37590,10.99690,1.23784
828.5375,0.69673,9.87399,-1.50121
828.5553,0.30168,10.95381,-0.54111
828.5753,1.52276,7.39352,0.67758
828.6069,0.77814,9.20599,-3.39987
828.6216,1.29530,10.76945,-1.36713
828.6368,0.98644,10.45580,1.40065
828.6598,-0.08619,10.01525,2.70074
828.6776,-0.16999,9.69681,-1.37192
828.6954,0.64406,8.85882,-1.14207
828.7170,-0.26576,10.05117,-0.89306
828.7417,0.05267,9.65372,-0.12450
828.7573,0.44534,9.39753,-0.74223
828.7764,0.86433,9.23711,1.07264
828.7942,0.68716,8.79417,-2.02556
828.8153,0.44055,9.54837,-0.61533
828.8371,-0.23224,10.48453,0.12690
828.8547,0.08380,9.47893,-0.78772
828.8750,1.20193,9.84526,0.91461
828.9029,0.99362,8.91389,-1.32643
828.9149,-0.09577,9.68724,0.05028
828.9349,-0.42858,11.53801,1.11094
828.9588,0.31365,8.71516,0.23703
828.9749,-0.26816,9.47175,0.83321
828.9948,0.34717,9.54358,1.05348
829.0233,0.08619,9.34725,2.07584
829.0344,0.10535,9.35204,-0.40224
829.0543,0.14366,8.80614,-1.74303
829.0768,-1.11813,10.84846,-0.09338
829.0947,-0.05028,10.31454,-1.51318
829.1177,-0.65603,10.26426,-0.97926
829.1412,-0.37111,10.06314,-0.63927
829.1763,1.11334,9.84286,-0.91461
829.1886,0.36393,10.04638,0.09817
829.1992,0.03831,9.37837,-0.22267
829.2170,0.23464,10.22595,0.33759
829.2355,-0.67758,10.20440,1.17559
829.2578,-0.76617,8.90191,-1.45093
829.2778,-0.89546,9.40711,-0.09817
829.3002,0.80208,9.08867,-0.85236
829.3233,1.05109,9.27303,0.56505
829.3372,0.38069,10.57312,1.30249
829.3544,0.22746,10.61861,0.16520
829.3772,-0.52195,10.97296,0.75180
829.3943,-1.02475,10.37918,0.49561
829.4152,0.30407,9.90512,-0.53632
829.4374,-0.14845,10.53960,0.89546
829.4701,0.90504,10.71199,0.79490
829.4766,0.51237,10.25468,3.07664
829.4969,-0.11014,10.70720,-0.41900
829.5145,0.72307,8.29856,-0.28731
829.5347,0.39984,9.17007,-0.86912
829.5573,-0.03352,9.81413,-2.10457
829.5746,0.87152,9.02881,1.61614
829.6021,0.05507,10.83170,-0.53153
829.6168,-0.62251,10.00089,-0.20112
829.6355,0.19154,10.58509,0.33999
829.6545,-0.44773,9.62259,0.72068
829.6773,-1.12291,10.47016,-0.17478
829.6949,0.74701,9.22993,1.11573
829.7159,0.06943,10.19003,0.77096
829.7493,0.19154,9.62259,1.02714
829.7553,1.27854,9.02163,-0.12211
829.7765,0.28971,9.68245,-0.56984
829.7993,0.37830,9.29697,-1.29291
829.8179,1.12052,9.43584,-0.43097
829.8401,0.35675,10.19482,1.07024
829.8777,0.43097,10.62340,-1.00560
829.8781,0.42139,7.98491,-0.53392
829.8950,-0.22985,10.65452,-1.28094
829.9187,0.88109,9.58189,-0.74462
829.9352,0.36872,9.49091,0.26098
829.9566,0.35675,9.65850,-1.47487
829.9787,1.31206,10.14694,-0.12929
830.0037,0.19154,9.56513,0.34478
830.0211,1.15883,9.85005,-1.18756
830.0368,0.97686,9.15331,-1.11813
830.0545,-0.57223,10.82691,-2.11654
830.0750,0.15802,10.78381,-0.71349
830.0969,0.16520,9.85723,-0.39506
830.1151,0.23703,9.76625,-0.62730
830.1375,-0.10535,9.89793,1.66402
830.1720,2.56906,7.47971,-2.51878
830.1743,0.50759,9.13416,2.86116
830.2049,1.88429,12.24432,-0.91701
830.2172,1.22826,9.65850,-2.76778
830.2365,1.14686,9.57471,-1.32643
830.2564,-0.77814,9.40711,1.28333
830.2966,-0.94813,12.79261,-1.29291
830.3090,1.39107,7.89871,3.37832
830.3163,1.07024,13.87243,-3.21791
830.3381,-0.01197,11.40393,-1.11334
830.3554,0.04789,8.66249,-0.13408
830.3771,0.29450,7.81731,0.90264
830.4018,0.75899,9.24908,-2.44934
830.4331,0.94334,10.43904,-2.47089
830.4484,-0.20830,8.13575,0.55547
830.4596,0.02873,8.45179,-0.96250
830.4755,-0.99602,8.83727,2.08302
830.4957,0.09817,9.12458,-0.09098
830.5179,0.64645,7.38634,0.98644
830.5356,1.32403,9.93624,-0.96250
830.5559,0.33041,9.47893,0.30168
830.5849,0.20591,10.85804,0.77335
830.5963,0.72068,9.59146,1.07264
830.6153,-0.22985,9.92427,0.40703
830.6381,-0.57941,9.94342,1.24502
830.6557,0.88349,9.19402,1.09897
830.6758,0.65364,9.78061,2.25062
830.7079,0.15802,9.78540,0.22027
830.7225,0.53871,10.92986,-2.27217
830.7361,1.39107,8.79896,-0.21070
830.7578,0.66321,9.12698,-1.06306
830.7771,0.00239,10.59227,0.63209
830.7957,0.85954,10.28102,0.75659
830.8177,0.04549,8.95459,1.57543
830.8439,-0.62491,11.36802,-0.29450
830.8576,0.28013,7.81491,-1.06306
830.8776,-0.00239,9.07191,0.07183
830.8950,0.26576,8.85163,-0.54350
830.9151,0.65364,8.13096,0.22746
830.9381,0.43097,9.83089,-1.37671
830.9557,-0.83321,9.90512,-1.35995
830.9788,-0.56984,10.57072,0.56265
831.0079,0.27774,8.11420,1.15404
831.0175,1.34798,9.75428,-1.43178
831.0373,0.14845,10.15891,0.14845
831.0582,-0.28731,9.93863,0.99362
831.0776,0.79729,9.42626,0.65843
831.0977,0.02155,9.97694,0.84518
831.1376,-0.71589,10.76945,1.39347
831.1377,-0.66082,9.97934,0.58181
831.1558,-0.23943,10.85085,1.06785
831.1779,-0.30886,10.27383,2.08302
831.1954,-0.32802,10.35284,0.26816
831.2170,0.18915,9.89793,-0.84997
831.2393,-0.04549,10.48932,1.63290
831.2571,0.13647,8.90910,-0.26337
831.2915,0.71349,9.05036,-1.22347
831.2989,-0.34478,10.44143,-1.09179
831.3159,-1.05827,10.19722,0.39506
831.3359,1.33122,9.52443,0.09338
831.3582,1.20911,9.07191,-0.67519
831.3760,6.10061,11.80856,-2.64567
831.4075,2.91623,9.75906,4.48687
831.4249,3.55071,10.22595,3.58902
831.4352,-3.65127,10.73832,0.08859
831.4554,0.12450,10.33369,-0.85476
831.4793,-1.72867,1.55628,-8.14532
831.4968,8.31053,10.14215,-10.40312
831.5168,-1.26897,7.79815,8.06871
831.5419,-4.11576,13.85567,-5.79893
831.5612,1.91781,7.80773,5.51641
831.5754,-2.92341,8.98332,2.37991
831.5978,-2.40864,7.88435,-2.44695
831.6154,3.63690,8.20518,2.44216
831.6353,2.81088,13.65694,-2.35836
831.6578,0.17239,8.22912,-4.06308
831.7009,4.08703,9.68963,-2.74623
831.7009,0.50280,7.13254,-0.21309
831.7193,-0.28731,12.11982,-1.92021
831.7352,0.53871,10.31932,0.07422
831.7552,-0.46210,10.36242,1.35037
831.7774,0.91222,8.10941,-2.05908
831.7952,0.92419,9.99131,-1.96809
831.8232,0.17718,10.62819,1.31685
831.8378,0.72068,10.93944,0.03831
831.8552,-0.31604,9.59146,0.90264
831.8751,-0.00958,10.40312,0.60336
831.9197,0.39506,9.92906,1.06306
831.9198,-0.07422,9.31612,-0.41182
831.9390,0.72547,9.43344,-1.13489
831.9662,-0.12211,11.27225,0.89067
831.9868,-0.17478,9.40232,0.66082
831.9944,0.44055,10.01525,0.51237
832.0175,0.10535,10.49650,-0.46688
832.0363,0.25619,10.06074,-0.62491
832.0594,0.16760,10.07990,0.17239
832.0780,0.14366,8.52601,-0.67997
832.0974,0.86433,9.24669,0.40942
832.1245,0.90025,10.02243,-1.24263
832.1395,0.27774,9.94342,0.12211
832.1558,0.02155,10.16609,-0.28971
832.1761,0.76138,9.12219,-1.94894
832.2000,0.34717,10.67607,0.53153
832.2196,-0.22506,9.75906,2.12133
832.2477,0.33520,8.15969,1.66163
832.2640,1.61853,7.80055,0.56505
832.2755,0.28252,9.11261,-0.24422
832.2956,-0.88588,11.30337,1.87232
832.3182,-0.88349,9.90751,0.91701
832.3358,0.09338,10.14694,0.63209
832.3568,-0.50040,10.45580,0.43097
832.3784,0.88828,10.14215,-0.05507
832.4079,0.40942,10.33130,0.86912
832.4178,-0.76377,10.25947,-0.58899
832.4401,-0.22267,10.91550,0.33280
832.4577,0.16999,10.20919,0.95771
832.4777,-0.62251,10.28580,-0.93616
832.5001,0.29928,9.94342,-0.80926
832.5319,0.79969,9.51964,-2.18358
832.5448,0.32562,10.44143,-0.74223
832.5579,0.03591,9.16050,-1.13010
832.5756,0.10535,9.59625,0.83081
832.5956,0.96010,9.15810,0.40224
832.6183,0.63209,9.92188,0.29928
832.6359,0.05986,8.93543,1.39586
832.6563,-0.12211,9.06951,1.59219
832.6926,0.37111,9.17486,2.47568
832.6957,0.30647,9.64414,1.04151
832.7177,0.32323,9.78540,-0.52435
832.7396,-0.28252,11.02803,-0.43815
832.7576,-0.12690,9.89314,-0.88109
832.7760,0.75899,8.71756,0.68237
832.7998,0.32802,8.53798,0.90982
832.8218,-0.11493,11.00169,-1.64726
832.8360,0.69195,9.57949,0.52195
832.8586,0.90264,8.60263,-1.05588
832.8785,-0.50998,10.97775,0.54829
832.8975,0.59378,10.77903,1.27136
832.9177,0.51716,7.01523,-1.40783
832.9434,1.24023,10.98254,-0.14845
832.9598,1.50839,9.47654,0.06943
832.9799,0.98644,9.83089,1.31206
832.9955,0.99841,10.99212,0.77814
833.0166,0.03352,9.73033,3.30410
833.0391,0.05507,11.86363,0.63688
833.0568,-0.45731,7.26184,-0.38069
833.0775,0.90504,9.03120,-2.99524
833.1018,0.38069,7.96096,0.83321
833.1175,0.08619,10.01765,-0.38548
833.1376,0.47407,10.61382,-0.65364
833.1602,-0.06704,10.07032,1.31925
833.1797,0.26576,8.66727,-0.34717
833.2018,-0.59378,9.59146,0.51956
833.2397,-0.54111,10.22834,-0.81166
833.2557,0.83800,9.28979,-0.00239
833.2580,-0.41421,9.88836,0.51956
833.2804,0.79011,8.99768,-0.42858
833.2991,1.11094,10.13975,-0.31844
833.3196,-0.26816,10.54439,1.63290
833.3428,-0.02873,11.55956,0.07422
833.3604,0.61772,9.38316,2.87792
833.3922,0.83321,11.10465,1.08700
833.4008,0.78053,11.20521,0.65843
833.4189,0.19394,10.52044,2.35836
833.4399,0.48364,11.15253,0.86194
833.4622,0.62251,10.61382,1.72627
833.4810,-0.23224,9.22035,0.38308
833.5018,-0.59378,9.59386,0.86673
833.5338,0.61533,9.03599,0.15563
833.5414,0.07422,9.29218,-0.67040
833.5627,0.06704,9.63217,-0.50759
833.5853,-0.08859,9.08867,-0.02155
833.6027,0.09338,10.36242,-0.94574
833.6209,0.16042,9.63696,-0.41182
833.6451,0.12929,9.48133,1.52276
833.6752,0.43815,10.25229,-0.20830
833.6815,0.33280,8.56672,0.59857
833.7028,0.31365,10.31932,-0.16281
833.7209,-0.05986,10.24510,-0.65364
833.7409,-0.23464,11.08549,0.11971
833.7634,1.14446,9.14374,-1.37192
833.7880,1.23784,8.98571,-1.15404
833.8048,1.27854,10.40791,-0.38069
833.8234,-0.12929,9.54358,-0.09577
833.8403,-0.22027,10.31932,1.61853
833.8620,0.79490,9.37837,-0.01437
833.8853,0.33280,10.19482,1.29770
833.8994,0.32562,9.46936,-0.39027
833.9198,0.85236,9.22275,-0.63209
833.9421,1.81007,8.54277,-0.33280
833.9595,0.62969,9.49569,0.21548
833.9795,0.25619,9.28500,0.19872
834.0023,0.67040,9.56273,0.93137
834.0201,-0.12929,10.16848,-0.22985
834.0403,0.01197,11.33929,0.44773
834.0691,-0.13647,9.39992,-3.11974
834.0849,-0.21788,10.49889,-0.16760
834.1006,-1.03912,11.97377,1.37671
834.1229,-0.67279,9.62259,-0.31126
834.1404,1.09658,10.56354,-0.71828
834.1605,0.47646,10.54918,-0.86912
834.1831,-0.28013,9.74230,-1.40065
834.2023,-0.28252,9.26345,0.73265
834.2342,0.67758,9.42147,-0.10056
834.2430,0.51237,8.74868,-0.11971
834.2611,-0.17239,8.36081,-0.07422
834.2809,1.17798,9.57471,0.92658
834.3034,1.31206,8.32968,-0.72547
834.3206,0.19394,9.63696,-0.92180
834.3514,0.01437,9.27063,0.92180
834.3634,-0.06943,10.51087,0.52435
834.3803,-0.02155,10.25468,1.30249
834.4049,0.54350,9.15571,-1.55867
834.4246,-0.12450,9.87399,0.67997
834.4403,0.22267,10.02962,-0.26098
834.4642,0.33041,9.00726,-0.24661
834.4896,0.16520,9.96018,0.10535
834.5015,-0.34956,10.94423,-0.97686
834.5202,-0.45970,10.30496,0.19154
834.5435,-0.04070,8.40869,-0.63688
834.5609,0.55308,10.39834,-1.11813
834.5809,0.55068,9.81413,0.29928
834.6046,0.42379,9.16289,-0.50998
834.6223,0.87870,11.20042,1.80289
834.6550,0.90025,9.67526,0.03352
834.6630,-0.17718,9.38795,2.03513
834.6808,-0.36632,9.80455,1.81486
834.7004,0.30407,8.94740,1.67599
834.7231,0.96250,10.19003,0.88349
834.7406,0.20351,8.43982,-1.35277
834.7604,-0.15323,10.96817,-1.22826
834.7941,1.32403,8.58348,0.27534
834.8002,-0.79011,9.09106,-0.51237
834.8206,-0.21788,11.17647,-1.47248
834.8433,-0.70392,9.44781,-1.62092
834.8619,-1.35516,10.43664,0.51477
834.8819,0.44534,10.14215,-0.20591
834.9043,1.10615,9.20599,0.57702
834.9220,-0.36393,9.46696,1.61135
834.9404,-0.96729,10.34806,1.88908
834.9626,-0.46928,9.05036,2.19076
834.9802,-0.10774,9.60344,0.97926
835.0008,-0.55308,8.62657,-0.12690
835.0253,-0.22746,8.75826,0.93616
835.0410,-0.16999,8.26982,0.68476
835.0663,0.67519,7.70956,0.61293
835.0828,1.05348,7.26184,-3.39508
835.1000,0.07901,7.74787,-0.11014
835.1204,1.82923,10.07032,0.92898
835.1439,1.25460,9.37119,1.65923
835.1619,0.76138,10.10384,-0.73025
835.1818,0.89546,8.30574,0.04549
835.2180,0.01915,10.07990,1.06306
835.2231,-0.63209,10.69283,1.99683
835.2422,1.03193,13.24992,-2.09020
835.2645,0.37830,10.63537,-0.20591
835.2809,1.38629,11.64575,-1.71191
835.3030,0.56505,9.81413,0.62251
835.3416,0.57223,10.65692,-0.42379
835.3446,-0.37351,10.25468,3.32804
835.3604,0.25619,10.25707,1.45093
835.3827,0.63927,8.91389,0.76856
835.4003,0.67519,10.98254,0.32802
835.4246,-0.86194,9.40711,0.17478
835.4440,-0.85236,10.77184,0.68716
835.4619,1.10855,9.26105,1.31446
835.4940,-0.30886,9.58428,0.77575
835.5025,-0.31604,9.92906,0.10774
835.5202,0.47885,10.43664,-0.17478
835.5408,0.48364,8.66727,-0.79969
835.5631,0.08380,8.82769,0.87870
835.5809,-0.02155,10.07032,-0.25379
835.6029,0.93856,10.03919,0.80687
835.6387,1.32643,9.08867,-2.51638
835.6405,-0.15563,10.02483,-0.24661
835.6603,0.58899,9.98652,0.34717
835.6832,0.35675,10.47735,1.48206
835.7008,0.07662,9.99849,-0.12929
835.7209,0.16042,10.58988,-1.51318
835.7438,0.36872,11.58590,-0.17239
835.7734,0.03352,8.83966,-0.26576
835.7817,0.32802,9.22514,-0.70152
835.8044,-0.32083,8.41827,0.30168
835.8202,-0.52435,9.45499,-0.41421
835.8414,-0.17718,10.22355,0.09098
835.8635,-0.40224,8.91867,-1.73585
835.8863,-0.11493,9.49569,1.33361
835.9061,0.39984,7.85801,-0.54589
835.9240,-0.91940,9.86202,0.46449
835.9413,-0.71110,10.33369,0.41660
835.9597,0.14605,8.04716,-0.84997
835.9823,-0.16760,10.81733,1.88190
836.0018,-0.39745,9.20838,0.72068
836.0281,-0.26098,11.59308,0.40463
836.0449,0.05507,9.17486,0.05028
836.0626,-1.10137,10.06314,1.98725
836.0815,-0.68237,10.12539,3.88591
836.1049,-0.42858,9.83808,1.86275
836.1221,-0.62012,12.62022,-0.27295
836.1419,0.73265,8.58108,-0.76617
836.1763,0.21070,12.23953,-2.20513
836.1890,-0.33999,7.17325,3.64409
836.2009,-0.76377,12.40713,0.10295
836.2232,-0.57223,9.92427,3.27537
836.2411,0.81405,11.88757,-1.10376
836.2618,0.00718,9.24669,0.52435
836.2842,-0.36393,10.99690,0.76856
836.3016,-0.40224,9.52921,1.59219
836.3223,-0.75899,10.25468,2.09978
836.3442,0.21548,8.95698,-0.46688
836.3616,0.27295,9.53161,0.97686
836.3817,0.20112,10.16609,0.07183
836.4041,-0.13887,9.98173,-0.01915
836.4219,0.47407,10.44383,-1.16122
836.4427,0.28971,8.11420,-1.06066
836.4778,0.28252,11.09268,-1.16601
836.4832,-0.17478,10.44862,0.28492
836.5026,-0.15323,10.28341,-1.33122
836.5247,-0.01437,9.32331,0.05267
836.5433,0.62730,8.86600,-1.77655
836.5623,0.25619,9.66329,0.76138
836.5919,0.21070,9.44063,0.93616
836.6078,0.94334,10.19482,1.52755
836.6224,1.30009,9.83089,-1.06545
836.6438,1.69515,7.66647,-1.28573
836.6633,0.63448,11.45660,-0.46449
836.6816,-0.84278,8.63854,-0.03113
836.7040,-0.11971,10.65931,-2.35357
836.7280,-0.21548,10.00089,1.94415
836.7414,0.27534,10.45819,-2.32245
836.7639,-0.63927,10.09187,0.91940
836.7823,-0.07183,9.62020,-0.40224
836.8018,0.48604,11.47336,-0.20830
836.8242,0.63448,10.24510,-0.18675
836.8437,1.92739,8.14053,-0.96968
836.8635,0.78293,8.75107,-0.02394
836.8964,-0.54111,9.68484,-1.22826
836.9039,0.36872,9.82131,0.85954
836.9218,0.68716,8.38236,-0.09338
836.9445,-0.21788,9.52921,0.06943
836.9624,0.83560,7.80294,-0.63688
836.9824,0.90982,9.79737,-1.57064
837.0251,0.21070,9.86202,-0.01676
837.0254,-0.25619,10.87240,-0.84039
837.0425,0.18196,9.70639,-0.60575
837.0643,-1.19474,9.12458,0.35196
837.0816,-0.74223,10.81733,0.52435
837.1019,-0.82602,11.01606,1.68318
837.1257,-0.75899,10.01286,0.84039
837.1434,0.70152,9.83808,1.71430
837.1802,0.83560,9.57949,-0.20830
837.1846,-0.31126,10.19003,1.12770
837.2021,0.40224,9.32570,1.29051
837.2219,0.36393,9.60583,-0.00239
837.2444,-0.03591,10.48692,-0.36393
837.2621,0.87870,9.90512,-0.33520
837.2823,0.46928,10.37439,-0.08859
837.3181,0.87391,8.13575,-2.45892
837.3221,0.50519,9.87160,1.66881
837.3420,0.38308,10.65931,1.93457
837.3640,1.09897,9.93145,-0.75180
837.3817,-0.48364,9.80695,0.18436
837.4020,-0.31365,8.98092,0.67519
837.4242,0.19394,10.05595,0.71589
837.4443,0.13408,8.70798,2.54511
837.4619,-0.01197,9.20120,-1.63768
837.4842,0.42858,9.83808,0.68716
837.5017,-0.19394,10.07750,-1.37910
837.5233,0.16760,7.17325,0.80448
837.5457,0.84997,9.53879,-1.93936
837.5635,0.60336,8.95219,0.05986
837.5956,0.61293,10.75029,2.97369
837.6040,0.20830,9.28979,2.59539
837.6216,-0.35435,10.41031,-1.05348
837.6428,-0.07422,9.66808,0.09817
837.6651,-0.10535,9.61541,0.88349
837.6829,-0.55068,10.19961,1.98007
837.7036,-0.26098,9.47415,0.77096
837.7319,0.68476,10.76466,1.70951
837.7426,-0.75420,8.78459,2.85158
837.7614,-1.32643,11.17408,-0.44294
837.7840,0.86433,8.93543,1.58022
837.8032,-1.32403,9.69442,0.18675
837.8214,-1.95133,12.04799,1.19714
837.8448,1.14925,10.32172,0.08859
837.8730,-1.20432,9.93385,1.06785
837.8820,-1.21869,10.94423,0.04070
837.9041,0.11732,10.38876,0.62491
837.9218,-0.79729,10.33130,2.77018
837.9421,-0.58420,12.04560,-0.37351
837.9634,0.31126,10.47735,-1.02475
837.9810,0.30168,9.08867,0.66800
838.0009,0.75899,9.15810,-0.66321
838.0245,0.32802,9.40711,0.72786
838.0420,-0.56744,9.24430,-0.67519
838.0624,-0.59378,10.96817,1.52276
838.0856,-0.46449,9.61301,-0.23464
838.1015,-0.31365,9.49330,-0.25140
838.1216,0.46688,10.75508,0.58899
838.1442,-0.10295,8.53559,-1.07503
838.1619,-0.33759,10.07990,-0.59857
838.1849,0.19633,8.82290,2.17161
838.2077,-0.74462,11.04000,1.61135
838.2275,-1.04151,10.23792,0.61293
838.2463,-0.21788,8.89473,-0.61533
838.2707,0.27295,9.56992,1.49163
838.2879,-0.47885,8.58348,-0.20591
838.3029,0.03831,10.01525,-0.61293
838.3248,0.28731,9.34246,0.51956
838.3445,-0.23703,10.06074,0.33280
838.3646,-0.09098,9.86681,0.29689
838.3849,0.58420,7.80534,-1.41262
838.4027,-0.33520,10.27623,1.11334
838.4308,0.54589,9.30176,0.22985
838.4448,0.65843,8.83009,-0.33759
838.4622,0.64167,9.89793,0.62730
838.4824,0.20112,9.64174,-1.20193
838.5048,0.38787,11.20999,0.23943
838.5265,0.73983,9.29218,-0.68716
838.5612,0.02394,9.69681,-0.31604
838.5806,-0.16042,10.70959,-0.50759
838.5832,-1.00320,9.25148,0.86433
838.6031,-1.10137,11.77983,1.75740
838.6249,-0.39266,10.35524,0.18915
838.6443,-0.12929,9.95300,0.46210
838.6627,-0.16281,9.92906,1.57783
838.6938,-0.22027,11.27464,1.73106
838.7064,-0.25379,10.63058,0.60336
838.7224,0.40942,8.91389,-0.50519
838.7448,0.15323,9.15092,1.17559
838.7622,-0.01676,10.16609,0.15563
838.7823,-0.63927,8.99290,0.14126
838.8065,-1.06066,9.51964,0.71589
838.8242,-0.00239,9.35922,-2.03753
838.8467,0.46449,7.93702,-0.43815
838.8651,1.18995,7.95857,-2.08781
838.8832,-0.12690,11.62181,1.91063
838.9033,-0.25619,10.87001,1.52515
838.9275,0.64167,10.00807,1.93936
838.9465,0.17718,8.93064,2.02556
838.9811,-0.24422,9.00008,0.42858
838.9951,-0.28252,8.38715,2.59539
839.0023,-0.69913,14.14777,3.72070
839.0244,0.00479,10.71677,2.59539
839.0469,0.61293,10.14454,2.38230
839.0665,0.77814,8.59066,-0.30647
839.0862,0.47167,8.41109,1.59938
839.1257,-0.44294,9.64414,0.36154
839.1258,-0.04789,9.59625,1.75261
839.1423,0.07901,10.10863,-1.86275
839.1645,0.18436,9.32809,-1.90345
839.1821,-0.34956,11.47815,-1.21390
839.2053,-0.04789,10.06314,0.72786
839.2261,-0.70631,10.18285,1.58740
839.2438,-0.20830,10.22116,1.77176
839.2769,0.36632,10.53960,-1.35516
839.2852,0.38787,9.87160,-1.22108
839.3026,0.36154,9.58668,-0.54589
839.3246,-0.47167,8.81333,0.60575
839.3461,-0.07662,10.26186,-0.76617
839.3639,0.80687,8.19560,1.05827
839.3843,0.19154,10.42946,-0.80448
839.4108,0.97686,9.30894,-1.35516
839.4227,-0.45970,8.50925,2.06865
839.4440,-0.21309,10.31454,0.30886
839.4681,0.11493,9.13895,-0.01197
839.4838,-0.87630,10.07990,0.68237
839.5059,-0.25140,9.19641,-0.48843
839.5556,-0.48364,10.22595,1.27615
839.5557,-0.47885,10.85564,1.24023
839.5734,-0.06943,10.36721,0.28492
839.5884,0.00000,9.96497,0.42618
839.6028,0.06225,10.06314,0.08141
839.6229,0.21548,10.30256,1.13967
839.6455,0.92658,9.32809,-1.83162
839.6635,0.96968,9.38316,0.10535
839.6907,0.22506,10.78142,1.87711
839.7073,0.14845,10.95381,-0.67279
839.7232,-0.86912,11.54040,0.29210
839.7462,-1.03912,9.23951,-1.13967
839.7657,-1.01038,10.57312,2.23625
839.7871,0.00239,10.15651,-0.50519
839.8223,0.30168,9.67287,0.15802
839.8423,-1.34079,10.77903,1.13249
839.8433,-0.29689,10.83170,-0.22746
839.8633,0.92898,10.09187,1.18277
839.8855,-0.32323,8.37278,0.28252
839.9037,-0.46928,10.08708,-0.91701
839.9236,0.75899,10.44622,1.97288
839.9472,0.94813,8.29616,-0.20351
839.9660,1.08700,10.26186,0.32562
839.9834,0.70152,8.92586,-0.39027
840.0057,0.26337,10.68325,-1.00560
840.0248,0.59378,6.41905,1.32403
840.0433,1.09658,11.33210,-3.59620
840.0673,0.19872,10.24271,-0.59857
840.0931,0.47885,9.11022,-1.85077
840.1088,-1.07503,10.20440,1.23784
840.1254,0.61054,10.74790,-1.38629
840.1437,-0.46210,8.26264,0.50998
840.1638,-1.04390,10.95141,1.39107
840.1860,-0.35675,8.03758,-0.25379
840.2054,0.19633,10.65213,-0.92898
840.2251,1.68318,8.69361,-0.00239
840.2550,0.50519,9.77104,1.09897
840.2652,-0.01915,10.48692,0.22267
840.2832,0.54350,7.29775,-0.16042
840.3081,-1.27375,10.18764,0.81645
840.3244,-1.37192,10.56354,1.89866
840.3449,-0.81405,11.12141,-0.72547
840.3666,-0.16281,10.87719,0.84518
840.4011,-0.04789,10.50368,0.07183
840.4041,-0.19633,9.66569,1.44135
840.4257,0.33759,9.57710,-1.00560
840.4434,-0.29210,9.58428,1.75979
840.4655,-0.35435,9.77582,1.24742
840.4859,-0.22746,11.46139,0.15084
840.5173,0.79969,7.11578,-1.40783
840.5306,1.24502,9.40232,-0.55547
840.5455,0.15563,10.16609,-0.41660
840.5632,0.01437,9.62020,-0.21309
840.5856,-0.67279,10.44862,0.65364
840.6077,-0.90982,10.58988,1.08940
840.6271,0.21070,9.88596,-1.65444
840.6736,0.36393,8.27461,1.98485
840.6738,0.30647,10.74790,-1.80289
840.6891,1.04390,9.11500,0.22027
840.7031,0.31844,10.31693,0.00718
840.7264,-0.41182,10.20919,0.03591
840.7427,-0.69913,9.62259,-0.64167
840.7637,-0.80687,11.06394,-0.09338
840.7934,-1.24023,10.58748,2.22189
840.8063,0.25379,10.23553,-1.45572
840.8229,0.29210,9.82371,0.16999
840.8448,0.26098,10.50368,1.19714
840.8657,0.50280,9.81653,0.16999
840.8831,0.44773,10.49171,-0.70392
840.9053,-0.09338,9.50048,-0.65843
840.9235,-0.63448,10.15891,-0.49083
840.9537,0.06943,9.54358,1.49403
840.9670,0.17957,8.38715,0.89785
840.9834,0.26337,10.56115,1.54431
841.0034,0.67519,8.70798,0.03113
841.0277,-0.28971,8.77023,0.18436
841.0454,0.00479,11.14535,1.01038
841.0801,-0.12929,8.78220,0.68716
841.1003,-0.61293,10.01525,0.47407
841.1073,-0.37111,9.65850,1.98964
841.1238,-0.29210,11.06155,2.18358
841.1479,0.32802,8.43264,0.38069
841.1644,0.66082,9.68724,-0.45252
841.1845,-0.44055,10.75748,2.42301
841.2329,-0.89546,10.17088,1.62092
841.2330,-0.16281,10.95620,1.13728
841.2462,-0.68955,9.93385,1.17319
841.2678,-1.07742,10.89395,-0.21548
841.2838,-1.16841,11.13338,3.46452
841.3038,-0.55547,10.65692,1.12291
841.3301,0.12211,10.83649,1.52276
841.3636,1.07503,7.58027,-1.04390
841.3654,0.58660,7.77660,-3.09101
841.3889,0.00000,10.86282,-1.58022
841.4059,-0.50759,8.26982,-1.63050
841.4242,-0.38548,10.21877,-1.41980
841.4490,0.50040,10.12299,-1.80768
841.4682,-0.15323,9.53640,0.73983
841.5059,1.57783,8.69361,3.36396
841.5190,-3.10298,9.96737,0.46688
841.5242,-2.18597,12.05039,-2.21949
841.5439,0.78053,9.08148,2.04950
841.5667,-0.96729,9.91230,1.92500
841.5840,0.60575,10.65692,-0.34717
841.6040,1.79331,10.13736,-0.37830
841.6281,-0.38787,4.38152,2.50681
841.6456,-0.21309,11.86603,-6.79735
841.6634,-0.06225,7.08466,0.83081
841.6863,-0.29210,10.31214,-1.64966
841.7036,-0.73983,9.74470,1.64966
841.7238,0.16042,9.90272,1.67360
841.7476,0.31126,9.53640,-1.25699
841.7657,-0.12211,11.81814,-0.80926
841.7933,-0.07662,11.34407,1.23784
841.8071,0.44294,8.98811,-0.97926
841.8240,-0.28971,9.09346,1.17080
841.8429,-0.59857,7.43183,-1.19953
841.8669,-0.30886,9.11261,-0.15563
841.8835,0.61772,9.83568,-0.29928
841.9109,1.08221,8.13335,-1.63768
841.9256,0.85715,8.96656,-1.12770
841.9440,1.93936,8.91628,-3.47649
841.9634,1.79092,10.42467,-0.50519
841.9870,1.17080,10.30496,-0.75420
842.0046,1.21869,9.53161,-1.90824
842.0264,0.84997,10.16609,1.95373
842.0560,0.73025,8.65530,-0.46449
842.0731,1.03193,9.78301,-2.30329
842.0844,1.36234,10.49411,-2.59061
842.1085,0.38069,9.59386,-0.79729
842.1268,1.12291,11.36562,0.90504
842.1471,0.69195,10.03919,1.37671
842.1694,0.51477,9.99131,0.33041
842.2043,0.18436,9.19162,0.64885
842.2272,-0.47167,10.38636,0.11014
842.2296,-0.24900,9.40711,0.47646
842.2449,-0.36393,10.66410,-1.30249
842.2667,-0.63927,9.36161,0.39745
842.2873,0.05986,10.03441,-1.22347
842.3049,-0.77096,9.74230,0.88109
842.3436,-0.33759,9.39513,1.23545
842.3491,-0.12690,9.55555,0.02634
842.3649,0.22985,10.04638,1.06785
842.3883,1.17319,9.56752,-1.73106
842.4063,0.38308,10.49411,1.41502
842.4244,-0.27295,11.32731,0.91940
842.4442,0.47885,8.05434,-1.09658
842.4671,1.24502,10.99690,-0.49322
842.4955,1.41023,9.86441,-0.87391
842.5052,0.66561,8.71516,1.49882
842.5271,-0.29928,9.30894,1.07982
842.5445,0.21070,8.64094,-0.05267
842.5649,-0.96010,10.73593,0.50040
842.5867,-0.32083,8.26743,-0.43815
842.6111,0.95053,9.97694,-2.20752
842.6240,-0.16520,10.61861,0.99123
842.6463,-0.88828,10.98493,-1.23784
842.6638,0.53632,10.60903,0.43097
842.6854,-0.39506,10.84128,-0.40703
842.7108,0.32802,10.23313,-0.37351
842.7269,1.47248,11.34886,0.69434
842.7626,0.45252,10.12060,-0.78772
842.7788,-0.42618,11.26267,0.51237
842.7874,-0.34956,9.35683,0.17239
842.8046,0.00000,9.51724,-1.51079
842.8271,0.79011,9.64893,0.12211
842.8450,0.25379,8.99290,0.60096
842.8660,0.06704,10.48453,-0.43815
842.8895,1.42220,8.51883,-0.33280
842.9173,-0.72547,9.75667,0.12211
842.9319,-1.22347,10.06074,2.02795
842.9485,0.27534,9.03120,-0.92180
842.9662,-0.26098,9.05754,1.11813
842.9880,0.29689,10.27383,-0.68955
843.0085,-0.11253,9.50048,-0.54350
843.0442,0.04310,10.98014,0.99362
843.0486,-0.31126,9.89314,2.26259
843.0677,0.50280,10.86522,-0.95292
843.0864,0.93137,10.78381,0.31604
843.1043,0.77814,9.33049,0.19154
843.1286,0.55308,9.76146,2.45653
843.1467,0.30647,9.75906,0.46210
843.1733,0.36872,9.68963,-0.19394
843.1917,-0.71589,9.67048,0.01676
843.2044,-0.31604,8.78699,0.45491
843.2256,0.16999,9.41668,0.90025
843.2465,0.43097,8.60981,1.56346
843.2650,-0.00958,8.25785,-1.95852
843.2845,-0.06465,11.88518,1.40305
843.3095,0.35675,9.24669,-0.15084
843.3282,0.68476,11.21718,0.31126
843.3435,0.67040,10.27623,-0.21309
843.3661,0.99362,7.77182,-0.42379
843.3866,1.03672,9.09106,-1.84838
843.4034,0.57463,8.86361,-0.47407
843.4274,-0.12690,8.91867,-2.31287
843.4523,-0.99123,10.27623,0.63927
843.4637,0.17718,9.44781,-1.06306
843.4857,-0.30647,10.44862,1.68078
843.5034,0.44773,10.65213,-0.78772
843.5232,0.68716,10.84846,1.27375
843.5474,0.02394,11.68885,0.24900
843.5650,-0.24900,10.10145,0.33280
843.5865,0.08141,10.28102,1.68078
843.6177,-0.47167,9.97455,1.29770
843.6232,-0.08380,10.89634,-0.76138
843.6432,0.17957,10.62340,0.67758
843.6656,-0.29689,10.15412,-1.46290
843.6837,0.19872,10.37918,-0.56505
843.7037,0.70631,9.29936,1.21390
843.7280,0.81645,8.61939,-0.42379
843.7462,0.31126,10.37439,1.58262
843.7633,-0.01915,11.78941,1.65684
843.7858,-0.24182,8.47813,2.43737
843.8036,-0.17478,11.25309,-0.58899
843.8234,0.23943,7.46295,-1.53712
843.8473,0.09817,11.42787,-0.17478
843.8659,-0.02155,6.76622,2.07105
843.9005,-0.29450,9.81653,-2.58103
843.9066,-0.08380,10.00328,0.40224
843.9240,0.56265,8.81333,-2.42061
843.9441,0.11493,9.14374,-1.37671
843.9664,-0.23224,10.79339,-0.17478
843.9841,0.33520,10.07032,-0.72547
844.0042,0.33280,10.82452,1.50121
844.0369,0.41660,10.85564,-0.62969
844.0454,0.72307,10.17327,0.97686
844.0638,0.93137,9.76385,0.37351
844.0881,0.08380,9.32570,1.07982
844.1043,-0.99602,10.49650,2.35118
844.1245,-1.20911,10.58988,0.91701
844.1540,-0.25379,10.11342,0.69434
844.1652,-0.26098,9.14374,0.62251
844.1837,0.75899,10.04638,-1.02236
844.2061,0.63209,9.00008,0.61533
844.2275,-0.56984,12.25629,0.68955
844.2458,-0.60815,9.30415,0.31126
844.2691,0.03352,9.90512,1.07024
844.3014,0.67040,9.98173,2.76060
844.3130,0.05507,8.92586,1.81725
844.3282,1.34319,10.86522,-0.42379
844.3441,0.53632,10.05356,2.22189
844.3681,-1.01278,10.56594,-0.44773
844.3902,2.17161,10.82212,0.64885
844.4080,-0.30407,8.84924,-1.62092
844.4454,-1.04390,10.49889,0.51477
844.4614,-0.17957,9.77343,0.55068
844.4639,-0.01437,10.01765,-0.71589
844.4938,0.25619,10.10623,-0.40463
844.5085,-1.12531,9.72554,-0.05986
844.5283,0.31126,10.66171,0.22267
844.5484,0.84278,8.42545,1.38150
844.5897,0.65364,9.36161,-1.57064
844.5898,0.69195,8.54756,0.32083
844.6063,0.49083,9.01923,0.22985
844.6285,0.05028,9.63217,0.35435
844.6459,0.46928,8.89713,-0.11014
844.6663,0.21788,10.98014,-0.38069
844.6884,-0.43815,10.87958,2.47329
844.7077,0.54350,9.35683,1.44614
844.7357,0.46449,10.25947,0.82842
844.7482,-0.33759,10.39355,0.67279
844.7660,-0.12929,10.60424,-0.08619
844.7857,0.88828,9.89793,0.17957
844.8082,1.09179,8.89473,-0.17957
844.8274,-0.78772,13.60188,0.96010
844.8483,-0.69673,10.66410,2.95454
844.8788,0.87630,9.96258,-0.31604
844.8880,0.65124,10.20440,-0.28971
844.9070,1.16122,9.92906,-0.43576
844.9296,0.82842,9.32331,-0.86194
844.9485,0.51477,10.80536,1.08940
844.9668,-0.94095,10.36482,0.23224
844.9893,-0.97447,10.58748,0.13408
845.0084,0.41900,8.82530,-0.35675
845.0267,0.55308,9.32331,-0.14845
845.0491,0.23703,10.03680,-1.83162
845.0682,1.19474,9.49809,0.54829
845.0885,0.66800,10.90832,-1.15883
845.1106,-0.62969,9.39513,0.84039
845.1301,1.25460,10.55875,0.61054
845.1601,0.28013,9.15092,0.35914
845.1731,-0.15084,11.50688,2.24344
845.1863,-0.26576,9.61062,0.50998
845.2070,-1.84120,11.80138,0.11493
845.2292,-1.46769,11.97377,0.31604
845.2469,-0.06943,9.48372,2.55230
845.2670,0.72307,10.12778,-1.31206
845.2935,0.15323,9.21796,1.87472
845.3068,0.96250,8.80614,-2.10457
845.3272,1.30488,8.48531,1.86275
845.3496,-0.37351,9.37119,1.20432
845.3673,-0.62491,8.55953,1.70233
845.3873,-0.40942,12.82852,1.34319
845.4095,-1.05827,8.20039,0.58660
845.4313,0.45491,10.03919,-1.60656
845.4472,-0.36632,9.41668,0.93616
845.4694,0.45491,9.62977,-1.41980
845.4868,-0.71349,10.33608,0.42139
845.5081,-1.73824,10.64016,1.19235
845.5306,0.97447,10.87480,-2.24822
845.5482,0.28252,7.37676,-0.08619
845.5798,1.31446,9.90033,-0.60815
845.5892,1.28812,8.19800,0.86673
845.6112,0.15802,10.61621,0.00718
845.6271,0.73983,9.16528,0.27774
845.6497,0.52674,10.31214,0.40703
845.6676,-0.39984,11.53801,-0.77335
845.6896,0.69434,7.14212,1.62332
845.7281,1.37192,8.21236,-3.23945
845.7283,0.92898,9.49091,-0.40942
845.7466,0.20351,9.88117,-0.22027
845.7689,-0.52195,10.86282,-0.18196
845.7872,0.02634,11.49970,0.11493
845.8086,-0.71349,9.60583,-0.12929
845.8302,0.19872,11.25788,0.21309
845.8475,1.27615,10.06074,2.00161
845.8666,1.35037,9.43105,0.32323
845.8889,0.36872,10.61621,1.19714
845.9067,-0.18436,9.22993,0.69913
845.9266,0.13169,9.65611,-0.38069
845.9496,-0.46688,9.51006,1.77655
845.9682,0.43336,10.47735,0.81405
845.9971,1.63768,8.75107,-0.09817
846.0102,-0.01197,10.21877,0.56744
846.0266,0.32802,9.45260,0.34717
846.0486,-0.37111,10.35524,-0.94574
846.0731,0.21309,10.45819,-1.17080
846.0907,0.07662,9.11500,1.82444
846.1251,0.45491,9.11022,0.24422
846.1407,-0.38548,9.83329,1.21390
846.1482,0.07183,9.12219,-0.61054
846.1694,-0.36632,9.83808,-1.31925
846.1918,-0.92180,11.03521,-0.56505
846.2079,0.75420,10.48213,-0.17957
846.2283,1.14207,8.86121,-0.46928
846.2519,0.20591,9.06712,1.35516
846.2804,0.31604,10.38876,0.67758
846.2953,0.43815,7.80773,-0.11014
846.3099,0.44294,8.60742,-0.90264
846.3277,0.09098,9.73991,-1.23545
846.3478,-0.53871,9.74949,-0.05986
846.3699,-0.21788,11.37520,0.38548
846.3876,0.04549,9.23472,0.45252
846.4099,-0.20591,11.08310,-0.93616
846.4301,0.41182,9.31612,1.70472
846.4481,0.34717,10.21158,-0.21070
846.4680,-0.48843,8.81572,-1.56107
846.4904,-0.83321,11.22915,-1.06785
846.5081,-0.43815,9.25387,0.62012
846.5280,-0.95771,10.16370,-0.84518
846.5583,-0.37351,9.12937,0.77096
846.5684,-0.34717,9.24430,0.48843
846.5895,-0.34956,11.41590,-2.79891
846.6099,-0.20591,11.04000,-0.50280
846.6277,0.45731,9.15571,0.14366
846.6476,-0.50998,10.76945,1.00560
846.6714,-0.54350,10.81733,1.07264
846.6890,0.01437,10.27623,-0.34238
846.7092,0.31365,10.66889,-0.93856
846.7316,0.47167,9.11500,-0.38308
846.7496,-0.05507,9.14134,-0.83800
846.7693,-0.25140,12.49572,1.28094
846.7939,-0.74701,10.49411,0.46688
846.8295,0.11732,9.93385,-1.86993
846.8444,0.07183,9.18204,-1.00081
846.8513,0.11493,9.98891,-0.02634
846.8696,0.13408,8.98332,0.12450
846.8875,-0.91701,11.24112,1.29291
846.9099,-0.49083,10.81973,-0.15563
846.9275,0.90504,9.49330,-0.38787
846.9485,0.61054,9.26345,0.26816
846.9811,0.24900,10.53481,1.05827
846.9895,0.06704,10.89156,-1.22347
847.0085,-0.45731,10.08947,0.34238
847.0324,0.07901,10.80297,-1.63529
847.0502,-0.28013,9.21078,0.53392
847.0685,0.22027,9.65132,1.53952
847.1111,0.16760,10.66649,1.13489
847.1112,-1.07742,9.47175,1.86993
847.1288,-0.59857,9.32809,1.15165
847.1512,-0.43576,10.33608,1.06785
847.1679,-0.56984,8.71756,0.08859
847.1896,-0.01197,10.02004,1.55867
847.2120,0.30407,10.14454,0.09817
847.2333,0.00239,8.74389,0.91701
847.2621,0.49083,10.61143,-0.87870
847.2705,0.32802,10.59945,0.62491
847.2916,-0.30647,9.23951,-1.23066
847.3088,-0.25379,9.57949,0.55308
847.3341,-0.01437,9.73512,-0.86433
847.3492,0.43336,8.59305,-1.65205
847.3693,0.11732,9.70878,-0.26098
847.3964,0.60575,9.48133,-0.94813
847.4088,-0.13647,10.62819,-0.75420
847.4294,-0.32083,9.10303,0.40224
847.4517,0.01676,9.58189,-0.06225
847.4708,-0.21788,9.58668,0.03113
847.4908,0.29210,10.80536,1.17798
847.5131,0.98884,8.44221,-0.15563
847.5305,0.31126,9.11500,-1.66402
847.5508,-0.12929,10.00807,-0.88109
847.5743,0.79729,8.79417,-0.63209
847.5930,0.74462,10.18524,-1.63290
847.6125,0.22027,8.76544,-0.90025
847.6331,0.53153,10.14694,-0.76617
847.6659,0.02394,10.28580,-0.51956
847.6827,-0.84518,10.28820,2.25301
847.6922,0.86673,11.14774,0.53871
847.7093,0.73025,8.71037,-0.67040
847.7292,1.14686,10.65931,-1.48206
847.7532,1.51079,9.00247,0.21309
847.7692,-0.31844,10.05356,-1.45332
847.7972,-0.05986,8.85882,0.07183
847.8106,-0.47407,10.02722,0.91222
847.8309,0.49561,7.51323,-3.14847
847.8486,0.41900,9.76385,0.50519
847.8716,0.18915,9.51724,-0.98644
847.8893,0.16520,10.00328,-1.10855
847.9091,0.34956,10.35284,-0.20112
847.9381,0.21788,8.68403,0.01197
847.9493,1.01996,10.77903,-0.86912
847.9692,1.22347,9.50527,0.18196
847.9915,0.45491,8.34884,0.56265
848.0094,0.30407,10.88916,0.04310
848.0302,0.01676,10.22355,1.64247
848.0524,-0.25858,10.04398,2.81088
848.0703,0.16042,9.60344,-1.01278
848.1032,-0.10535,10.13018,-1.02954
848.1125,-0.28252,8.97135,1.32882
848.1300,0.48604,9.05275,-1.00081
848.1495,0.19394,9.27542,-2.07344
848.1728,-0.68716,8.90910,-0.55068
848.1898,0.36872,10.27144,-1.82444
848.2274,0.64167,8.91389,-1.80768
848.2440,0.60575,9.09585,-0.34717
848.2490,0.00718,11.37041,0.84757
848.2700,0.49561,9.19880,0.28013
848.2924,0.82363,10.21877,1.98007
848.3113,0.33520,10.50368,1.80768
848.3314,0.71349,9.23711,-0.80448
848.3524,0.30407,9.34246,2.08302
848.3705,0.30407,11.18605,0.90025
848.3893,0.44534,8.01124,-0.65843
848.4116,0.47885,9.27781,0.37590
848.4293,-0.41421,9.84047,1.63050
848.4506,1.52515,7.41746,-0.78293
848.4725,-0.01915,10.04638,0.87391
848.4918,-0.34478,10.31693,-0.43097
848.5185,0.11732,9.99131,-0.69434
848.5333,-0.71110,10.47974,3.51240
848.5499,-1.53712,10.37918,-0.06465
848.5701,-0.40703,9.60104,-3.45973
848.5928,0.00718,11.48294,0.32323
848.6106,-0.14845,11.02803,1.19235
848.6307,1.33601,8.16927,-0.75180
848.6639,1.03433,10.60664,-2.57863
848.6713,0.44534,9.75906,0.18915
848.6901,1.05588,7.72154,-1.52994
848.7123,0.35914,8.89952,-0.48364
848.7307,-0.54589,10.77184,-0.92898
848.7503,0.12211,10.61382,-0.60575
848.7729,-0.22985,10.13736,1.34798
848.7905,0.11732,9.63935,-0.51956
848.8118,1.25939,8.58348,-0.75659
848.8325,0.66321,9.78780,0.26816
848.8503,0.54829,9.79737,1.39347
848.8713,0.50519,9.59865,0.20591
848.8934,-0.56505,8.58587,-0.39266
848.9112,-0.31126,10.54678,0.53871
848.9428,0.13169,10.26665,1.84120
848.9531,-0.07422,9.91230,0.10295
848.9702,0.83800,9.31852,-0.78532
848.9918,0.61054,10.36242,-0.33999
849.0137,0.19872,9.78780,-1.64966
849.0317,-0.05267,11.26506,0.01676
849.0526,0.39027,9.70400,1.14207
849.0825,0.35435,9.87399,-1.98725
849.0927,-0.05028,10.92986,-0.97926
849.1110,0.80687,8.24828,1.77895
849.1340,1.15404,7.95618,-1.54910
849.1515,0.27534,10.29299,0.36154
849.1714,-0.22267,9.56752,2.01359
849.1953,0.16520,10.18046,0.24422
849.2151,0.30886,10.22595,-0.70392
849.2321,0.23464,8.38715,0.75180
849.2560,0.91701,9.45260,-1.80289
849.2730,0.49561,7.13973,-1.28094
849.2936,-0.79729,8.64094,0.43097
849.3137,-0.22985,10.84846,-0.65124
849.3422,-0.20112,9.81892,-0.73265
849.3555,-0.00479,8.61221,-0.15802
849.3732,0.51477,8.74868,0.10056
849.3914,0.48843,9.48372,-1.06306
849.4125,-0.41660,10.47256,1.00081
849.4347,-0.66082,10.79339,0.66561
849.4520,-0.57463,11.56914,-0.84039
849.4739,-0.01676,10.96578,0.17718
849.5070,0.84278,10.01046,0.74223
849.5125,-0.06225,10.07511,-0.59857
849.5307,-0.53871,10.76227,-0.31604
849.5532,-0.99362,10.19722,0.71589
849.5709,-0.45970,8.88276,-1.09897
849.5912,-0.22027,8.85403,-1.65205
849.6135,-1.04630,9.04078,1.19235
849.6509,-0.44534,10.61621,-0.41421
849.6531,0.30647,9.45978,-2.29611
849.6731,0.05267,9.48612,0.75659
849.6909,0.41900,9.45739,0.23943
849.7107,1.39826,8.69122,-0.80926
849.7332,0.24182,9.75428,1.21390
849.7505,-0.35196,10.22834,0.15563
849.7769,0.35435,9.76625,-1.52755
849.7940,-0.82842,10.09426,0.90982
849.8117,-1.56107,9.94821,1.88429
849.8317,-0.35435,9.35204,1.55628
849.8553,-0.92419,10.80776,2.51638
849.8732,-0.94813,9.35204,1.01517
849.9082,0.32802,9.57949,-1.27854
849.9252,-0.15563,9.36161,-0.86912
849.9336,1.45093,9.96497,-0.82602
849.9528,1.01996,9.38556,-1.81486
849.9758,-0.49561,10.73832,-1.25460
849.9918,0.25619,8.06392,1.78373
850.0154,0.37351,13.11105,1.13249
850.0548,-0.11971,9.15571,-0.52913
850.0549,-1.19714,10.65452,1.05109
850.0722,-0.81405,9.68005,3.17720
850.0956,0.16281,8.64812,0.00000
850.1113,0.25379,8.18603,0.98405
850.1329,0.21788,8.95938,0.61293
850.1553,0.54111,8.90431,-1.22826
850.1739,-1.07264,10.36721,-1.30009
850.1923,-0.37830,9.59625,2.00640
850.2165,0.40463,10.69283,-0.16042
850.2318,-0.73265,10.17088,-0.76377
850.2518,-0.20112,11.14774,-0.33759
850.2742,0.62969,8.38475,1.50839
850.2919,0.01197,11.51886,-0.01915
850.3131,-0.73025,11.41830,1.15404
850.3435,0.87630,10.61143,0.71110
850.3513,0.34956,9.43344,0.62012
850.3715,0.35435,11.24351,-0.69195
850.3962,0.79011,9.19880,-0.02155
850.4154,-0.05986,10.83409,2.80609
850.4354,-0.14845,9.48612,1.26178
850.4745,0.05267,9.62259,0.75899
850.4747,0.35435,10.49411,3.57465
850.4933,-0.13169,10.48692,-0.27534
850.5139,-0.08141,11.62420,0.30168
850.5316,0.12929,10.64495,0.13647
850.5516,-0.09817,8.59066,-3.69676
850.5771,0.33041,9.04078,1.45811
850.5931,-1.57543,8.89713,-0.61533
850.6235,-0.17718,10.54678,-2.88031
850.6338,-0.05746,10.63537,0.11971
850.6519,2.14527,6.74946,-3.51719
850.6715,0.53871,6.53637,-3.87154
850.6953,-0.54829,11.91391,-0.89785
850.7131,-0.08859,9.04078,-1.60177
850.7331,0.18675,6.35201,3.83323
850.7592,1.14207,10.06553,-3.29692
850.7726,0.35914,7.62816,4.02717
850.7934,1.94655,15.54842,-5.63133
850.8155,-2.05429,7.33366,7.69999
850.8315,-0.80208,13.26428,-2.61455
850.8552,0.05028,7.23310,3.07185
850.8960,0.23224,9.73273,-1.88190
850.9158,-0.89306,8.94022,-0.75180
850.9160,-0.09817,9.99610,0.05267
850.9359,-0.22506,8.33686,0.95053
850.9530,0.22506,9.51245,-0.48125
850.9714,0.14366,9.54837,-0.50519
850.9938,-0.90743,10.69044,0.09817
851.0179,-0.53392,10.69762,-0.90982
851.0305,-0.73744,10.82691,0.30647
851.0524,-0.02155,10.21158,0.17478
851.0718,0.34717,9.31373,-0.53153
851.0906,0.15323,9.91230,-1.10855
851.1131,-0.89067,10.27862,1.51318
851.1309,0.13647,10.33608,0.12929
851.1544,0.45252,10.90832,-1.81007
851.1821,0.73025,10.00567,-0.71828
851.1923,0.89546,10.10863,1.29770
851.2123,0.45491,9.35443,-0.14605
851.2348,0.64406,10.27144,0.56984
851.2529,-0.14126,9.51006,1.15883
851.2739,-0.21309,10.01525,-0.42379
851.2976,-0.06704,9.45260,0.72547
851.3163,0.00000,9.53400,-0.03831
851.3329,0.92180,9.38556,-1.28333
851.3565,0.39984,9.50527,-0.28731
851.3741,-0.21309,9.04318,1.29051
851.3924,-0.62491,10.48692,1.78613
851.4188,-0.74223,9.29218,-0.03591
851.4521,-0.14845,9.08388,0.81884
851.4686,-0.82124,11.69603,2.09738
851.4760,-0.27534,10.55396,-0.93856
851.4921,0.40703,9.18683,1.13967
851.5124,-1.65205,10.48692,1.35995
851.5349,-0.17478,9.42147,0.89067
851.5524,1.06066,8.47573,-2.32963
851.5732,0.38787,9.31133,1.59938
851.5951,0.16520,9.67048,0.56505
851.6123,0.62251,10.35045,0.92898
851.6321,0.24422,10.00807,-0.10774
851.6558,-0.15802,9.81892,1.36953
851.6734,0.04549,9.34725,1.13010
851.6935,0.05028,9.78540,-0.65364
851.7335,0.79969,8.08307,-0.88349
851.7338,-0.49083,9.49809,-0.19633
851.7534,-0.48604,11.07592,-0.79011
851.7745,-0.07183,8.93543,1.47966
851.7922,0.09817,8.65530,-0.34478
851.8135,0.62969,10.00567,-1.92500
851.8364,0.16042,8.94501,0.18675
851.8540,-0.75659,10.98972,-0.01915
851.8813,0.14366,10.30496,0.40224
851.8948,0.29928,9.82850,-1.83880
851.9120,0.26576,10.28102,0.31604
851.9323,0.43815,10.45580,1.36953
851.9545,-0.03831,9.46936,-0.94095
851.9739,-0.00958,11.31295,-0.19872
851.9940,0.38069,8.66249,0.93377
852.0250,0.42379,8.72953,-0.14126
852.0336,0.04549,9.43584,-0.49083
852.0523,-0.39027,8.64573,0.10774
852.0750,-0.95053,9.04796,0.52195
852.0925,-0.49561,9.87878,-0.26576
852.1124,0.41182,8.48292,-0.87870
852.1349,0.18196,9.28979,0.23224
852.1663,-0.36154,10.19482,0.42858
852.1723,-0.43097,9.93385,-0.38069
852.1946,0.34717,9.74949,0.71828
852.2123,0.52195,10.14454,1.69515
852.2323,0.79011,9.69921,-0.36154
852.2547,0.87391,8.83727,0.28731
852.2725,-0.15323,8.90431,1.22108
852.2979,-1.04151,9.96258,0.22985
852.3160,0.51716,9.60583,-1.23545
852.3322,-0.14605,8.83966,-0.05986
852.3539,-0.03831,8.54277,0.49083
852.3769,0.71110,9.28021,-1.17319
852.3945,-0.04549,9.33528,-0.40463
852.4307,-0.50519,11.06394,0.71349
852.4484,0.12690,10.20201,-0.89785
852.4518,-0.01437,11.31055,-1.01517
852.4717,0.03113,10.24989,0.51477
852.4943,0.32323,10.64255,0.31365
852.5121,-0.28252,10.63776,-1.50600
852.5361,0.16042,8.52601,-0.34956
852.5746,0.51477,10.17806,0.95053
852.5909,0.14605,8.04237,0.64167
852.5922,0.60575,9.49330,-2.49244
852.6149,0.33041,8.61939,0.77335
852.6323,-0.18675,9.51006,0.30886
852.6525,0.54829,9.69921,-0.78053
852.6748,1.33601,8.46855,-0.38787
852.6935,0.03352,10.41749,0.71349
852.7287,-0.05267,9.66569,0.55787
852.7360,0.01915,10.19003,-0.59139
852.7519,-0.02155,10.41031,-1.44854
852.7721,-0.13887,9.20359,-0.68955
852.7943,-0.05028,9.90033,-2.28893
852.8131,-0.47885,10.38636,-0.32323
852.8334,-0.44294,10.07990,0.41421
852.8669,1.24263,9.82610,-1.38389
852.8756,0.88588,10.11581,-2.27696
852.8942,-0.15802,9.86681,0.25619
852.9166,0.39984,9.34964,-0.97208
852.9323,-0.17957,9.25866,-1.42220
852.9523,0.23464,8.69122,-0.67997
852.9752,0.62730,9.10543,0.57941
852.9936,0.35675,9.87399,-0.22267
853.0118,0.17478,8.70319,-0.42858
853.0358,-0.72786,10.95141,0.61054
853.0519,-0.25379,10.67847,1.83641
853.0735,0.65603,9.31133,0.09817
853.0980,0.11014,10.14694,1.57543
853.1325,-0.29689,9.39753,3.05031
853.1373,0.33520,9.25387,1.47727
853.1542,-0.72786,10.78621,-0.11971
853.1717,-0.06704,8.71277,-0.16520
853.1922,0.37111,9.15571,0.92658
853.2147,0.51477,8.87318,-0.10774
853.2324,-0.28971,9.95779,0.26576
853.2524,-0.51237,10.59227,1.80768
853.2798,-0.33759,10.47256,-1.14925
853.2916,-0.23464,10.15412,-0.43336
853.3118,-0.12211,9.26824,-0.44773
853.3339,0.08859,9.55555,-0.80208
853.3514,0.65603,8.51644,-0.86433
853.3715,-0.29928,9.46217,0.09338
853.3950,-0.75180,9.82850,0.44534
853.4260,-0.20830,10.40073,0.49083
853.4335,-0.29450,9.85484,-0.78772
853.4573,-0.30168,9.53400,0.41182
853.4759,-0.35675,9.89314,-0.19872
853.4950,-0.05267,9.17007,-0.84039
853.5187,-0.28013,9.70400,0.30647
853.5370,-0.42618,10.34087,0.32562
853.5660,-0.44055,11.08070,-1.47248
853.5771,-0.70152,9.24669,0.93856
853.5947,0.32802,10.59467,0.34956
853.6149,0.71589,10.36242,-1.36953
853.6383,0.36632,9.51964,0.25379
853.6566,-0.76856,10.40073,1.13010
853.6780,-0.62012,11.38478,2.18118
853.7099,0.68237,8.92825,0.18675
853.7164,0.65843,9.11500,-0.61533
853.7368,0.07901,9.66808,0.39506
853.7592,0.19394,8.91628,-0.32562
853.7772,0.28731,8.96656,-1.04151
853.7972,-0.52913,9.72554,0.11971
853.8394,1.20193,9.00966,-0.50519
853.8397,0.41900,11.22436,0.55068
853.8568,-0.80687,10.05835,1.50600
853.8770,0.41900,8.97853,0.90025
853.8948,-0.59139,10.06314,-0.28731
853.9150,-1.13010,8.76544,-0.23224
853.9394,-0.95292,9.16768,0.95771
853.9550,-0.62012,8.86600,0.35196
853.9786,-0.56505,9.68005,-2.00880
853.9982,-0.78532,9.56273,0.80448
854.0142,-1.22347,10.30735,1.29770
854.0342,-0.21548,9.96258,-0.30886
854.0565,-0.82842,10.20919,0.50998
854.0742,-0.32562,10.23313,0.99841
854.1078,1.12052,10.05356,1.29770
854.1223,0.28252,10.38158,-1.19953
854.1357,0.10295,10.87001,-0.57223
854.1561,0.45252,10.56594,-0.56505
854.1784,0.34238,9.76385,1.00799
854.1969,-0.29928,10.56354,-0.79011
854.2155,0.62491,9.54358,0.87630
854.2440,-0.05746,10.70720,-1.73106
854.2590,-0.39027,10.12539,-1.17559
854.2756,-0.52913,9.68963,-0.27774
854.2985,0.93616,9.85484,-1.31925
854.3184,0.58181,7.08945,-2.26738
854.3360,-0.11253,10.34806,-1.34798
854.3589,0.79969,9.59146,-1.68318
854.3854,-0.04789,9.49569,-0.46928
854.3989,-0.30168,8.81572,-0.71349
854.4175,0.92180,7.65689,1.22108
854.4370,0.71349,9.28500,-1.26657
854.4568,0.04789,8.79657,-0.72547
854.4803,0.05267,8.54038,2.57624
854.4979,-0.52674,9.48851,3.08622
854.5325,-0.30647,10.28820,-1.25460
854.5477,-0.33041,10.15172,1.47727
854.5584,-0.22985,11.05437,1.15165
854.5781,-0.09338,9.84047,-0.10295
854.6009,-0.40224,9.32091,0.84518
854.6166,0.27055,9.21078,0.41660
854.6365,-0.11253,10.11821,0.56505
854.6604,-0.54350,10.53960,0.82842
854.6788,-0.75180,9.38316,0.65843
854.6964,-0.32562,11.05197,-1.28333
854.7189,0.71589,8.82290,-2.29372
854.7371,0.53153,8.49249,-1.71191
854.7578,0.17239,9.87160,0.84757
854.7808,-0.27774,11.04000,-1.73345
854.7988,-0.52195,10.68325,-0.19633
854.8297,-0.26337,10.37200,0.99123
854.8390,0.09338,10.39594,-1.09658
854.8577,0.24900,10.25229,-1.34079
854.8761,0.10535,9.98413,0.19872
854.8987,0.54111,9.15092,-0.09577
854.9164,0.14605,9.10543,-0.10535
854.9365,0.33041,9.35922,1.04151
854.9613,0.90982,9.63217,0.98644
854.9764,0.55547,9.97934,1.16122
854.9963,-0.65364,10.23313,-0.61293
855.0213,-0.80208,10.43904,1.66642
855.0386,-0.54829,9.55316,2.41103
855.0587,-0.39266,9.53400,-0.74462
855.0978,-0.86673,10.10145,0.27534
855.1152,0.45491,8.64573,0.04070
855.1185,-0.68237,9.66090,-1.42220
855.1385,-1.36234,11.06634,-1.25221
855.1563,0.12211,9.63696,-0.30647
855.1763,0.49083,10.72396,-0.09098
855.2001,0.26337,10.54678,-0.22746
855.2162,0.17478,10.04398,0.91701
855.2400,-0.24661,10.15412,1.18995
855.2585,0.39745,10.15412,-1.65444
855.2803,0.04549,10.84367,-0.05507
855.2990,-0.23224,10.53960,0.30168
855.3196,1.54431,9.06233,-1.16841
855.3398,1.06306,9.05036,-1.67839
855.3586,0.16042,9.56034,1.09897
855.3846,0.98644,10.24989,-0.50040
855.3976,-0.17239,9.33288,0.92658
855.4173,-0.36632,9.17007,0.64406
855.4396,0.15084,10.24271,0.05746
855.4573,-0.68237,9.26584,-0.11971
855.4774,-0.56026,10.05356,-0.13408
855.5005,0.12450,9.42626,0.38548
855.5176,0.44773,10.07990,-1.54431
855.5372,0.56984,9.88836,-1.84120
855.5598,0.35675,9.95539,-0.50519
855.5775,0.36632,9.51964,0.25140
855.5974,0.00479,9.24669,-0.35196
855.6198,0.44055,9.62498,0.90025
855.6392,0.47885,9.77582,0.25858
855.6705,1.12052,10.12778,-0.96250
855.6802,0.12211,9.87638,1.47487
855.7004,0.66800,10.00089,0.79729
855.7212,1.10376,10.43664,-2.70792
855.7434,-0.69434,10.43904,2.17879
855.7588,-1.52755,11.84448,1.39107
855.7785,-0.70392,10.59467,0.01915
855.8102,-0.96250,10.28580,0.69673
855.8173,0.08141,10.43186,-2.09020
855.8471,0.34717,8.60023,-1.54910
855.8613,-0.11971,8.78459,-2.98805
855.8799,1.67360,9.35683,-0.85236
855.8981,0.87391,9.86202,-1.36713
855.9400,0.44773,8.28898,-0.94334
855.9402,1.09658,9.54119,-1.14686
855.9598,0.64167,8.92107,1.58022
855.9813,0.80208,10.47016,-0.52435
855.9998,0.53632,9.59865,0.96968
856.0220,0.91701,10.35524,1.72867
856.0449,1.35516,10.14454,-1.96809
856.0741,-0.04789,10.36482,-0.94334
856.0850,-0.36872,10.00089,2.60258
856.1006,0.98165,8.61460,0.02394
856.1179,-0.11493,10.30256,-0.09098
856.1382,0.39027,9.07430,1.20432
856.1608,0.78293,7.86519,-0.20830
856.1812,0.60575,10.91071,-1.34079
856.2031,0.32083,8.77741,0.17957
856.2349,0.95771,10.39594,-1.35037
856.2390,0.42379,9.65611,-0.84039
856.2584,-0.39506,10.55396,1.98007
856.2803,0.86433,9.62738,-0.32083
856.2998,0.39745,9.25627,0.04789
856.3196,0.28252,10.58748,0.95292
856.3434,1.06306,9.31852,0.76856
856.3740,1.78852,10.03441,-1.40305
856.3867,0.80208,8.86600,-0.93377
856.4000,1.35516,9.56034,-0.63927
856.4178,0.43097,10.49171,-0.79729
856.4377,-0.76856,9.34007,-0.22985
856.4604,0.25140,8.88515,1.77895
856.4780,0.16999,9.11500,1.19714
856.4977,0.91701,8.24828,-0.81166
856.5202,0.67519,8.71277,0.50759
856.5375,0.46449,10.83409,0.48125
856.5578,0.24661,9.78780,0.06225
856.5804,-0.16281,10.15172,0.96968
856.5997,-0.69913,9.83329,-0.68237
856.6220,0.03831,8.02322,-0.99123
856.6542,-0.70152,9.30415,-0.06465
856.6580,-0.54829,8.99290,0.17239
856.6780,0.18436,11.09268,-0.42139
856.7018,-0.45970,8.35123,0.30647
856.7180,-0.29450,10.59467,1.83641
856.7383,0.11493,10.30975,2.00880
856.7627,0.17718,9.79977,2.36315
856.7904,-0.21548,11.15493,1.23784
856.7997,1.17559,8.62178,-0.21070
856.8208,0.34956,9.98173,-2.86116
856.8396,0.07901,10.62579,-0.79729
856.8620,1.83401,8.67446,-0.16999
856.8842,1.35037,9.58189,-1.85317
856.9180,1.09179,9.21796,-0.63209
856.9193,1.26418,8.03519,0.82602
856.9415,0.75899,10.19003,-0.40942
856.9574,0.12690,9.66808,-0.08619
856.9778,0.36872,9.62498,1.86035
857.0003,1.09179,9.57949,0.27534
857.0178,0.08141,10.43664,0.38787
857.0375,0.93377,9.83808,0.62251
857.0618,0.60575,9.81653,-0.95771
857.0775,-0.81884,10.49889,-0.73983
857.0977,-0.28731,9.79498,2.37033
857.1202,0.48843,9.99610,1.73345
857.1398,-0.33041,10.33369,-2.00401
857.1579,-0.42379,10.90113,2.25301
857.2025,0.92658,9.23951,0.22746
857.2028,0.87630,9.25387,-2.53554
857.2211,1.08940,9.48133,-0.87391
857.2408,1.11573,9.46217,-1.93697
857.2590,-0.13169,10.42707,-1.18038
857.2802,0.53871,9.11979,0.66800
857.3029,1.31925,8.95459,-0.64406
857.3206,0.48125,8.85642,-1.44375
857.3521,0.16999,11.36562,1.07024
857.3619,0.35196,10.36482,0.26576
857.3785,0.73744,9.72076,-1.48445
857.3987,1.01278,8.79657,-0.77096
857.4224,1.25699,8.01124,-1.32164
857.4409,0.00000,11.13817,-0.76617
857.4603,-0.96968,9.98891,1.87951
857.4868,0.22746,11.46379,-0.07422
857.4996,0.05746,8.58348,0.65124
857.5192,0.23224,9.34725,1.96331
857.5410,0.54111,9.24190,0.08619
857.5593,-1.28333,11.73434,0.88109
857.5812,0.61533,9.62498,-0.63448
857.6199,1.32882,7.66407,-0.58181
857.6337,-0.56505,8.99529,-1.71909
857.6398,-0.33999,8.89952,-2.74863
857.6612,-0.20591,10.29778,-0.17718
857.6808,-1.35995,9.05754,-0.07183
857.7026,-0.48843,9.38556,1.46051
857.7251,-0.20830,9.42626,-0.29689
857.7590,-0.61293,7.94899,0.02634
857.7692,0.06704,10.47495,-0.29210
857.7820,0.35196,8.62897,1.09418
857.8000,0.54589,10.42467,-1.69994
857.8197,0.59139,9.11500,1.80768
857.8427,0.89306,9.77343,0.01676
857.8601,0.38069,9.25148,0.59139
857.8801,-0.33759,9.79019,2.10696
857.9117,0.62251,8.72234,0.64406
857.9210,-0.30168,9.62020,0.26337
857.9431,-0.27295,9.15331,-0.18675
857.9625,0.62012,9.14852,0.75420
857.9797,0.79729,9.59146,-0.32083
858.0002,0.14366,9.49809,-1.12291
858.0214,0.74462,10.07750,-1.14686
858.0496,0.45012,9.31373,-1.44854
858.0616,-0.31126,10.03441,-1.16122
858.0817,-0.78532,9.96497,0.59857
858.0995,0.12929,8.60502,-0.27534
858.1194,1.44135,8.09265,-0.98405
858.1409,1.30967,9.08148,0.27295
858.1583,0.64406,9.83808,-0.18675
858.1783,0.91701,9.56752,1.27854
858.2017,1.25460,10.40312,3.07904
858.2188,-2.33681,10.87958,0.57223
858.2396,-0.89785,10.45101,-0.61533
858.2621,1.08700,9.98652,-0.26098
858.2797,0.01676,9.96976,-0.80926
858.3019,-0.03113,9.60822,-0.93137
858.3364,-0.10774,8.97374,2.00161
858.3399,-1.25460,9.08148,0.56984
858.3594,0.12211,10.27383,0.66321
858.3821,-0.16281,9.89075,1.38150
858.3998,-0.01197,10.33130,0.91461
858.4198,0.63448,8.51404,-0.94334
858.4434,-0.86194,10.28820,1.62332
858.4741,-1.17080,11.26506,0.63448
858.4811,0.01437,8.98092,0.40703
858.5035,-0.62251,9.28500,0.41182
858.5213,-0.96010,11.51167,0.71589
858.5401,0.07422,9.10064,0.01915
858.5641,-0.12211,10.04398,0.64645
858.6099,0.14845,9.72315,1.62571
858.6266,-0.04310,10.32651,-0.89067
858.6268,0.21309,9.43584,1.54670
858.6483,-0.39984,9.78301,0.94095
858.6595,-0.20112,9.68724,0.55068
858.6835,-0.68716,10.49411,2.43737
858.7012,0.20351,9.15092,0.58420
858.7213,1.09897,7.57549,-1.38150
858.7505,-0.40463,9.04318,-0.23464
858.7593,-0.02394,9.62498,1.02714
858.7793,-0.65843,9.35443,-0.14605
858.8015,-0.66561,10.78142,0.55547
858.8195,0.05746,9.69442,0.98884
858.8395,-0.21309,10.19243,1.21150
858.8651,-0.64167,10.55636,0.50759
858.8978,-0.36154,10.31454,0.00718
858.8997,0.25619,9.76864,-0.28971
858.9234,0.36154,9.41908,-0.28492
858.9392,0.31126,8.59545,3.06467
858.9594,0.81884,10.66410,1.13249
858.9820,0.28492,9.42387,1.49163
859.0203,1.28812,9.86441,0.92180
859.0410,0.24661,9.04796,0.80448
859.0438,-0.69673,10.34087,1.69994
859.0595,-0.76377,10.21398,4.63771
859.0795,0.23943,9.25148,1.88429
859.1069,-0.63209,10.92508,2.34878
859.1210,-0.45491,9.50527,0.55068
859.1404,0.67758,10.23553,-0.67758
859.1716,0.09817,9.67766,-0.84997
859.1823,0.55068,11.31055,0.21309
859.2004,0.60815,10.52523,-0.97686
859.2256,-0.12929,10.00807,0.97447
859.2397,-0.28731,10.77184,-0.76377
859.2618,-0.21788,10.86043,0.57702
859.3004,-0.72307,10.07511,1.66881
859.3182,-1.36234,10.37200,1.04630
859.3200,-0.90264,8.95698,0.93856
859.3417,-0.74701,8.95938,0.85715
859.3611,-0.57223,10.01046,1.16601
859.3812,0.43336,8.14293,0.54589
859.4052,-1.34079,10.72875,1.19953
859.4388,-0.59617,8.92107,-0.09577
859.4512,-0.03113,9.53400,-0.56744
859.4613,-0.45731,9.95779,-1.10615
859.4792,-0.05507,8.87797,0.90264
859.4993,0.20112,10.75987,1.30249
859.5215,-0.25140,9.53640,0.72307
859.5393,-0.03831,9.44781,1.51318
859.5653,-0.20112,9.92427,2.00640
859.5840,-0.04789,9.04796,-0.58420
859.5980,-1.25460,10.74311,1.22587
859.6182,-1.10137,9.66569,0.83560
859.6404,-0.73504,8.78938,-0.46688
859.6592,-0.49083,9.99370,-0.51716
859.6800,0.66082,10.02483,1.59938
859.7017,0.15323,9.05036,-0.35196
859.7211,0.54111,10.80776,0.85236
859.7401,0.56026,9.45978,2.63370
859.7608,0.36393,9.58907,0.75420
859.7782,0.53392,9.85005,-1.03193
859.7981,-0.30886,9.01923,-0.24422
859.8218,0.31126,9.02881,-0.36393
859.8393,-0.43336,9.76625,-0.33520
859.8676,-0.37111,10.37439,0.46928
859.8805,-0.23224,9.96737,0.91701
859.8988,-0.10774,9.81174,0.38308
859.9196,-0.04549,10.39594,-0.29210
859.9418,0.61054,9.96497,-2.19555
859.9601,0.98405,10.37200,-1.34798
859.9962,-0.13647,9.66808,0.39745
860.0102,0.38787,10.44622,-1.12531
860.0193,-0.14845,10.66649,-0.00718
860.0389,0.46210,9.91230,0.50759
860.0612,0.82602,7.65929,-1.45332
860.0784,0.68476,10.05595,0.30168
860.0993,-0.03113,9.56992,1.45811
860.1216,0.47885,8.91149,1.82444
860.1464,0.05028,9.89554,0.45491
860.1609,-0.49801,9.18923,0.71828
860.1816,0.35435,9.18923,-0.15323
860.2006,0.07901,8.54996,-0.62251
860.2229,0.11493,8.43982,0.16760
860.2451,-0.82842,8.37039,1.25221
860.2831,-0.73265,9.47175,0.47407
860.2833,-0.26337,8.41827,0.84518
860.3028,-0.91461,9.14374,2.18358
860.3201,0.12690,10.31454,-0.24422
860.3391,0.93856,9.57471,-0.35675
860.3626,0.11253,9.84047,1.33122
860.3790,0.36632,9.41429,0.74701
860.3986,0.34956,10.01525,0.01437
860.4221,-0.17478,9.71357,1.47966
860.4387,-0.48604,10.31454,2.07823
860.4587,-0.77335,9.51006,1.25221
860.4812,-0.91222,9.85005,1.39826
860.5009,0.15323,8.99290,-0.20591
860.5206,-0.30886,7.91068,-0.61293
860.5430,-0.41900,9.98413,-0.92658
860.5611,-0.53871,10.97536,3.77098
860.5801,0.35196,9.00966,-0.12211
860.6014,0.48843,10.05117,0.36632
860.6189,-0.45970,11.09268,-0.05746
860.6390,-0.21548,9.63696,0.96729
860.6618,-0.37830,11.36562,0.74462
860.6940,-0.95771,10.98493,2.17879
860.7078,-0.62491,11.19323,-0.39506
860.7235,-0.43336,10.47495,-1.27375
860.7390,0.53632,9.05036,-1.00560
860.7596,0.86433,9.11500,-0.62491
860.7828,0.19633,10.04877,-0.60815
860.8010,1.64487,8.60023,-0.76138
860.8210,0.87630,9.90751,-0.79250
860.8672,0.61772,10.42707,-0.01915
860.8675,1.04630,9.22514,1.40065
860.8795,-0.24900,9.35922,1.01278
860.9012,0.70152,9.75906,0.18915
860.9186,-0.24661,9.35204,0.75899
860.9391,-0.46688,10.06793,1.19953
860.9613,-0.22506,9.10782,2.95693
860.9805,0.75420,10.52763,2.41103
860.9986,1.22826,8.75347,0.81166
861.0239,1.54670,9.19641,1.11573
861.0402,0.73983,9.12458,0.61293
861.0604,0.25858,10.26904,0.23224
861.0823,0.06225,9.49809,-0.02873
861.1019,-0.66082,9.43823,1.56107
861.1205,-0.36872,10.29538,0.81884
861.1428,0.39984,8.83248,-0.38787
861.1592,-0.01197,9.51245,0.05267
861.1811,-0.06465,8.21236,1.54431
861.2017,0.13887,8.36081,-1.05588
861.2213,-0.10535,9.68484,-0.65603
861.2543,-0.20830,9.79977,0.46688
861.2715,0.68716,8.95698,-0.77096
861.2786,0.99123,9.53640,-1.69515
861.2989,0.49561,10.07750,-0.60096
861.3212,0.10535,10.85085,0.85715
861.3389,0.13408,9.93145,1.24502
861.3610,-0.33041,9.97934,1.05827
861.3845,-1.05109,10.39115,2.34400
861.4023,-1.00560,10.24271,1.35755
861.4192,1.09897,7.95139,-0.66082
861.4410,0.36154,9.15092,0.84518
861.4611,0.33520,9.13176,-0.01437
861.4811,0.74462,9.67048,0.36393
861.5050,0.71589,9.01923,0.88828
861.5400,-1.21869,10.68086,2.02077
861.5541,-0.86433,10.12778,1.02475
861.5635,0.60336,8.61460,0.18915
861.5793,-0.76617,10.66649,-0.84757
861.5989,-0.26816,9.66808,0.47167
861.6227,0.87152,9.33049,0.21309
861.6411,0.35196,9.21556,-0.20112
861.6614,-0.44055,9.52682,1.58980
861.6942,0.54111,10.61861,0.66321
861.6987,0.58899,10.14933,-0.30407
861.7187,0.11014,10.32890,-0.75420
861.7411,-0.30647,10.24031,1.75261
861.7615,0.17478,10.58509,1.98007
861.7803,0.41900,8.77741,-0.77814
861.8033,0.48125,9.32331,0.47167
861.8209,-0.51477,8.86839,2.56906
861.8415,-0.00239,9.02881,1.87472
861.8629,0.11732,9.68245,0.56026
861.8806,-0.60336,9.36401,0.90743
861.9020,-0.54350,9.10064,1.40544
861.9225,-0.02394,9.48612,1.56107
861.9401,-1.05588,9.25387,1.79331
861.9723,-0.65843,9.83089,0.05507
861.9846,0.22506,8.26504,0.75180
861.9984,0.02634,9.69442,-2.27696
862.0184,-0.29928,10.02004,-0.97208
862.0411,-0.51716,10.04398,1.74064
862.0588,0.45491,10.17806,1.63529
862.0789,1.41502,8.29377,0.96250
862.1078,1.09179,8.61939,2.93778
862.1190,1.08461,9.93385,1.07982
862.1384,0.59378,10.26186,0.33041
862.1618,0.59139,8.39433,-0.53392
862.1808,-0.61293,10.14933,1.48684
862.2009,0.10056,8.54756,2.48286
862.2374,1.43178,8.03519,-0.52195
862.2557,1.99443,8.94740,-0.62969
862.2587,0.47646,9.56273,1.01757
862.2836,1.35037,8.47094,0.54589
862.3042,0.80448,11.06155,0.64885
862.3201,0.19872,10.48213,1.35995
862.3455,-0.38548,9.77104,4.11097
862.3753,-0.79729,10.63537,0.15563
862.3896,0.12690,9.42865,-0.14126
862.4016,0.59139,9.59386,-1.54910
862.4217,0.11732,9.07191,-2.24583
862.4404,-0.15084,9.06472,-3.20354
862.4633,-0.66082,9.44541,-0.55547
862.4806,0.29210,8.48770,0.40463
862.5020,1.53952,7.99209,0.27295
862.5331,1.59938,8.63854,0.75180
862.5406,0.16520,11.38957,2.07584
862.5606,-0.09098,9.89793,2.86595
862.5816,0.19394,9.92906,3.16284
862.5993,-0.43815,10.01046,0.96968
862.6194,-0.84997,9.38316,1.94415
862.6450,-0.00958,9.56752,2.99284
862.6620,0.26098,9.20838,2.01359
862.6809,-0.15563,9.17007,-0.11493
862.7017,-0.12929,9.84526,1.48445
862.7195,0.36154,9.05754,2.54751
862.7393,-0.04549,9.36880,-0.62491
862.7632,0.33041,9.69921,-2.11175
862.7976,0.38548,9.52203,-0.78532
862.8091,0.62012,9.02163,1.41262
862.8217,0.94095,9.61780,-0.52435
862.8394,1.04869,8.82290,0.17957
862.8609,-1.13967,11.42309,1.34798
862.8821,-0.24182,10.52044,0.87870
862.9009,-0.21070,10.28341,0.92658
862.9227,0.48364,9.36401,-1.07742
862.9551,0.15323,8.81572,1.72148
862.9614,0.37590,9.75428,0.56984
862.9812,0.72307,9.79498,0.73025
863.0018,0.92898,9.59865,1.91781
863.0232,0.06943,8.93064,-0.35196
863.0442,0.13647,10.40073,-0.64406
863.0657,0.43336,9.82610,-0.11971
863.0929,0.85715,8.77262,0.99602
863.1073,0.12450,9.14613,0.79729
863.1215,-0.76856,10.11821,0.94574
863.1390,-0.38308,10.28341,0.95053
863.1590,-0.50759,10.16609,-0.79250
863.1817,-0.15084,9.58428,0.08619
863.2029,0.87630,9.69442,-0.58660
863.2234,0.42139,9.75667,-0.03352
863.2423,0.75899,10.44622,0.06465
863.2592,0.41182,8.95219,-0.38548
863.2793,0.70871,9.09106,-1.19714
863.3033,0.36154,8.73910,-0.17239
863.3210,0.76377,10.07750,-1.14207
863.3413,0.18436,10.37918,0.12690
863.3725,-0.23703,9.37598,-1.24023
863.3813,-0.73265,10.20679,0.24422
863.4008,0.02394,10.34087,-0.20830
863.4216,-0.37111,9.83808,1.26657
863.4410,-0.23943,9.99610,-0.33999
863.4632,0.48843,8.86361,0.03591
863.5027,0.00000,11.12619,-0.77575
863.5029,-0.35196,9.75906,-1.08700
863.5253,0.42858,9.95779,-0.75899
863.5418,0.42139,9.05515,-0.03831
863.5597,0.35675,9.96497,0.41900
863.5797,1.01996,11.14774,0.73744
863.6039,0.22746,10.78142,-0.42618
863.6211,-0.51477,10.70959,-0.70631
863.6542,-0.05028,8.47573,-0.49561
863.6625,-0.39506,9.37359,-0.71589
863.6810,-0.27534,8.71516,-0.57223
863.7015,-0.24422,10.74551,-0.03831
863.7220,-0.20830,9.06951,-0.14366
863.7416,0.75659,10.89874,-1.34319
863.7776,0.66561,9.09585,-1.06306
863.7977,0.07901,11.68646,0.05986
863.8045,0.91701,9.73752,0.13887
863.8202,0.50998,10.81494,0.05267
863.8441,-0.15323,8.94740,0.58899
863.8621,0.31365,8.75107,0.91701
863.8841,-0.17239,9.00487,-0.05986
863.9256,0.05267,9.57231,1.41502
863.9258,0.23703,8.21715,0.96010
863.9468,0.89067,9.00008,0.17718
863.9640,-0.56265,9.90751,-0.36632
863.9818,1.06306,10.42228,-0.82124
864.0016,1.25699,10.16130,-0.28252
864.0226,0.59857,11.40633,-0.62251
864.0502,0.60336,9.06712,-1.00081
864.0646,-0.17957,10.44622,-0.12929
864.0825,0.76856,8.40630,-3.22030
864.1002,-0.64645,8.15729,-0.35435
864.1219,-0.56744,9.51245,-0.56026
864.1424,0.26098,9.26824,-0.44773
864.1597,0.13887,9.49330,0.16760
864.1795,-0.16281,10.87240,-0.52913
864.2057,0.52435,7.48450,-0.84039
864.2200,-0.45252,8.44221,0.01437
864.2398,-0.09577,9.20359,1.49642
864.2641,-0.71589,8.55235,-1.46530
864.3193,-0.60815,10.73832,1.76937
864.3193,-0.13887,10.75508,0.48125
864.3328,-1.09658,10.06074,-0.77814
864.3417,-0.19872,11.38717,1.64247
864.3615,1.02236,8.42306,2.13330
864.3840,0.96968,11.94264,-1.01996
864.3997,0.72786,8.70079,-0.46449
864.4200,-1.06306,10.58988,-0.80448
864.4443,-0.98884,9.42626,-1.72867
864.4660,-0.46449,10.52763,0.12450
864.4800,0.79011,10.84606,-1.25460
864.5023,-0.15084,9.55316,0.32802
864.5213,0.47407,10.27623,-0.41900
864.5398,-0.40942,9.06951,0.35675
864.5651,-0.56505,11.45660,-0.90264
864.5822,-0.44294,9.77104,2.10457
864.6141,0.11971,11.68646,-2.15485
864.6233,0.12211,9.96737,-1.37192
864.6430,0.74701,8.40630,-2.56666
864.6600,0.31844,9.38556,-0.55787
864.6866,-1.22826,10.81494,4.14210
864.7038,0.86673,10.02722,-0.22506
864.7384,1.21629,9.30415,-0.30647
864.7542,0.22746,9.56992,1.88908
864.7612,0.72547,8.43503,-0.02394
864.7816,1.00560,10.38158,-1.25939
864.8036,0.41421,8.13814,-0.18436
864.8220,0.39745,7.97533,-1.36234
864.8422,0.86194,8.95459,-0.05746
864.8831,-0.67997,10.20679,0.69913
864.8832,0.16999,9.16289,0.49801
864.9058,1.43417,9.92427,0.53392
864.9222,1.25221,7.69999,-0.21309
864.9412,-0.61293,8.69122,1.65923
864.9628,-0.60096,10.84846,1.12291
864.9858,-0.25140,10.60424,-0.34478
865.0071,0.28013,8.43503,-0.98165
865.0219,-0.10774,10.13975,1.31685
865.0440,0.62730,9.14613,-1.01038
865.0621,-1.23545,10.07511,2.09499
865.0831,0.14366,8.64333,1.91542
865.1039,1.05827,9.16289,-0.55068
865.1213,0.22985,8.20757,-0.36632
865.1411,-0.68476,10.22595,1.19714
865.1635,0.04070,11.38238,-2.01837
865.1827,-0.79490,11.11901,-1.17080
865.2014,-1.06545,11.50688,-1.39826
865.2235,-1.12291,11.19084,-0.50040
865.2416,-1.00081,10.70720,-0.13887
865.2635,-0.45252,11.20999,0.59617
865.2859,-0.43336,10.34327,-2.30569
865.3143,0.60336,9.47415,-0.11493
865.3315,-0.02155,9.77343,1.35277
865.3448,0.52435,9.12937,-0.34956
865.3615,0.44055,10.38158,-1.54910
865.3815,0.49801,9.63217,-0.77814
865.4069,0.05507,9.55795,-0.84757
865.4233,-0.51237,8.90431,-0.76617
865.4549,1.22347,9.57949,0.59139
865.4642,0.92419,9.25627,-2.15724
865.4817,0.71589,10.37200,0.42618
865.5019,1.20911,10.09905,0.88828
865.5240,0.68237,10.80776,-0.71828
865.5417,0.37830,10.48213,-0.11732
865.5620,0.51716,9.58428,2.13569
865.5936,0.62491,8.33926,-2.61215
865.6030,-0.75659,10.54439,-0.97926
865.6218,-0.28971,9.18204,0.68237
865.6440,0.71110,9.51245,0.40224
865.6632,-0.41660,9.84047,0.79969
865.6816,-0.28492,8.10701,0.99841
865.7041,0.19872,9.16528,0.08619
865.7220,-1.11334,9.21317,2.18597
865.7437,-0.13169,9.21078,4.03914
865.7642,-0.28013,10.22595,0.96010
865.7819,-0.78772,10.36721,0.17718
865.8021,0.03831,9.57471,1.78134
865.8245,-0.37590,11.71519,3.10537
865.8419,-0.50998,9.57710,2.74623
865.8731,-0.08141,10.13975,2.72708
865.8839,1.24263,10.32651,1.33601
865.9017,-1.66402,9.08388,-0.48843
865.9221,-1.78613,11.00169,0.62491
865.9441,-0.60815,10.26904,-0.50040
865.9632,-2.06626,10.95620,2.33202
866.0011,-0.99362,9.11500,-0.97208
866.0206,-0.17478,8.65530,-1.27854
866.0223,-0.90264,11.73195,0.47167
866.0417,0.46688,9.38556,0.63209
866.0640,0.33041,9.22275,4.78616
866.0850,0.48843,10.16848,0.10774
866.1030,-1.12291,9.37359,-1.53473
866.1260,-0.26098,8.78938,-5.12614
866.1425,0.41660,5.56190,-1.37910
866.1614,0.18675,9.03599,-1.84120
866.1859,-0.33759,8.44221,-0.48125
866.2014,-0.53392,8.09744,-0.26337
866.2216,0.11253,7.01523,2.80370
866.2441,-0.18196,5.47810,-0.84278
866.2617,2.58821,9.41668,-0.32323
866.2849,2.09020,7.13733,0.30407
866.3052,-2.39427,10.49171,2.66004
866.3229,-2.16442,9.47893,5.54035
866.3427,0.34717,8.66009,5.36557
866.3664,-3.79493,10.71199,-1.89148
866.3845,-1.77416,8.00167,4.35519
866.4050,-2.21470,8.38475,3.56268
866.4316,-2.53314,9.42626,0.44773
866.4464,1.34558,6.72791,0.93377
866.4639,4.07027,15.52687,8.88515
866.4846,-5.74626,10.47256,-2.05429
866.5041,-1.73585,5.70795,-11.59787
866.5225,4.61616,8.68403,-11.19323
866.5536,2.36554,7.02241,1.26178
866.5650,-1.64247,13.89398,0.22746
866.5833,3.32325,12.90993,3.81169
866.6057,-0.67758,11.49970,0.07662
866.6252,-2.81088,10.77663,4.50124
866.6451,1.37192,11.95940,-1.10855
866.6696,-0.90743,10.60424,2.46371
866.6884,-0.76138,12.47417,-1.21629
866.7064,-1.06306,10.56833,0.75659
866.7278,-1.33840,12.08391,-1.16362
866.7457,-1.28094,10.07511,1.49163
866.7655,-0.19394,10.10623,0.04789
866.7879,-0.51477,9.60104,1.28812
866.8054,-1.63529,10.20440,0.38548
866.8431,-0.68955,10.42467,-0.49801
866.8594,-0.79011,10.00089,1.37431
866.8655,-0.52435,10.24510,0.71589
866.8855,0.37111,9.55555,0.07422
866.9078,-0.70871,10.65692,0.54111
866.9269,-0.64167,9.29457,0.39984
866.9468,-0.01437,9.26584,-0.24661
866.9763,-0.13408,8.61221,1.45093
866.9867,0.50280,9.09585,-0.33280
867.0050,-0.34478,9.81892,-0.32802
867.0272,-0.61054,10.70480,0.48604
867.0450,0.35196,8.83966,-0.42139
867.0652,0.39984,8.14053,-1.11573
867.0872,-0.45491,8.53559,0.44534
867.1050,1.18517,8.87318,0.11493
867.1312,0.51477,9.54119,-0.21309
867.1474,0.60096,8.18603,2.26259
867.1648,1.42220,8.50446,-0.73265
867.1848,0.59617,9.40711,1.46051
867.2072,0.75180,8.96656,0.72068
867.2249,-0.05986,8.85642,0.90264
867.2452,-0.42379,10.01765,0.61293
867.2676,-0.87870,9.71836,0.83321
867.2853,-0.49561,9.98173,1.72148
867.3054,-0.34717,9.04796,0.63688
867.3275,-0.40224,9.70160,1.69036
867.3492,-0.55068,10.50129,-0.02634
867.3668,0.43576,9.60583,-0.76138
867.3904,0.47646,8.64094,-0.01437
867.4227,-2.04471,8.04716,0.07662
867.4279,-2.19076,10.85564,3.51719
867.4476,-1.83880,9.66808,0.25140
867.4655,-1.00320,9.67048,0.69195
867.4855,-0.57941,12.18686,-0.61054
867.5084,-0.25379,10.75748,1.29291
867.5276,2.37991,7.01283,-1.66163
867.5543,4.98488,8.05913,0.66561
867.5688,-3.17002,10.35045,2.99284
867.5853,-1.56825,12.40474,5.86837
867.6053,0.01676,14.36086,4.78616
867.6276,-1.47248,9.91709,0.61293
867.6454,1.32643,10.18285,-5.88752
867.6742,3.53395,6.39750,-4.96333
867.6923,3.06467,6.85241,9.05515
867.7070,-2.53554,12.01208,0.60575
867.7250,-0.33520,5.26740,5.36318
867.7495,-2.22668,9.26824,-3.44536
867.7670,0.07901,9.40950,1.19235
867.7853,1.40783,9.25627,-4.27378
867.8240,0.11253,9.69202,1.26657
867.8396,1.54431,9.18204,-0.48125
867.8461,1.43656,8.74868,-1.34079
867.8676,-0.61772,9.91709,-0.53392
867.8853,0.40224,8.46137,-0.11014
867.9053,-0.24182,10.43664,0.93616
867.9277,-0.09817,10.24031,1.73345
867.9474,0.61772,10.31693,0.39506
867.9775,0.47885,10.09426,-0.76617
867.9871,0.20830,11.24112,2.31766
868.0052,-0.04549,9.81174,0.11014
868.0255,-0.34956,11.13577,1.21629
868.0476,-0.14126,10.25229,1.24981
868.0654,0.38787,9.14613,0.03113
868.0877,0.20351,10.36721,0.22267
868.1183,-0.18196,9.27063,1.61853
868.1250,0.26337,10.20440,-1.70712
868.1451,-0.27055,9.93145,1.92260
868.1677,0.18915,9.80695,-0.20351
868.1854,0.76856,8.94022,0.34478
868.2056,-0.31365,11.49970,0.67758
868.2484,-1.33361,10.81494,1.27854
868.2486,-0.03113,10.31214,0.59378
868.2651,-0.21070,9.56992,1.73345
868.2878,0.71828,8.44940,-0.11014
868.3065,0.68955,9.64893,-1.08940
868.3262,0.12211,10.48932,0.46210
868.3490,0.04549,10.10384,-0.10295
868.3673,0.60096,9.55795,1.08940
868.3857,0.18675,10.07990,1.54431
868.4103,0.38308,8.66009,1.26897
868.4245,0.62730,9.00008,0.95292
868.4449,0.00239,9.65611,1.31925
868.4681,0.05028,10.03680,-0.02634
868.4862,0.53871,10.19482,0.14605
868.5073,-0.33280,10.07032,0.80687
868.5448,0.51237,9.60583,0.48364
868.5469,1.01517,9.74470,0.13408
868.5667,-0.16042,10.84128,0.08141
868.5875,0.30407,10.65213,-0.22746
868.6069,0.19872,9.64174,0.37111
868.6252,-0.13169,9.21796,-0.11493
868.6495,0.45731,10.64973,-0.98644
868.6747,0.45012,8.75347,-0.48125
868.6923,-0.16281,11.25309,0.10774
868.7089,0.69434,9.59386,-0.21070
868.7264,0.55308,10.33608,0.47646
868.7450,-0.18196,10.46059,0.88349
868.7689,-0.07183,9.07191,0.50280
868.8061,0.39984,10.27383,-0.81884
868.8062,-0.39027,10.47016,1.64008
868.8270,-0.14366,10.52763,-0.80687
868.8467,0.63448,9.78540,0.58660
868.8684,-0.01437,10.58509,0.91940
868.8888,-0.04070,9.97694,0.04549
868.9062,-0.16281,10.62819,-0.35196
868.9272,-0.66800,9.43105,1.35277
868.9585,-0.48604,9.40471,1.41502
868.9650,0.02155,8.49968,1.46290
868.9855,0.07422,10.63776,1.92739
869.0089,-0.33041,9.81174,1.23066
869.0251,-0.51716,10.51565,-0.45252
869.0467,-0.41421,9.81653,1.73106
869.0684,0.42379,7.24029,0.48604
869.0928,-0.38787,11.04000,0.39027
869.1049,-0.07183,10.35524,0.12929
869.1270,0.05267,9.90033,-0.63927
869.1446,0.09817,9.67526,-0.63209
869.1660,0.20351,9.61780,2.20513
869.1890,0.11493,11.20281,0.69195
869.2072,-0.30647,10.87240,0.17718
869.2258,-0.19633,9.89075,-0.93616
869.2469,-0.58420,10.54918,0.95053
869.2645,-0.53153,10.51326,0.70152
869.2849,0.90264,8.76305,0.59139
869.3069,0.55068,10.31932,-0.11493
869.3293,-0.71828,9.93145,1.38629
869.3675,-0.16042,11.03761,-0.12929
869.3788,-1.27615,9.91948,1.93218
869.3890,-0.33999,10.60903,1.50121
869.4067,0.81166,10.06553,-0.22267
869.4293,0.00718,11.01366,0.69195
869.4484,0.38548,8.89713,1.35995
869.4686,0.38548,9.26345,-0.01676
869.4906,-0.17239,9.49330,0.90982
869.5093,-0.15563,9.21317,1.54431
869.5273,-0.23464,12.34009,0.98405
869.5490,-0.24900,9.02163,1.00560
869.5665,-0.25858,9.57471,1.53473
869.5873,0.50998,9.22993,1.73585
869.6111,0.33041,9.30894,1.73824
869.6282,0.49801,10.68565,1.73585
869.6622,-0.32802,11.55238,0.48364
869.6689,-0.56984,11.34168,0.41900
869.6869,-0.49083,10.55636,1.48206
869.7067,-0.56026,8.76544,1.61135
869.7306,-0.58660,9.94103,2.44934
869.7495,-1.01038,9.87878,1.07503
869.7803,-1.24023,10.88916,0.42379
869.7946,-0.45731,9.52443,-0.00239
869.8079,-0.48604,9.38077,1.99683
869.8370,0.39266,9.01684,1.44375
869.8495,-0.04310,9.20599,1.75261
869.8682,-0.32802,10.48932,0.12929
869.8879,0.02155,10.10863,-0.41182
869.9081,-0.00958,10.62100,0.24661
869.9337,0.06465,10.45819,1.00320
869.9462,0.33759,9.39513,-0.03113
869.9714,0.25140,11.19084,-0.47885
869.9870,-0.24182,7.65689,-1.38629
870.0073,2.08302,7.91547,-4.07506
870.0297,1.88908,9.56752,-1.07982
870.0471,-0.01676,11.57153,4.33364
870.0678,-3.23945,11.26506,4.44377
870.0894,-3.27537,9.49809,8.31053
870.1072,-0.34717,9.83089,0.82363
870.1271,0.23464,5.32487,-12.46459
870.1493,3.17002,6.89551,-7.73111
870.1669,3.74225,11.17887,-1.17080
870.1871,-2.39188,8.73192,0.05746
870.2098,-1.41980,9.74709,0.87391
870.2274,1.25460,11.42548,0.13408
870.2469,0.94095,10.62819,2.19316
870.2690,5.30571,13.17809,-1.76219
870.2872,3.82605,8.51644,10.96338
870.3088,-3.47170,15.60588,0.62730
870.3361,0.66321,6.65130,5.94977
870.3489,-0.36872,11.77504,0.73983
870.3672,-2.01119,8.38236,0.84997
870.3895,-1.69994,12.20601,1.06785
870.4072,0.65124,6.45018,1.47727
870.4272,2.78215,10.39834,-1.53473
870.4524,2.28414,10.73593,-1.49642
870.4735,0.62491,10.77903,4.24026
870.4877,-0.11971,10.64016,3.71831
870.5093,-0.08619,10.88916,4.32885
870.5271,-0.79729,8.30813,0.51956
870.5470,-0.47646,8.41588,-0.41900
870.5694,-0.09577,9.76146,-3.01918
870.5881,0.82842,8.58587,0.93616
870.6099,0.68955,10.92508,0.24182
870.6406,0.00958,10.05835,0.39266
870.6493,0.41660,8.92825,0.30886
870.6696,-0.37830,9.49330,1.55149
870.6932,-0.31365,9.23711,1.51318
870.7111,0.53153,10.75029,-0.23703
870.7289,0.36872,9.83808,1.44135
870.7510,-0.22506,10.59227,-0.16281
870.7836,1.07264,9.20599,-0.51956
870.7880,0.18915,10.06314,2.73426
870.8108,0.25379,9.28979,1.38629
870.8276,0.79729,10.91071,-0.43576
870.8479,0.60336,8.92586,-1.25460
870.8721,-0.02394,10.57791,1.25939
870.9070,1.35277,9.52682,0.11014
870.9221,1.07742,8.95459,1.05588
870.9295,0.87870,9.27781,-0.36154
870.9479,-0.22506,10.82691,-1.61614
870.9691,-0.39745,9.71357,0.55308
870.9898,0.57463,8.47813,0.03113
871.0114,1.28573,10.34327,-2.09260
871.0461,0.74941,10.82930,-0.79250
871.0648,1.48924,10.44622,-1.16841
871.0675,0.64406,10.49171,0.54829
871.0874,-0.06704,9.40711,0.49561
871.1107,0.03352,10.69762,2.65764
871.1285,-0.23703,9.04078,0.21548
871.1486,-0.60575,10.47256,0.38548
871.1713,0.34478,9.06951,0.44055
871.1906,-0.38548,9.85962,0.15802
871.2075,0.36632,9.95061,0.24182
871.2313,0.61293,8.33926,0.89306
871.2493,0.56026,9.92427,-1.16841
871.2673,0.40224,10.78381,1.45093
871.2919,-0.47646,11.16929,1.23066
871.3255,-1.09897,10.36482,3.48367
871.3423,-0.41421,9.64174,0.18915
871.3514,-0.37111,9.89314,0.86194
871.3683,0.54350,10.57072,-0.54111
871.3886,0.60336,9.45260,-0.40224
871.4109,-0.28731,10.82930,0.17478
871.4289,-0.28492,9.86681,1.73106
871.4504,1.07742,10.87480,-1.36474
871.4844,-0.18675,10.18764,0.42858
871.4885,-0.27295,11.84687,0.58420
871.5083,0.30168,9.27781,1.97528
871.5307,-1.06066,10.56833,2.37273
871.5486,-0.96729,10.68325,0.90743
871.5688,-0.01197,9.41189,-0.92898
871.5931,-0.14605,10.36242,-0.93856
871.6104,0.62012,8.48052,-0.27055
871.6295,0.98884,7.97054,-0.42618
871.6524,-0.37111,10.77184,0.45731
871.6682,-0.01197,9.86441,0.25379
871.6923,1.30727,9.89554,-0.09338
871.7145,-0.23703,8.90670,1.75979
871.7483,0.12450,9.14134,1.43896
871.7620,0.11253,9.98173,1.76937
871.7725,-0.90025,10.80536,2.81327
871.7899,0.02155,10.20679,0.73265
871.8083,0.57463,10.81254,-0.79490
871.8324,1.59219,9.94582,0.19872
871.8483,0.42379,9.65132,0.36393
871.8777,0.05746,10.64255,0.86194
871.8903,-0.39745,8.60742,1.56346
871.9099,-0.24182,8.79178,0.19394
871.9296,0.27295,9.11261,-1.55149
871.9522,-0.14366,9.87878,-1.08221
871.9681,0.36154,11.00888,-0.18675
871.9899,-0.62969,10.83649,1.70712
872.0421,1.18756,8.92346,-1.02714
872.0424,1.20193,8.28658,-0.06943
872.0582,0.09577,9.73752,-0.14845
872.0708,0.68955,9.97455,1.36474
872.0880,-0.20112,10.43425,0.90982
872.1081,-1.35516,11.65294,2.62173
872.1310,0.04789,10.42707,-0.98644
872.1486,0.98644,8.13814,0.56505
872.1761,0.19872,11.02324,0.45970
872.1910,0.40703,9.71118,-0.08859
872.2098,1.07742,9.73033,-1.20432
872.2283,0.25619,10.49889,0.10535
872.2505,0.26337,9.54119,-0.23464
872.2681,0.47167,8.20279,1.59698
872.2896,-0.13647,9.74709,0.27055
872.3205,-0.53392,10.38636,-1.14207
872.3281,-0.00958,9.30415,0.09577
872.3492,0.43097,9.35204,-0.16281
872.3712,0.98165,9.44063,0.07183
872.3892,1.56107,9.21556,0.72786
872.4092,1.03912,9.88117,0.06704
872.4336,0.48843,11.06634,1.41262
872.4660,-0.30886,10.15891,1.85796
872.4690,0.28731,9.08627,-0.21788
872.4912,0.32323,10.26665,2.89947
872.5084,-0.67519,9.61541,3.27776
872.5289,-0.33280,10.46298,2.53554
872.5508,-0.33759,10.33130,3.01200
872.5875,0.32323,9.94582,0.70871
872.6068,0.12690,9.73991,0.35914
872.6135,0.26816,9.75667,1.25460
872.6292,-0.31844,11.02085,-1.62811
872.6491,-0.90743,11.78701,1.11094
872.6710,-0.39027,9.58668,3.34001
872.6888,0.07901,9.14134,0.01437
872.7101,0.29928,9.11500,1.65684
872.7443,0.25379,9.83808,-0.05267
872.7489,-0.04310,10.05835,-1.06785
872.7689,0.12690,8.96416,-0.12211
872.7913,0.96968,8.88515,-1.87472
872.8105,0.47407,9.84047,-1.29051
872.8305,0.12929,10.17567,0.21309
872.8543,0.19394,10.33130,0.54350
872.8721,-0.36393,9.99849,1.08700
872.8889,-0.35675,10.51805,0.73744
872.9213,0.01676,10.59467,0.06465
872.9289,0.11253,10.15412,-1.34079
872.9494,-0.03831,9.68963,0.73504
872.9714,0.59378,9.53161,-1.28094
872.9897,0.61293,8.85163,-0.14126
873.0242,0.05986,9.25148,1.41980
873.0313,0.75180,9.37837,0.29928
873.0488,1.24502,8.89473,0.82842
873.0687,0.43336,9.64174,0.28492
873.0922,0.50519,11.27464,0.21548
873.1100,0.07901,10.19961,-1.18756
873.1320,0.11493,11.09746,-0.26816
873.1584,1.12770,10.04159,-0.47407
873.1733,0.70152,10.12778,-0.57463
873.1887,0.33041,10.38397,1.16362
873.2109,1.09179,9.81174,1.15404
873.2286,0.30168,8.15729,1.60177
873.2488,0.47407,9.92427,0.84039
873.2722,-0.40942,10.75269,1.98246
873.2906,0.41900,9.87160,-0.85715
873.3103,0.77814,9.42147,0.58899
873.3315,0.77575,10.45340,-0.74462
873.3488,0.81884,10.29299,-0.79490
873.3687,0.04789,10.51805,-0.29928
873.3926,0.27774,9.78780,0.83321
873.4099,0.54111,9.24908,0.16999
873.4445,-0.51237,10.51565,0.94574
873.4512,-0.22267,10.14933,0.16520
873.4685,0.70631,9.24190,-0.79490
873.4888,0.64406,9.82371,-1.38389
873.5110,0.58660,10.25947,0.56026
873.5289,-0.21309,9.70639,1.93697
873.5488,-0.32802,10.29778,1.79331
873.5714,0.15563,10.70001,1.67120
873.5888,0.44294,9.54597,1.48206
873.6088,0.44534,8.64094,-0.26576
873.6315,0.40463,9.56752,0.39745
873.6492,0.84278,8.29616,-1.26418
873.6704,1.11813,8.55953,-1.01757
873.6960,0.08859,9.64893,0.78053
873.7314,0.30168,9.73512,0.29210
873.7315,0.30647,10.92747,-0.89306
873.7510,-0.16999,10.20679,1.76937
873.7686,0.03831,10.21877,2.03034
873.7888,0.21309,10.31454,0.58420
873.8113,0.58420,10.13257,1.05588
873.8451,-0.22985,9.80455,2.20034
873.8672,-0.18436,9.90512,0.21070
873.8735,0.37830,9.41189,0.43815
873.8899,-0.09817,9.64414,-0.17957
873.9099,0.09817,10.23313,-0.23224
873.9329,-0.55068,10.81015,2.62173
873.9503,-0.42618,9.68963,2.42540
873.9700,0.60575,10.69762,-1.26897
874.0046,0.11971,9.11500,1.74303
874.0100,0.67997,10.57072,-0.75899
874.0303,0.51477,10.32890,1.22826
874.0529,0.15323,10.30017,0.67279
874.0685,0.76617,9.18444,1.39586
874.0887,0.92658,9.43105,-0.60575
874.1110,0.18436,9.49091,0.61054
874.1448,0.44773,10.27144,0.63927
874.1523,-0.11971,9.66090,-0.64406
874.1730,-0.03591,8.91389,0.45252
874.1907,0.00718,12.21798,0.87391
874.2121,-0.45012,10.65931,-0.33041
874.2344,-0.65124,11.68406,1.80049
874.2530,-1.36474,10.47495,0.36632
874.2846,0.35435,8.71756,-1.69754
874.2980,0.73504,10.17327,0.51237
874.3106,1.47248,10.07511,-1.20911
874.3306,1.31446,10.56354,-1.40544
874.3528,-0.14366,10.43186,2.01837
874.3705,-0.17478,10.62100,2.45413
874.3907,0.73504,10.75748,0.31126
874.4188,-0.14845,11.04718,1.47487
874.4310,1.40305,9.51724,0.86433
874.4502,1.70472,9.00008,-0.84997
874.4729,0.03591,9.41908,1.50121
874.4905,0.46688,8.99290,1.84599
874.5121,0.54350,9.21317,0.36632
874.5358,-0.97686,9.46696,2.05668
874.5541,-0.04310,10.71438,1.14925
874.5708,0.62251,9.70639,-1.35755
874.5947,-1.05588,10.58509,-0.06225
874.6119,-0.41421,10.39594,1.05827
874.6331,-0.18196,10.55157,-0.44534
874.6564,-0.27055,10.70241,1.84120
874.6909,0.88828,10.28102,0.88588
874.7019,1.15643,8.88037,-2.40864
874.7123,-0.51716,9.28021,2.37991
874.7305,-0.21788,11.35365,0.66321
874.7502,1.09418,8.19800,0.52913
874.7727,-0.64645,9.50767,0.12450
874.7904,-0.53632,10.21877,0.33041
874.8117,1.03193,8.77262,-0.48364
874.8474,0.37351,9.43584,-0.09577
874.8506,1.51797,9.95539,-1.86753
874.8702,1.69754,8.88515,-0.25858
874.8926,1.04151,10.13736,-1.03193
874.9101,1.03433,10.07032,1.67599
874.9308,0.96729,10.73832,0.24900
874.9558,0.26816,10.55157,1.25939
874.9780,-0.09098,10.95860,2.49483
874.9903,0.14366,10.41270,-0.46688
875.0129,-0.06704,11.73195,0.96250
875.0319,0.85236,9.30176,-0.48364
875.0513,0.66321,9.64653,0.40463
875.0774,0.47167,9.41668,0.31126
875.1107,0.14126,8.63136,1.28573
875.1221,0.03831,10.98972,-0.80926
875.1328,-0.81166,11.32731,-0.86433
875.1519,0.69673,10.02243,0.59139
875.1719,-0.51956,9.74709,0.95771
875.1963,-0.12690,10.19482,-0.39266
875.2139,0.24182,10.50847,-0.82602
875.2335,-0.36872,10.89156,-0.40463
875.2664,0.82842,9.06233,-2.04471
875.2706,-0.09098,9.09824,0.70631
875.2918,-0.28252,9.27781,1.88190
875.3126,0.65124,9.94582,-1.32403
875.3323,0.77335,9.66329,-1.32164
875.3521,0.03113,9.95061,-0.24422
875.3876,0.69673,10.86522,-0.21070
875.3999,0.31365,10.14454,0.61533
875.4126,-0.59378,11.23633,0.13647
875.4324,0.59617,8.54517,-0.54829
875.4520,0.02155,9.11740,2.10457
875.4702,-0.19154,10.52284,5.19318
875.4929,-0.10295,9.89793,2.19555
875.5251,0.56744,9.40711,1.63529
875.5416,-0.62012,10.83170,0.32323
875.5535,-0.55308,10.38876,0.73744
875.5714,0.26816,9.12219,-0.59378
875.5913,-0.63927,9.94582,1.33361
875.6157,-0.63688,12.33051,0.39506
875.6335,0.53632,7.85322,1.56107
875.6558,0.35914,13.12063,-2.16921
875.6770,-0.70392,10.40073,-0.22027
875.6932,-0.63688,10.01765,1.29770
875.7148,0.44773,10.46537,0.28731
875.7372,0.56026,9.00008,-0.17478
875.7550,-0.89306,9.40950,0.20112
875.7734,-0.45491,11.13817,1.25221
875.7971,0.10774,9.00487,-1.09418
875.8155,-0.55547,9.38077,-0.50519
875.8329,-0.00479,9.79737,0.26337
875.8556,-0.39506,8.57629,-0.71110
875.8750,-0.36632,10.66889,1.79092
875.8949,0.08380,10.04638,2.23386
875.9187,0.58899,9.10543,-0.96729
875.9371,-0.05986,9.19880,2.10457
875.9702,-0.49801,10.31693,1.44135
875.9765,0.45970,8.64573,-0.48604
875.9934,-0.32083,9.30655,0.90982
876.0135,-0.25140,10.28341,1.80768
876.0357,0.83800,9.09106,-0.59378
876.0547,0.18196,9.33049,0.14126
876.0737,0.70152,10.03919,0.50519
876.1105,0.89546,8.81333,-0.84278
876.1148,-0.24182,10.91311,-0.43097
876.1335,-0.47885,10.81733,1.19474
876.1559,-0.40224,10.42228,-1.52515
876.1733,-0.06704,11.18126,-0.16760
876.1946,0.32083,9.49091,1.43417
876.2171,0.33999,9.22035,0.70631
876.2357,-0.20112,10.08469,-0.18436
876.2532,-0.36154,9.29218,2.40625
876.2753,0.29928,9.02642,0.61054
876.2917,0.36393,9.39274,-0.63448
876.3162,0.51956,9.02642,-0.99602
876.3370,0.70392,8.60981,-0.86912
876.3651,0.02873,9.99610,-1.68796
876.3793,-0.45012,10.02722,0.97208
876.4001,-0.67279,9.96258,1.70472
876.4160,0.26337,10.87001,0.94095
876.4363,0.82602,9.37837,1.86514
876.4577,1.01038,10.37439,-0.79969
876.4756,0.74462,8.94022,0.20830
876.4937,-0.44773,10.87001,1.80528
876.5275,0.24661,9.52443,0.62730
876.5417,0.21070,9.29936,-0.57941
876.5560,-0.44294,9.21317,0.49561
876.5797,0.06465,9.26584,0.69673
876.5960,-0.82363,9.21078,-0.35435
876.6177,-0.37111,9.13655,0.39266
876.6599,0.07422,10.18046,-0.23703
876.6601,-0.18675,9.74470,-0.07901
876.6757,0.16042,11.04479,0.58660
876.6966,-0.41660,10.14454,0.10056
876.7141,1.01996,9.23472,0.16999
876.7359,0.94813,8.79657,0.84278
876.7571,0.05028,9.58189,1.04151
876.7764,-0.07901,10.68086,0.97686
876.8044,0.30647,10.78381,0.91940
876.8152,0.02155,10.85085,2.92341
876.8342,-0.76138,10.14933,1.06066
876.8546,-0.92419,9.73512,1.29051
876.8762,-0.03113,9.42147,1.17559
876.8950,0.09338,11.08310,0.75899
876.9178,0.16760,10.62340,-1.68318
876.9542,-0.33520,10.79339,1.18995
876.9553,0.28252,9.80455,0.65364
876.9761,0.45491,8.61221,0.43576
877.0002,1.02714,8.84206,-0.54829
877.0184,1.39347,8.28898,-0.17478
877.0383,0.33520,8.19081,0.35675
877.0609,0.92180,9.49091,1.47008
877.0788,0.27295,9.85723,0.86194
877.0969,-0.68955,10.65692,0.77575
877.1211,-0.43097,9.51485,1.03433
877.1385,-0.10774,9.33767,-0.16520
877.1570,0.33280,11.16929,-0.86194
877.1810,0.33041,7.98730,-0.59617
877.1971,0.15563,9.22754,0.23224
877.2271,-0.28492,8.94980,1.65205
877.2388,-0.54111,9.12937,2.08302
877.2567,-0.15084,8.78699,1.35037
877.2789,-0.37830,9.24190,0.44773
877.3032,-0.30407,8.77741,0.36393
877.3212,-0.28731,11.08789,5.01122
877.3543,0.03831,8.69361,2.98805
877.3695,0.28731,9.77343,-0.11971
877.3782,-0.59857,11.70800,1.92979
877.3966,-0.13647,8.69601,1.36713
877.4192,-0.53153,10.35763,1.54670
877.4369,-0.06225,10.34327,-1.40305
877.4583,-0.02394,9.05754,-1.42220
877.4827,0.48125,8.35841,-0.02394
877.5182,0.86433,8.01124,-0.90504
877.5185,1.01996,9.85484,-2.36794
877.5416,-0.28492,11.57871,0.87152
877.5591,0.38069,11.88279,1.64008
877.5771,0.74462,11.56914,0.78532
877.5985,0.48843,7.30254,-1.06785
877.6171,1.37192,9.17965,-1.11813
877.6436,1.29291,8.99290,-1.10615
877.6574,0.01437,9.70878,0.23703
877.6755,-0.08380,10.52044,0.51237
877.6953,0.18675,10.11581,-0.90982
877.7170,0.84278,7.93702,-0.03113
877.7355,0.72786,9.66808,1.50121
877.7551,0.16281,9.63217,-0.31365
877.7889,0.61772,10.41988,-0.27534
877.7963,-0.03113,9.35922,-0.09817
877.8154,-0.68237,9.64653,1.68557
877.8366,-0.39266,9.77582,1.68078
877.8564,-0.13169,8.61939,1.75021
877.8775,0.28492,9.52921,1.21629
877.9149,-0.28971,8.83966,2.51638
877.9294,0.11014,10.06793,0.58899
877.9373,0.14845,9.39513,1.68318
877.9620,-0.12929,10.62579,0.92180
877.9778,0.58420,10.07511,1.16122
877.9977,0.45491,9.95539,0.12929
878.0201,-0.44055,10.38397,0.84039
878.0395,0.38787,9.84286,-0.08859
878.0598,0.48604,8.96895,-0.85954
878.0814,-0.15802,9.98173,0.31604
878.0999,-0.13647,9.40232,0.50280
878.1199,-0.20351,10.12060,-0.55547
878.1437,0.75899,9.57949,-1.07264
878.1614,0.68237,8.77502,1.20671
878.1979,0.25379,8.67206,1.53234
878.2142,0.15084,10.21877,0.08619
878.2188,-0.08141,9.93145,1.21869
878.2379,-0.48364,9.74230,2.08302
878.2596,-0.42618,10.73114,0.59139
878.2772,0.27534,10.18285,0.27295
878.2990,-0.58420,9.65132,1.03672
878.3210,0.60336,10.24510,0.95053
878.3528,1.34319,8.85642,-0.79250
878.3585,1.31446,9.64414,-1.46530
878.3804,0.29928,9.05994,0.65603
878.3995,-0.99362,9.92188,1.69515
878.4194,0.01915,10.19961,-0.39984
878.4399,0.25858,7.49169,-1.35037
878.4707,-0.50040,10.71438,0.73504
878.4902,-0.45252,10.47735,2.37991
878.4999,0.49083,9.58907,0.53871
878.5173,-0.34478,10.30496,0.79969
878.5379,0.29689,10.48692,0.94095
878.5602,0.79250,10.48932,0.03831
878.5776,-1.02714,10.78142,0.56984
878.5987,-0.78772,9.88836,1.83641
878.6332,-0.35914,9.33528,2.00640
878.6398,-0.07901,9.54358,-0.25379
878.6584,0.85954,9.74470,0.25379
878.6796,-0.21309,8.87797,1.91781
878.6984,-0.29928,9.50048,0.19154
878.7184,0.64885,9.50767,0.23943
878.7704,-0.71110,9.62977,0.62969
878.7707,-0.07183,10.54199,0.57463
878.7869,0.77575,9.53161,0.46928
878.7972,0.03352,10.41510,0.26337
878.8166,0.76377,9.47175,-0.00958
878.8376,-0.16520,10.58988,0.89067
878.8574,0.89546,9.18444,-1.00560
878.8760,0.38308,10.19003,-1.10615
878.9082,0.16999,9.00726,1.14446
878.9205,0.81166,9.41429,1.21869
878.9359,0.51477,9.20599,0.16520
878.9558,0.36154,9.20359,0.51477
878.9783,0.21548,9.16050,1.33361
878.9987,0.77096,9.27781,0.88828
879.0217,0.47407,9.54837,-0.14605
879.0427,-0.34956,10.88198,1.97528
879.0590,-0.64885,9.16050,3.90506
879.0785,0.10535,9.60344,2.81806
879.1010,0.05986,10.07750,0.51237
879.1185,-1.18756,9.80695,0.92898
879.1382,-1.16841,9.79019,1.47248
879.1620,-0.16999,9.95539,-0.45970
879.1794,0.63688,9.41189,-0.74462
879.1985,0.40703,9.76625,2.14048
879.2206,0.30886,9.00726,2.45892
879.2383,-0.01437,10.76705,0.83321
879.2582,0.26816,10.07511,0.33759
879.2806,-0.43815,8.96656,1.05827
879.3188,-0.53153,10.25947,1.45332
879.3353,0.07901,10.59467,0.27055
879.3406,1.23784,9.01923,-0.05507
879.3583,-0.26098,10.13736,-0.07901
879.3776,-0.81405,9.67766,1.20911
879.4007,0.56265,10.48213,-1.28333
879.4183,-0.13169,10.11581,-0.84757
879.4402,-0.03113,10.69044,-1.05109
879.4742,-0.48604,11.15014,2.74384
879.4800,-0.05746,9.86441,1.35995
879.4982,0.96250,10.31214,-1.05588
879.5204,0.33280,9.32809,0.26337
879.5384,-0.61772,10.47974,1.86993
879.5584,0.99362,9.18204,0.78293
879.5837,0.58181,9.13655,-1.82683
879.6013,-0.11253,9.81892,-0.04549
879.6187,-0.76377,10.37679,1.18038
879.6407,-0.04310,9.77343,-0.08619
879.6581,0.81166,9.64893,-1.93697
879.6798,0.27295,8.62657,0.38787
879.7024,-0.38069,9.52443,0.67519
879.7349,0.41900,10.02962,0.69913
879.7513,1.40783,10.63297,-1.63768
879.7614,0.53871,8.92825,-0.82602
879.7885,0.19872,11.12619,0.75180
879.7996,0.34956,8.82769,0.54350
879.8215,1.11573,8.76305,-0.57941
879.8392,0.65124,10.44622,-1.83880
879.8891,0.29450,9.02881,1.70712
879.8892,-0.22027,9.68484,0.79729
879.9038,0.50998,9.47654,1.47727
879.9189,1.38868,8.43503,1.25460
879.9415,0.26816,10.27383,0.29450
879.9592,0.00958,9.16528,2.43498
879.9791,0.01197,10.66171,1.51797
880.0016,-0.42379,10.15651,0.50998
880.0334,0.15563,9.84526,0.30647
880.0409,-1.11573,9.37598,0.55308
880.0634,-0.96010,10.41510,2.35597
880.0787,0.38787,8.86839,0.88349
880.0991,0.96729,9.13176,-1.43178
880.1215,0.24661,9.38556,1.92021
880.1409,-0.09817,9.93145,2.59779
880.1605,0.51477,10.00807,2.63131
880.1810,-0.09817,10.70001,-1.64966
880.2009,-0.64885,9.27303,3.12213
880.2209,-0.24422,9.71357,1.13967
880.2432,-0.70871,10.30975,2.06865
880.2591,0.20112,11.00409,-0.52435
880.2874,0.56026,9.52921,0.09098
880.3055,-0.31844,9.94103,1.82923
880.3209,-0.55308,9.56752,3.11735
880.3391,0.73504,8.54038,1.61374
880.3631,-0.16042,10.24510,-0.12450
880.3809,-0.43336,10.68325,0.85476
880.4033,-0.40942,10.64973,0.72547
880.4434,0.78053,9.06472,0.35914
880.4435,0.79250,9.51485,-1.30967
880.4641,-0.39506,10.90113,0.23464
880.4813,-0.08859,10.99930,0.86912
880.4989,1.05348,9.05754,1.72867
880.5204,0.79729,10.27383,-1.76697
880.5428,0.38308,9.63217,2.08062
880.5606,-0.20112,8.86600,1.77416
880.5916,0.60096,9.86920,0.50759
880.6031,0.37111,9.14134,1.22108
880.6208,-0.08141,9.54119,-0.43576
880.6406,0.30168,9.21556,0.51716
880.6651,-0.94095,10.67847,-0.43815
880.6829,-0.76138,10.29538,0.47407
880.7188,-0.46928,9.94582,-0.00479
880.7365,-0.15563,9.36640,-0.79969
880.7391,-0.87630,10.05595,1.71670
880.7590,0.76138,9.52921,0.22506
880.7813,0.48604,9.90033,-0.19154
880.8006,0.11971,10.04638,0.19872
880.8205,0.25619,9.34007,1.02475
880.8427,-0.25140,11.15493,0.50040
880.8625,0.15323,9.11740,-1.18277
880.8790,-0.03831,10.10863,-0.18436
880.9014,0.76856,9.84765,-0.65603
880.9190,-0.16520,10.15891,-0.11732
880.9388,-0.01197,10.78142,0.27295
880.9614,1.00799,9.05994,-1.90105
880.9792,0.45731,8.57150,0.73744
881.0048,-0.52913,11.65054,0.93377
881.0226,0.00479,9.90033,2.26738
881.0386,0.11971,9.40950,2.08062
881.0588,0.63209,9.53879,-1.39826
881.0812,0.32083,8.70079,0.99841
881.0996,-0.73504,9.80455,0.24900
881.1224,-0.48604,9.39753,1.44135
881.1454,-0.15563,9.44781,0.48364
881.1603,-0.17239,9.71357,0.88109
881.1792,-0.26098,9.78301,0.91701
881.2033,0.46688,10.18285,-0.12450
881.2213,0.06225,11.01606,0.39506
881.2413,0.39984,10.20201,-0.16042
881.2810,0.01915,10.45580,0.57463
881.2812,0.63448,9.48133,0.91222
881.2993,0.44294,9.58907,0.60815
881.3213,0.20112,10.29299,-0.63688
881.3405,0.18436,9.31133,0.73265
881.3602,-0.38787,8.94740,-0.70631
881.3826,0.00958,8.83487,1.12052
881.4009,0.22027,9.11261,-0.12211
881.4304,0.00718,9.45020,-0.21548
881.4413,0.17478,9.00247,-1.11094
881.4586,0.69673,8.74868,-0.66082
881.4781,0.57463,10.93944,0.50759
881.5011,0.60815,10.68804,-0.85954
881.5190,0.54829,9.49091,-1.64247
881.5432,-0.00958,10.87001,0.07183
881.5757,0.98884,9.64414,-2.15006
881.5797,0.70631,9.99131,0.06704
881.6004,0.67040,10.02962,0.09098
881.6209,0.63927,9.80695,-0.54111
881.6401,-0.60575,10.38397,-1.31685
881.6602,-0.13169,8.74629,0.36632
881.6845,0.75420,10.49650,-1.52994
881.7021,0.08619,9.55555,0.48364
881.7210,0.30647,8.51404,0.71349
881.7411,-0.11014,10.83170,-2.03992
881.7587,0.02634,9.77822,-2.75581
881.7785,0.16520,10.61621,-1.11813
881.8015,-1.04869,10.48932,-0.93137
881.8192,1.37671,7.85322,-0.47167
881.8448,0.09338,9.78301,0.20112
881.8612,-0.29210,11.43266,0.07662
881.8785,0.81645,9.97934,-0.06704
881.8985,-0.01915,11.24591,-1.83162
881.9222,0.06465,9.64893,0.85954
881.9401,0.79729,10.16130,0.52195
881.9606,0.69673,8.64812,-0.67997
881.9911,-0.10774,10.77903,0.91701
881.9983,0.15323,8.95219,0.03591
882.0184,0.51716,10.34087,-1.28094
882.0411,0.04310,9.62738,-1.03672
882.0587,-0.62012,8.74389,0.28731
882.0786,-0.40463,10.30256,1.27136
882.1015,0.44294,9.12458,-0.38308
882.1271,-0.01676,8.58108,-0.38787
882.1427,0.22506,9.88357,0.24661
882.1609,0.83321,8.71995,-0.29928
882.1784,0.60575,10.61861,-1.41741
882.1987,-0.08619,9.54358,1.05109
882.2224,-0.87391,10.65213,1.55867
882.2400,0.11493,9.85005,1.20911
882.2610,0.14845,9.44541,-1.04390
882.2813,-0.52195,11.54998,0.05028
882.2985,-0.35914,9.81174,0.40703
882.3183,0.05986,9.00726,1.34558
882.3409,-0.08859,9.80216,0.65364
882.3611,-0.65124,9.96497,0.00479
882.3810,-0.84039,10.39355,0.39027
882.4155,0.71110,11.20999,0.28731
882.4197,1.11094,7.75266,1.68557
882.4398,0.42379,10.60664,-3.72789
882.4615,0.52674,9.59386,0.51477
882.4794,0.49322,9.38556,1.59459
882.4997,-0.18436,9.66090,-0.96729
882.5234,1.33361,10.14694,-0.35435
882.5433,0.49083,8.12377,0.42379
882.5596,-0.69195,9.62020,2.48526
882.5819,0.48843,9.67766,0.13169
882.5994,-0.40703,10.30017,0.80208
882.6195,-0.65603,9.63935,-0.39027
882.6419,-0.19154,9.52682,2.39906
882.6682,-0.42618,9.76146,-0.57941
882.6934,0.02634,10.07750,-3.25382
882.7029,0.12929,9.40232,-1.07982
882.7195,-0.92419,9.82850,0.92658
882.7394,-0.04549,9.22275,0.86673
882.7629,0.58660,9.85723,-0.56265
882.7805,-1.12052,9.96018,1.88190
882.8019,-0.39506,9.37837,1.10615
882.8364,1.26418,10.80297,-1.02714
882.8427,-0.56744,10.65213,-1.24742
882.8597,-1.42938,10.52284,-0.80687
882.8879,-0.86194,11.64815,1.75740
882.9011,-0.82602,8.20279,2.22668
882.9200,0.54589,11.12619,-1.75021
882.9539,-0.25858,8.90431,2.45892
882.9735,-0.82124,9.77104,-0.05507
882.9797,0.33999,10.29059,0.21070
883.0056,0.61293,8.39912,-1.31925
883.0210,-0.28492,10.15651,-0.38548
883.0409,0.34238,9.73512,0.19154
883.0633,0.20591,10.39834,-0.55547
883.0806,1.01517,7.99688,-1.86514
883.1064,0.89306,9.25627,0.01676
883.1226,0.31365,11.13098,-1.04869
883.1406,-0.54350,10.61861,0.02634
883.1625,-0.42139,9.95539,-0.10295
883.1851,0.56984,9.74949,0.89546
883.2043,-0.31604,9.59625,1.89627
883.2496,-0.01437,10.28102,2.13809
883.2649,-0.13169,9.12219,1.14446
883.2650,-0.25379,10.20679,-0.41182
883.2833,0.33759,10.35763,1.31685
883.3024,-0.01676,9.76864,-0.05028
883.3203,0.32083,8.59545,-0.50998
883.3403,0.12450,10.10623,0.22027
883.3625,-0.55787,9.91469,2.20034
883.3917,0.39984,9.70878,0.98165
883.4000,1.10137,8.80614,-0.78772
883.4229,-0.52435,10.42228,-0.43576
883.4399,-0.28492,9.70160,2.58103
883.4619,-0.02873,9.35443,0.82602
883.4839,0.16760,9.45260,0.06225
883.5029,-0.37111,10.07990,0.93377
883.5383,-0.14845,10.15891,2.02795
883.5441,-0.14126,9.66329,0.67279
883.5610,-0.80926,10.53241,-1.61135
883.5804,-0.78772,11.47576,-0.44055
883.6065,0.07183,9.39513,0.80926
883.6243,-0.14366,10.08708,0.31126
883.6633,-0.17239,9.93863,-0.34238
883.6766,-0.04549,9.94582,2.30090
883.6799,0.10774,9.98891,0.54589
883.7002,0.78532,10.56594,0.69434
883.7242,1.19714,8.86839,-1.57783
883.7401,0.43336,9.98173,-0.90982
883.7601,-0.99123,9.25866,1.25939
883.7908,-0.42139,11.18845,1.16601
883.8057,-1.34798,8.57869,1.04869
883.8200,0.11493,10.50129,0.42858
883.8424,-1.21629,9.56273,1.40305
883.8594,-0.70152,11.01127,-0.41900
883.8801,0.34956,7.93223,-0.40224
883.9016,0.09338,9.23951,-2.65046
883.9190,-0.43336,9.93863,1.45093
883.9396,0.48125,10.54439,1.50121
883.9617,0.96729,8.01843,1.09418
883.9791,0.69673,9.86681,-2.82046
884.0001,-0.96968,10.02722,0.26337
884.0230,0.28971,10.64973,0.13408
884.0413,0.56026,9.23711,4.31688
884.0675,0.33999,8.45418,1.01038
884.0872,0.88588,11.21718,1.63290
884.0995,1.37431,10.34566,-1.15404
884.1196,-0.80687,9.42865,-0.63927
884.1418,1.04630,9.07909,-1.03672
884.1597,-0.62251,10.77184,1.70233
884.1797,-0.91940,9.36401,3.54113
884.2037,0.87870,8.79417,0.85954
884.2314,0.91461,8.10223,0.00000
884.2411,-0.05507,9.79498,0.12929
884.2623,0.13647,10.40791,0.55787
884.2800,0.23703,8.94022,-0.21070
884.3016,0.34956,10.51805,-0.66800
884.3236,0.09338,10.07511,0.40942
884.3418,0.20830,8.20757,0.97686
884.3728,0.86433,9.44541,-0.70871
884.3898,0.30168,10.04159,-1.83641
884.4005,-0.53632,9.35922,1.04151
884.4199,-0.19154,9.52443,1.24263
884.4420,0.26098,9.85723,-1.03193
884.4603,0.77335,10.07032,-1.65684
884.4803,0.12450,9.98173,-0.96729
884.5091,-0.28013,9.56513,-0.02394
884.5200,0.45012,9.87160,0.38308
884.5399,0.26576,9.60583,-1.00560
884.5627,-1.02954,11.09507,0.56744
884.5837,0.31844,9.78540,1.93218
884.6035,0.28971,10.42946,-0.34238
884.6443,-0.14126,10.72635,-1.81007
884.6462,0.43097,10.45580,0.60336
884.6612,0.33280,9.80216,1.72867
884.6860,1.26178,9.81174,-1.26897
884.7010,0.68237,10.56354,-2.36315
884.7211,0.92658,9.60822,-0.84278
884.7438,0.79729,10.50368,1.10615
884.7614,0.25140,9.91948,-0.56984
884.7911,0.55308,9.84047,-1.35277
884.8019,-0.25379,9.39513,0.93856
884.8198,0.44055,9.62498,1.20671
884.8398,1.52994,9.64653,0.44055
884.8626,1.06306,9.89314,-1.66881
884.8806,0.85476,10.01286,-1.88908
884.9009,0.73504,9.51006,0.46928
884.9340,0.72068,10.65931,-0.08859
884.9442,0.73504,8.94980,0.67997
884.9646,0.92658,8.45179,-0.64645
884.9824,-0.56984,9.49809,1.63768
884.9999,-0.97686,10.23792,0.41421
885.0196,0.20591,9.97215,0.05507
885.0486,-1.22347,9.63217,2.12851
885.0598,-0.70152,9.31852,1.12531
885.0791,0.01915,9.50767,0.32802
885.1016,0.21788,10.45580,-1.40544
885.1196,-0.41660,10.19482,-0.32323
885.1394,-0.73265,9.28021,0.01915
885.1614,-0.05986,10.79339,0.12450
885.1854,0.26816,10.64734,0.42618
885.2036,-1.38868,12.54361,-0.79729
885.2217,-2.17879,7.84125,-1.72867
885.2393,2.97130,6.51961,-6.31849
885.2611,3.92661,9.82131,-6.66327
885.2817,-2.88271,10.90832,0.73025
885.3062,-1.35516,9.93145,4.62334
885.3235,-2.61934,10.88677,1.51797
885.3423,-3.08143,9.47415,0.33759
885.3615,1.84120,13.90595,-1.81247
885.3801,-0.28971,2.41103,7.56112
885.4059,0.16999,14.14298,-7.75745
885.4235,0.28013,5.18361,-0.12929
885.4684,0.71828,13.88919,-7.83886
885.4685,-1.26897,6.39750,2.23625
885.4846,1.03672,13.04161,-1.81486
885.4995,0.83560,8.03519,2.49244
885.5220,-1.01996,9.13895,0.75899
885.5411,-0.48125,9.97215,-0.66082
885.5611,0.75659,10.00807,-0.70631
885.5840,0.74701,9.61062,-1.36713
885.6016,1.92021,10.44143,-2.22907
885.6193,1.13489,9.18444,-0.24661
885.6419,-0.28013,10.61861,0.84997
885.6616,0.45252,9.36161,1.53952
885.6805,0.60336,10.00328,0.18915
885.7042,-0.57702,10.79100,2.30090
885.7385,-0.35914,10.85085,0.69195
885.7534,0.15563,9.77582,1.49882
885.7618,-0.31844,9.47175,0.21309
885.7794,-0.09098,10.02483,-0.51716
885.7994,0.17718,9.40711,1.84599
885.8233,0.01197,8.05434,-0.36632
885.8414,0.32802,9.38077,-1.54910
885.8615,0.32323,9.97934,-2.52117
885.9006,0.57702,10.77903,-1.79331
885.9009,-0.16042,9.53161,0.54111
885.9213,0.23464,10.68086,-0.33280
885.9420,0.49561,9.32570,2.88989
885.9637,-0.10774,9.86681,2.00640
885.9834,0.31126,9.60822,2.20992
886.0246,-0.61293,8.95938,0.62969
886.0269,-1.15883,9.94821,0.85236
886.0394,-0.56984,10.53720,-0.31126
886.0621,1.72867,8.46616,-0.67758
886.0797,1.75740,11.69603,-0.30168
886.0997,1.37671,9.85723,1.26657
886.1219,2.13090,9.66329,0.90025
886.1411,0.84278,8.75826,1.75740
886.1609,-0.13887,10.21398,1.33361
886.1838,-0.15563,10.50608,4.28096
886.2014,0.54350,9.69921,1.98725
886.2217,0.71828,10.38397,0.46928
886.2424,0.85236,8.56911,-1.43896
886.2636,0.32802,9.11740,-0.98405
886.2984,0.26816,8.92586,1.19714
886.3195,0.72547,8.69601,0.90982
886.3223,0.97208,9.39035,-0.88349
886.3400,0.19633,11.35126,0.01676
886.3621,0.67758,10.51565,0.75420
886.3812,-1.63050,12.29460,-1.44135
886.4021,-1.67599,11.64336,1.98485
886.4438,0.39984,8.21715,1.43896
886.4439,0.19633,8.74150,0.61533
886.4593,-0.04789,8.93783,-0.37830
886.4816,2.49244,9.90512,-1.33601
886.4993,2.24822,9.73273,-0.61533
886.5197,-2.63610,10.99212,0.07662
886.5417,2.15964,9.63217,-3.53156
886.5597,1.09897,9.35683,-1.16841
886.5917,0.22746,8.89473,0.94574
886.6016,2.58821,8.31053,1.64487
886.6195,-0.33520,9.51245,1.38150
886.6396,-1.54910,9.68963,-0.69434
886.6622,-0.93377,10.17806,0.67040
886.6798,-0.13169,10.19961,0.67997
886.7018,0.55308,8.49010,-0.66800
886.7344,-0.08380,9.55076,-0.27295
886.7410,-0.43576,10.31454,-0.32323
886.7594,-0.14845,10.04159,-0.27774
886.7818,0.24900,10.81254,-0.50519
886.8016,0.86433,10.51326,-0.96489
886.8198,0.45012,9.77822,-0.02634
886.8614,0.00239,9.91230,-0.70871
886.8774,1.29770,7.67365,-1.21629
886.8793,0.80926,9.29218,-0.18436
886.9032,-0.11253,11.07831,1.27854
886.9197,0.34238,9.24190,-0.01197
886.9412,-0.35914,9.78780,0.43576
886.9636,-1.07503,9.48851,-0.03591
886.9880,-0.29928,10.78621,0.64406
887.0055,-0.45012,10.21877,2.20034
887.0215,0.05267,10.01046,-0.07662
887.0410,0.29450,9.94103,-0.01915
887.0598,0.02634,10.84128,-0.99123
887.0823,-0.00718,10.31693,1.33122
887.1011,0.16760,9.97694,-1.75500
887.1240,0.80208,10.35045,-0.39984
887.1467,-0.56984,10.62340,0.08380
887.1705,-0.70392,10.00089,2.04232
887.1801,-0.04070,10.41749,0.28013
887.2026,-0.07901,9.81174,-0.04070
887.2205,1.10376,9.63456,-0.16760
887.2415,0.71589,9.75667,1.22108
887.2640,0.55787,9.69921,0.25619
887.2914,-0.09577,10.46777,0.96968
887.3015,-0.03831,9.73033,1.13010
887.3242,-0.85236,10.81254,1.06545
887.3402,0.61772,8.67446,-1.10615
887.3624,0.31126,8.54038,0.32562
887.3845,0.26816,9.38077,0.59617
887.4040,-0.25619,11.26506,1.62332
887.4227,-0.37590,10.86043,-0.89785
887.4445,-0.45012,9.86441,3.50522
887.4603,-0.88109,10.92986,0.36872
887.4806,-0.96250,11.83729,1.98485
887.5043,0.25619,8.45897,-0.39984
887.5203,0.27055,8.99768,-2.66962
887.5515,-0.17718,10.19243,0.33999
887.5683,-0.61054,9.08867,-0.49561
887.5817,0.96968,9.91469,-0.00239
887.6002,0.34478,9.46217,1.13967
887.6245,0.90982,8.70558,-1.03433
887.6420,1.38629,9.60583,-1.43656
887.6602,0.32083,7.47493,-0.68716
887.6975,-0.45731,10.77424,-1.03912
887.7145,-0.31844,10.50847,3.17481
887.7214,-0.02155,10.64973,-0.35675
887.7422,0.28731,9.18204,-0.30407
887.7599,0.08141,10.17567,-0.86194
887.7799,0.37351,9.83089,1.16601
887.8024,0.14605,9.26105,-1.37910
887.8200,-0.33041,9.63456,0.53153
887.8478,-0.00958,9.16289,1.01278
887.8619,0.80926,8.69840,0.37830
887.8801,0.70392,11.63139,-0.11971
887.8999,0.28971,9.85484,-1.27854
887.9224,0.16520,10.60903,0.37590
887.9399,0.59857,10.25229,1.00799
887.9619,0.82363,8.36081,-1.29770
887.9924,0.52913,9.80216,0.72068
888.0004,0.62012,9.08388,0.38308
888.0199,0.83081,9.05275,0.64406
888.0422,0.32802,10.22355,-0.31604
888.0613,-0.56505,11.29858,0.61533
888.0814,-0.23943,10.02243,0.97926
888.1041,-0.35196,10.87240,-0.27295
888.1215,0.00000,10.22834,-0.73504
888.1399,0.88109,9.17486,-1.96091
888.1622,0.25858,10.05835,0.06943
888.1813,-0.64645,10.70959,-0.91461
888.2011,0.09338,10.11342,-1.09179
888.2239,0.14126,10.96099,-0.12450
888.2416,-0.06943,9.00966,-0.28252
888.2632,-0.00958,11.28901,-3.09101
888.2840,0.75420,6.44539,-2.11175
888.2997,1.24742,9.51724,-2.28653
888.3199,0.58899,9.95300,1.23784
888.3428,0.53871,9.85962,0.51477
888.3631,0.40942,10.17088,-0.86433
888.4052,-0.26098,8.47094,1.34558
888.4053,-0.19154,10.83409,1.05827
888.4232,-0.12450,8.24828,0.84039
888.4397,-0.66561,8.10223,0.27534
888.4628,-0.52435,9.70400,-0.31365
888.4797,-0.90504,10.03441,-0.46210
888.4997,-0.24661,10.68804,-1.25460
888.5217,0.01197,8.39193,-0.56744
888.5399,0.22985,10.09666,1.62332
888.5589,1.06785,9.28500,-0.11493
888.5812,0.85715,9.18923,0.21788
888.5988,0.45731,10.69523,1.01757
888.6188,0.89306,8.97614,1.53234
888.6418,-0.11253,10.76705,0.39027
888.6596,0.56026,9.38316,-0.55787
888.6797,0.91222,9.41908,0.48604
888.7033,-0.20830,10.01525,-0.53153
888.7202,-0.75180,10.48213,0.84757
888.7400,-0.33759,10.38876,0.53871
888.7623,-0.22985,10.24510,1.34558
888.7818,0.50280,10.17088,0.42139
888.8015,1.20911,9.30415,0.01197
888.8290,0.98884,10.31693,0.16042
888.8417,0.41900,9.74470,0.93616
888.8600,1.00081,10.57791,-0.90504
888.8818,2.22189,9.36640,0.32083
888.8998,0.17957,9.46457,1.14446
888.9205,0.41182,9.59146,0.84518
888.9427,1.26418,8.53559,0.00000
888.9615,-0.62251,9.44063,0.31604
888.9808,-0.80448,9.19402,1.48445
889.0050,-0.10774,9.06233,0.56744
889.0200,-0.26098,10.82452,-0.81405
889.0403,0.23224,10.49171,-0.46449
889.0637,0.64406,10.02004,0.17957
889.0816,0.47646,10.61621,-3.34959
889.1059,0.38548,9.68724,-1.85796
889.1238,-0.12450,9.71118,1.55628
889.1398,0.05746,9.41908,1.61135
889.1620,1.59698,8.77981,-0.24182
889.1824,0.69673,9.64414,0.46449
889.2002,0.33041,10.35284,0.68237
889.2380,0.45491,10.34087,-0.31365
889.2552,0.26337,8.78220,-0.67519
889.2628,-0.38548,9.45978,1.35516
889.2794,-0.68237,9.48372,1.05588
889.3030,0.57941,9.39513,-0.76617
889.3202,-1.02954,9.81892,-0.49561
889.3415,-1.28333,9.84526,-0.23224
889.3638,0.31604,9.64893,-1.04630
889.3929,0.48604,10.26186,-0.94574
889.4002,-0.08141,10.37918,0.15802
889.4218,0.11253,10.17806,1.43656
889.4398,0.78053,9.47654,-0.19154
889.4596,0.72547,9.59625,-1.27854
889.4834,0.46210,11.34886,1.94894
889.5027,1.20911,9.52203,0.70392
889.5347,1.85077,9.01205,-1.05109
889.5417,1.18756,10.20679,-1.02714
889.5596,0.41182,8.13096,1.79571
889.5795,0.37830,10.19722,-0.05267
889.6046,-0.01197,8.80614,0.25858
889.6220,-0.68955,9.85723,0.79729
889.6591,-0.09098,8.51404,1.37671
889.6770,0.03591,11.22915,0.16760
889.6794,-0.05028,9.28500,-1.15165
889.7014,-0.59139,9.65372,0.79250
889.7219,1.00799,8.22912,0.54111
889.7438,-0.18915,9.06472,0.60336
889.7634,-1.23305,9.82371,1.83162
889.7837,-0.23943,9.59386,-0.21788
889.8121,0.34478,9.18683,-1.33361
889.8197,0.57463,10.29059,-1.79571
889.8417,1.30727,7.90111,-0.87152
889.8596,1.09418,9.90990,-0.90504
889.8795,-0.16520,9.34725,0.65364
889.9036,-0.57463,10.25468,0.71110
889.9223,0.59857,9.77104,1.09179
889.9502,0.22027,9.70639,1.37192
889.9642,-0.12450,9.87399,1.42220
889.9795,0.04070,10.76945,0.98884
889.9992,-0.26816,9.46217,0.63927
890.0219,-0.29450,10.53481,-1.19235
890.0396,-0.73025,9.40711,0.94334
890.0598,0.41660,8.49728,0.10535
890.0910,0.44055,10.70241,-2.67680
890.0995,0.91461,9.12458,-1.52755
890.1198,0.63927,9.51485,2.17400
890.1421,0.30886,11.19563,-0.12450
890.1597,0.90743,9.17965,0.75180
890.1799,1.21390,10.63297,-1.27615
890.2019,1.14925,10.42707,-1.24502
890.2250,0.39506,9.56034,-0.08859
890.2393,0.57941,9.15092,0.26337
890.2639,0.05267,10.00089,0.85476
890.2797,0.20830,8.05434,0.10774
890.3002,-0.11493,10.59945,-0.32802
890.3223,-1.83641,11.07831,1.31685
890.3404,-0.62251,9.69681,0.88109
890.3766,0.77814,9.45499,-2.73426
890.3814,-0.44534,10.17567,-0.24900
890.3995,0.22746,9.35922,0.55308
890.4194,1.23784,8.90191,-0.26098
890.4418,0.19633,8.76544,0.68716
890.4594,-0.60575,9.40232,0.43576
890.4796,-0.50759,10.58030,2.70553
890.5143,-1.15883,9.56513,2.34639
890.5191,-0.89546,9.07909,1.94415
890.5394,-1.01278,10.61382,0.14605
890.5635,-0.20591,9.97694,-0.52913
890.5812,-0.29928,10.13975,-0.72547
890.5995,-1.76937,12.15573,0.87870
890.6321,-0.60575,8.60502,-1.31206
890.6425,0.83560,9.41429,-1.96091
890.6594,-0.14126,9.72076,0.56505
890.6815,0.62730,9.27542,-1.62332
890.6995,1.16601,9.82610,-2.34639
890.7200,0.04310,9.34725,-0.83560
890.7423,0.33999,8.95219,0.52674
890.7610,0.76856,10.41988,-0.24900
890.7806,0.68716,9.53161,-1.13010
890.8018,-0.30647,9.79019,3.11974
890.8197,0.93377,11.41590,-1.87711
890.8416,-0.15323,10.15651,-0.21788
890.8655,-0.89306,10.19243,1.34079
890.8809,-0.08141,9.20359,1.56107
890.9089,0.00479,9.50288,-1.19235
890.9272,-0.22985,9.94821,1.41980
890.9409,0.31126,9.60583,1.25460
890.9609,0.93137,9.50048,-0.55308
890.9830,0.44055,8.87797,1.84120
891.0006,-0.84278,10.11821,0.71349
891.0186,0.14126,10.58270,1.61135
891.0614,0.23224,9.38077,0.11971
891.0754,0.39984,9.55316,0.95771
891.0791,0.18915,10.31932,1.55149
891.1020,-0.28492,9.98891,-0.56265
891.1200,-0.21309,11.24830,-0.03352
891.1396,-0.27055,10.17806,0.16042
891.1641,-0.07901,11.75110,-1.67839
891.1877,0.53392,8.79417,-0.38548
891.2065,0.32083,10.21398,0.55068
891.2214,1.44854,9.64893,-2.11654
891.2392,0.32562,8.54277,0.13887
891.2595,0.47646,9.55316,2.72468
891.2833,0.20351,8.72234,0.89306
891.3008,-0.60815,11.04240,0.31126
891.3276,-0.03113,8.63375,1.37910
891.3419,-0.26576,8.64573,1.32643
891.3591,-0.84997,9.58189,-1.22826
891.3788,-0.39745,10.80297,-0.46688
891.4014,0.04789,10.12060,0.17478
891.4193,-0.76856,10.42707,-1.77416
891.4393,-0.83081,9.83808,-1.28333
891.4613,-0.59617,8.80375,1.46769
891.4812,-0.14126,9.96976,-1.01996
891.5002,-0.05507,11.45182,0.10056
891.5229,-0.32802,10.93226,0.25140
891.5400,0.81405,10.92747,-1.55388
891.5602,0.47407,10.19243,-1.50121
891.5824,0.44294,10.19482,-0.86194
891.6005,0.90264,8.80375,-1.01278
891.6304,-0.45731,9.50527,0.71349
891.6428,-0.30407,9.44781,0.60575
891.6620,0.46449,8.86121,-0.38308
891.6821,-0.16999,10.92747,-1.37910
891.7073,-0.04070,10.03919,-0.43336
891.7241,0.25140,9.55316,-0.58899
891.7612,-0.48125,10.55636,-0.85236
891.7649,0.48364,10.22116,0.60815
891.7824,0.64645,9.72315,-1.06306
891.8010,0.30168,10.70480,-0.51716
891.8223,0.00000,10.48692,1.65684
891.8400,-0.34717,9.91709,0.90982
891.8617,0.01676,10.62340,-1.39107
891.8835,0.01915,8.70319,1.56825
891.9089,0.66082,10.41510,0.86912
891.9214,0.29689,8.87797,1.43417
891.9426,0.28492,10.01286,0.53153
891.9600,0.56026,9.51724,0.47407
891.9798,-0.56744,10.48932,-1.56586
892.0021,-0.20351,9.68963,1.79092
892.0204,0.60096,8.94980,-0.68716
892.0404,0.21070,10.58270,-2.47807
892.0629,-0.21070,10.41270,-0.84757
892.0803,-0.10774,9.27542,0.51956
892.1009,0.09338,10.39355,-1.34798
892.1234,-0.14366,10.26186,0.20112
892.1409,0.49561,10.01286,1.27854
892.1609,-0.15802,9.36401,0.48843
892.1931,-0.17478,10.96099,0.81405
892.2028,0.39027,10.39355,0.64885
892.2227,-0.35914,10.58988,-1.59698
892.2451,0.59857,9.01684,1.94176
892.2629,-0.18196,8.96656,-0.58899
892.2828,0.72547,9.72076,-3.00003
892.3270,0.30886,9.65132,-0.40224
892.3272,-0.44534,10.23553,-0.18675
892.3418,0.50759,9.24430,-2.04471
892.3634,0.30168,8.55953,0.49083
892.3809,-0.36872,10.85804,-0.11732
892.4005,0.36872,10.13018,1.74543
892.4235,-0.30168,9.89554,2.69356
892.4410,0.43097,10.19961,1.24263
892.4626,0.76138,11.15493,0.34717
892.4833,0.25140,10.77424,0.61533
892.5009,0.45731,10.83888,0.48843
892.5209,-0.02634,11.58350,-0.21548
892.5451,0.72068,9.71118,-1.20671
892.5624,0.13887,9.68484,0.37590
892.5825,0.31844,9.17726,-1.36953
892.6145,-0.19872,9.63696,0.84278
892.6210,0.01437,10.01286,0.65843
892.6410,0.60096,10.20919,-1.14446
892.6633,-0.46928,10.08229,-0.01915
892.6808,0.44773,9.81174,-1.64008
892.7009,1.05348,8.14532,-0.39745
892.7267,-0.32323,10.48453,0.52913
892.7472,0.22027,10.49650,3.35438
892.7650,1.29051,8.24828,-1.99922
892.7832,1.15883,9.12698,-2.08781
892.8008,0.15323,9.51485,-0.66321
892.8223,0.47885,8.89952,-1.38868
892.8450,0.33759,9.68245,1.12291
892.8622,0.07422,10.70959,0.27055
892.8817,0.45012,9.72315,-1.06066
892.9030,-0.15084,9.26584,0.29928
892.9205,-0.56744,10.44383,1.80289
892.9411,-0.13647,10.94662,-1.01278
892.9643,0.63209,9.45260,0.47646
892.9813,0.55547,8.75826,0.74701
893.0021,-0.43336,10.41270,-2.11893
893.0349,-0.09338,9.95779,0.99123
893.0428,-0.67040,9.11979,1.47008
893.0609,-0.40463,10.57072,-1.14207
893.0833,-0.21788,9.96018,0.33280
893.1022,0.18436,9.58907,0.25140
893.1223,0.36393,10.30256,-0.92419
893.1451,0.16042,9.79977,3.28973
893.1652,0.41660,9.78301,0.75420
893.1811,-0.09338,11.32731,-0.91461
893.2032,-0.67279,10.70001,0.90743
893.2219,0.35196,8.58587,0.76617
893.2420,1.17319,10.32890,-4.70954
893.2649,0.38548,9.98652,1.17080
893.2829,0.62251,9.44302,-2.34639
893.3246,0.26816,9.41429,-1.17798
893.3248,-0.06225,10.75508,-0.73504
893.3405,1.23305,8.67925,-0.05746
893.3608,1.57304,10.61621,-2.17879
893.3853,0.42618,10.81254,0.31126
893.4026,0.34717,10.25707,-0.68955
893.4338,0.58660,10.99690,-2.13330
893.4517,0.21788,10.47495,-0.51237
893.4609,-0.39984,10.25468,-0.90264
893.4803,0.44055,9.73033,0.00958
893.5031,0.85236,10.30256,-1.18995
893.5210,0.53153,8.95938,-2.33202
893.5409,0.53871,8.86121,0.53871
893.5651,0.31844,10.09905,0.05746
893.5841,1.00320,9.66569,0.18915
893.6005,2.11175,8.32250,-1.18756
893.6249,1.29291,10.64016,-0.90982
893.6407,0.90982,8.92107,-0.20830
893.6620,0.85236,9.79258,0.79490
893.6849,1.06785,9.57231,-1.72867
893.7021,0.33520,10.54678,-0.68716
893.7339,0.00479,10.04877,-0.32323
893.7433,1.07742,10.22834,-1.60177
893.7606,0.76377,7.99927,-1.97288
893.7806,0.63448,10.41031,-0.41900
893.8070,0.97926,9.56513,-1.41262
893.8244,0.51956,8.08307,-0.32083
893.8624,0.65843,10.50847,0.34238
893.8655,0.04789,10.24989,-1.04151
893.8804,-0.57702,10.95141,2.04950
893.9024,0.37830,9.44302,1.05348
893.9231,0.47407,11.27703,-0.27774
893.9412,0.05267,10.79339,-0.38548
893.9609,0.63209,10.45580,-1.30488
893.9855,1.39826,9.10303,-1.39107
894.0032,-0.05986,10.56594,1.16601
894.0221,-0.24661,9.10303,2.78933
894.0432,0.81166,9.50288,0.87870
894.0613,0.54829,9.78780,1.72388
894.0806,0.20830,8.94740,1.37671
894.1049,0.14845,8.55235,1.94415
894.1315,-0.22985,10.16609,-0.02634
894.1468,-1.00560,9.25866,-0.83081
894.1628,-0.44055,9.98652,-0.96489
894.1806,0.07422,9.89793,-0.68716
894.2005,-0.42618,10.11581,-0.48843
894.2230,-0.18436,10.62579,-0.38069
894.2413,0.46449,10.56594,-0.03113
894.2604,-0.04549,10.03919,-0.74941
894.2827,-0.27055,11.13098,0.69434
894.3005,0.96968,9.54358,0.44773
894.3204,-0.17478,10.60185,0.26337
894.3425,0.77575,8.52122,0.81884
894.3620,-0.01915,9.21556,0.72307
894.3821,0.05746,11.01127,0.47646
894.4345,0.09817,8.84685,0.87152
894.4346,-0.55547,9.54597,0.46928
894.4489,-0.16760,10.93944,0.07901
894.4630,0.39984,10.99930,0.25379
894.4803,0.65364,9.30415,0.72786
894.5018,0.80926,9.52921,0.90264
894.5245,1.30249,10.19003,-0.45970
894.5479,-0.26098,9.21078,1.43417
894.5605,0.53153,8.94501,0.48604
894.5845,-0.91461,10.20201,0.04070
894.6000,-0.91940,9.16528,-1.48684
894.6204,0.27774,9.66329,-1.76458
894.6425,-0.58899,10.21158,-1.74064
894.6603,0.05267,10.28341,0.13408
894.6804,0.50759,8.97135,2.23146
894.7091,-0.16281,9.57710,0.08859
894.7199,1.19235,9.94821,-2.09499
894.7402,0.58420,9.44781,1.22347
894.7639,-0.56265,9.80695,0.76138
894.7797,-0.43097,10.93944,0.27774
894.8000,-0.02394,9.59386,0.21070
894.8282,-0.13169,9.46457,-0.11971
894.8406,-0.78772,11.16690,-0.25140
894.8594,-0.28731,9.16528,1.31685
894.8818,-0.22027,10.89395,0.98165
894.8991,-0.29210,10.43186,-0.02873
894.9193,-0.41660,12.00968,0.65364
894.9412,-0.68716,7.42943,-5.11178
894.9591,5.29853,8.71756,3.83084
894.9799,-1.90345,10.94662,-2.61455
895.0026,1.77655,8.87558,0.17718
895.0191,-3.27058,8.48770,-3.03594
895.0390,-1.86035,8.54756,-1.50600
895.0612,0.38308,15.97700,-1.93936
895.0786,2.81088,4.08942,7.60901
895.0988,-2.04232,14.18847,-10.94662
895.1215,0.33759,7.86759,3.85957
895.1387,-2.02556,11.05197,-2.79412
895.1588,-1.62571,9.55555,4.92502
895.1821,-1.63290,9.50048,3.49564
895.1992,-0.04789,10.22834,0.87870
895.2195,1.11094,11.27464,-1.54191
895.2416,-0.25858,10.09905,-2.42540
895.2675,0.10056,9.60344,-2.34639
895.2791,0.49801,8.53559,-0.56505
895.3011,-1.25221,10.94662,-1.42459
895.3201,0.54589,9.08627,-0.00239
895.3386,0.11014,10.37918,0.48364
895.3613,-0.28971,10.86522,-0.50519
895.3959,0.11014,9.88357,0.28731
895.4004,-0.67279,9.80455,1.22587
895.4241,-0.33280,9.96737,0.78532
895.4401,-0.45491,10.56594,0.91940
895.4600,-0.25379,10.22116,-0.10295
895.4837,0.32083,9.47893,-0.61772
895.4999,0.24661,10.69762,-1.56586
895.5308,-0.48604,10.44622,0.32083
895.5426,0.08859,10.06074,0.07422
895.5598,0.31844,10.54918,-1.83641
895.5798,-0.05746,10.12299,-0.02873
895.6021,0.01437,9.91709,-0.10295
895.6198,0.44773,9.85723,-0.60815
895.6398,0.14366,8.98092,-1.17319
895.6683,-0.90982,9.64653,0.00000
895.6797,-0.02873,10.12539,-0.70152
895.7001,-0.38308,9.98652,-0.26576
895.7225,-0.37830,9.68963,-0.28731
895.7399,0.22506,9.81653,-0.42379
895.7612,0.20591,8.89234,-0.44294
895.7851,-0.05746,9.42865,-0.97686
895.8026,-0.09577,10.68804,-0.39506
895.8321,-0.11732,9.72554,-0.68476
895.8449,-0.11253,10.18285,-1.35995
895.8614,-0.20351,10.52763,-1.23545
895.8815,0.17478,9.89793,-0.50040
895.9033,-0.11253,10.92986,-0.59139
895.9210,0.07662,8.90431,0.60575
895.9413,0.58420,9.95539,-0.56026
895.9633,0.77096,10.46537,-0.85476
895.9810,-0.14605,8.47813,-0.21548
896.0006,-1.14446,9.95779,1.06066
896.0233,0.68955,9.90990,0.38787
896.0410,-0.14845,9.47654,-0.54829
896.0609,-0.44534,9.17965,0.06943
896.0836,-0.22267,10.31932,0.32562
896.1090,0.02394,9.31133,0.58660
896.1214,0.63448,9.99610,-0.06943
896.1453,-0.08141,10.42228,0.29450
896.1612,0.02155,8.96656,-0.15802
896.1812,-0.02394,10.77184,0.10056
896.2073,0.20591,10.56594,-1.22826
896.2332,0.73025,10.13257,-1.17559
896.2479,0.74701,10.93226,-0.71110
896.2634,0.43576,10.31454,-0.11253
896.2814,-0.09817,9.43105,0.09338
896.3009,0.52674,10.12539,0.47167
896.3231,-0.10535,9.65850,0.18915
896.3412,-0.14126,10.06793,1.71191
896.3716,1.11334,9.06951,-0.49801
896.3956,0.17718,10.54918,-0.78532
896.4021,-0.15323,9.91709,0.60815
896.4224,0.45970,9.30176,0.62012
896.4443,1.19953,9.74470,0.28971
896.4639,-0.57941,9.30415,1.13967
896.4839,-0.44773,10.44143,-0.39745
896.5214,0.19394,10.64016,0.40703
896.5359,-0.75899,10.19243,-0.43336
896.5459,-0.13169,9.62977,-0.53392
896.5663,0.31365,9.94103,0.00239
896.5834,0.18436,8.86600,-1.72867
896.6019,1.16601,9.04078,-1.58262
896.6268,0.26816,9.36161,-0.91461
896.6638,0.68955,8.74868,-0.92180
896.6639,1.31925,10.15651,-1.57543
896.6848,0.82363,10.03680,-0.22746
896.7048,1.24981,10.01286,-0.32083
896.7251,0.70392,9.34964,0.87630
896.7475,0.25379,10.35045,-0.66561
896.7634,-0.38069,10.18285,0.53392
896.7841,1.20671,8.95219,-0.53871
896.8130,0.32802,10.28580,-1.23305
896.8226,0.24422,10.21637,-0.83081
896.8427,0.62969,10.29778,-1.03193
896.8658,0.16042,10.65213,-0.56744
896.8837,-0.07662,10.05117,-0.33520
896.9039,-0.46928,9.55076,-0.79490
896.9258,0.49561,10.97296,-1.32403
896.9483,-0.55068,8.83966,-1.06306
896.9641,-0.52195,10.01765,0.53153
896.9863,0.26098,9.05754,-0.38069
897.0058,-0.07662,9.56034,-0.63927
897.0234,0.53153,10.02483,-1.80289
897.0456,0.67758,9.97455,-0.93856
897.0644,-0.36393,10.18764,-0.54111
897.0937,-0.54111,8.81093,0.44773
897.1075,-0.43336,9.71597,0.37351
897.1241,-0.72307,9.21556,1.18517
897.1454,-0.22267,10.58988,-0.06225
897.1678,0.11493,9.96018,-0.22985
897.1837,-0.39027,8.54038,0.81405
897.2045,0.48125,10.12060,0.19872
897.2281,0.11971,10.67847,0.98165
897.2455,-0.37351,10.03919,0.43097
897.2654,0.59617,9.26584,0.38308
897.2877,0.18436,10.55875,0.54350
897.3053,-0.50040,9.76385,0.54589
897.3276,0.22746,10.15172,-0.27774
897.3672,0.32323,9.39035,0.28013
897.3781,-0.04789,10.23313,-1.01996
897.3838,-0.06704,10.42946,0.11253
897.4055,0.37590,10.59467,-0.28013
897.4235,0.45970,9.59865,-0.65364
897.4436,-0.07422,9.72554,0.03831
897.4659,0.82602,10.23792,-0.39984
897.4834,0.76617,10.16609,0.73265
897.5131,0.03352,8.84685,0.69195
897.5258,-0.08141,9.51006,0.73025
897.5458,0.68476,9.51245,0.16281
897.5641,0.03831,9.48372,0.09577
897.5861,0.32802,9.83089,0.57702
897.6059,0.11253,9.70160,0.46210
897.6400,0.06225,9.78540,0.67040
897.6499,-0.20591,9.93624,0.41182
897.6669,-0.01437,9.97215,0.02873
897.6850,0.29210,8.97614,-0.61533
897.7075,0.05746,9.45260,0.91940
897.7250,-0.70392,9.86441,-0.72547
897.7437,0.15802,8.71516,-1.17080
897.7875,0.29450,8.68403,0.02394
897.7878,0.06943,8.91389,-0.30168
897.8036,-0.24422,9.43344,-0.09338
897.8256,-0.50519,10.30017,-0.15802
897.8434,-0.54350,10.09905,0.09577
897.8638,-0.86433,10.03201,-0.13408
897.8874,0.21070,9.71118,0.33280
897.9048,0.40463,9.99610,1.11813
897.9354,-0.32323,9.08148,0.72786
897.9455,0.97686,8.67206,-1.01517
897.9634,0.33520,9.15092,0.98165
897.9835,-0.13169,9.55316,1.34319
898.0076,0.16760,9.72076,0.33999
898.0248,-0.05507,9.71836,0.66561
898.0449,0.07422,9.97934,0.99362
898.0771,0.40224,10.16609,1.26897
898.0856,0.33759,10.17088,1.11334
898.1033,0.30886,10.21637,0.41900
898.1256,0.60815,9.84526,0.52674
898.1439,-0.48843,10.24989,1.30727
898.1650,-0.51237,9.17726,1.50121
898.1867,0.46688,9.70878,1.08940
898.2164,0.71349,9.02642,-0.92658
898.2234,0.09817,8.85163,-0.42618
898.2460,-0.13887,9.76625,-1.42220
898.2635,0.50040,8.94740,0.65124
898.2837,-0.09817,9.21796,0.20591
898.3058,-0.58420,10.38876,0.57702
898.3272,1.56107,10.42228,0.21548
898.3581,0.85715,9.89075,0.19872
898.3655,0.40703,10.85325,-0.14126
898.3836,1.17080,10.34327,1.29530
898.4033,0.48364,9.93145,1.43178
898.4257,0.59617,9.25387,-0.16281
898.4443,0.28013,10.34566,0.61293
898.4636,0.24661,9.72076,1.45093
898.4998,0.43815,9.68724,1.88908
898.5077,0.21309,9.11500,0.03591
898.5289,0.09338,9.42865,-0.46688
898.5459,-0.05267,8.81572,0.30647
898.5634,-0.43576,10.92268,0.45252
898.5843,0.08619,10.19482,0.46210
898.6061,0.64885,9.41668,0.15563
898.6340,0.33041,10.12060,-0.66561
898.6441,-0.43336,10.61382,0.65364
898.6658,0.49083,8.60502,0.31844
898.6838,0.45491,9.64174,-1.05588
898.7038,0.68716,9.74709,-1.71191
898.7269,0.49083,8.47334,-0.65124
898.7438,1.14446,10.20201,-1.74543
898.7724,0.97926,9.69202,-0.17957
898.7859,0.63448,8.87318,-0.84278
898.8035,0.22985,10.62819,-0.64645
898.8235,1.04869,10.80057,-1.51797
898.8460,0.05507,9.27542,-1.81247
898.8637,-0.52674,10.46059,-0.53632
898.8855,0.21070,10.41270,0.71828
898.9142,-0.32323,10.21158,0.87870
898.9296,0.04789,10.62100,-0.72068
898.9445,1.00320,10.16609,-1.41741
898.9655,0.51477,10.09905,-1.99683
898.9856,-0.21309,10.77903,1.08700
899.0032,-0.20591,9.66808,0.89546
899.0336,-0.21309,8.96177,0.94334
899.0437,0.22027,9.13416,0.39745
899.0632,0.02634,10.00089,-0.54829
899.0853,0.29210,9.65132,0.69434
899.1031,0.07901,9.87638,0.76138
899.1234,0.46449,9.47415,-0.32083
899.1458,-0.05507,10.32651,-0.30407
899.1646,-0.18436,9.54358,-0.28013
899.1852,0.30168,10.03680,0.51237
899.2057,0.28492,10.81973,0.40224
899.2228,-0.45970,10.02243,-0.21309
899.2433,-0.37590,10.18524,-1.47966
899.2658,0.05028,9.63456,-0.48604
899.2838,-0.72307,9.34246,-0.80687
899.3033,-0.48843,10.96338,-0.43576
899.3311,0.52435,8.83248,-1.53952
899.3431,0.84997,8.95698,-0.12450
899.3632,1.12531,10.21398,-0.43576
899.3854,0.86194,11.04718,-0.03591
899.4033,1.42938,11.05437,-1.17559
899.4232,0.57702,8.73431,1.13489
899.4456,0.03831,11.04958,1.17559
899.4678,0.06943,9.20120,2.82285
899.4831,0.28971,10.16848,2.64807
899.5051,-0.01197,9.80216,1.02954
899.5242,-0.10056,9.99610,-0.07901
899.5434,0.45252,9.85244,0.06225
899.5658,0.67040,9.53161,0.54589
899.5849,0.29928,9.31373,-0.20830
899.6166,-0.33041,8.92586,0.55787
899.6263,0.75899,9.93624,0.16999
899.6432,0.01437,9.61780,0.41182
899.6638,-0.60815,9.95539,-1.33122
899.6863,0.04070,9.17486,-0.07422
899.7039,-0.26337,10.20201,0.76617
899.7325,-1.18038,9.43584,0.73265
899.7468,-0.87870,10.11821,1.24981
899.7643,0.34956,9.84765,0.56984
899.7841,0.08141,10.07750,-0.41900
899.8065,-0.30407,10.92268,-0.66800
899.8241,0.84518,8.88994,-1.05348
899.8464,1.20193,9.49569,-0.70152
899.8713,0.45731,9.62259,-1.19714
899.8886,-0.23703,10.48213,-0.24661
899.9061,0.37590,10.05595,-0.61054
899.9280,0.16520,8.65530,1.56586
899.9439,0.20591,9.33049,-0.63448
899.9642,0.32323,10.15891,-0.62012
899.9880,0.61772,10.20201,-0.92658
900.0303,0.08859,9.55076,0.46210
900.0423,-0.16042,10.34087,-0.11971
900.0469,-0.46688,10.40312,0.53632
900.0640,0.58181,9.96018,1.45811
900.0840,-0.12211,10.46777,1.04390
900.1062,0.07422,9.36401,0.49561
900.1254,0.32323,10.47495,0.04789
900.1454,0.42379,10.54918,1.98485
900.1679,0.33041,10.62340,-0.37830
900.1849,-0.11014,10.77184,0.26816
900.2064,0.43336,10.18046,-0.26337
900.2298,0.51237,9.93624,-0.34238
900.2473,0.02155,10.44622,0.78772
900.2674,0.49322,8.46376,1.18756
900.2881,0.69673,10.16130,0.98165
900.3219,0.22746,10.70001,-1.34079
900.3243,0.26576,9.65132,-2.34400
900.3465,0.76138,9.56513,-1.74064
900.3641,-0.04070,11.01127,-0.07422
900.3842,-0.37590,10.14933,-0.54589
900.4074,0.55547,9.52682,-0.81166
900.4255,0.59139,9.59865,-1.09179
900.4465,0.24661,9.98173,-1.07024
900.4692,-1.24981,9.45739,-0.61533
900.4837,-0.29210,9.72794,-0.63448
900.5075,0.58181,8.88994,-0.66561
900.5300,0.52913,9.96737,-1.89148
900.5474,-0.03352,10.48453,-1.57543
900.5834,0.43576,10.40552,-1.00320
900.5987,1.12531,9.98652,-0.51956
900.6054,-0.16042,9.79498,-0.98884
900.6240,0.14845,10.30256,0.10295
900.6462,0.19394,9.42865,-1.32882
900.6640,-0.78053,9.46217,0.01676
900.6851,-0.88588,10.44862,-1.10376
900.7097,0.30407,8.74389,-0.88109
900.7271,0.69434,10.43425,-0.00479
900.7438,0.02634,10.98014,-0.02634
900.7679,0.69913,9.76864,-2.19555
900.7836,0.13408,10.05835,0.10535
900.8044,-0.34238,10.00089,2.79412
900.8267,-0.61293,10.47256,1.60416
900.8589,-0.61293,10.51087,-0.07901
900.8757,0.58660,10.59945,-0.73265
900.8869,-0.50998,11.20999,-0.48604
900.9049,-0.96250,8.90910,-1.10855
900.9248,-1.29770,11.22915,-0.60336
900.9490,-0.15084,9.15571,-1.08461
900.9665,0.60575,9.23232,-0.53153
900.9896,-0.20351,9.40232,-0.99362
901.0213,-0.25619,10.70720,-0.90743
901.0259,0.92180,9.98173,-0.11971
901.0474,0.62012,9.10064,-0.54350
901.0702,-0.36872,10.70480,-0.70152
901.0880,0.59139,9.85244,0.15084
901.1061,2.09499,8.76305,0.08380
901.1625,0.86912,10.55157,0.53392
901.1625,-0.06704,8.29856,-0.37830
901.1779,0.62730,9.56752,-1.50360
901.1882,1.69515,9.01444,-0.41660
901.2056,0.73025,8.05913,-0.77814
901.2255,0.43097,9.79737,-1.56825
901.2495,-0.05746,9.79737,-0.72547
901.2743,0.53871,9.52203,0.50998
901.2930,-0.30886,9.53161,-0.39027
901.3103,-0.57702,10.81494,-1.58501
901.3261,-0.22985,10.15412,-0.25858
901.3491,0.24182,10.63776,-0.16999
901.3696,-0.57702,9.60583,-1.49403
901.3870,-0.06225,10.32172,-1.98725
901.4246,0.49083,9.39992,0.25379
901.4399,-0.10774,10.72156,0.45252
901.4468,0.05267,9.17007,-2.04950
901.4659,0.07901,9.38316,-1.73824
901.4916,0.39745,9.24430,-0.75899
901.5100,0.36632,10.02004,-1.13249
901.5295,0.06225,9.78301,-1.61374
901.5659,0.56026,9.52443,-1.18517
901.5697,0.38787,9.95539,0.19872
901.5857,0.06943,10.20679,-0.24422
901.6083,-0.00479,10.01525,-0.67758
901.6255,0.41660,10.59227,-0.79250
901.6456,0.08859,10.19722,0.12929
901.6698,-0.45252,11.20999,0.09817
901.7051,-0.31126,10.50368,-0.25858
901.7168,0.96729,9.25866,-0.97686
901.7278,0.59139,9.30176,1.17080
901.7454,-0.46449,10.84367,-1.23784
901.7657,-0.11971,9.86441,-1.41502
901.7896,0.36632,10.29538,0.01915
901.8074,-0.61054,9.41668,1.34079
901.8298,-0.43576,9.05275,-0.35914
901.8492,-0.37590,10.26665,0.37830
901.8698,0.42379,9.21556,-1.53234
901.8862,0.02873,11.61463,0.10056
901.9076,-0.63927,10.17806,-1.83880
901.9254,-0.31126,9.44541,-2.52596
901.9451,0.97926,9.25148,-2.15724
901.9739,0.41900,9.76146,0.15323
901.9920,-0.12929,9.67766,-2.75581
902.0056,-0.45252,10.68086,-0.96489
902.0278,0.49561,8.50207,-2.10217
902.0453,0.12690,9.80216,0.97686
902.0656,0.43576,9.34485,-0.99602
902.0877,0.24422,9.23232,-2.98566
902.1133,0.97208,9.84526,-0.47407
902.1351,0.51716,8.87079,0.28013
902.1478,-0.74701,10.70480,-1.20193
902.1655,0.10774,8.51165,-0.21309
902.1854,1.38629,9.55555,0.18196
902.2079,0.53392,10.06314,1.51079
902.2277,0.16281,10.14215,0.03591
902.2491,0.76377,9.35204,-0.64167
902.2745,1.09658,9.65132,-0.20830
902.2900,-0.35196,10.76466,0.90504
902.3055,-0.81405,10.22116,1.47248
902.3277,-0.23464,9.60104,0.37351
902.3454,0.40463,9.77582,1.25460
902.3655,0.52674,9.68484,-0.02873
902.3877,-0.02394,9.61541,-1.08940
902.4119,0.45970,10.01765,-0.70631
902.4255,0.39506,9.50767,1.24742
902.4480,0.27055,10.23074,0.72068
902.4658,-0.12690,9.67048,1.09897
902.4879,-0.62251,10.04398,-0.20591
902.5112,0.60575,10.25229,-0.58420
902.5274,0.22027,10.56833,-0.00718
902.5463,-0.37590,9.54358,-1.34319
902.5679,-0.22027,11.16450,-1.03672
902.5854,0.61533,9.72076,0.96250
902.6055,0.92658,9.32809,-1.14446
902.6277,0.19394,9.29218,-2.37273
902.6480,-0.09338,9.93624,-1.62332
902.6829,0.23464,8.88515,0.00718
902.6996,0.20591,9.41429,-0.07422
902.7058,-0.47885,8.65291,-0.41900
902.7249,-0.81645,8.54756,-0.74701
902.7471,-0.27774,8.89473,0.80448
902.7653,0.11732,9.22035,-1.36474
902.7855,0.45012,9.47175,-1.47487
902.8075,-0.47167,10.31214,-1.10855
902.8284,0.80448,9.59146,-0.54350
902.8454,1.11094,9.66090,0.02873
902.8676,0.10295,9.89075,-0.14605
902.8853,-0.45491,10.24271,0.07183
902.9053,0.38548,9.42147,0.91940
902.9293,0.34478,9.53640,-0.15323
902.9584,-0.31604,8.84206,-0.57702
902.9756,-1.00799,10.24750,-0.27295
902.9875,-0.43097,9.83089,-0.04549
903.0054,0.58660,8.75586,-0.67040
903.0265,-0.32562,9.32809,-1.44614
903.0491,-0.29928,10.16130,-1.24263
903.0668,0.16281,9.79019,0.74462
903.0865,0.47407,9.75188,0.57941
903.1169,-0.14605,10.05117,1.58022
903.1252,-0.99123,11.23154,-1.14446
903.1452,-0.10295,9.39274,0.62251
903.1698,0.65843,9.05515,0.27774
903.1857,0.16760,10.84128,-0.32323
903.2075,-0.46688,10.98972,-1.07982
903.2492,0.23943,9.96737,-0.78053
903.2493,1.26657,9.12937,0.06465
903.2656,0.19394,11.80856,-0.00718
903.2876,0.17718,10.18046,-0.33759
903.3053,-0.11253,9.86441,0.01197
903.3254,0.37590,9.44541,1.15883
903.3477,0.61533,9.96976,1.34558
903.3653,-0.33041,9.79498,-1.08700
903.3849,-0.09817,9.49809,-0.34956
903.4072,0.11732,8.89473,1.44375
903.4252,0.99841,9.52682,1.27854
903.4449,-0.23703,10.52763,-0.79969
903.4675,-0.68955,10.23074,-1.24981
903.4867,0.01915,9.65850,-0.85715
903.5233,0.99841,9.26345,-0.11732
903.5379,0.67997,10.07032,-0.52195
903.5449,-0.41900,10.81015,-0.77814
903.5653,-0.20351,8.99529,0.25140
903.5878,1.10615,8.60981,-1.17080
903.6066,0.93377,9.83329,0.12211
903.6291,-0.13647,9.08148,-0.19633
903.6669,-0.11253,9.27303,-0.76138
903.6828,1.50600,8.77741,-0.55787
903.6872,1.22347,9.27781,-0.86673
903.7075,-0.18196,11.23633,-2.94975
903.7253,-0.53871,9.17486,0.84039
903.7452,0.17957,9.99610,3.40945
903.7692,0.97447,10.05356,1.74782
903.7866,0.06465,10.88198,-0.28013
903.8162,-0.71110,10.29059,-0.31126
903.8271,0.38787,10.02483,-1.00799
903.8453,0.70392,9.58907,0.16760
903.8668,-0.02634,10.04159,-0.94813
903.8892,-0.04549,8.44700,-1.96331
903.9070,-0.67279,10.19482,-0.78053
903.9291,-0.47885,10.37918,1.60895
903.9619,0.51716,9.46936,-0.35196
903.9650,-0.83321,9.27303,-1.17798
903.9850,-0.19633,9.80934,-1.78852
904.0092,0.66321,9.26824,-0.44294
904.0267,0.65364,10.05117,-0.90264
904.0472,0.08859,9.85484,-1.67839
904.0785,-0.50280,9.96018,-0.19154
904.0869,0.56505,8.48770,-0.86194
904.1049,0.98644,9.39992,0.74941
904.1270,1.80528,9.61301,0.01676
904.1451,-0.30886,10.30256,0.37830
904.1649,0.42139,10.34806,-0.16281
904.1870,0.19872,9.92906,-0.36872
904.2044,0.07183,11.05437,-0.89067
904.2258,-0.18675,10.84606,-0.90264
904.2471,-1.21150,9.63456,-0.98405
904.2648,-0.31126,10.11821,1.51079
904.2846,0.34478,9.07670,2.86595
904.3071,0.49801,8.64333,0.55547
904.3292,-0.40224,9.38316,-0.93137
904.3475,-0.63448,9.14374,-0.58181
904.3694,1.22587,8.67685,-0.77814
904.3851,0.10295,9.06233,-1.77655
904.4049,-1.54191,11.30098,-0.84039
904.4272,-1.60416,9.97215,-0.47407
904.4449,-0.33759,9.49091,0.26337
904.4651,0.38548,11.86603,-0.19154
904.4874,0.81884,10.33369,-0.59378
904.5164,-0.62491,9.95061,-1.67120
904.5248,0.12211,8.79657,-0.75659
904.5490,0.03352,8.94022,0.46449
904.5648,-0.27055,9.58189,-0.37351
904.5849,-1.01038,10.05117,-1.60895
904.6071,-0.52435,9.68724,-1.27375
904.6406,-0.04549,8.21476,-0.31604
904.6536,-0.16760,9.66329,-0.42139
904.6673,0.19872,10.07750,-0.28971
904.6849,-0.78293,10.20201,1.29770
904.7049,0.80448,10.32890,0.06704
904.7291,1.25699,9.41429,-0.57223
904.7466,0.00718,10.08708,-0.41900
904.7733,-1.07503,10.83409,-0.41900
904.7869,-0.92658,9.66569,-0.70152
904.8079,0.10774,9.19880,-0.73265
904.8255,0.40463,10.46777,0.68237
904.8469,-0.08619,9.32809,-0.22027
904.8650,-0.80208,10.54678,-0.60336
904.8905,-0.12929,9.46936,0.08859
904.9171,0.73744,9.12937,0.33041
904.9241,-0.30886,10.85085,-0.25140
904.9442,-0.92658,10.07511,-0.79490
904.9667,-0.97926,9.85484,-0.28971
904.9845,0.59139,9.41668,-1.31206
905.0044,0.10774,10.56354,-0.30647
905.0269,-0.97447,10.81015,-0.82842
905.0463,-1.15404,8.64333,0.60096
905.0645,-0.06704,8.90191,0.29210
905.0867,0.49083,8.87797,0.82842
905.1042,0.01197,10.80297,0.91222
905.1244,-0.49801,9.31852,-0.99841
905.1468,-0.27055,10.33130,-0.93856
905.1825,-0.11253,9.12937,1.53473
905.1955,0.47407,11.16929,-0.74941
905.2069,0.82363,10.45101,-0.59139
905.2245,-1.12770,10.01046,-1.06306
905.2445,0.47407,9.43584,-0.67758
905.2672,-0.12450,9.45978,1.01517
905.2849,0.74462,9.03839,0.06704
905.3049,0.54829,9.00247,-0.96489
905.3357,-0.87630,9.27781,-1.45811
905.3445,-0.47167,9.72554,0.41421
905.3649,0.50040,8.49728,0.54589
905.3870,-0.15323,11.27464,0.99602
905.4064,-0.74462,9.20359,-1.83401
905.4277,-1.18756,10.06314,-0.14845
905.4497,-1.15643,9.49091,-0.89785
905.4675,-0.28013,10.34327,0.43576
905.4873,-0.90982,9.75188,1.73106
905.5081,-1.54191,9.29697,0.02634
905.5256,-0.88349,9.72794,-1.30967
905.5479,-0.60096,9.43105,-0.79490
905.5717,0.20351,8.94740,1.30009
905.5858,-0.77335,10.67368,-2.39667
905.6076,-0.45252,10.07750,-2.29611
905.6321,0.22506,9.94821,-1.42699
905.6455,0.65603,9.71836,0.08141
905.6655,0.09098,10.37439,0.24182
905.6918,0.63688,10.64255,-0.77575
905.7092,-0.32802,10.72156,-0.90743
905.7433,0.24422,9.82610,0.59139
905.7584,1.24263,9.68245,-0.14605
905.7654,1.36474,8.70079,-1.59938
905.7877,-0.06465,9.84047,-0.89785
905.8081,-1.35037,10.74072,0.03831
905.8294,0.91461,9.79737,0.47885
905.8493,1.02475,9.80934,0.27534
905.8868,-0.56984,11.30816,0.34717
905.8869,-0.57702,10.05356,0.24900
905.9055,0.39984,10.33608,-0.93616
905.9279,0.00479,9.61062,1.46051
905.9459,1.00081,10.28341,-0.80208
905.9661,-0.23703,10.01286,-1.48924
905.9898,-0.47167,9.94821,-0.76856
906.0075,0.25140,9.22993,0.54111
906.0421,0.58899,9.29218,0.55787
906.0478,0.71349,10.03680,1.88190
906.0656,-0.29689,8.69840,0.06225
906.0876,0.27774,10.96338,-2.38470
906.1078,0.18675,8.47094,-0.65364
906.1257,0.88349,9.58189,-0.72068
906.1475,0.62012,9.44302,0.33520
906.1806,0.54111,10.01765,-0.90504
906.1870,-0.96489,9.61541,-1.68796
906.2076,0.61293,10.51087,-2.31287
906.2277,0.35196,10.10145,1.26418
906.2490,0.02394,10.10384,-0.13408
906.2689,0.21070,10.02243,-1.06785
906.3062,-0.15802,10.80776,-0.50040
906.3253,0.45491,9.11261,0.30647
906.3263,0.99841,9.75667,-0.29928
906.3478,0.83800,10.24989,-0.22267
906.3655,-0.63209,9.52921,-1.93457
906.3854,0.10295,9.66569,-2.43019
906.4075,-0.77814,9.54837,-0.51716
906.4355,0.67040,9.18204,1.35755
906.4472,0.22506,9.04078,-0.56026
906.4676,-0.83560,10.03919,-0.25619
906.4853,-0.85715,9.20359,0.26816
906.5055,1.13010,9.67048,0.48604
906.5290,1.53952,9.16050,-1.26178
906.5469,-0.06943,10.36003,-1.41262
906.5681,-0.75659,9.18444,-1.17080
906.5998,-0.42379,9.88117,-1.19714
906.6059,0.41660,9.35204,0.28252
906.6254,0.07901,9.89075,0.65364
906.6480,1.12052,9.95300,0.01197
906.6658,-0.12211,10.52763,-1.35995
906.6860,0.15323,9.41908,0.67758
906.7078,-0.00479,9.84286,-1.02236
906.7272,0.82602,9.83089,0.25619
906.7460,-0.18196,9.77582,-0.87870
906.7673,0.30886,9.94103,-0.16281
906.7849,-0.04070,10.09666,-0.31126
906.8051,1.06545,9.32091,-0.23703
906.8273,0.79250,9.00487,0.93856
906.8449,0.04310,10.15412,-1.68078
906.8640,0.16760,9.34485,-0.85954
906.8863,-0.05507,9.97694,-1.58262
906.9039,0.66561,9.33049,-0.18675
906.9240,0.70392,9.20599,-0.08859
906.9470,1.05588,10.14215,-1.40783
906.9656,-0.62491,10.38636,-0.75180
906.9965,-0.21070,9.42865,-0.37830
907.0164,0.27534,8.15011,-0.34478
907.0254,0.71349,10.04398,-0.13169
907.0459,0.78532,9.80216,-1.36234
907.0678,0.27534,8.90431,-0.02394
907.0875,-0.75420,9.42626,-0.83560
907.1057,0.86433,9.22275,-0.60815
907.1471,1.19714,8.48770,0.43576
907.1472,-0.50519,11.25070,0.69913
907.1650,-0.63927,9.92188,0.09817
907.1877,-0.32562,9.51245,-0.19633
907.2050,0.37351,8.92107,0.80687
907.2253,0.70871,9.32809,1.30967
907.2476,0.37590,9.96497,0.15802
907.2691,-0.99362,11.00648,-0.61533
907.2863,-1.12531,9.89075,-0.26098
907.3077,-0.10774,9.91948,-0.93856
907.3255,1.63050,8.62418,-0.92898
907.3467,0.26816,11.00169,-2.46131
907.3691,-0.58181,10.93944,-0.60575
907.3890,-0.64885,8.89234,1.54431
907.4094,1.25221,7.83646,-1.10137
907.4402,1.38150,8.22433,-0.49322
907.4455,0.75899,10.93705,-0.02634
907.4650,-0.92658,11.23873,-0.06465
907.4880,-0.63448,10.73353,-1.07982
907.5064,0.55787,9.44302,0.22746
907.5267,0.88349,8.60742,-0.15563
907.5505,0.78053,9.66329,0.97208
907.5717,-0.42139,10.25468,-1.03193
907.5872,-1.01278,9.96018,-0.69673
907.6094,-1.05348,8.89473,-0.45252
907.6251,1.29051,8.96656,-0.95532
907.6464,1.48924,9.19162,0.87630
907.6709,0.57223,10.54439,0.25140
907.7025,0.06943,10.27383,-1.08700
907.7169,0.87870,8.86361,-3.42860
907.7274,0.90504,7.63055,-2.95693
907.7450,0.41900,10.76705,-0.79011
907.7648,-0.48125,10.88677,0.79250
907.7875,-0.15802,10.76705,0.25140
907.8049,-0.29450,7.03199,-2.00161
907.8284,-1.21150,11.78223,-0.27055
907.8547,-0.08141,8.30095,2.25780
907.8680,0.26816,10.88677,3.43100
907.8848,0.03591,8.54756,0.28971
907.9087,0.47885,9.56273,-0.33520
907.9248,-0.23943,9.70160,1.83641
907.9468,-1.24981,12.00250,4.55870
907.9689,-0.26816,9.17007,4.79813
907.9869,0.28013,10.20201,-2.78454
908.0048,-0.32802,10.33130,0.52674
908.0272,-0.53632,10.34327,0.15802
908.0463,-0.60096,10.31454,-0.85715
908.0668,-0.02394,10.16848,-0.25858
908.0911,-0.34717,9.24669,0.79250
908.1064,-0.25379,10.94662,-1.39586
908.1400,-0.73025,9.24430,-0.74941
908.1477,-0.15323,10.22595,-1.40065
908.1650,0.91461,9.24669,-1.31685
908.1868,0.93377,9.07191,-1.22108
908.2078,0.56984,9.47175,0.01915
908.2264,0.10535,9.99849,-0.84039
908.2640,0.29210,9.81174,1.01038
908.2833,-0.62969,10.19722,1.14207
908.2869,1.74543,9.99610,-0.75420
908.3071,1.26418,9.07191,-2.16203
908.3306,-1.00081,11.04479,-0.03352
908.3484,-1.85796,10.70959,1.95852
908.3684,0.28013,8.62897,1.00081
908.4050,1.03433,9.22035,-0.69913
908.4232,0.96729,10.43904,-0.94813
908.4254,0.09338,9.48372,-0.17239
908.4493,0.21788,10.30975,-0.41421
908.4649,-0.79490,9.68005,-0.36872
908.4849,0.50280,8.96656,-1.12052
908.5110,1.27615,8.61939,-0.56984
908.5443,1.86753,10.14694,-1.81486
908.5579,0.41182,9.24669,-1.67120
908.5698,0.28252,9.84765,-1.95133
908.5850,0.16760,9.66090,-0.95053
908.6045,1.36234,9.05515,0.42858
908.6293,1.52515,8.39433,-0.10535
908.6466,1.31446,11.33929,-0.82124
908.6677,0.96729,9.73512,-0.47646
908.7049,0.45012,9.15092,-1.54910
908.7074,0.46928,10.73353,-0.91222
908.7260,1.38389,8.70798,0.46688
908.7485,1.02236,10.44622,0.30407
908.7662,-0.37590,10.09187,0.00239
908.7864,-1.02475,9.07430,0.34238
908.8094,0.01437,10.00807,-1.41741
908.8382,0.71349,8.72474,0.34238
908.8448,0.84278,8.10223,-0.44294
908.8672,0.85236,9.77343,-0.26098
908.8865,0.25858,10.16848,-0.65364
908.9051,-0.95053,10.53720,-0.19872
908.9275,-1.72867,10.10145,0.53632
908.9482,-0.41900,9.23711,0.56744
908.9717,0.39745,9.73033,0.99123
908.9879,1.29770,9.31373,-0.98884
909.0054,-0.49561,10.33130,-1.05588
909.0249,-0.26816,10.12539,-0.28252
909.0474,0.29450,8.51644,-0.70631
909.0683,0.75659,9.28260,-1.82204
909.1036,0.44773,11.51886,0.08380
909.1186,0.89785,9.74709,0.90743
909.1269,-0.80208,11.54998,-1.06306
909.1449,-2.01119,10.81015,0.73265
909.1672,-1.16362,11.11422,0.29450
909.1848,1.20911,8.85403,0.94095
909.2063,0.77335,10.35524,-1.21629
909.2297,0.70152,10.44862,-0.62251
909.2620,0.13169,9.96258,-1.67839
909.2646,-1.39586,10.92508,-0.25619
909.2874,-1.65684,10.00328,-1.27615
909.3044,0.03352,9.35443,1.01517
909.3285,0.23464,9.89314,0.23224
909.3508,1.03193,8.97135,-0.08380
909.3832,0.09577,9.18683,-0.97926
909.4035,-0.51237,9.79977,-1.27615
909.4078,-0.64645,9.46457,-1.59219
909.4250,0.17957,9.21796,-0.29928
909.4449,0.89785,9.12458,0.66561
909.4686,1.11813,8.95698,0.20830
909.4861,-0.21788,8.52362,0.53871
909.5059,-0.72307,9.79258,-1.05588
909.5410,-0.59378,10.69044,-0.72786
909.5448,-0.08380,8.67446,0.04549
909.5648,-0.03352,10.15891,-0.50040
909.5870,0.16999,9.28979,1.47248
909.6063,0.33041,9.17486,-0.84757
909.6282,-0.78772,10.97296,-0.61054
909.6667,-1.72388,10.63776,-0.25619
909.6668,0.81884,9.14613,1.60895
909.6916,0.50519,10.30496,1.37431
909.7083,0.45491,9.33767,0.25858
909.7257,0.62012,11.42787,-0.61054
909.7459,-0.45012,10.36960,-1.27615
909.7695,-1.57543,11.24112,-0.44294
909.7872,-0.56026,8.92107,-0.21309
909.8175,0.30407,9.15331,0.39506
909.8278,1.04151,8.28658,-0.65843
909.8456,0.80687,9.97934,-1.24502
909.8659,-0.83081,9.53400,-0.80687
909.8879,-1.00560,9.69921,-1.79571
909.9075,0.19394,9.09824,0.00958
909.9438,0.00718,8.75107,-0.97447
909.9599,0.59857,9.51485,0.27295
909.9656,1.20911,10.52044,0.83800
909.9854,-0.19154,9.95779,-0.06225
910.0091,-0.45731,11.04958,-1.36234
910.0286,-0.05028,8.80375,-2.74863
910.0466,0.45970,10.47016,-1.31206
910.0940,0.12690,8.93304,-0.20591
910.0941,0.44773,9.15331,-2.31287
910.1082,0.92898,10.48692,-1.56825
910.1295,-1.33840,10.95141,-0.33280
910.1454,-1.48684,8.50686,0.01197
910.1671,1.10137,9.05275,-1.07982
910.1895,0.05267,7.95378,-1.00081
910.2257,1.89148,10.59945,-3.08861
910.2380,0.47885,10.53960,0.94334
910.2476,-0.17239,9.60344,-0.14605
910.2676,0.05507,9.10303,-0.11732
910.2855,-0.36872,9.85723,-1.18995
910.3079,-1.23545,8.83248,0.17718
910.3261,1.13010,9.29936,-0.83560
910.3593,0.04549,9.67287,0.79011
910.3738,-0.43576,9.90272,0.88588
910.3855,-0.11493,8.88276,2.27456
910.4053,-0.75899,9.03599,0.19154
910.4277,-1.44375,9.38316,0.68716
910.4457,0.16760,8.80614,1.13010
910.4672,1.25939,9.71836,0.39266
910.4897,1.60416,9.60104,-0.64885
910.5245,-0.70871,8.80135,0.36154
910.5256,-1.10137,9.47654,-1.33361
910.5477,-1.33361,10.12060,-1.61374
910.5654,-1.00799,9.48851,-0.16042
910.5855,0.05507,9.90512,0.53632
910.6078,0.57223,9.80695,1.30249
910.6267,1.03672,10.70480,-0.51477
910.6479,0.49801,9.15092,0.26576
910.6675,0.54829,11.22675,0.05986
910.6853,-0.67519,8.73671,0.95532
910.7055,-0.30886,10.01286,0.71828
910.7278,0.20351,9.88357,0.63688
910.7455,1.07742,8.90431,-0.20112
910.7671,0.52674,8.25067,0.60096
910.7957,0.04549,10.35763,-1.08700
910.8069,-0.59378,8.93304,1.57543
910.8267,-0.18915,9.74230,-0.61293
910.8488,-0.35435,9.24908,-2.99045
910.8665,0.88109,9.90033,0.41182
910.8865,0.66321,9.08388,0.96010
910.9102,0.58181,10.42946,0.17239
910.9425,-0.67279,9.70160,0.37590
910.9454,0.10295,10.79100,-0.74462
910.9679,-0.28492,8.49968,-0.72786
910.9857,-0.14366,10.05356,-0.02155
911.0057,1.05588,9.23711,0.69673
911.0282,0.69434,9.98891,0.74701
911.0658,-0.06704,10.25707,0.92419
911.0778,0.31365,8.24109,0.49561
911.0879,0.40942,8.95938,-0.68955
911.1057,-0.65843,10.20919,0.38069
911.1264,-0.16520,10.22116,0.83081
911.1497,-0.59617,10.24750,-0.17718
911.1674,1.06545,11.04479,-0.05267
911.2075,0.24900,9.73033,-0.72068
911.2238,-0.52435,10.06074,0.08141
911.2254,-0.46210,9.03839,1.36953
911.2451,0.17718,8.49489,1.65205
911.2675,-0.06704,9.63456,0.34717
911.2853,-0.20112,10.38158,0.67997
911.3054,0.08619,8.96895,0.54111
911.3289,0.25379,9.39274,0.35435
911.3506,0.33041,8.69361,0.91701
911.3652,0.17718,9.19641,0.15802
911.3876,0.61054,9.05515,-0.38069
911.4057,-0.38069,9.96976,-0.67279
911.4255,0.06465,10.07750,-0.87391
911.4497,-0.01437,9.69681,-0.29928
911.4805,-0.65364,9.50527,-0.15563
911.4984,-0.44773,9.68245,0.22506
911.5076,-0.54111,9.32091,1.87232
911.5254,0.33041,9.76625,1.36713
911.5461,0.15323,8.57150,0.83321
911.5693,-0.08141,10.99212,-0.75420
911.5850,0.56505,10.34806,1.58022
911.6141,-0.62730,11.07831,2.24822
911.6297,0.02634,10.92029,1.05109
911.6451,-0.82602,9.40950,1.38150
911.6667,0.58660,8.64333,1.94894
911.6894,1.14925,9.31852,-0.01915
911.7051,0.35675,8.79657,-1.16841
911.7250,0.57223,10.00807,-0.57463
911.7475,0.35435,9.52682,1.47966
911.7672,-0.57223,8.58348,-0.29928
911.7863,-0.72068,10.93226,1.35755
911.8088,0.21070,8.38715,0.47885
911.8289,0.14366,10.01525,1.13010
911.8489,-0.67519,10.00089,3.37832
911.8716,0.46688,8.95698,1.88190
911.9080,0.90504,9.10303,-0.60815
911.9080,0.73744,9.64414,0.50759
911.9274,0.30168,9.35443,1.77176
911.9449,0.75420,9.78301,-0.00958
911.9655,-0.11732,10.14215,0.66800
911.9877,0.11732,10.83888,1.19953
912.0069,0.45731,8.83487,-0.13408
912.0439,-0.16281,9.72794,-0.61533
912.0665,-0.46928,9.23232,0.72786
912.0667,-0.31365,8.98811,0.93377
912.0876,0.17718,9.03120,0.65843
912.1099,0.10535,10.03919,-0.50040
912.1295,0.33999,8.10462,0.95292
912.1495,-0.28731,9.44541,1.24981
912.1700,-0.40463,8.85642,0.47407
912.1879,-0.43576,8.91149,0.54111
912.2061,-1.21629,10.48213,2.26020
912.2283,0.70871,8.86361,1.53712
912.2481,1.05827,8.52601,0.19633
912.2681,-0.06225,10.35763,0.31365
912.2905,1.17798,8.70798,-0.22267
912.3350,0.35914,8.81093,0.88349
912.3351,-0.29689,9.12937,1.76697
912.3482,-0.09817,8.54756,1.35516
912.3658,0.88828,11.05197,0.05028
912.3858,0.43097,9.68245,-0.54829
912.4099,0.00239,9.45499,1.47248
912.4270,0.79969,10.86761,0.18915
912.4638,0.52674,9.70400,0.25858
912.4771,-0.29928,9.31373,0.12211
912.4858,0.59139,9.44541,-0.75180
912.5059,0.65603,9.11979,-0.00718
912.5283,0.01197,9.78780,0.73504
912.5463,0.04070,10.93226,1.05827
912.5662,0.98165,9.59386,-0.96489
912.5884,0.21070,10.51326,-1.06545
912.6179,0.27534,9.89314,-1.21390
912.6254,0.24900,10.20201,-1.16122
912.6482,0.02873,9.38077,0.16042
912.6657,-0.17957,10.95860,-0.28252
912.6917,-0.11732,9.26105,1.01517
912.7104,0.00479,10.29778,-0.52195
912.7331,0.21788,8.90670,-0.59857
912.7499,0.39745,10.45101,-1.36474
912.7703,0.44294,10.81254,-1.34079
912.7880,0.46449,9.16289,-0.15802
912.8077,0.86912,9.62738,-0.32323
912.8304,0.09098,8.23870,-0.41660
912.8481,-0.82363,12.08630,-0.01915
912.8865,0.43576,9.56513,4.59222
912.9050,1.70951,9.62259,-0.42858
912.9075,0.61054,7.98970,-0.28252
912.9277,0.50040,9.78061,-1.02236
912.9503,0.57223,9.38316,0.18675
912.9683,0.36872,8.78699,-0.42858
912.9880,0.17478,10.26426,-0.81884
913.0110,1.10137,8.67446,-0.07422
913.0391,0.17239,8.60263,-0.39506
913.0482,-0.22027,9.03599,0.50519
913.0717,0.11971,10.73353,1.79331
913.0894,-0.19633,10.04159,0.30647
913.1075,-0.28013,9.97455,0.86433
913.1323,-0.04549,10.11581,0.82842
913.1662,-0.34717,9.51485,1.43417
913.1821,0.07183,9.47415,0.08141
913.1912,0.73265,10.42707,0.18196
913.2104,0.79729,8.57869,-1.56825
913.2286,0.76617,10.27862,-0.42618
913.2511,-1.44854,9.66808,0.11971
913.2723,-1.66163,11.40154,1.21869
913.2977,-1.27854,9.71836,-0.39506
913.3136,-1.20432,9.73033,0.36872
913.3288,-1.41023,9.82610,-0.25858
913.3485,-0.77335,9.25387,-1.69036
913.3717,0.30407,10.47495,1.53952
913.3899,0.28492,9.71357,-0.81405
913.4103,0.10774,9.93145,0.10535
913.4351,0.23224,9.90512,0.85476
913.4659,-0.70152,9.64653,1.72627
913.4802,0.23464,11.16929,1.64487
913.4907,1.38629,10.80057,0.62012
913.5086,0.54111,10.76705,0.42618
913.5283,0.20591,11.94743,1.62332
913.5524,1.49882,9.83329,0.60575
913.5701,1.73345,9.51964,-0.94334
913.6010,0.47167,10.22834,-0.92658
913.6113,-0.24900,9.98173,0.64885
913.6289,-0.17957,9.62498,-0.60336
913.6483,-0.39984,8.98092,-0.35196
913.6714,-0.16999,7.27141,-0.84039
913.6903,-0.60336,8.20039,3.56747
913.7273,-2.26977,10.46059,2.08781
913.7421,-2.28653,8.84924,0.63927
913.7504,-2.37991,7.96096,2.53314
913.7689,-0.57941,5.90189,1.92260
913.7921,0.07662,4.35519,3.14608
913.8099,-0.50040,9.28021,0.55308
913.8314,0.02155,9.46217,4.22111
913.8543,-0.52435,7.97054,1.98007
913.8712,-1.56586,8.35362,3.11016
913.8884,-0.03113,7.72154,2.01359
913.9120,-0.27055,9.45499,0.90982
913.9290,0.85476,8.42066,1.28812
913.9506,0.66561,10.35045,0.04789
913.9744,0.17957,9.89554,2.30090
913.9896,-0.06225,11.07592,1.21869
914.0184,0.61772,10.15172,0.28252
914.0331,0.03113,10.68325,0.52195
914.0490,0.02394,10.18524,1.47008
914.0721,1.41023,11.34168,2.16921
914.0944,1.32164,12.32094,-0.37830
914.1098,-0.57223,11.65054,1.59459
914.1306,-0.30168,10.30496,-0.01437
914.1630,0.28731,11.00169,2.49244
914.1720,-0.44534,10.25947,2.54033
914.1884,0.02155,11.79180,1.98964
914.2111,1.65205,11.23154,0.40942
914.2275,0.66800,8.71516,-0.73025
914.2476,0.02873,7.97772,-0.21309
914.2729,-0.43097,10.08229,-0.31844
914.2908,0.27534,9.60344,1.04869
914.3079,-0.05267,9.46217,-0.67997
914.3314,-0.31844,7.95857,0.73744
914.3492,-0.56744,8.72234,0.80208
914.3698,-0.03591,8.48052,2.04471
914.3915,-0.07901,9.45020,0.21788
914.4276,0.05267,8.19800,1.25460
914.4449,0.13408,8.82290,0.55787
914.4501,-0.36393,8.93064,1.88190
914.4674,-0.03591,9.41668,1.31446
914.4877,-0.08859,9.93863,1.05348
914.5101,-0.01915,9.52921,0.65603
914.5309,0.31604,10.29778,0.81405
914.5714,-0.56026,9.24669,0.86673
914.5853,0.62969,9.13176,1.35995
914.5886,-0.16520,9.98173,0.46210
914.6075,-0.86433,10.03201,2.95214
914.6306,-0.11493,10.07032,5.33205
914.6500,0.13169,11.67688,2.29850
914.6699,0.93616,10.89156,1.79810
914.6939,1.65205,10.29059,-2.20752
914.7113,0.44055,9.72794,-0.05267
914.7349,0.21070,12.74473,-1.98725
914.7513,-1.69515,9.74230,-0.25379
914.7690,-1.17319,10.65931,-0.73265
914.7885,0.53153,9.01684,3.06228
914.8121,-0.93856,9.38556,3.49804
914.8300,-0.82363,10.26665,-0.03352
914.8642,0.24422,9.13416,-1.70712
914.8706,0.65124,9.05994,-1.04630
914.8881,0.40463,9.10782,0.31604
914.9082,0.00718,8.19081,2.09020
914.9322,0.60815,9.23472,2.49962
914.9500,-0.32083,8.74868,1.17559
914.9698,-1.32403,8.67206,2.37273
915.0071,-0.72547,10.11821,2.88750
915.0093,0.32562,8.14293,1.49163
915.0301,1.57783,10.07511,0.40942
915.0529,1.28094,9.22275,0.37590
915.0718,0.27774,10.18764,2.64567
915.0917,0.00479,9.08388,0.93856
915.1318,-0.38787,9.71118,-0.07901
915.1321,-0.51477,9.79019,0.11014
915.1500,0.28252,10.41749,0.02394
915.1707,-0.53632,9.56752,1.73585
915.1896,0.47167,10.44143,-0.57941
915.2098,-0.16042,10.31693,0.05267
915.2320,0.05507,9.51724,-1.10137
915.2498,0.44534,10.11102,1.15404
915.2816,0.01915,9.32331,2.25301
915.2906,0.49083,11.00648,0.51237
915.3084,0.26816,9.80455,0.31844
915.3286,-1.35277,7.94899,-1.03912
915.3519,-0.32802,10.81973,1.11094
915.3698,-0.20830,9.94582,1.99922
915.4058,0.08859,9.34964,1.83641
915.4216,0.50759,10.53002,2.37512
915.4283,0.04789,10.83409,1.87711
915.4498,0.15802,9.03839,2.39427
915.4737,0.29210,9.69921,1.40544
915.4915,-1.01517,10.90592,1.15883
915.5095,0.42139,10.38636,3.24424
915.5332,0.61054,8.09025,1.83880
915.5546,-0.78772,9.81413,1.91063
915.5706,-0.15802,9.78780,0.20351
915.5916,1.17559,9.81413,-0.33999
915.6092,0.59378,8.99050,-2.57145
915.6329,0.17718,9.15571,-0.88349
915.6552,-0.92658,11.69364,3.06228
915.6707,-0.24661,9.85962,2.52835
915.6974,0.10535,7.50366,-1.85796
915.7116,0.26576,9.59865,-0.27055
915.7288,1.51797,9.55555,1.23305
915.7490,1.33361,8.95219,2.61694
915.7735,0.26816,12.20362,0.08619
915.7929,1.33122,10.69523,-1.61614
915.8282,0.62730,9.87160,1.68318
915.8453,0.84757,9.09106,-1.80049
915.8494,1.69515,4.92502,-1.98007
915.8694,-0.17478,13.51568,2.81088
915.8929,1.20432,10.77184,-0.55068
915.9102,-0.85715,9.35922,1.12052
915.9326,-0.55308,11.11422,-0.41660
915.9708,0.58181,8.80614,5.87555
915.9724,0.19154,11.98574,2.56666
915.9905,-2.30329,11.95461,5.09502
916.0131,-2.79891,10.90832,3.03115
916.0303,-2.25301,8.99529,3.51240
916.0524,-1.57064,10.11342,0.68716
916.0750,-0.78772,9.71118,0.25619
916.1089,0.06465,9.68963,1.20911
916.1227,-0.11732,8.99050,0.44294
916.1335,-0.39506,9.31373,1.00320
916.1490,-0.53632,8.65770,0.02634
916.1691,-0.34717,8.80135,3.21791
916.1917,-0.57941,8.28898,1.69036
916.2095,-0.25858,9.07670,2.46850
916.2322,-0.62012,10.07032,1.00560
916.2585,-0.35196,9.28021,1.50121
916.2716,-1.07742,8.72234,0.87391
916.2889,-0.99362,8.90670,1.00320
916.3112,-0.37351,9.20120,1.52994
916.3290,0.03352,10.00328,1.53234
916.3533,-0.10295,9.37359,0.16999
916.3900,0.18196,10.15412,-0.32323
916.4053,1.01038,10.40073,-0.81884
916.4091,-0.24422,10.02243,-1.01517
916.4318,-0.32562,10.98014,1.66402
916.4492,0.49561,10.48213,1.54670
916.4695,1.31685,9.82371,-0.18915
916.4932,-0.10535,9.06951,1.72867
916.5092,0.24661,10.44143,0.24661
916.5351,0.49561,9.80455,2.12612
916.5538,0.31126,10.15651,0.41421
916.5695,0.16281,9.96258,1.51797
916.5906,0.34238,9.66329,1.98007
916.6111,0.40463,10.26186,-0.03113
916.6289,0.48604,8.24588,1.95612
916.6674,0.64885,10.52284,-0.55068
916.6827,-0.16042,9.47654,1.96091
916.6882,0.59857,10.26426,-0.22746
916.7092,0.78053,8.37517,-1.32403
916.7316,0.71828,9.48612,-2.46850
916.7504,-0.23943,8.31771,0.71349
916.7704,-0.07901,9.50288,1.13249
916.7944,-0.51956,8.11420,0.66321
916.8196,-0.26337,9.90751,0.49801
916.8329,0.44294,8.04716,1.38629
916.8519,0.29210,10.27862,1.08700
916.8713,0.68476,8.89234,0.98405
916.8896,1.01517,9.40711,0.56265
916.9159,0.27534,10.18285,1.08461
916.9479,-0.43576,9.57710,0.84039
916.9624,0.26576,10.33369,2.70792
916.9726,0.08859,9.79737,1.25460
916.9891,0.42139,10.86761,1.35037
917.0105,-0.14126,9.55795,-0.04310
917.0325,-0.35196,9.17247,1.18756
917.0501,0.06225,10.94184,2.63131
917.0714,-0.21788,10.68565,6.90988
917.1073,-1.71191,12.77346,5.03037
917.1099,-0.33759,13.16612,5.85400
917.1296,0.71110,8.68643,0.78293
917.1531,0.14845,10.73353,2.05429
917.1713,-0.40463,13.46301,-2.96411
917.1913,-1.28333,9.99610,0.42139
917.2170,-1.23305,9.84765,2.03034
917.2347,-0.48364,10.84367,-1.56825
917.2516,-0.25379,8.00406,0.12211
917.2725,-0.95532,11.96419,-1.15883
917.2901,0.85954,7.99688,-1.87951
917.3102,0.69673,10.98733,0.35196
917.3325,-0.24661,9.89075,1.41741
917.3503,-1.31446,11.52843,0.69913
917.3770,-0.16042,7.86759,2.28653
917.3920,-0.34956,9.37119,2.07344
917.4095,1.03672,8.60023,0.64167
917.4297,1.18517,10.86522,1.42699
917.4521,-1.02714,10.27383,1.41023
917.4698,1.09658,9.95779,-1.75261
917.4904,0.92898,8.72234,-1.55388
917.5206,-0.25140,9.81413,-0.14126
917.5302,-0.76856,9.59146,3.47409
917.5495,0.31365,9.64893,0.50759
917.5721,0.49322,9.62259,0.60336
917.5934,0.32562,8.79417,-0.28013
917.6133,0.96489,9.57471,0.46449
917.6526,1.05348,8.14293,-0.48843
917.6531,1.07982,8.73431,1.35277
917.6697,0.45970,9.38077,0.24661
917.6919,0.44534,10.47735,0.48364
917.7108,-0.07183,8.90910,1.11094
917.7296,0.33520,8.57629,0.30407
917.7518,-0.39745,9.15571,0.76856
917.7710,0.61533,9.41668,-0.80926
917.8052,1.27375,9.67048,-1.26657
917.8139,0.37111,8.93304,-1.67120
917.8297,-0.50998,10.57791,0.94574
917.8505,-0.31126,9.98173,0.82602
917.8734,0.40224,10.67847,0.34478
917.8911,1.13967,10.37918,0.47407
917.9110,1.41502,8.67925,-1.11573
917.9344,1.21869,9.17247,0.96010
917.9498,-0.60575,9.99610,-0.57702
917.9696,-0.73504,11.55716,1.23784
917.9916,0.58899,8.71756,1.01517
918.0095,1.24981,10.96817,-1.48684
918.0313,0.74701,9.53879,1.13489
918.0530,-0.60815,10.58988,2.00401
918.0709,3.02636,9.15810,-8.40630
918.0900,1.79571,8.24828,3.05749
918.1122,4.26181,9.45020,1.17798
918.1298,0.28731,9.76385,-0.87630
918.1498,-0.56026,12.28263,-2.20034
918.1755,0.92898,10.29059,2.88510
918.2156,0.74941,8.37039,2.85876
918.2156,0.43097,11.18605,2.43977
918.2324,1.53952,8.62657,-0.19394
918.2495,0.95532,6.84284,-2.58582
918.2696,-0.29689,8.49249,-2.43019
918.2931,0.30647,8.71995,0.33999
918.3113,0.33280,7.88674,0.81884
918.3309,0.04310,9.52921,1.12770
918.3661,0.10056,8.79657,1.05827
918.3716,-0.22267,9.17486,2.81327
918.3900,-0.57941,9.71118,2.54751
918.4116,-0.29689,10.52044,2.45892
918.4295,0.65124,10.92986,3.01679
918.4495,1.45332,9.34007,0.87870
918.4739,0.17239,10.24271,2.26259
918.5079,-0.18436,11.58829,0.41900
918.5096,-0.31126,11.52125,2.26020
918.5318,-0.18436,11.15732,0.16999
918.5493,0.09098,10.81494,2.03753
918.5695,0.42139,9.73033,0.92898
918.5931,0.58181,10.04877,1.60416
918.6109,-0.45731,10.62819,1.12531
918.6452,-0.58899,10.48213,0.17239
918.6530,0.35914,10.90832,-1.04869
918.6696,0.86673,9.41189,-0.71589
918.6901,0.28013,8.99290,-0.12450
918.7135,0.07183,9.09585,-0.28492
918.7294,-0.28731,9.26345,0.69913
918.7621,0.76856,10.71438,0.31604
918.7791,0.20351,7.88674,0.21548
918.7892,0.08141,9.20838,1.52994
918.8119,0.73265,8.59066,0.64406
918.8334,0.57463,10.30256,1.28333
918.8511,-0.42379,9.33049,1.79092
918.8710,-0.35675,10.07271,1.96331
918.9097,-0.29689,9.26345,3.46212
918.9239,0.40703,9.21556,0.51477
918.9297,1.23305,8.88994,-0.01437
918.9518,0.39266,9.40950,0.67040
918.9692,0.66321,10.05117,-0.26337
918.9896,0.06225,10.81254,-0.73025
919.0121,-0.85476,9.77343,0.84278
919.0319,-0.62251,10.22834,1.23784
919.0627,-0.40224,9.13655,0.72307
919.0766,-0.60096,9.03360,2.04471
919.0892,-0.27295,9.18444,-0.59378
919.1092,-0.55308,9.54358,1.74543
919.1317,-0.05507,8.65291,1.25699
919.1495,-0.86433,8.92107,2.28893
919.1802,-0.80926,10.50129,1.05348
919.2012,0.39266,9.32809,0.85954
919.2093,-0.08619,9.18923,1.01757
919.2290,-0.12450,9.36640,0.92898
919.2528,0.24900,10.13736,1.42459
919.2724,0.37351,8.56193,0.90982
919.2902,0.14126,9.87878,2.80130
919.3130,0.26576,9.64653,1.18517
919.3325,0.04070,8.73192,0.81884
919.3492,0.21309,10.28102,2.34878
919.3715,0.27295,8.90431,1.82444
919.3906,-0.50280,10.86522,1.24502
919.4092,0.22506,9.35922,1.17080
919.4380,-0.29450,9.76385,1.56346
919.4552,0.27295,8.37039,-0.25619
919.4779,0.31126,9.87878,0.06225
919.4932,0.93377,9.58189,0.28252
919.5112,-0.19633,8.60263,-0.31365
919.5289,-0.10774,9.73991,0.39027
919.5519,0.02873,9.48133,0.09817
919.5697,0.11253,9.05515,-0.98405
919.5953,0.19154,9.32570,-0.01915
919.6112,0.05028,10.33130,0.79969
919.6290,0.20591,9.73991,1.61135
919.6492,-0.16999,9.48612,1.67599
919.6716,-0.62012,10.79818,-0.54350
919.6906,0.21788,9.10782,-0.66321
919.7222,-0.16281,9.90512,1.02714
919.7382,-0.52913,9.62259,0.34956
919.7498,0.06943,9.88596,0.30647
919.7693,0.39506,10.52763,0.95771
919.7914,0.45731,9.92427,-1.69754
919.8089,0.84757,9.18204,0.78053
919.8292,0.02873,9.78780,1.28333
919.8519,-0.29210,9.74709,0.71828
919.8716,0.91701,9.67048,-0.40942
919.8903,0.71828,8.55953,0.40942
919.9124,0.27774,8.54038,0.01676
919.9344,0.44294,8.36560,1.46290
919.9499,0.07422,9.54597,1.75261
919.9724,0.12211,9.05036,-0.24900
919.9894,0.73983,9.78301,0.10774
920.0111,0.21548,9.26105,0.80448
920.0319,-0.37111,9.97455,2.40625
920.0494,-0.39506,9.78780,1.69994
920.0695,-0.10535,9.05036,1.56586
920.0939,-0.17478,10.08947,-0.18675
920.1116,-0.13169,9.09106,0.92898
920.1315,-0.84757,9.54119,0.85236
920.1580,-1.20911,9.65372,0.76856
920.1715,0.75899,8.57150,0.52674
920.1915,0.01676,9.41908,1.72388
920.2139,0.50519,8.98332,2.35597
920.2335,-1.10137,9.92427,4.41983
920.2531,-0.45731,10.47495,2.30808
920.2737,0.54350,10.07511,1.19235
920.3080,0.21309,10.44862,0.85476
920.3096,1.17319,9.34485,0.23703
920.3322,0.00479,9.79498,1.63768
920.3500,0.09338,11.49731,0.36872
920.3701,0.59617,9.62977,0.61533
920.3928,0.11014,10.02962,-0.69913
920.4245,-1.10855,10.35045,0.83321
920.4421,-0.59617,11.24591,0.39506
920.4521,0.40224,10.51565,1.67839
920.4701,1.20911,9.78540,-1.63050
920.4915,1.15643,9.54358,-2.17161
920.5123,1.15643,9.54119,-0.54350
920.5300,0.16281,9.49809,0.39984
920.5499,0.12211,9.38556,-1.03672
920.5719,-0.07422,10.80536,-1.04151
920.5898,0.22506,8.92346,0.20830
920.6093,0.70152,10.28102,0.87630
920.6318,-0.08859,9.03839,0.43336
920.6494,-0.00718,9.00247,0.28013
920.6694,0.52195,10.05117,0.58899
920.6917,0.33041,9.31133,0.63688
920.7133,0.08619,10.44622,1.53234
920.7296,-0.05028,10.15891,0.56984
920.7536,-0.08619,10.06793,2.17640
920.7695,-0.24661,10.16370,1.35277
920.7897,0.26576,9.86920,-0.29210
920.8120,-0.39984,10.24271,0.88349
920.8313,1.06066,9.82850,1.48924
920.8633,0.21548,9.31612,1.98007
920.8723,-0.15802,10.28820,1.00560
920.8901,0.41900,10.40552,1.89866
920.9097,0.46928,10.44622,-0.67279
920.9344,0.23464,10.21158,1.90105
920.9522,-1.74303,10.83649,2.85158
920.9724,-0.99123,10.29778,2.15724
921.0046,0.05267,10.54439,3.98407
921.0109,-0.04070,8.91389,0.23464
921.0306,0.07183,10.65213,0.96968
921.0530,0.10056,10.73832,0.47407
921.0724,0.12450,8.42545,-0.21788
921.0924,-0.06943,10.86282,-0.90264
921.1321,0.75180,8.77741,-0.06465
921.1323,0.61772,9.41668,1.01996
921.1508,-0.68716,11.27943,0.18675
921.1730,-1.47248,10.01286,2.29372
921.1904,0.59378,9.90033,1.37431
921.2108,0.81884,9.36161,-0.77096
921.2335,-0.47407,9.88836,1.53473
921.2512,-0.22746,9.35443,0.58181
921.2788,-0.59617,10.07511,1.37431
921.2969,-0.24661,9.39513,-1.14686
921.3104,-0.00958,9.79019,0.29210
921.3304,-0.93377,10.45340,1.60895
921.3530,-0.15802,10.14933,1.40065
921.3707,-0.16520,10.22595,1.71191
921.4073,-0.19154,10.16609,-0.22027
921.4206,0.42139,10.12539,2.89228
921.4324,0.52913,9.23951,2.00880
921.4504,0.25140,9.62738,0.32802
921.4731,-0.31604,10.45340,0.79490
921.4907,1.10615,8.20518,-0.55787
921.5112,0.80926,8.65530,-1.46769
921.5378,-0.05028,8.30334,0.05028
921.5552,-0.28252,9.68245,0.12450
921.5722,-0.16042,9.41189,0.78053
921.5930,-0.38069,10.90113,0.04549
921.6105,0.00479,8.43264,0.33041
921.6343,0.53871,10.39115,0.15323
921.6545,0.48364,9.09585,2.77496
921.6720,-0.62251,8.37517,1.82683
921.7004,-1.53712,12.07912,3.29452
921.7125,-0.75659,10.30496,3.24903
921.7303,1.59698,8.95938,2.32005
921.7505,0.38308,9.08148,2.87074
921.7737,-0.67040,10.32411,1.36713
921.7908,0.13408,9.20359,3.05509
921.8120,0.61533,11.12380,-0.25140
921.8445,0.50998,9.46936,1.56107
921.8503,-0.26576,10.55396,-1.00081
921.8706,0.35435,10.09666,1.14686
921.8929,-0.16999,9.51245,0.35435
921.9107,-0.32083,10.92986,1.05588
921.9305,0.05267,9.53879,1.59698
921.9532,-0.02873,11.02085,0.45970
921.9722,0.09817,9.43584,0.47407
921.9914,0.58899,9.28739,-0.90264
922.0128,0.12211,9.17486,0.55547
922.0319,0.45731,9.43105,-0.33520
922.0520,0.65124,9.32091,0.45012
922.0753,0.12929,9.20838,-0.06943
922.0919,0.78293,9.00247,0.31365
922.1230,1.17319,10.69523,1.19235
922.1346,0.43815,9.11500,0.79729
922.1505,-0.12929,10.33369,0.94334
922.1705,0.08619,10.13736,1.58022
922.1945,0.18915,10.49650,2.51159
922.2105,-0.01197,9.62259,3.04312
922.2505,-0.00958,10.23792,1.35037
922.2670,-0.43336,10.18524,2.87552
922.2735,-0.19872,10.33848,0.69673
922.2915,0.21548,9.24669,-0.41660
922.3148,0.22506,10.74551,0.70631
922.3358,0.56505,9.95779,0.77335
922.3529,0.68716,10.69044,0.00958
922.3992,0.18915,10.09187,0.92658
922.3992,0.44773,9.48851,0.93137
922.4142,0.89785,10.37200,0.88828
922.4335,-0.16042,9.49330,0.16281
922.4512,0.08380,10.53960,0.17478
922.4727,0.42139,8.74629,0.26576
922.4952,-0.18196,10.13257,0.00958
922.5308,-0.61533,11.07352,0.68237
922.5436,-0.57702,10.53481,0.28013
922.5562,-0.17478,9.17726,1.01517
922.5715,-0.24422,9.93863,1.03912
922.5914,0.27774,9.10303,2.88271
922.6141,0.82124,9.61301,1.63290
922.6315,-0.03352,9.69202,0.37111
922.6597,-0.08619,9.38316,1.20911
922.6733,0.39027,9.58189,1.04390
922.6940,-1.06785,10.47016,2.39188
922.7106,-0.60336,10.33608,3.04791
922.7333,0.55787,9.16289,0.74223
922.7549,-0.22506,10.25229,0.49083
922.7749,-0.23703,11.06155,1.47248
922.8134,0.44773,8.24588,-2.55709
922.8279,-1.33361,11.87321,2.64328
922.8319,-1.11573,10.56594,3.77817
922.8541,0.47167,8.76305,3.05509
922.8729,-0.69673,10.75987,1.44375
922.8912,-0.38548,10.02004,3.90267
922.9136,-0.20830,8.70558,1.86514
922.9313,-0.26816,10.77663,1.20432
922.9618,0.38308,8.62418,0.88828
922.9738,-0.71349,10.27144,3.00721
922.9917,-1.07024,9.81174,1.30967
923.0109,-0.99362,8.79178,-0.65603
923.0371,-0.62251,9.90990,1.35516
923.0547,-0.61054,8.32729,1.34558
923.0894,-0.58899,9.47175,1.79092
923.1020,0.24661,9.32331,0.68716
923.1117,0.39506,8.63615,-0.97686
923.1312,-0.58899,9.75906,0.25619
923.1557,-1.57543,8.99768,2.25541
923.1725,-1.54191,9.67526,3.31846
923.1929,-1.52036,10.69044,3.05509
923.2325,-0.39266,9.24669,2.65286
923.2460,-0.53871,10.29778,1.68796
923.2515,-0.84278,10.26665,1.41023
923.2736,-0.12929,10.65931,2.01598
923.2936,-0.15563,10.63058,2.49244
923.3153,-0.07662,9.86441,2.22907
923.3373,0.13887,10.61621,1.51797
923.3710,0.05028,10.36003,0.88349
923.3732,0.11493,10.36960,-0.50759
923.3942,-0.47646,10.90113,1.23066
923.4111,0.96489,9.31133,0.91461
923.4330,1.15883,9.31852,-0.63688
923.4547,0.06225,10.02722,0.50759
923.4724,0.15084,8.80135,0.99123
923.4933,0.06225,10.54199,0.68476
923.5222,-0.03352,10.22595,-0.41900
923.5361,-0.50519,10.51805,1.37671
923.5526,-1.16841,10.43664,3.03594
923.5751,-0.99841,9.81892,2.88510
923.5915,-0.30647,11.15014,1.53952
923.6135,-0.84278,10.46059,2.29372
923.6511,-0.56744,10.09187,1.99204
923.6533,0.06704,9.48612,0.18675
923.6734,0.02394,9.56513,0.05507
923.6935,0.48843,8.98092,1.38868
923.7111,-0.29210,10.19003,-0.67279
923.7312,-0.31126,9.71597,1.93936
923.7539,-0.47407,9.95300,-0.57941
923.7734,1.13728,9.90512,-0.48843
923.7953,0.84039,10.21158,0.28492
923.8130,0.29689,9.51964,-0.82124
923.8312,0.71349,9.78780,0.02394
923.8507,0.65364,9.89793,1.64247
923.8734,0.47646,9.62020,0.84039
923.8912,0.47167,9.57471,2.43019
923.9280,-0.37111,10.00089,2.83003
923.9420,-1.02714,11.03282,2.43498
923.9512,0.39506,10.29778,0.89306
923.9711,-0.45970,9.54837,0.38548
923.9934,-1.18995,10.60903,1.84359
924.0110,-0.35675,9.34485,1.91063
924.0313,0.18436,8.41348,2.79172
924.0559,0.67279,9.76625,1.40544
924.0748,1.12531,9.71597,-0.37351
924.0908,0.82124,10.09905,-1.52755
924.1134,-0.96010,9.81653,1.35755
924.1328,-0.59617,9.98173,-1.52755
924.1510,-0.14845,8.01603,2.56427
924.1734,-0.65124,10.28820,1.58022
924.2101,-0.18915,10.81254,1.66642
924.2244,1.15404,8.67925,0.62012
924.2328,-0.10295,10.92986,1.83401
924.2510,0.33041,8.65530,2.92102
924.2709,0.79011,9.01684,0.28971
924.2934,-0.16281,9.91948,1.13728
924.3113,-0.72547,9.63217,1.73345
924.3345,-0.52195,9.50767,0.20830
924.3686,0.02155,11.26746,2.92102
924.3735,-0.04549,10.19722,1.54910
924.3913,0.47885,10.67607,0.59857
924.4131,0.25140,10.34087,2.52596
924.4315,-0.18196,10.30496,1.99683
924.4516,-0.29450,10.19003,0.53871
924.4747,-0.05267,9.52443,1.61614
924.5079,-0.60336,9.72794,1.35277
924.5107,0.12929,10.85564,-0.43815
924.5336,0.50280,10.04877,0.55787
924.5507,0.54350,8.49010,0.90743
924.5714,-0.17718,8.87558,-0.62012
924.5947,0.53871,9.59865,-0.40224
924.6125,-0.57223,11.13577,0.88349
924.6369,0.23703,9.70878,0.08859
924.6531,0.68955,9.23232,1.26178
924.6707,0.36872,8.81811,0.93137
924.6905,-0.05986,9.60104,2.23146
924.7146,-0.22506,9.99370,2.13569
924.7331,-0.16520,10.45580,1.13489
924.7534,-0.16760,10.86282,0.06943
924.7849,-0.44055,10.98972,0.71828
924.7933,0.50280,9.57710,-1.65444
924.8117,-0.68237,10.43425,-0.22985
924.8340,0.37351,9.93385,-1.98725
924.8530,1.07982,8.53798,-1.12291
924.8726,0.63448,9.68724,-1.40783
924.8969,0.46449,8.49968,1.55149
924.9170,0.68955,10.25947,-0.21788
924.9315,-0.17239,9.56992,1.26897
924.9541,-0.29450,10.71199,0.98165
924.9719,0.52674,9.53161,0.76138
924.9926,-0.12929,9.87399,-0.52195
925.0140,-0.59617,9.59625,1.08700
925.0366,0.16760,9.61780,1.32164
925.0544,-0.19633,9.45260,0.72307
925.0738,-0.35675,9.87638,2.60976
925.0919,0.20591,9.86681,1.43656
925.1125,0.17478,10.10863,-1.08940
925.1354,0.22746,10.76227,1.14207
925.1532,0.19154,9.99131,-0.86912
925.1885,-0.95771,10.07750,0.52435
925.2036,-0.55547,10.20679,1.32882
925.2115,-0.14366,8.93064,2.05189
925.2318,-0.10535,9.94342,0.34717
925.2540,0.02873,10.31454,3.17002
925.2747,0.81645,8.88515,-1.01278
925.2931,-0.10056,10.07032,-2.06386
925.3171,0.09338,9.16289,1.10137
925.3337,-0.32562,8.67925,1.86035
925.3517,0.66082,9.29457,0.90264
925.3739,-0.14366,8.32968,0.28013
925.3915,0.17957,10.13018,0.58899
925.4138,0.13408,8.20279,1.50121
925.4359,-0.87152,9.75906,1.97528
925.4664,0.38308,9.46936,0.39027
925.4851,-0.17239,8.49968,0.29210
925.4937,-0.35435,10.15172,1.77655
925.5118,-0.32562,9.98173,3.57226
925.5315,-0.09098,9.17965,2.70792
925.5557,-0.76377,9.68724,3.17002
925.5734,0.11732,10.17088,2.79651
925.5931,0.23703,9.65850,2.13090
925.6150,-0.13887,10.29538,2.16921
925.6317,0.12929,9.52443,3.40705
925.6517,0.32562,10.75987,-0.28013
925.6755,-0.24182,10.81494,2.09738
925.6915,-0.14126,9.63696,-0.42139
925.7133,0.62012,9.85962,-1.86514
925.7625,0.56026,8.31292,-0.73744
925.7625,-0.11014,10.72875,1.34558
925.7776,-0.22027,9.02642,2.63370
925.7939,-0.00239,10.45580,1.17798
925.8113,0.31365,9.66569,2.68159
925.8320,-0.31126,12.00010,1.98007
925.8543,-1.35037,10.98254,3.87633
925.8723,-0.23464,10.54918,0.22746
925.9010,0.46688,10.36960,-0.88109
925.9154,-0.42379,10.73114,0.48125
925.9336,-0.56026,11.19084,0.49322
925.9517,-0.19872,8.72474,2.75342
925.9739,1.06785,8.67206,-0.95053
925.9933,-0.02873,9.11022,1.31685
926.0275,-0.18436,10.85085,1.27136
926.0427,0.18436,8.80375,0.45491
926.0515,0.29210,10.06793,-0.18196
926.0715,-0.19394,8.90431,1.80289
926.0936,0.33759,10.50847,-0.63209
926.1129,0.19633,10.40073,0.98884
926.1332,0.00718,9.87878,0.28492
926.1571,0.70871,10.67128,-0.07422
926.1902,-0.20830,10.63537,-0.15323
926.1913,-0.01915,10.02483,0.67040
926.2155,0.40224,10.93944,-0.69195
926.2316,0.54111,9.62738,0.57941
926.2520,0.10056,10.08229,1.34079
926.2742,0.42139,9.41908,0.22267
926.2938,0.78532,9.06951,-0.94334
926.3279,-0.11014,10.22595,2.72229
926.3339,0.61293,9.28500,0.42139
926.3514,1.07742,9.12219,-0.58420
926.3712,0.52195,10.57791,-0.05746
926.3936,0.67758,9.73273,0.22985
926.4115,0.56505,10.41749,-2.47807
926.4330,-0.07901,10.34087,-0.81645
926.4675,0.20830,9.11979,0.62491
926.4716,0.02634,9.44302,2.43498
926.4917,0.35914,9.94582,-0.07183
926.5135,0.22985,9.15810,0.36154
926.5350,0.78532,10.17327,1.04630
926.5549,0.13169,8.52122,0.45252
926.5924,-0.39027,10.53720,0.59139
926.6043,-0.22506,9.98652,0.64885
926.6133,-0.02394,9.61780,0.02155
926.6339,-0.01915,10.88198,1.35516
926.6513,0.34717,8.75586,0.94813
926.6731,0.54589,10.77903,-1.33601
926.6950,0.95771,9.71597,-1.22108
926.7151,1.17080,8.61221,1.12291
926.7342,0.24900,10.04877,-0.75420
926.7537,1.24981,9.68724,0.01197
926.7729,-0.04549,10.05356,0.80926
926.7931,-0.89546,9.05036,2.48765
926.8160,0.11014,9.35204,0.27774
926.8316,-0.65364,10.58270,1.18277
926.8773,-0.66561,10.19003,1.43178
926.8774,-0.17478,10.46777,2.55709
926.8925,-0.05986,10.98014,0.59617
926.9128,-0.06225,10.07032,0.97447
926.9335,0.07662,11.19802,-0.96250
926.9512,0.28252,10.07032,0.70631
926.9714,0.40224,10.99212,0.59139
926.9952,0.50519,9.56273,-0.00958
927.0292,1.25221,8.76783,-0.99123
927.0324,0.29210,9.56273,0.79490
927.0533,0.80448,9.36640,-0.15563
927.0712,0.71110,8.72953,1.52276
927.0911,-0.30168,10.98733,1.10855
927.1152,-0.59139,9.82610,2.02556
927.1335,-0.23703,10.72396,1.14925
927.1717,0.40463,9.99370,0.38548
927.1740,-0.39984,8.87318,1.57783
927.1910,-0.75899,10.12778,1.44375
927.2112,0.34238,9.78780,1.61614
927.2336,-0.04310,9.27542,0.91701
927.2514,0.31365,9.00487,0.70871
927.2718,0.28731,9.19162,0.10774
927.3016,-0.29450,9.10303,0.15802
927.3130,-0.07183,10.06314,0.57702
927.3315,1.20911,9.04796,-1.49163
927.3536,0.56984,8.60502,-1.61853
927.3717,-0.02155,8.90910,-0.09098
927.3917,-0.33280,10.08469,3.66563
927.4254,0.11971,8.92107,2.59300
927.4428,-0.03352,9.90990,1.85317
927.4513,-0.35196,9.96258,1.00560
927.4752,-0.76617,11.27943,0.66561
927.4929,-0.27534,10.17806,0.44534
927.5111,0.20830,9.18444,1.59459
927.5355,-0.31844,9.96258,1.95852
927.5701,0.90982,9.02881,2.01837
927.5845,0.26098,10.36482,1.85317
927.5945,0.67997,9.73273,3.14847
927.6131,-0.06225,10.69523,1.65444
927.6362,-0.26576,10.85085,1.90105
927.6570,-0.57463,9.59386,1.72627
927.6724,-0.50759,9.77104,3.25861
927.7096,0.27534,9.85005,1.85796
927.7240,-0.11493,10.64734,0.88588
927.7308,0.10774,10.39834,1.93936
927.7512,0.87870,9.92427,0.86673
927.7735,1.86035,10.71677,-1.11094
927.7927,1.18756,9.46457,-0.07662
927.8110,-0.42379,10.71438,1.50600
927.8346,0.50759,10.33848,0.31365
927.8669,0.93377,9.11022,-0.44534
927.8751,-0.35196,8.37517,1.83880
927.8936,-0.40463,9.52921,-0.39745
927.9135,1.34319,9.06712,-0.44294
927.9320,0.00479,10.11102,-0.03113
927.9534,-0.59617,9.63935,0.91222
928.0024,0.48364,10.83649,-0.44773
928.0024,-0.14605,8.88994,0.99841
928.0156,-0.31126,9.73033,2.13330
928.0307,-0.61054,8.79178,1.50360
928.0510,-0.24182,9.40232,0.75899
928.0724,-0.24661,9.63935,-0.73504
928.0909,0.03591,8.54756,1.23784
928.1172,0.39984,8.55714,0.90264
928.1329,0.58181,9.61780,-1.85077
928.1517,-0.24422,10.28580,-0.29210
928.1721,-1.19714,10.26186,2.69356
928.1929,-0.51237,10.52763,0.10056
928.2104,0.30647,10.12060,0.03352
928.2323,-0.08859,11.10225,0.00479
928.2532,-0.26816,10.43425,1.22347
928.2725,0.52195,10.77184,1.03912
928.2912,0.07662,10.41270,-0.73265
928.3130,-0.58181,10.33848,-0.18675
928.3311,-0.33759,10.91071,1.78613
928.3524,0.05267,10.96338,1.65205
928.3733,-0.03831,10.56594,0.87630
928.4094,0.59378,9.36161,0.64645
928.4242,-0.11732,9.99370,1.69275
928.4338,0.40463,11.19323,0.57702
928.4514,0.34717,9.63935,1.13967
928.4721,0.10295,9.92906,0.48125
928.4944,-0.41900,10.30017,1.43896
928.5137,0.15323,9.60104,0.36632
928.5504,-0.35196,10.38636,1.11334
928.5684,0.64885,10.40791,-0.25619
928.5715,-0.07422,9.34246,0.16999
928.5917,0.79250,9.77822,1.22826
928.6144,-0.50519,9.07191,2.41822
928.6318,0.91222,9.84765,-2.73187
928.6520,0.85236,8.73671,-0.97208
928.6740,0.32323,9.21078,0.74701
928.6906,-0.28971,10.28820,-0.81405
928.7108,-0.52674,9.87160,0.90504
928.7328,-0.43336,8.83966,0.56744
928.7502,-0.68716,10.79818,1.02954
928.7704,-0.20591,8.29856,0.95532
928.7930,-0.29689,9.79258,0.35435
928.8105,-0.48843,9.96018,0.66321
928.8372,0.45491,10.08469,1.42459
928.8528,-0.08619,9.69202,1.45572
928.8708,0.28971,9.80934,1.62092
928.8909,-0.35435,8.72474,0.83081
928.9134,0.13647,10.19722,-0.18196
928.9308,0.04549,8.74389,0.47167
928.9506,-0.28492,10.81973,0.27534
928.9734,0.49322,10.31214,-0.69673
928.9923,-0.05986,8.93543,0.08619
929.0109,-0.35675,10.55875,0.33759
929.0333,0.28492,9.12458,0.56744
929.0509,-0.06465,9.93624,1.01996
929.0712,-0.52435,9.90512,1.86275
929.0934,-0.03113,10.55157,1.57543
929.1188,0.10535,10.14694,1.59219
929.1310,0.12450,9.99131,0.67040
929.1533,-0.44055,8.72234,0.83560
929.1708,0.62730,10.83649,-1.43896
929.1908,0.49322,8.90191,-0.06465
929.2134,0.51956,9.98173,-1.19714
929.2313,0.91701,8.68643,0.63209
929.2512,-0.13887,9.59865,-0.03831
929.2919,0.25858,9.64893,1.49882
929.2919,-0.66321,9.44302,0.95053
929.3131,0.07901,9.43584,0.76138
929.3717,-0.48125,9.96497,0.81405
929.3717,0.01676,10.50608,0.50040
929.3872,0.30407,10.27862,0.25379
929.3947,-0.07422,9.47893,-0.64167
929.4113,-0.28252,9.37837,-0.78293
929.4354,-0.25140,9.38316,-0.88349
929.4532,-0.21309,10.25229,-1.46769
929.4708,-0.14845,9.92666,-1.28333
929.4907,-0.03352,11.24112,-0.16760
929.5151,0.53392,8.06631,-1.41502
929.5308,0.25619,9.56992,-0.47407
929.5508,-0.40703,9.70160,-0.27295
929.5732,-0.26098,10.62340,0.94574
929.5910,-0.76138,9.44541,0.29928
929.6107,-0.08619,9.79737,-0.28013
929.6331,-0.53632,9.53640,0.62251
929.6508,-0.36393,9.79737,0.94095
929.6708,1.05348,8.35841,-0.10535
929.6931,0.27774,8.93304,1.06066
929.7107,-0.62251,10.49889,-1.14925
929.7307,-0.83560,10.51565,0.13169
929.7529,-0.76138,11.09986,0.64406
929.7709,-0.50280,9.91469,1.29291
929.7910,1.05109,9.85005,-0.96729
929.8133,-0.04310,9.16289,-0.52674
929.8309,1.03433,10.56594,-1.36713
929.8508,-0.14126,9.22993,1.24023
929.8734,0.06465,9.72076,1.29051
929.8912,-0.20591,8.88994,1.61614
929.9110,0.21309,10.32890,1.64487
929.9335,-0.11014,8.08786,0.53392
929.9506,0.33520,10.19722,0.46928
929.9709,-0.15802,10.02962,0.43097
929.9931,0.79011,10.33848,-0.30168
930.0112,0.27295,9.40232,0.41660
930.0306,0.21788,10.57072,0.60096
930.0526,0.15563,9.74470,-0.23224
930.0724,0.08619,10.92268,0.96968
930.0912,0.06943,9.69442,0.38069
930.1122,0.64645,9.22514,-0.17239
930.1304,0.66561,10.28580,0.16520
930.1500,0.43097,9.23472,0.86194
930.1729,0.01197,9.19402,0.32802
930.2016,-0.19394,10.51326,-1.14925
930.2178,0.66561,10.61861,-0.84518
930.2334,-0.52913,10.70241,1.06785
930.2502,-0.14366,10.76705,1.70472
930.2701,-0.01676,10.37679,0.48843
930.2921,-0.03352,10.67368,1.23066
930.3100,0.69673,10.24510,-0.25379
930.3300,0.97447,8.74629,0.79011
930.3540,0.19154,9.71836,-1.45811
930.3712,0.18915,9.37359,-0.05746
930.3914,0.30886,9.56992,-0.13408
930.4147,0.30886,9.60822,0.94334
930.4324,0.09338,10.12299,0.93377
930.4536,0.13169,8.71756,-0.34238
930.4769,-0.34478,10.21158,1.44375
930.4944,-0.53392,10.09426,0.64885
930.5129,-0.18675,10.30975,1.66163
930.5346,-0.30168,10.15172,0.01197
930.5522,0.19154,10.32651,1.29770
930.5742,0.46449,10.87719,0.47167
930.5963,0.13408,10.73353,0.51956
930.6141,0.17957,8.87318,0.35914
930.6342,-1.00081,10.42228,0.54350
930.6545,0.28252,10.27623,-1.30727
930.6721,0.23224,8.72474,-0.37351
930.6936,0.13169,10.58988,1.02475
930.7150,0.58181,8.74150,0.76377
930.7328,0.25619,10.99690,-0.35196
930.7694,0.46688,10.41510,-0.00718
930.7828,0.41900,10.24989,0.98644
930.7923,0.00718,10.10145,2.12612
930.8144,0.35914,8.94980,0.08141
930.8341,0.70631,9.62738,0.16520
930.8522,-0.20112,9.59386,-1.55628
930.8729,0.08619,9.63935,1.20911
930.9124,0.10295,9.12458,0.45491
930.9268,-0.12690,9.07670,1.31925
930.9332,0.04789,9.28739,0.84997
930.9545,-0.30647,10.45101,1.33601
930.9756,0.14605,10.11581,0.97686
930.9952,0.93377,9.62977,-2.40625
931.0174,-0.13408,9.83808,-1.32164
931.0347,-0.03113,9.08867,-1.24023
931.0654,0.50280,10.58030,2.02556
931.0753,0.25379,8.80135,-1.43656
931.0935,-0.09338,10.82691,-0.05028
931.1133,-0.20830,10.33848,-0.15084
931.1367,-0.42139,10.61143,2.33442
931.1544,-0.10535,8.96656,0.73504
931.1748,-0.04070,10.09426,1.47248
931.2057,-0.14366,8.96895,0.01197
931.2131,-0.08380,9.32091,-0.57463
931.2330,0.65124,10.50129,0.40942
931.2554,0.27774,8.71037,0.63927
931.2768,0.87630,11.01366,0.83081
931.2969,0.97208,10.35284,-0.50998
931.3441,0.36393,11.13338,-0.18196
931.3442,0.11014,10.89156,0.66800
931.3596,-0.53632,11.21478,-0.57463
931.3753,-0.07662,10.36242,1.80528
931.3933,-0.60575,9.71597,0.38308
931.4130,0.09817,11.45660,0.14605
931.4369,0.73983,9.29697,-1.85317
931.4609,-0.09817,10.11342,1.00799
931.4731,0.34238,9.67287,-0.67279
931.4954,0.56026,10.42228,1.63290
931.5145,0.24900,9.26345,0.09338
931.5330,-0.05746,10.11581,-1.16362
931.5553,0.43815,10.46059,-1.32882
931.5746,0.10774,9.49809,-0.66561
931.6009,0.65603,10.70480,-0.39745
931.6171,0.26337,10.53481,-0.24182
931.6332,-0.31126,10.85564,0.63927
931.6528,-0.01676,11.69843,-0.48125
931.6755,0.05507,10.83409,0.82842
931.6931,-0.04310,9.38077,-0.58420
931.7130,-0.60575,9.54119,0.66800
931.7489,0.03352,8.92825,-1.03433
931.7660,-0.26098,9.30655,-0.84997
931.7734,0.31604,9.47893,0.52913
931.7953,0.89306,9.34964,-0.96489
931.8147,0.92419,9.92666,0.26337
931.8354,0.06943,9.32570,-1.06306
931.8557,0.17718,10.64495,0.81884
931.8819,-0.40942,10.45580,0.27055
931.9026,-0.50280,9.86441,1.78134
931.9161,-0.29928,9.78540,0.16760
931.9340,-0.49322,9.51964,2.03992
931.9543,-0.38308,9.32091,2.11175
931.9775,-0.05028,8.91867,1.41741
931.9952,0.30886,10.06074,1.25460
932.0155,0.04789,9.11022,0.24900
932.0500,0.60096,9.83808,0.65843
932.0549,0.11014,9.60822,2.38709
932.0745,-0.47885,9.82850,2.63131
932.0966,0.05267,10.13496,1.54191
932.1141,0.14126,10.02483,1.18517
932.1342,-0.10774,10.62819,-0.08141
932.1577,-0.41660,10.24750,0.51956
932.1758,-0.24900,10.47735,1.16362
932.1936,0.21788,9.47415,0.41421
932.2161,0.58660,10.50847,1.03912
932.2350,0.01197,9.89793,0.13169
932.2552,0.10056,11.67448,0.42858
932.2778,0.12450,10.05595,1.24023
932.2952,-0.35914,10.17327,-0.23703
932.3280,0.48604,10.04159,0.76617
932.3362,-0.13408,9.80455,-0.07662
932.3540,0.42618,10.27862,-1.84838
932.3738,1.35516,8.11420,-2.21710
932.3961,0.23943,9.40471,0.19633
932.4136,0.50040,9.73512,-1.50600
932.4337,0.84518,9.22993,-0.73504
932.4596,-0.43815,9.03120,-0.17718
932.4733,0.07901,9.26105,-1.03912
932.4935,0.13647,10.56833,-0.76617
932.5162,0.15563,9.94582,-1.04630
932.5339,0.35196,10.30975,-0.24422
932.5538,0.33041,9.22993,-1.35516
932.5837,0.38308,10.90113,0.37351
932.6005,0.14366,9.56273,0.80208
932.6138,-0.22985,9.85962,0.25379
932.6378,0.35435,9.01205,1.19235
932.6552,-0.29928,9.37359,0.62251
932.6773,0.06704,10.22595,1.58501
932.6996,0.04310,10.02483,-0.30886
932.7343,0.43336,9.57949,0.55068
932.7495,0.23464,9.86681,-0.06465
932.7568,0.47646,10.02962,0.69195
932.7742,-0.16520,9.44302,1.36474
932.7940,-0.61293,9.79019,1.20193
932.8183,-0.82842,10.13736,1.26418
932.8359,-0.76617,10.32651,0.60096
932.8569,-0.24422,10.12060,2.52357
932.8893,-0.22746,10.53241,0.30168
932.8975,0.16760,10.53241,2.26977
932.9144,-0.14605,9.77822,-0.77575
932.9368,-0.22267,11.77026,1.42220
932.9563,-0.03831,10.03441,0.59617
932.9745,-0.18675,10.73593,0.50519
932.9973,-0.10535,10.21877,0.59857
933.0177,-0.36393,9.24190,-1.04390
933.0362,-0.31604,10.45819,0.72786
933.0570,0.19394,8.59066,1.34079
933.0770,0.24661,10.18524,0.92419
933.0969,0.39266,9.25866,-0.46928
933.1193,0.62969,10.14933,-0.22506
933.1533,0.33999,10.58509,-0.43576
933.1672,0.13169,9.45978,0.12211
933.1770,0.33041,8.36081,1.34558
933.1946,-0.01915,9.10303,-0.01915
933.2147,0.22506,10.20679,0.76138
933.2405,-0.17718,9.21078,-0.60575
933.2585,0.62491,9.27542,0.21309
933.2776,0.48125,10.42707,0.04789
933.3094,0.49083,10.04159,0.71828
933.3157,0.38069,9.55076,-0.28252
933.3345,-0.25379,10.58030,1.73585
933.3574,0.26337,9.50767,2.34400
933.3753,0.52195,9.11261,0.34956
933.3953,-0.10535,10.31214,0.82124
933.4187,-0.43815,9.68484,1.64966
933.4359,-0.22985,10.18046,-0.02634
933.4564,0.71589,8.13096,0.14366
933.4769,1.05588,10.07271,-1.48924
933.4947,0.77814,9.52443,-3.48606
933.5153,0.05986,9.17007,-0.42618
933.5375,-0.97686,9.60583,2.41822
933.5552,-0.88349,9.34964,3.43339
933.5744,-0.72307,9.92188,1.60656
933.5972,-1.34798,11.02803,0.28492
933.6160,0.52435,10.30975,-0.98405
933.6361,1.84120,7.79576,0.00000
933.6581,0.65603,9.22993,0.15084
933.6780,0.89067,9.11022,0.16042
933.6963,0.11253,10.77424,-0.09098
933.7269,-0.14126,9.95061,0.12690
933.7346,-0.06225,8.91389,1.23545
933.7561,-0.09338,10.70241,0.14126
933.7785,1.32643,10.40312,-1.93936
933.7961,0.45970,9.48612,0.67519
933.8154,-0.61772,10.32411,1.93697
933.8605,0.39745,10.73832,1.75261
933.8606,0.11493,9.45978,4.31688
933.8770,0.36154,10.01525,-1.98964
933.8976,0.86194,9.76625,0.12929
933.9155,-0.79011,10.13018,0.48125
933.9357,-0.41900,9.35443,2.34160
933.9595,-0.39984,10.32651,2.80609
933.9941,-0.16520,8.59784,0.60815
934.0075,-0.43097,13.36724,1.98964
934.0181,-0.99602,11.13817,2.44455
934.0355,0.19394,10.36721,1.39586
934.0555,0.54350,10.33130,1.94894
934.0793,-0.19633,10.50368,-0.98644
934.0991,1.13249,9.90512,0.15563
934.1343,0.36154,10.34566,1.69036
934.1486,0.79729,9.40232,1.32164
934.1555,1.05109,9.48851,-2.08541
934.1754,-0.25140,11.26027,0.50040
934.1974,0.29450,9.27063,-0.16281
934.2175,0.91461,10.82930,1.23066
934.2372,-1.13010,9.92427,0.38308
934.2755,0.30168,10.79578,0.28013
934.2772,-0.31126,9.55076,1.85317
934.2970,-1.00081,10.05595,1.58501
934.3175,-0.65124,9.98891,0.96250
934.3353,-0.72068,10.42946,2.12851
934.3554,-0.56505,10.60424,0.44294
934.3777,0.07422,9.98652,0.85954
934.3959,-0.34478,10.70959,0.81645
934.4215,0.09817,9.84047,0.84997
934.4375,0.17239,10.58509,0.26337
934.4554,-0.28492,10.05356,-0.31126
934.4756,0.78293,10.34087,-1.47727
934.4979,0.48125,10.24510,-1.20911
934.5159,0.23943,10.00807,-0.19154
934.5382,-0.10535,9.35683,-0.40942
934.5696,0.33041,9.16768,0.33999
934.5751,-0.86673,10.30975,0.65124
934.5954,-0.21548,9.24908,-0.39745
934.6197,0.17478,9.90512,0.50040
934.6375,0.09817,10.30256,0.17478
934.6581,-0.15084,9.66569,-0.53632
934.7108,0.04070,9.12937,1.21150
934.7108,0.66561,9.58189,-0.12450
934.7272,-0.21070,9.56273,0.04549
934.7378,-0.24182,10.14454,1.54670
934.7570,-0.82124,9.91948,1.64008
934.7772,-0.35435,10.52523,1.66881
934.7993,-0.08141,10.33608,1.30727
934.8325,-0.49801,10.03680,-0.77814
934.8477,0.50759,9.04557,0.36393
934.8596,0.03113,9.33288,1.11573
934.8774,0.17478,9.70878,1.54431
934.8976,1.10855,9.33528,0.74462
934.9178,0.46210,9.25627,0.27055
934.9370,-0.41900,9.70160,-1.07024
934.9566,0.64167,9.69442,1.55628
934.9943,0.49083,10.02004,2.04232
934.9954,0.55068,9.11261,0.29450
935.0156,0.63209,9.88836,-0.06704
935.0375,-0.18436,9.89314,1.08221
935.0552,-0.64645,9.85484,1.67360
935.0769,-0.31604,10.09426,2.78694
935.1061,0.10295,9.44063,3.53874
935.1229,-0.35196,10.69762,-1.72627
935.1350,0.05028,8.92586,-1.46530
935.1575,-0.21788,9.28500,0.52435
935.1754,-0.23703,8.97135,0.23224
935.1954,0.11732,8.71037,0.45731
935.2192,-0.68716,9.34246,1.75261
935.2375,0.16042,10.36482,0.11971
935.2571,0.95292,8.04476,0.69913
935.2777,0.41660,9.12458,0.66321
935.2956,1.08940,8.59066,0.35435
935.3162,1.06066,11.03761,0.48125
935.3365,0.61054,10.42467,-0.37111
935.3541,0.42379,10.91071,1.07982
935.3826,0.06704,9.89554,0.45970
935.4004,0.04310,10.41988,2.01359
935.4168,-0.16520,10.17327,0.58181
935.4351,0.05746,9.70639,0.62730
935.4574,0.71110,10.75269,-0.63927
935.4791,0.07662,9.04318,-1.35037
935.4966,-0.00718,10.64495,0.18436
935.5186,0.06704,9.75188,-0.17718
935.5359,0.00239,10.25947,-0.12690
935.5551,0.46449,9.25627,-1.50600
935.5775,-0.52913,10.49650,0.03113
935.5951,0.21070,9.56992,-0.85954
935.6149,0.32562,9.21078,-0.10535
935.6387,0.27055,9.46217,-0.51477
935.6570,1.24023,9.82131,-2.28414
935.6772,0.26576,10.68565,0.33999
935.6974,0.25140,10.18524,-0.06943
935.7151,0.51477,10.47256,0.84518
935.7350,-0.72068,10.62819,0.80448
935.7576,-0.38548,11.14295,-0.75180
935.7769,0.39027,8.10701,0.02394
935.7965,0.48604,10.09426,0.49561
935.8199,0.21070,9.53640,-0.20591
935.8361,-0.03591,9.43823,0.35435
935.8558,-0.29689,9.07430,-0.22027
935.8779,-0.18915,10.39594,-0.12929
935.8993,0.16281,10.20679,-0.84039
935.9197,-0.17239,10.63537,-0.73983
935.9553,-0.03352,11.16211,1.12531
935.9584,0.91940,9.69442,-0.97686
935.9768,1.10376,10.43664,-0.42618
936.0001,0.77096,10.34087,0.48843
936.0169,0.33759,9.54358,-1.58022
936.0397,-0.14605,10.86522,0.83800
936.0621,-0.18436,9.72794,1.60895
936.0796,0.08619,9.92188,1.25221
936.0992,-0.08141,9.77343,0.70631
936.1180,0.08619,9.84526,-0.48125
936.1359,-0.79490,10.40073,-1.46290
936.1590,-0.36872,10.94423,0.39266
936.1818,-0.37830,10.63776,1.92739
936.1998,-0.03831,9.96976,1.16122
936.2341,0.57941,9.94821,-1.86275
936.2485,-0.20112,10.41031,-0.47167
936.2557,0.51477,10.62819,-0.39506
936.2758,0.34956,9.85962,1.99204
936.2982,0.52435,10.76227,1.31685
936.3159,1.15643,9.85962,0.08859
936.3359,0.14845,10.44862,-1.03433
936.3600,0.78532,9.29936,-0.23224
936.3781,-0.04310,8.23631,0.24422
936.3961,-0.72547,10.77903,0.04070
936.4196,0.13647,9.68245,-0.62012
936.4358,-0.61772,9.36880,-1.09658
936.4576,-0.51237,9.04318,-0.84518
936.4781,-0.28252,10.11581,-0.14845
936.4972,0.16281,9.08148,0.91701
936.5280,0.31844,11.17408,-0.64885
936.5377,0.95292,10.15172,-0.52195
936.5555,0.93616,9.60104,0.18915
936.5756,0.72547,10.81494,-0.54350
936.5993,1.65205,9.61780,0.62730
936.6172,-0.83321,10.09666,0.82124
936.6381,-0.20351,8.77981,-0.05746
936.6675,-0.06225,9.30415,1.67360
936.6790,-0.46928,9.30415,2.67201
936.6971,-0.45012,9.35922,1.59459
936.7194,-0.42379,9.78061,0.91701
936.7383,0.04789,9.52203,-0.67997
936.7581,0.55787,9.22514,-1.23545
936.7980,0.16042,10.51805,-0.22746
936.7980,1.28573,8.77502,-0.35675
936.8176,0.24900,9.27303,-1.23305
936.8394,0.42858,9.59146,-1.82204
936.8571,-0.05746,8.72234,2.64089
936.8770,-0.87870,10.15412,2.01598
936.8997,-0.57223,10.50129,1.40065
936.9179,0.08141,10.62100,0.51477
936.9465,0.09817,9.90512,0.24422
936.9648,0.78053,9.45499,2.15724
936.9778,0.51477,8.70319,3.13171
936.9975,0.06225,10.64973,1.20911
937.0198,1.28812,9.57949,0.05986
937.0371,-0.00718,9.60344,-0.42379
937.0573,-0.41660,9.35922,0.41421
937.0859,-0.15323,9.08627,2.83722
937.0961,-0.13647,9.04318,1.54431
937.1160,-1.13249,10.14215,1.53473
937.1387,-0.82842,10.89395,0.93616
937.1561,-0.79011,9.21556,1.92979
937.1765,-1.06306,10.90592,1.82683
937.1995,-0.48125,9.54119,0.56984
937.2175,0.03831,9.90751,0.54350
937.2372,-0.10774,9.63935,1.77176
937.2596,-0.05986,11.11422,-0.40224
937.2773,0.20112,10.16609,0.11732
937.2974,0.23703,9.44781,-0.34717
937.3218,0.28971,10.23313,1.43656
937.3392,0.28731,8.96656,1.85796
937.3585,0.53871,9.30894,0.69434
937.3801,-0.04549,9.42387,0.05028
937.3976,-0.21788,9.05754,0.96729
937.4177,0.29928,8.96416,1.22347
937.4404,0.15323,9.84047,1.33361
937.4580,-0.05267,9.88836,0.15563
937.4790,-0.07662,10.30256,1.09658
937.5148,-0.24900,9.68963,1.07264
937.5175,1.12770,9.45499,0.48364
937.5377,1.32882,9.72315,0.49561
937.5594,0.42379,10.88916,1.16122
937.5773,-0.42858,10.53481,0.97447
937.5975,-0.26816,10.58988,1.87232
937.6199,-0.62491,11.14535,1.64487
937.6382,-0.39745,8.77023,-1.17080
937.6569,-0.21548,9.63696,-0.50280
937.6792,0.20351,9.50048,0.04070
937.6973,0.39266,10.38397,-1.89627
937.7173,0.33999,9.97455,-0.08141
937.7395,0.35196,9.22275,-1.60177
937.7573,-0.10056,9.93145,-0.48843
937.7772,-0.52195,9.32091,-0.40942
937.7992,0.38069,9.90990,1.03672
937.8173,-0.32802,9.73991,0.17718
937.8373,-0.57223,10.18285,1.89627
937.8599,-0.45491,8.94740,0.96489
937.8777,0.49083,10.22355,0.37830
937.8981,0.26098,10.13018,-0.66561
937.9282,0.09338,11.14535,-0.46688
937.9390,0.32562,9.36401,-0.05986
937.9574,0.16999,8.82530,1.64726
937.9799,0.60815,9.24190,1.08700
937.9976,0.57941,10.28580,0.37830
938.0194,-0.68955,10.21877,0.70871
938.0411,-0.54829,10.64734,0.35435
938.0721,-0.37830,9.90512,0.79011
938.0911,0.00718,9.97215,-0.00718
938.1021,-0.50280,10.06553,0.70631
938.1193,-0.52674,10.23792,-0.00958
938.1403,-0.05267,10.18046,-0.42618
938.1633,0.19872,9.44063,0.09817
938.1920,0.20112,10.03441,-0.07183
938.2081,0.21070,8.32968,-0.04549
938.2214,-0.32323,9.78780,0.91701
938.2394,0.10774,11.07592,-0.77814
938.2596,0.05986,8.27940,-1.26657
938.2819,0.46210,10.11821,-0.44534
938.2996,0.16520,8.67925,-0.47167
938.3193,-0.16520,10.69523,-0.35435
938.3548,0.62251,9.59625,1.76697
938.3596,0.17957,10.81254,0.77096
938.3793,-0.45012,10.66889,2.31766
938.4014,0.94334,9.66569,1.96809
938.4193,1.11573,10.02722,-0.19154
938.4393,-0.23703,9.21796,-0.24661
938.4617,-0.56984,9.27303,1.00560
938.4920,-0.66561,9.15571,-0.57941
938.4996,-0.58899,10.06314,-0.48843
938.5234,-0.98884,9.52921,-0.11014
938.5417,-0.32562,10.93465,-0.04789
938.5616,0.25858,9.67048,1.98964
938.5822,0.85236,8.29856,0.15802
938.6005,0.01915,8.64573,2.26020
938.6452,0.91461,8.14293,1.28812
938.6454,0.33520,8.87797,2.12372
938.6592,1.31206,8.27940,0.26098
938.6792,0.71110,9.28500,1.38389
938.7017,-1.46051,9.22993,2.88989
938.7211,-0.38787,11.25788,1.32882
938.7560,0.38308,10.19003,0.79729
938.7755,0.39984,11.22436,0.36154
938.7793,0.12929,9.80934,-0.02873
938.7993,-0.30168,9.12458,0.76617
938.8215,-1.16601,10.71438,0.70871
938.8392,-1.17798,10.11342,1.28333
938.8594,0.32323,12.15334,-0.87391
938.8912,-0.37351,9.17486,3.01439
938.9064,0.90982,9.79737,-3.16763
938.9192,0.70871,9.60822,-1.37910
938.9415,-0.45252,10.37679,-0.56744
938.9593,0.08141,8.77502,1.31925
938.9791,-0.36872,9.85244,0.91701
939.0018,-0.72068,9.94582,0.86194
939.0212,-0.05267,9.44541,-0.08380
939.0495,0.15084,9.40232,-0.57941
939.0613,-0.24661,9.42147,-0.00479
939.0805,0.70871,8.85642,-0.39984
939.1004,-0.24422,10.65931,-0.93137
939.1226,-0.62251,10.95620,-0.46928
939.1403,-0.19154,10.01286,1.14446
939.1620,-0.31365,9.80455,0.05507
939.1882,0.45970,10.39834,0.80687
939.2026,0.70871,9.42387,1.72388
939.2193,-0.02394,10.52523,1.32643
939.2414,0.25140,10.15651,1.45093
939.2593,-0.13169,10.41749,1.29051
939.2792,0.15563,9.04557,-0.10295
939.3014,0.67997,9.37359,0.51477
939.3226,0.53871,9.29697,0.86433
939.3394,0.90025,9.68245,0.05507
939.3616,1.21629,8.88994,0.67519
939.3795,0.33520,8.93064,0.90743
939.3994,-0.03831,9.15571,0.37111
939.4236,-0.60336,9.44781,1.24023
939.4583,-0.09577,9.07430,-0.05267
939.4612,-0.07901,9.96737,-0.37590
939.4813,-0.09338,9.98413,-1.34798
939.4988,0.00239,9.16050,1.31925
939.5193,0.45731,9.52443,-0.29210
939.5413,0.56744,9.83808,-1.45572
939.5592,0.17478,9.41908,-0.73265
939.5793,-0.01197,10.80297,1.43178
939.6038,0.62251,8.62418,1.25699
939.6191,0.81166,9.99849,-0.31126
939.6392,0.58181,9.94821,1.41023
939.6615,0.64885,9.72554,-0.17239
939.6790,0.02873,9.02163,0.16520
939.6993,-0.60336,10.90592,0.00239
939.7227,0.55547,8.78220,0.01197
939.7488,0.07901,10.24510,-0.56026
939.7587,-0.63448,9.97934,2.69356
939.7831,-0.18196,9.80695,0.53871
939.8008,0.42139,8.84924,-0.66321
939.8191,-0.39027,11.28422,0.17239
939.8452,-0.31365,9.73991,0.28971
939.8784,1.16362,10.15891,-1.17319
939.8923,0.54111,10.13736,1.25699
939.9017,-0.95532,10.28820,1.13728
939.9190,1.49403,9.46457,-0.35914
939.9392,1.09897,9.47654,-1.51318
939.9623,0.29928,9.01205,-1.05348
939.9803,0.78772,10.14215,-0.35435
940.0013,0.28252,9.36401,0.01915
940.0391,-0.12690,10.41749,-0.96250
940.0475,0.01676,10.37679,2.59061
940.0591,0.06465,9.38556,1.65684
940.0814,-0.57941,9.39753,1.24981
940.0988,-0.58420,10.74551,3.30889
940.1204,0.40463,10.41031,-2.49244
940.1429,1.01517,8.94740,0.18915
940.1605,-0.31604,10.25229,-0.48604
940.1788,0.70631,7.09424,-0.11493
940.2010,0.57223,9.26345,-0.81166
940.2187,-0.12211,9.67048,0.44055
940.2390,0.59617,9.82371,1.45093
940.2613,-0.50998,10.21398,1.45093
940.2809,-0.08380,10.90113,-0.90264
940.3058,-0.28971,10.24510,1.47966
940.3226,0.02155,11.62660,-0.27295
940.3387,0.27774,7.83646,-1.34798
940.3589,-0.32562,9.48372,-1.86993
940.3809,-0.38548,10.55636,-0.20591
940.3986,0.89546,10.41510,-0.04789
940.4202,0.09817,10.25468,0.22267
940.4521,0.42379,10.85325,-2.08781
940.4608,1.58262,5.94020,-1.36474
940.4788,1.40783,9.72794,-4.41744
940.5012,0.68476,8.70558,-0.73025
940.5199,0.20112,9.85244,-2.09499
940.5400,-0.24182,9.84047,-1.66881
940.5623,-0.35435,10.01765,0.16042
940.5840,0.39984,8.97853,2.16203
940.5991,1.01757,9.78061,-1.04630
940.6209,-0.75180,9.15810,1.37910
940.6383,-0.63448,9.94103,0.46210
940.6614,-0.08380,9.68005,1.81247
940.6820,-0.10056,10.02962,-0.52195
940.7213,0.37590,8.57869,0.62730
940.7337,0.89785,9.65132,-0.83800
940.7437,0.56984,8.90431,0.17239
940.7597,-0.11014,10.21877,-0.36393
940.7802,0.37351,8.96177,1.27615
940.8034,0.34238,10.77663,-0.61772
940.8211,0.66082,9.74709,-0.11732
940.8412,0.48843,9.78301,0.85715
940.8742,-0.21548,10.64734,2.31048
940.8814,-0.02873,10.45580,0.45252
940.8996,-0.07901,10.73114,0.80448
940.9219,0.02394,9.24908,1.23784
940.9396,0.40942,8.99529,2.35118
940.9611,0.63209,9.77104,0.55787
940.9852,-0.58420,9.01205,1.66642
941.0024,0.04310,10.53002,1.59459
941.0204,0.19633,8.73431,-0.66321
941.0430,-0.01676,10.02483,-0.92180
941.0608,-0.46210,9.80455,2.17879
941.0806,-1.25699,10.85804,0.87630
941.1040,-0.54829,11.07113,-0.88828
941.1222,0.49801,9.89554,-1.39586
941.1578,0.05746,10.19003,-0.43336
941.1653,1.36953,11.14295,-2.67680
941.1805,1.54910,9.81174,-1.95852
941.2006,0.12450,9.63935,0.10295
941.2232,0.55308,8.95219,0.63688
941.2410,0.56026,10.67607,-0.19154
941.2621,0.49561,8.50207,-0.14126
941.2937,0.38548,9.32809,1.18038
941.3003,-0.93856,9.33049,2.07584
941.3205,-1.12531,10.50129,-2.20752
941.3433,-0.30168,8.16927,0.43336
941.3622,-0.78293,10.22595,-0.38787
941.3821,-0.02873,9.51245,-0.22746
941.4054,0.49801,9.56034,-0.23224
941.4370,-0.03831,11.05916,-0.15802
941.4516,0.12929,10.19243,-0.39266
941.4623,0.47167,10.46298,-0.52913
941.4830,0.88588,9.13895,-2.09260
941.5005,0.36632,8.88037,1.26657
941.5236,0.58899,8.99290,0.20591
941.5569,0.78293,9.27063,-2.15964
941.5734,0.93616,9.09824,-1.50360
941.5831,0.59378,8.45658,1.02236
941.6002,0.24900,9.48612,-0.75899
941.6209,-0.20591,9.50288,-1.56586
941.6431,-0.15323,9.11500,-0.56026
941.6609,-0.43336,8.72953,2.57624
941.6816,0.86433,7.43901,0.51237
941.7089,1.89387,7.68083,-1.99204
941.7205,1.69754,8.50925,-1.33601
941.7406,0.50280,9.84286,-0.24182
941.7626,-0.04310,9.89314,-0.21309
941.7804,0.40942,8.03040,-0.05986
941.8004,-0.33041,9.58668,2.00161
941.8230,1.30009,8.88515,1.75500
941.8425,0.90982,9.46217,0.61772
941.8604,0.18196,9.18444,-0.54111
941.8829,0.67279,10.65213,0.80448
941.9005,0.94813,9.93145,-0.87870
941.9203,0.12929,9.60104,-0.33999
941.9434,0.07422,10.40552,-0.14366
941.9612,0.74701,8.70079,2.44455
941.9877,-0.62730,11.23394,1.39826
942.0048,-0.05507,9.84765,0.40942
942.0221,-0.12929,10.33608,-0.30886
942.0424,-0.07422,11.13817,-1.01996
942.0649,-0.05507,10.64255,0.33041
942.0825,-0.63448,9.97694,-0.45731
942.1212,0.18196,8.77262,0.28492
942.1377,1.13967,9.29697,-0.33999
942.1431,-0.23703,10.92508,-0.05028
942.1637,-0.07901,9.85723,0.48604
942.1855,0.00958,9.57471,2.03992
942.2035,0.08859,11.07352,-0.49801
942.2233,0.37590,9.12937,-0.72068
942.2457,-0.49322,9.50048,2.07584
942.2706,-0.29928,11.14056,-0.74701
942.2825,0.50519,10.21398,-2.07105
942.3054,1.61614,11.26506,-1.71670
942.3243,0.58181,8.07110,3.56508
942.3444,0.72786,9.16289,1.22108
942.3664,0.83321,9.03839,-0.73983
942.3860,0.17239,9.73033,-1.21629
942.4191,-0.51477,8.37039,1.39347
942.4266,-0.41900,9.72076,0.87391
942.4445,-0.47885,8.64094,-0.45012
942.4641,0.22746,9.37359,-0.89306
942.4868,0.14366,10.42228,0.09817
942.5045,-0.18436,9.74949,1.58501
942.5259,0.38548,8.85403,-0.56026
942.5557,0.23224,8.83966,0.54111
942.5698,0.60336,9.20120,0.52674
942.5842,-0.11971,9.62977,1.10615
942.6066,-0.25858,8.37039,-0.48125
942.6240,-0.46688,8.83487,0.91222
942.6446,-0.15802,9.36880,0.67279
942.6671,0.56026,8.82769,-0.52195
942.7017,0.73744,9.61062,-0.95292
942.7042,0.14605,9.98891,-0.23943
942.7264,0.52435,10.76705,-1.24023
942.7442,1.17798,9.90751,-1.96091
942.7656,0.59378,8.96416,-0.64406
942.7880,0.54829,9.94821,1.86753
942.8058,0.36393,10.60664,1.51079
942.8400,0.31365,9.37359,-0.31126
942.8461,0.53632,9.48133,-0.79729
942.8642,0.84757,8.25067,-0.49561
942.8842,-0.84518,11.55238,2.69356
942.9064,0.15323,8.39433,-2.67919
942.9240,0.75899,10.44622,1.03912
942.9442,0.27295,7.18761,-1.22826
942.9768,0.81405,11.42069,0.88349
942.9860,0.24182,9.71118,-0.29928
943.0042,-1.23066,9.66569,-1.04869
943.0264,-0.54350,9.24669,1.92979
943.0443,-0.20351,10.02483,0.54111
943.0643,0.25858,5.90428,-1.74303
943.0880,-0.69673,10.62819,-1.46530
943.1091,0.14126,6.73749,3.04552
943.1241,1.19953,11.60744,-0.77575
943.1459,0.81884,8.54756,0.51716
943.1640,0.14126,10.30975,-0.66321
943.1856,0.11971,9.13176,2.36554
943.2164,0.40703,9.18444,-0.70871
943.2332,-0.24422,10.00567,-0.50280
943.2452,-0.47646,8.97853,-2.46850
943.2664,-0.72786,9.04318,0.38308
943.2859,-0.63688,11.24351,-0.05507
943.3041,-0.12211,9.11979,0.78293
943.3265,0.64406,8.99290,0.01676
943.3441,-0.27774,10.55396,0.43336
943.3671,0.25379,8.64573,-0.10535
943.3870,0.19633,9.53400,-0.21548
943.4073,-0.19154,10.16370,-0.01197
943.4251,0.15802,9.11740,2.13090
943.4474,0.62730,8.81093,-0.99602
943.4651,-0.95771,9.88836,-0.68716
943.4865,-0.36632,8.62897,-0.55308
943.5215,0.29210,10.25947,0.16999
943.5292,0.30168,9.95539,1.11813
943.5471,0.66082,9.19162,-0.86912
943.5692,0.29210,9.98413,-0.13647
943.5872,-0.47646,9.14613,-0.29450
943.6057,0.00000,9.88117,0.11732
943.6537,-0.43097,10.51087,0.07662
943.6539,-0.52913,9.16768,1.18995
943.6677,-0.47407,9.13176,-0.03113
943.6870,0.43097,9.12698,-0.69913
943.7051,-0.17478,9.37598,-1.13489
943.7249,-1.07503,10.87001,-0.02873
943.7474,-0.54350,10.53002,-0.18436
943.7672,0.49561,9.89314,0.22506
943.7873,0.06225,8.47334,-1.34558
943.8071,-0.46928,8.99529,-0.16520
943.8250,-0.11253,9.42387,0.70152
943.8450,-0.25140,10.03919,-1.49403
943.8677,-0.84518,9.80216,0.27295
943.8854,-0.00958,9.59865,-1.33840
943.9055,-0.98644,9.88596,0.89306
943.9404,0.03113,9.78780,-1.94655
943.9454,-0.04310,8.38475,-1.08700
943.9653,-0.22267,10.24989,0.25140
943.9877,-0.58420,10.40073,2.86355
944.0052,2.84200,8.97853,-0.88349
944.0255,1.71670,9.31852,-2.98087
944.0477,-0.17957,9.70400,0.42618
944.0728,-1.67120,10.86522,0.80448
944.0845,0.03113,10.99451,0.95292
944.1088,-0.69434,8.20279,1.05588
944.1273,2.33921,8.98092,-2.42061
944.1488,0.58420,9.00247,1.41023
944.1710,-1.88190,12.86923,-0.33999
944.2033,0.18675,8.77741,0.40703
944.2233,-0.39027,9.03599,-1.19235
944.2277,-1.67839,9.85962,0.87152
944.2451,0.07901,9.11979,-0.37111
944.2646,-0.39027,10.50129,-0.95053
944.2872,-1.49882,10.75029,0.51956
944.3049,-0.14605,9.78301,1.58262
944.3259,0.02394,10.56354,-0.54350
944.3540,-0.10774,10.26904,-0.61054
944.3646,0.87630,8.60263,0.98884
944.3846,0.71828,10.22834,-0.10535
944.4091,0.44773,10.67128,-2.65046
944.4250,0.76856,8.28658,1.00081
944.4449,0.16760,8.92346,0.40224
944.4672,0.41182,7.89153,-1.24023
944.5002,0.31126,11.09507,-0.19394
944.5052,0.10056,9.51724,0.20591
944.5275,0.61533,7.02720,-0.36393
944.5451,-0.03591,10.27862,-2.88989
944.5651,-0.29210,9.06233,-1.69754
944.5877,0.77814,9.38795,-1.12291
944.6052,-0.50759,10.26186,2.94975
944.6317,0.49322,9.58668,0.16760
944.6472,1.52276,8.92346,0.06225
944.6649,0.72786,10.53241,-1.34079
944.6882,-0.60336,9.23711,1.08700
944.7112,0.10295,10.10623,-0.74701
944.7285,-0.29689,11.06873,-1.06066
944.7725,-0.40224,9.17965,1.66402
944.7871,-0.08619,10.45819,0.90025
944.7872,0.77096,10.56594,0.23224
944.8049,0.81405,9.37837,0.09098
944.8273,-1.06545,11.59308,2.07344
944.8446,-0.23464,9.69442,1.95612
944.8648,1.07024,8.78699,-1.72388
944.8874,-0.25140,9.52203,-1.26418
944.9176,-0.64885,9.05994,0.05986
944.9243,-0.06704,9.18444,-0.15084
944.9469,0.07901,9.82610,-2.63370
944.9649,-0.51237,8.68164,-0.40224
944.9844,-0.08619,9.09346,2.28414
945.0069,0.72307,10.44143,2.89468
945.0265,1.17080,8.09025,-2.91144
945.0460,0.31365,7.69759,-4.03914
945.0686,-0.47885,8.52362,-1.61853
945.0862,0.74223,7.38634,-0.58181
945.1058,0.88349,7.55873,-0.51477
945.1284,0.72068,8.10223,-0.78532
945.1458,0.54350,8.71756,4.88911
945.1659,0.28731,14.53085,-1.03912
945.1966,-1.00320,8.22194,3.82845
945.2050,-1.25699,10.86522,-1.92500
945.2246,-1.16122,8.72953,2.66483
945.2476,-1.28333,9.86920,-0.26337
945.2659,-0.70152,9.76385,-0.70392
945.2860,0.39984,10.36721,-0.83321
945.3118,0.22985,9.86681,1.30967
945.3307,-0.23703,10.98972,-0.29928
945.3446,0.34717,10.03441,0.09338
945.3689,-0.25858,10.97057,1.92739
945.3844,-0.17478,10.82930,-0.01676
945.4045,0.98884,10.19003,-1.13010
945.4276,-0.41421,10.58030,0.86194
945.4460,0.38308,9.22035,-0.59857
945.4760,1.17319,9.29697,-3.55310
945.4869,-0.18436,8.91389,-2.13090
945.5043,0.57941,9.71597,-0.99602
945.5242,0.73504,8.84685,-0.34956
945.5469,0.22267,8.44940,-2.27935
945.5663,-0.01197,9.59625,-0.77335
945.5861,-0.66800,9.45260,1.28573
945.6171,0.53153,10.25947,-1.36234
945.6245,-0.03113,9.36401,-0.93616
945.6445,-1.57543,9.89314,-0.56984
945.6669,-0.16520,8.31771,1.25939
945.6859,-0.11253,8.39433,0.49801
945.7059,-0.40463,7.91308,0.29210
945.7300,-0.37111,8.29856,2.19555
945.7620,0.36872,8.29616,1.11813
945.7670,-0.22985,9.69442,-0.90982
945.7868,0.22746,8.92107,-0.07662
945.8044,0.04789,9.72315,0.18675
945.8259,-0.76617,10.70241,1.08940
945.8482,-0.27774,10.13257,-0.00479
945.8658,0.54829,9.41668,0.22746
945.8930,0.22985,10.27623,2.09978
945.9108,0.73265,10.54439,0.44773
945.9245,0.35196,11.23154,-0.57463
945.9448,0.08141,8.54517,-0.72068
945.9672,0.50040,9.32809,-1.07982
945.9861,0.96010,9.46696,-2.58821
946.0046,0.10295,9.26584,-1.28333
946.0379,-0.27534,9.97455,-0.80926
946.0447,0.58420,9.83329,0.24661
946.0660,0.32323,10.48692,-0.26816
946.0868,0.20112,9.28260,-0.71110
946.1044,0.22985,9.90990,0.91940
946.1264,-0.01197,8.42545,0.44055
946.1470,1.47248,9.93145,-2.39188
946.1778,-0.21788,9.28260,0.61054
946.1851,-0.40463,9.37837,1.08940
946.2072,0.63688,8.77262,-0.26816
946.2245,0.43815,9.73752,-1.47008
946.2448,0.96489,9.42387,0.32083
946.2682,1.10615,9.92427,-1.18517
946.2896,-0.25858,9.13895,-0.10056
946.3072,-0.61772,10.07271,-1.75261
946.3283,-0.86912,9.24908,1.55867
946.3444,-0.41421,8.78699,0.45731
946.3641,0.27774,10.85325,1.13489
946.3890,-0.00958,11.63378,1.73106
946.4047,0.78293,10.35284,1.85077
946.4249,1.54670,10.18285,-0.26098
946.4578,0.37351,11.12619,0.21548
946.4648,-0.29928,10.74551,0.53632
946.4843,0.11014,9.70878,-0.68716
946.5063,0.11493,10.08947,-0.79729
946.5254,0.27055,8.66967,-0.07901
946.5458,0.59857,8.77023,-0.99123
946.5700,-0.13169,9.69681,-0.60575
946.5901,-0.05507,8.92825,0.66800
946.6044,0.02873,9.18204,0.89067
946.6266,0.80448,8.79178,-1.16122
946.6462,0.29928,7.57549,-0.60336
946.6652,-0.04070,9.63456,0.09817
946.6876,0.27774,9.55076,1.06785
946.7069,-0.14605,8.79417,-0.21070
946.7427,0.28971,9.82371,0.09577
946.7473,-0.66321,9.56513,1.12052
946.7651,0.15084,9.91948,0.22746
946.7853,0.35435,9.94103,0.49561
946.8076,0.22267,10.26665,0.84039
946.8265,0.04310,7.92026,1.68796
946.8455,-0.80448,10.57791,-0.09817
946.8741,-0.55068,9.45499,0.51237
946.8886,-0.17718,9.49330,0.74941
946.9064,0.15323,10.44143,0.68476
946.9314,-0.42139,9.66569,1.29291
946.9466,0.02155,10.22116,1.73824
946.9664,0.46688,10.34566,0.12450
946.9896,0.23224,9.19880,1.11573
947.0161,0.72547,10.38876,1.21629
947.0302,-0.01197,10.45101,1.67839
947.0475,0.04549,10.38636,-1.55628
947.0669,-0.21309,10.73353,0.25858
947.0853,-0.03591,10.71917,0.85954
947.1075,0.35435,9.91469,-0.68476
947.1428,0.85715,10.17567,-0.28731
947.1636,0.91701,9.66808,0.38308
947.1689,0.89785,8.79657,-1.20432
947.1857,-0.17478,11.26506,0.11493
947.2056,-0.19633,9.99849,-0.21309
947.2280,0.34238,10.56833,-1.14207
947.2457,-0.84278,9.77104,-1.16841
947.2654,-0.81645,9.80934,-0.38548
947.2966,0.92658,10.90113,-0.59617
947.3057,-0.96489,11.19084,-0.32323
947.3263,0.76377,7.43183,-3.65127
947.3488,1.74064,6.20357,-2.86116
947.3663,0.72307,8.55235,-3.70634
947.3867,-0.40463,8.79417,-0.55787
947.4124,0.05267,8.90910,0.93377
947.4295,-0.20591,9.05754,0.20830
947.4452,-0.52913,8.78459,0.62251
947.4672,0.33520,8.01603,4.65686
947.4862,0.68955,12.08151,0.16042
947.5065,-0.92658,9.12937,1.50600
947.5290,-0.27774,11.66970,0.90982
947.5464,0.51237,8.11899,0.70871
947.5798,0.21070,9.30894,-0.13408
947.5877,0.03591,9.02163,-0.39027
947.6053,-0.14605,10.05835,-0.53871
947.6252,-0.19633,9.42147,1.12052
947.6477,-0.32562,9.33049,0.61054
947.6673,-0.37590,8.93304,0.73744
947.6880,-0.70152,10.89874,0.88109
947.7209,0.21548,10.04638,0.42618
947.7246,0.44055,10.08469,0.48364
947.7451,0.43097,9.21556,1.97288
947.7672,0.59139,8.68882,1.08461
947.7855,-0.40942,11.41590,0.03591
947.8054,-0.21548,9.84765,2.14766
947.8290,0.42379,10.53241,-0.03352
947.8500,0.15323,8.58826,0.01676
947.8651,-0.31365,11.83969,0.17957
947.8875,0.53153,10.50368,0.47167
947.9052,-0.13408,10.74072,-2.40625
947.9285,-0.69913,10.46777,-1.21390
947.9490,-0.69434,9.80695,0.82602
947.9660,-0.06943,9.04318,0.12450
947.9986,-0.54111,9.49809,1.38868
948.0073,-0.78293,9.74470,0.81166
948.0248,0.33041,10.23792,-0.59857
948.0447,0.52674,10.59945,-1.81486
948.0674,-0.70392,10.54439,0.11493
948.0848,-0.03591,9.64174,-1.58980
948.1053,0.02634,10.00567,-2.70314
948.1489,-0.34238,8.34165,-2.88510
948.1491,-0.63448,9.11740,-0.38069
948.1673,-0.69195,8.68403,0.60096
948.1881,-1.17080,11.04958,0.34956
948.2059,0.51956,8.82769,0.90982
948.2258,0.97926,7.89153,-0.80208
948.2496,1.50360,9.25387,0.84039
948.2667,0.28252,8.31292,2.14527
948.2863,0.74223,8.35362,-2.34160
948.3085,1.01757,10.25947,-0.79011
948.3262,-0.00239,8.56432,0.22746
948.3467,0.61772,8.42066,0.36154
948.3688,0.01915,9.04796,0.28013
948.3881,0.00958,9.70878,0.96010
948.4193,0.63209,9.94342,-1.05109
948.4282,1.10855,9.66808,-0.39984
948.4456,0.63927,10.10145,1.46051
948.4659,0.28492,9.25627,1.35037
948.4883,-0.03831,9.53640,1.39826
948.5059,-0.76856,10.64495,0.88349
948.5260,0.71349,8.57869,-0.24661
948.5594,0.10535,9.51964,-0.20351
948.5655,-0.00239,9.61780,-0.27534
948.5854,1.22826,9.11500,-1.59698
948.6082,1.09179,9.60822,-2.04711
948.6259,0.91940,10.35284,-1.19714
948.6458,1.08461,7.06072,-0.88349
948.6707,1.05827,9.36401,-0.49083
948.6921,0.27295,10.23553,2.70553
948.7080,1.16601,7.92266,0.62491
948.7282,1.49403,9.38795,-2.97369
948.7456,0.33759,9.09106,-0.38787
948.7659,-0.16042,8.66727,0.48604
948.7883,0.24900,9.07670,0.33280
948.8059,0.19394,9.25148,0.93377
948.8351,-0.09577,8.78459,-0.73504
948.8478,-0.28731,9.40232,-0.33520
948.8654,-0.16760,8.38715,1.62092
948.8856,-0.51956,9.11979,2.07105
948.9077,-0.34238,10.11581,0.35675
948.9286,0.11971,9.12219,0.38308
948.9655,0.18675,9.10064,-0.20112
948.9810,0.41182,9.11022,-0.07662
948.9855,0.28492,9.43105,-0.00958
949.0054,0.13887,9.68005,0.28492
949.0280,-0.01915,9.50288,0.18675
949.0465,-0.53392,10.28102,1.70951
949.0673,-0.30168,8.94501,2.23146
949.0908,-0.73025,9.64414,1.30249
949.1084,-0.11014,8.80375,-0.00958
949.1284,0.47646,7.84843,-0.94334
949.1483,0.28252,8.60981,-0.21788
949.1655,0.26337,10.53720,-0.01676
949.1877,0.62730,8.76783,-0.68955
949.2115,0.22746,9.75188,-1.04390
949.2514,-0.00718,10.73832,-0.45970
949.2515,0.04310,9.33049,-0.21309
949.2678,-0.13887,10.99451,-0.55308
949.2891,0.09338,10.12299,0.57702
949.3055,0.43097,8.99529,0.83560
949.3279,0.49801,8.77502,0.22985
949.3466,0.19154,10.90832,1.33361
949.3669,0.04070,9.19402,-0.38069
949.3960,0.35675,10.81494,-1.71909
949.4069,0.94574,10.00089,-1.71909
949.4282,0.51956,9.06951,-0.95771
949.4525,0.05986,10.14215,0.74223
949.4703,0.77814,10.71677,0.74462
949.4880,-0.74223,10.96099,1.13010
949.5101,-0.21788,8.18124,0.78053
949.5272,-0.90504,11.02085,1.65205
949.5485,-0.61772,11.68646,0.17718
949.5688,0.75420,9.82371,-0.33041
949.5863,2.15964,10.41988,-2.98566
949.6085,1.12770,9.90033,-1.08221
949.6315,1.93218,8.09265,-0.58899
949.6652,-0.29689,8.62897,0.01915
949.6779,-0.67519,10.08229,-1.68078
949.6889,-0.16760,10.18046,0.47646
949.7064,-0.46210,8.64333,-2.09978
949.7267,-0.45252,10.31214,-0.27295
949.7494,-0.26098,10.43186,-0.26816
949.7681,1.94894,7.80534,-0.57941
949.7897,0.60096,10.81015,1.06066
949.8225,0.06225,10.25707,0.67279
949.8267,0.02873,10.35763,0.25140
949.8469,0.26098,10.83409,1.61853
949.8690,0.88349,9.96018,-0.33520
949.8868,0.93377,8.92346,1.10137
949.9069,0.88828,11.09507,2.21470
949.9303,0.21309,10.68804,1.45572
949.9525,0.43097,9.08148,0.99362
949.9669,1.54670,9.25387,-1.07264
949.9884,0.41900,9.52203,0.86673
950.0068,-0.90025,10.93465,0.24661
950.0264,0.80926,10.38876,0.69434
950.0505,-0.17718,11.15253,1.68318
950.0684,-0.93856,11.22915,0.86673
950.1083,0.15084,11.06873,-0.72786
950.1085,-0.56265,11.60984,1.37671
950.1269,-0.31844,9.00487,-1.27375
950.1467,0.34238,9.79737,-1.65444
950.1691,0.33759,9.52921,-0.76138
950.1881,0.74701,8.84924,-1.21390
950.2080,0.73744,9.22275,-0.54111
950.2437,0.63927,9.38556,-1.14686
950.2463,0.41421,8.97135,-0.18915
950.2664,0.23703,8.77023,1.34079
950.2888,0.16281,9.55555,-1.19235
950.3071,-0.22506,8.73431,-1.29291
950.3265,-0.67758,10.10863,2.49483
950.3488,-0.13887,8.90431,0.27774
950.3768,0.32562,9.01923,0.52913
950.3879,1.00560,9.19162,-0.05267
950.4084,0.43336,9.92188,0.57223
950.4260,0.46449,10.69523,0.24661
950.4464,-0.11732,10.49171,-0.13647
950.4685,-0.26098,10.49171,0.53392
950.4898,-0.27774,9.45260,0.38308
950.5211,0.02634,9.25387,-0.57463
950.5304,-0.59857,9.39035,-1.59938
950.5464,0.43576,9.91230,0.77814
950.5660,0.46688,10.10863,-0.55547
950.5889,0.77575,11.16211,0.80926
950.6068,1.08940,10.53241,-0.26576
950.6268,0.40942,11.60505,0.30647
950.6622,0.85236,10.15651,-2.05189
950.6661,-0.11732,9.80934,1.82444
950.6880,0.04789,12.00250,0.24900
950.7084,0.88828,9.69681,-1.45332
950.7260,0.49561,10.60664,-0.76377
950.7462,0.64645,10.24510,0.57941
950.7705,-0.44294,10.57072,0.68716
950.8044,-0.80208,10.78142,0.11014
950.8085,0.22506,10.06074,-0.28013
950.8289,-0.22746,10.02004,1.19714
950.8461,0.52674,9.56752,0.78772
950.8695,0.75180,9.43105,-0.19872
950.8895,0.93856,9.66329,0.22506
950.9073,0.90025,10.48453,-0.82363
950.9406,0.13408,9.71118,0.81884
950.9495,0.15323,9.82610,-0.47646
950.9671,0.97686,8.74389,-0.01915
950.9871,0.73504,9.44063,0.79011
951.0094,0.30407,8.93304,0.55547
951.0272,-0.25858,9.70639,0.31365
951.0474,-0.57702,9.06233,1.02714
951.0735,0.06225,9.12937,-0.95053
951.0872,-0.71110,10.71677,1.11813
951.1072,-0.64406,9.43105,0.50040
951.1298,0.45731,9.01444,1.33840
951.1475,-0.27295,11.15493,0.79011
951.1675,-0.60096,10.95141,-0.72307
951.1896,-0.22746,9.94821,0.51956
951.2252,-0.39984,9.79019,-0.93137
951.2297,0.08380,8.73910,1.71909
951.2496,0.69195,10.07990,-0.05267
951.2684,0.20112,9.38795,1.68078
951.2891,0.59139,11.24591,1.05588
951.3096,1.11094,10.14933,-1.39826
951.3416,-0.61772,9.26824,1.81007
951.3591,-0.35914,8.64333,2.17400
951.3699,-0.15323,8.51883,1.51318
951.3893,0.33759,10.95381,0.30647
951.4080,0.51956,10.38636,0.07422
951.4316,-0.69195,11.76068,1.75500
951.4495,0.79011,9.48612,-0.08380
951.4930,-0.07662,11.18845,-0.31604
951.4931,0.69434,10.51565,-1.98246
951.5112,0.89546,8.94501,0.83560
951.5271,-1.23784,10.85325,2.50681
951.5498,-0.57223,11.01127,-1.80289
951.5666,0.60336,8.81093,-0.78293
951.5873,0.72547,9.36161,-2.06386
951.6104,0.07422,9.38795,-0.51237
951.6411,-0.29450,11.07831,1.51558
951.6473,0.57941,8.17166,0.66321
951.6699,-0.15084,11.90194,1.50600
951.6875,-0.20112,9.52203,-0.42379
951.7081,0.65843,10.66171,-0.90743
951.7311,-0.03113,8.34405,-0.61054
951.7491,0.24182,10.14933,-0.98644
951.7686,0.11253,10.87958,1.95852
951.7918,-0.45252,10.17567,1.17798
951.8073,0.48364,10.29778,1.04630
951.8273,-0.76856,10.07032,1.71909
951.8495,0.67279,10.79100,1.14925
951.8672,-0.53392,9.78540,-0.98884
951.9003,0.35914,11.41590,-1.84120
951.9200,0.73265,9.48612,1.04151
951.9271,-0.36393,11.08789,-0.71110
951.9471,-0.05507,10.47256,-1.02475
951.9693,-0.84757,10.84846,1.62332
951.9869,-1.75021,9.94821,0.60575
952.0070,0.11971,9.83568,0.37351
952.0292,0.74462,10.56354,-1.52994
952.0468,0.12450,10.68804,-1.54431
952.0668,0.74941,9.70400,-0.76856
952.0893,1.19235,9.64174,1.35995
952.1068,-0.52435,9.71118,-0.81166
952.1268,-1.02954,8.88515,-0.65124
952.1493,0.31126,8.79417,0.33759
952.1681,-0.13408,9.67287,-0.58181
952.2021,-0.41182,8.85403,0.33999
952.2114,-0.27295,9.46936,-0.30407
952.2269,-0.41900,10.40073,1.24023
952.2469,-0.56026,11.06155,0.23703
952.2694,-0.41660,9.88357,2.48047
952.2889,0.14366,10.64973,-0.30168
952.3094,0.09817,9.75667,-0.01437
952.3378,0.44773,10.14694,1.16122
952.3470,0.09338,9.69681,2.22907
952.3707,-0.42618,9.73273,2.35357
952.3893,-0.32323,9.70878,-0.25619
952.4069,-1.13489,10.50368,1.12770
952.4277,0.12690,10.01046,-0.15323
952.4493,-0.33041,10.19961,-0.07183
952.4744,0.51237,9.29457,-0.53632
952.4865,0.93137,9.27781,0.17478
952.5092,-0.35675,9.26824,1.78373
952.5289,0.05507,9.72554,-1.63768
952.5495,0.40703,10.98014,-0.07422
952.5714,-0.01197,10.34806,0.00000
952.5891,1.22108,10.68086,-2.47329
952.6161,0.80687,9.15571,0.17478
952.6306,-0.25379,11.33450,1.89387
952.6494,0.79250,10.11102,2.99524
952.6693,1.21629,11.22675,-0.47885
952.6917,0.86673,9.17726,1.08940
952.7094,-0.33280,10.34327,0.02634
952.7363,0.22985,8.02082,0.80448
952.7499,0.77335,9.08148,-0.02394
952.7675,0.03591,8.71995,0.47885
952.7874,-0.08380,11.84927,0.84039
952.8099,0.27534,10.03680,0.39984
952.8276,0.56505,9.91469,1.05588
952.8492,-0.44534,10.65692,-0.31844
952.8734,0.30168,11.59787,0.40942
952.8922,0.29450,10.11581,0.90025
952.9146,-0.87152,11.02564,0.80208
952.9301,0.53632,9.23472,-0.67279
952.9480,-0.26816,10.08229,-0.06704
952.9691,-0.64645,9.91948,2.06147
952.9929,-0.02873,9.00487,0.29689
953.0095,-0.55068,10.43664,0.22267
953.0432,-0.61054,9.53640,-0.20830
953.0495,-0.19633,9.13176,1.39107
953.0675,0.23464,11.29858,-0.82602
953.0873,0.38069,10.59706,0.19872
953.1099,0.38787,9.25148,-1.92500
953.1274,0.00479,10.63297,-1.25460
953.1491,0.32083,10.30735,1.00320
953.1849,-0.23224,10.29538,-0.93137
953.1878,0.26816,10.94662,0.71589
953.2075,0.18915,9.49091,-1.11094
953.2300,-0.05507,10.94423,0.30407
953.2474,0.70392,9.52682,0.85715
953.2674,1.07024,8.16927,-0.81405
953.2899,0.40224,9.07430,-1.92021
953.3096,0.08141,9.90751,1.59459
953.3275,-0.02155,10.13018,3.73267
953.3494,-0.40942,10.66889,2.06865
953.3672,0.70152,9.81174,-1.67839
953.3876,-0.25619,10.64016,-0.90025
953.4099,0.44534,11.79659,0.67997
953.4467,-0.20351,9.23711,3.63211
953.4602,-1.16601,12.86683,1.08700
953.4695,0.07422,10.77424,2.77496
953.4876,0.71589,8.94740,-3.05031
953.5077,-0.13647,10.83409,-0.12690
953.5301,-0.38308,10.94184,-0.31844
953.5490,1.09897,8.62897,-0.47646
953.5859,0.92898,9.28021,-1.12291
953.5974,-0.58181,10.54918,3.76619
953.6072,-0.62491,11.31295,-0.36393
953.6274,0.83321,8.87797,0.96010
953.6514,0.09577,10.49171,0.60336
953.6695,-0.71110,8.37757,-1.02475
953.6891,-1.50121,12.64656,-0.58660
953.7116,-0.42379,9.12219,-0.49322
953.7395,-0.34238,10.82212,3.31128
953.7525,-0.41421,9.32331,-0.13408
953.7713,0.60336,7.74308,1.15643
953.7891,-0.21548,13.20203,-0.37351
953.8073,0.13408,9.08867,1.48445
953.8298,0.92419,8.17405,-0.20351
953.8474,0.19633,8.60263,1.44614
953.8730,0.19872,11.17169,0.16999
953.8897,0.16760,9.67766,0.19872
953.9074,1.01996,9.12458,0.33520
953.9274,0.16042,9.05036,-0.53871
953.9514,0.59857,9.55316,0.70392
953.9691,1.04390,8.62418,0.90504
953.9910,0.39506,8.70798,0.90743
954.0118,-0.19394,9.64653,-0.36393
954.0286,0.35675,7.84843,-1.73106
954.0477,0.65364,8.68164,1.37910
954.0698,-0.11732,10.36721,0.22027
954.0879,1.19714,10.14215,1.09897
954.1078,1.28573,11.39914,-0.38308
954.1309,0.96010,9.59865,1.92260
954.1488,1.14207,10.91071,-0.48843
954.1672,0.40224,9.17965,1.17798
954.1894,-0.28971,11.00169,0.36154
954.2070,-1.05109,10.97057,2.06386
954.2281,-0.53632,10.77663,0.10056
954.2510,0.35196,9.85723,1.08461
954.2862,-0.42379,10.10384,1.03433
954.3049,0.01197,10.86522,0.96729
954.3105,0.25619,10.56115,0.77575
954.3276,-0.33041,11.05916,1.28573
954.3477,-0.48843,10.79578,-0.26816
954.3702,0.85236,9.89075,0.52435
954.3874,-0.41421,11.07831,0.31604
954.4072,0.40224,9.51964,1.76937
954.4299,0.19394,9.82850,-0.27055
954.4472,0.00000,10.78381,-0.15084
954.4680,0.25379,9.52921,-0.64645
954.4896,-0.08619,10.38636,0.56984
954.5071,-0.35435,10.15172,0.29210
954.5271,0.41182,8.68403,-0.23464
954.5507,0.25140,9.30176,1.66881
954.5781,-0.13169,9.90512,-1.37671
954.5874,-0.50280,9.85962,0.27295
954.6093,-0.03352,9.58428,-0.29689
954.6276,0.37830,9.54837,0.27295
954.6473,0.16760,10.33608,0.87630
954.6697,-0.07901,10.01525,-0.07183
954.6870,0.84278,10.75987,-1.75500
954.7077,1.84359,8.70319,-1.15643
954.7292,0.53871,9.41668,0.69673
954.7468,0.04310,10.26426,0.44294
954.7670,1.20432,9.49569,0.10295
954.7905,0.18196,10.66410,1.34319
954.8074,0.70392,9.19641,-0.10056
954.8383,0.81405,9.89314,-1.05348
954.8495,-0.04310,9.75188,1.50600
954.8671,0.67997,9.11979,1.33601
954.8869,1.24981,10.23792,-0.93616
954.9093,0.11732,9.84765,0.28252
954.9268,0.33520,10.46059,0.50759
954.9469,0.30407,10.13257,0.09098
954.9701,-0.05028,10.13018,1.98007
954.9881,0.08859,8.53320,1.44854
955.0074,-0.17957,9.96258,-0.45731
955.0294,-1.15404,10.29059,0.75420
955.0472,-0.50759,9.45260,1.99443
955.0671,-0.20591,9.85962,0.70392
955.0895,-0.23703,8.83009,-0.19394
955.1091,-0.47646,9.39513,0.45252
955.1430,-0.39266,10.43425,3.00242
955.1492,0.06465,9.28021,1.81965
955.1690,0.91940,11.22675,-0.19872
955.1868,1.54191,8.56672,-0.59378
955.2094,0.06704,11.29858,1.73106
955.2283,0.34238,10.99212,3.47888
955.2489,0.38787,10.14215,1.05109
955.2795,-0.59378,11.23873,1.07024
955.2893,0.02394,9.39274,4.03675
955.3071,-0.25858,10.34566,0.63448
955.3295,1.90345,8.76065,-2.53554
955.3470,0.56744,9.41189,-0.03352
955.3672,-0.31604,9.29457,0.38069
955.3897,0.44773,9.80934,0.48604
955.4107,0.37351,8.23631,0.27295
955.4269,-0.11253,10.13736,-0.97447
955.4494,-0.66561,10.09426,1.93218
955.4670,-0.21070,10.37439,0.93856
955.4884,-0.15084,10.57791,1.34798
955.5109,0.43097,10.24271,1.38868
955.5291,0.56744,9.73033,-0.54111
955.5611,-0.25379,9.95779,2.50920
955.5699,-0.05986,10.05117,3.03594
955.5867,0.43097,10.11581,0.47407
955.6121,0.22506,10.35045,-0.77575
955.6305,-0.09338,9.13176,1.52036
955.6508,-0.15323,9.86681,0.44294
955.6691,0.80687,10.43664,-0.08619
955.7057,1.06545,9.41189,-0.15323
955.7079,0.85715,8.83727,0.89785
955.7266,0.46210,9.73752,1.89387
955.7493,1.30009,9.55555,-0.68716
955.7673,-0.22267,10.36482,1.75500
955.7872,0.15563,10.81015,1.65444
955.8096,0.05028,10.41510,3.23467
955.8399,0.28731,10.59227,1.79571
955.8472,0.87870,10.13975,-0.58660
955.8692,0.80208,9.81892,-0.25619
955.8867,-0.22506,10.21637,-0.01915
955.9069,0.06465,9.91948,2.99284
955.9295,0.37590,10.20679,0.73265
955.9471,1.13728,9.47654,-1.81965
955.9781,1.66881,8.44700,-1.34319
955.9890,-1.12291,9.38077,0.54350
956.0065,-0.66082,10.65452,1.04151
956.0267,0.74941,9.38795,0.48843
956.0491,0.81884,9.40950,-1.39347
956.0667,0.57223,10.15651,0.23703
956.0882,0.26337,10.32651,1.62092
956.1112,0.86673,10.35524,0.88588
956.1269,0.93377,9.58668,-0.60815
956.1469,0.77814,10.37439,-0.77335
956.1689,-0.31844,9.61780,2.86595
956.1869,-1.15404,10.63776,4.37195
956.2074,0.60096,8.81093,2.60737
956.2318,0.33520,10.10145,0.36632
956.2510,0.24900,9.65132,-0.66321
956.2668,-0.23943,9.62738,0.94813
956.2892,-0.86433,9.65850,0.68237
956.3066,0.89546,9.22754,-0.70871
956.3266,-0.00479,9.30176,-1.65444
956.3492,-0.83081,10.28820,-0.16999
956.3669,-0.40703,11.30816,1.46769
956.3980,-0.02873,9.65132,2.03992
956.4088,0.29210,9.91230,-0.03591
956.4265,0.19633,9.14134,0.01676
956.4467,-0.27774,11.29619,-0.02634
956.4695,0.39506,8.40151,2.00640
956.4892,-1.01517,11.86603,2.93778
956.5262,-0.46688,9.98652,2.77018
956.5421,-0.00479,8.40630,0.46210
956.5466,-0.60575,9.97934,0.39745
956.5667,-0.60096,10.30017,1.40065
956.5889,-0.31365,9.43823,1.25699
956.6085,0.64645,9.21317,-0.14605
956.6288,1.00799,9.49569,-1.51079
956.6615,0.56026,10.43904,-0.09577
956.6854,0.35914,7.58506,-0.03831
956.6893,-1.06545,11.84927,2.32484
956.7102,-0.53153,10.80297,1.31446
956.7311,-0.62730,9.50527,1.80528
956.7504,0.36872,9.23951,0.34956
956.7737,-0.62969,8.91389,1.97288
956.8036,-0.96968,9.16289,1.74782
956.8192,0.06225,8.27461,2.76060
956.8312,0.79729,9.10543,-0.01676
956.8475,-0.57702,10.98733,0.78772
956.8694,-0.70631,10.14694,-0.04070
956.8941,-1.35037,9.59386,3.03594
956.9114,-0.76138,10.50129,1.81965
956.9485,0.22985,8.12138,1.02236
956.9634,0.12690,10.72875,-0.35196
956.9677,-0.18675,9.67526,1.17798
956.9892,-0.02873,9.13176,0.84518
957.0108,0.67519,9.38077,-0.52913
957.0300,-0.67758,9.41429,0.49083
957.0502,-1.90584,9.71357,0.37590
957.0742,-0.18196,8.85403,-0.67279
957.1016,-0.33280,9.86202,1.67599
957.1170,-0.80687,10.03201,1.71430
957.1309,-0.86673,10.47016,0.48364
957.1484,0.07901,11.38957,-0.42858
957.1702,0.23464,9.21796,0.86673
957.1949,0.24182,11.40154,0.39745
957.2266,-0.08141,10.09426,0.93137
957.2448,-0.01437,8.60742,-0.06225
957.2521,-0.06225,12.17968,0.26098
957.2696,-0.67758,7.97533,-0.49561
957.2894,0.29450,7.89632,-1.86993
957.3120,-0.49322,8.97853,-1.76219
957.3297,-0.43097,10.47495,-0.30886
957.3513,0.14366,9.58428,-0.92658
957.3844,0.08859,10.72396,-0.68955
957.3896,0.22267,10.58509,-2.29132
957.4095,0.47646,9.22275,0.75180
957.4318,1.26178,9.65850,0.66800
957.4495,0.03591,9.81174,0.99123
957.4695,-0.55308,10.97296,-0.24422
957.4932,-0.74941,9.57471,0.13887
957.5122,-0.60336,11.20042,0.23464
957.5295,-0.48604,8.65770,0.60815
957.5522,-0.53392,8.82051,0.79250
957.5696,-0.02155,9.48133,-0.73504
957.5943,0.75420,8.62418,0.77575
957.6138,0.38548,9.13416,-1.62571
957.6298,0.55068,9.39992,-0.36872
957.6548,-0.19154,8.77741,-0.43576
957.6718,0.47885,9.94582,-0.96968
957.6894,0.49322,9.46457,0.78772
957.7108,0.31844,11.12380,0.89546
957.7336,0.11014,10.86522,-1.00320
957.7512,-0.02155,11.20281,0.90504
957.7881,-0.16281,9.90751,0.92898
957.8024,0.63448,9.43823,1.45093
957.8094,0.84039,8.71037,-0.95771
957.8311,-0.04310,9.87160,-0.18915
957.8540,-0.22746,10.37918,-1.60895
957.8731,-0.19872,9.39753,-0.14845
957.8933,-0.14366,9.13655,0.40463
957.9360,-0.45491,9.45260,-1.17080
957.9360,0.25379,8.70798,-0.36872
957.9562,0.92898,10.57791,-0.87870
957.9719,0.87870,10.12539,0.27055
957.9894,0.26337,9.89554,-0.70392
958.0090,0.16042,10.04638,-0.36872
958.0332,-0.30886,9.98652,0.08380
958.0526,-0.27534,9.95300,0.35914
958.0739,0.35675,9.62498,1.25221
958.0922,0.42858,10.36482,1.49163
958.1095,-0.07901,10.26665,0.12929
958.1297,0.63688,10.02004,-0.56744
958.1520,0.59139,8.98332,-0.70392
958.1697,-0.22746,10.61621,-0.55547
958.1897,-0.86912,9.34246,1.23545
958.2210,0.08619,10.45340,1.60416
958.2298,0.05986,9.60344,-1.08700
958.2493,0.06704,9.82131,0.11253
958.2732,-0.19394,7.69759,-0.58660
958.2927,-0.15323,10.06793,0.32083
958.3110,-0.42139,9.17247,0.43336
958.3331,0.31844,10.39115,0.93856
958.3505,0.00718,10.70959,-1.11813
958.3696,-0.95292,9.53879,0.77575
958.3917,0.21070,8.56432,-0.04789
958.4095,-0.16042,9.35922,0.83800
958.4297,0.23224,9.84526,-0.56984
958.4525,0.79490,8.89713,-0.32562
958.4879,-0.19633,11.84687,-0.09577
958.5031,-0.45970,9.59865,1.42938
958.5128,-0.71349,9.90751,2.17161
958.5295,0.02634,9.16528,-0.34956
958.5495,0.45491,10.27383,1.08221
958.5719,0.27774,9.55076,-0.63688
958.5895,1.25699,9.37119,-1.16601
958.6096,0.85715,10.53002,0.01915
958.6387,-0.07662,9.10543,-0.56026
958.6490,-0.43815,9.11022,0.62730
958.6689,-0.27295,8.82769,1.16362
958.6919,-1.55628,10.29538,0.14845
958.7105,-0.24422,10.91071,-1.02475
958.7305,0.42858,9.59386,-1.51318
958.7526,-0.23464,9.53161,-0.38548
958.7715,0.54829,9.02402,-2.92102
958.7907,0.26576,10.73353,-0.10295
958.8121,0.01915,10.40552,-1.92979
958.8293,-0.09098,9.91709,-0.56744
958.8495,-0.11253,10.24510,2.22189
958.8724,-0.15323,10.34087,0.17239
958.9059,0.00479,8.98811,1.53952
958.9208,0.43815,9.35922,2.36794
958.9316,0.56505,9.66808,1.75740
958.9494,0.64885,9.31373,1.97767
958.9694,0.43097,9.58428,0.73504
958.9920,0.85236,10.95141,0.13887
959.0098,0.61293,9.72794,1.49163
959.0294,0.93377,8.14772,-0.28971
959.0599,0.51477,10.42467,0.23464
959.0696,0.49561,9.84526,-1.30009
959.0894,0.20830,9.32091,-1.94894
959.1117,0.48364,11.55477,0.17718
959.1293,0.01915,10.22834,-1.46290
959.1494,0.15802,9.06951,0.73744
959.1730,0.08141,10.41510,-0.21788
959.1940,0.70152,8.76305,-0.15802
959.2090,-0.16520,10.27862,0.37590
959.2319,-0.35435,9.82131,0.29450
959.2499,0.33520,9.99131,-1.83401
959.2698,-0.74462,9.98652,1.51318
959.2916,0.33520,10.65692,0.12690
959.3344,0.09338,10.40312,-0.08619
959.3346,-0.83800,11.15014,2.64328
959.3530,-0.39745,10.48453,1.98725
959.3692,-0.10535,9.66329,1.51558
959.3892,-0.15802,9.90990,0.16520
959.4111,0.72068,8.80135,-0.83081
959.4282,0.01437,10.67607,0.60336
959.4653,0.15084,9.32570,1.85556
959.4824,-0.34238,9.88117,0.92180
959.4882,0.35914,9.15571,-0.90743
959.5079,0.71349,9.74709,-1.48924
959.5309,0.77335,10.66410,-0.71828
959.5483,1.40305,8.81333,-0.36632
959.5692,0.80208,10.60664,-2.49244
959.5917,-0.59378,9.92427,0.15563
959.6096,-0.01437,9.75188,0.37830
959.6278,0.26576,10.46537,0.50519
959.6508,-1.04869,10.48453,-0.07422
959.6682,0.48125,9.79019,0.39506
959.6884,1.12531,10.25707,-1.07503
959.7109,0.42139,10.01046,-0.58899
959.7292,1.42938,8.52601,-0.90264
959.7496,1.23545,9.78780,-0.99362
959.7706,1.84120,9.92427,-1.22347
959.7879,0.34717,9.06472,0.14605
959.8082,0.70871,9.40471,0.60336
959.8304,0.21309,10.34327,0.45970
959.8481,0.14845,8.41348,0.12450
959.8691,0.38787,10.36003,1.15643
959.9011,0.88828,9.89554,0.56505
959.9084,-0.15802,8.83009,-0.21309
959.9282,-0.35196,10.58030,0.69195
959.9506,0.26576,9.78301,-0.27295
959.9682,-0.51237,10.73593,0.67040
959.9881,0.18196,10.48692,0.40224
960.0105,0.01676,10.09187,-1.11573
960.0306,-0.73744,11.42069,-0.39745
960.0480,-0.15802,10.61143,1.15643
960.0712,0.72307,9.94821,-0.55068
960.0887,-0.06225,10.27144,1.17319
960.1089,-0.17957,9.26105,-0.31126
960.1354,0.15084,9.35204,-0.88828
960.1507,-0.02873,9.46457,0.85715
960.1821,-0.28492,9.14852,-0.79490
960.1911,-0.29928,9.77104,0.17718
960.2084,0.33041,10.10623,-0.28731
960.2295,0.61533,9.46457,-1.37910
960.2516,0.85476,9.59865,0.12929
960.2695,1.23066,9.26345,-0.81645
960.2895,0.08859,10.30496,0.86673
960.3118,0.45012,9.85484,0.43336
960.3294,-0.04549,9.72076,1.09179
960.3488,-0.73265,11.34407,-0.23703
960.3716,0.07662,10.53960,0.35914
960.3895,1.21629,9.35443,-0.38308
960.4094,0.42618,10.02004,1.80528
960.4315,0.26098,9.49091,-1.01038
960.4495,0.41182,9.84765,1.11094
960.4701,1.31446,9.54837,1.02954
960.4917,1.47966,9.36640,0.38069
960.5093,0.60096,10.45340,0.76377
960.5284,0.63448,9.87878,1.81965
960.5512,0.16760,9.90751,-0.01676
960.5682,-0.61533,10.02004,1.49642
960.5923,0.70392,9.43823,-0.44773
960.6113,1.12052,9.27542,-1.13249
960.6292,0.02155,11.27464,0.02634
960.6494,0.50280,10.10623,0.03591
960.6715,-0.43336,10.56354,1.01278
960.6893,-0.37111,9.61541,-0.65603
960.7093,-0.01197,10.79818,-0.69195
960.7314,-0.18436,11.03042,1.10615
960.7493,1.41262,8.38236,-0.71110
960.7697,1.25699,8.57869,-2.33442
960.7924,0.09338,9.31612,-0.89306
960.8098,0.59378,8.43024,-0.44055
960.8315,0.21309,9.14134,1.58262
960.8704,0.66082,9.46217,-2.06626
960.8845,-0.56505,10.92986,-1.19714
960.8898,0.21548,9.92427,1.23784
960.9121,-0.15084,8.62418,0.11971
960.9294,-0.62491,11.65533,-0.04789
960.9518,0.51716,10.18046,1.76937
960.9744,0.65603,10.19482,1.35995
961.0089,1.00320,9.96018,0.05267
961.0272,0.50759,9.01923,0.57463
961.0331,0.04789,10.55157,-0.60096
961.0507,-0.28971,8.12617,1.06545
961.0725,-0.87391,12.48614,-0.59857
961.0934,-0.72068,10.52763,-0.15563
961.1128,-0.25140,9.08627,1.68557
961.1523,-0.68716,10.46537,-0.62012
961.1642,-0.81884,11.31295,2.40625
961.1715,0.16042,9.59625,0.09338
961.1924,0.48364,9.30894,-0.15563
961.2130,-0.19633,11.12141,0.25379
961.2329,-0.06943,9.86441,-0.02155
961.2529,0.54829,9.65372,-0.93616
961.2735,0.54350,10.20679,1.33601
961.3082,-0.38548,9.73512,0.16760
961.3104,-0.90264,9.82131,1.13967
961.3329,-0.00958,9.40711,0.87870
961.3503,-0.12450,9.72794,-1.01757
961.3705,0.12211,10.44622,-1.75979
961.3928,0.37111,9.15092,-1.15165
961.4108,-0.74462,9.31373,-1.01038
961.4313,-1.63050,9.97934,0.62012
961.4540,0.06225,10.30735,-0.90743
961.4713,-0.79490,10.77903,1.46530
961.4923,-0.53392,10.11342,0.98165
961.5143,-0.28013,10.30975,0.77335
961.5323,0.04549,9.31133,0.71110
961.5786,0.14126,10.66171,-0.30886
961.5787,0.15323,10.20440,1.21150
961.5977,0.07662,10.48453,-0.78772
961.6117,0.16760,9.21078,-1.68557
961.6338,0.12450,9.73752,0.42858
961.6515,-0.47167,9.44063,0.63209
961.6722,-0.41421,8.44700,0.21309
961.6947,-1.12770,10.45819,0.12690
961.7138,-0.21548,9.98173,-1.69754
961.7336,0.06225,9.88357,-0.91701
961.7561,-1.01757,10.30017,-0.92658
961.7736,1.16841,10.67607,0.91940
961.7941,1.45811,9.77822,2.25780
961.8198,0.51477,9.22993,-0.35435
961.8371,0.78532,11.00409,0.40942
961.8545,1.76937,9.74470,-0.72307
961.8768,0.24422,10.44622,-0.07662
961.8942,-0.05986,11.43266,1.35755
961.9144,0.06225,8.99290,-0.88588
961.9368,0.03831,9.96497,-0.05028
961.9555,-0.48604,9.83568,0.85236
961.9873,0.87152,8.36320,-0.86433
961.9973,0.52195,9.42865,0.33759
962.0142,0.01915,10.09666,-1.43417
962.0343,-0.09338,8.97614,-0.88349
962.0566,0.25140,9.38556,0.90982
962.0742,0.13169,9.51006,0.74223
962.0939,-0.04789,9.64174,1.11813
962.1165,0.95771,9.24190,-0.70631
962.1349,0.08859,10.36003,-0.29689
962.1550,-0.11014,9.83808,-0.81645
962.1773,0.19633,9.76385,-1.93936
962.1948,0.17478,10.96817,-0.55787
962.2148,0.37111,10.22595,-0.44294
962.2372,0.28971,10.06074,0.90982
962.2585,0.26576,9.62020,0.37830
962.2746,0.42139,9.89554,-1.85796
962.2973,0.40942,9.76385,-1.65205
962.3148,0.64406,10.01286,-0.60096
962.3351,0.17478,9.72554,-0.63688
962.3574,-0.09338,8.46137,0.51956
962.3749,-0.01437,10.26426,0.84518
962.3969,-0.16042,10.55157,-0.62251
962.4177,-0.11971,10.80536,-0.01197
962.4365,0.59857,9.79258,-1.42220
962.4575,1.51079,10.14215,-1.01278
962.4775,0.85476,10.15412,0.80687
962.4977,0.17239,10.68565,0.39027
962.5162,-0.02155,10.53002,1.77655
962.5468,0.10056,10.10623,-0.29689
962.5552,-0.54350,10.24750,-0.27534
962.5748,0.01915,9.52682,0.96489
962.5974,-0.26576,9.39274,-0.78532
962.6151,-0.69195,9.47175,0.69195
962.6351,-0.35675,9.31133,0.38787
962.6591,0.17478,8.87318,-0.36393
962.6840,0.15802,8.71037,0.56744
962.6952,0.07901,8.17884,-0.83800
962.7175,-0.01676,10.91789,0.25379
962.7350,0.10774,9.50767,0.70392
962.7555,0.50759,9.21796,-2.25062
962.7775,-0.32802,9.73752,-0.53392
962.7965,0.54829,8.12617,0.28971
962.8216,0.25619,8.91628,1.56586
962.8373,0.46449,10.23553,0.07422
962.8549,0.54350,10.08229,-0.21788
962.8758,-0.12690,9.74230,-0.79250
962.8987,-0.72307,11.29140,-0.31604
962.9166,0.99362,9.70400,0.34956
962.9363,0.37351,11.48294,0.47167
962.9764,1.03672,9.54119,-0.53632
962.9766,0.92658,10.28341,-0.03113
962.9948,0.37830,9.49569,1.02236
963.0188,-0.33520,9.14374,-0.07183
963.0369,-0.34238,11.23873,-0.54829
963.0566,0.48125,9.36640,0.42139
963.0845,-0.18436,9.53879,0.48843
963.0950,0.11971,9.50048,0.96250
963.1152,0.56026,9.19880,-1.19235
963.1368,-0.07662,10.06553,0.50759
963.1592,-0.60096,11.16690,1.07024
963.1744,0.97208,9.91709,0.00479
963.1968,0.31365,10.63776,0.22267
963.2146,-0.38787,10.15172,0.97686
963.2345,0.11014,9.95539,0.38787
963.2567,0.59378,10.02243,1.33122
963.2746,-0.16042,10.57551,-0.16042
963.2949,-0.23703,9.72315,-0.05028
963.3171,0.34956,10.13257,0.46688
963.3348,0.21309,8.89713,-0.90264
963.3543,-0.21070,9.65372,-0.52913
963.3772,0.23464,9.89793,-1.37431
963.3971,-0.13887,9.65850,-0.71110
963.4149,0.23703,9.20359,-0.61293
963.4386,0.80926,9.57471,-1.65923
963.4569,-0.01197,11.11422,-0.82124
963.4771,0.20830,8.42306,-0.53871
963.4989,-0.57702,10.96578,0.38787
963.5178,0.30407,9.43344,1.73824
963.5349,0.18196,9.39513,-0.76617
963.5572,-0.17239,9.27781,-0.00958
963.5747,-0.14845,9.10543,0.73504
963.5950,-0.59857,9.20359,-0.16042
963.6188,-0.71828,9.30415,1.30249
963.6369,-0.28252,9.95539,-1.23066
963.6644,-0.17478,10.59467,-1.36474
963.6771,-0.31365,9.52203,0.48364
963.6953,0.30886,9.77104,-0.53871
963.7147,-0.05986,10.56594,-0.00239
963.7410,0.39506,9.73512,-0.20112
963.7589,0.29210,10.65213,-0.99362
963.8016,0.23464,10.64016,1.78852
963.8017,-0.28492,9.85484,-0.59857
963.8157,-0.82602,10.02483,-0.16520
963.8370,0.17957,10.32890,0.23943
963.8571,-0.52674,9.44781,0.37111
963.8765,-1.16841,11.02564,0.55068
963.8949,0.06465,9.32570,0.27055
963.9373,0.27295,9.69921,-1.07742
963.9497,-0.25619,11.60026,1.46290
963.9548,0.38787,9.13895,-1.41980
963.9775,-0.20112,10.28580,0.54350
963.9963,0.10056,10.95860,-0.28252
964.0166,-0.00479,9.24908,-1.76697
964.0389,0.31604,10.22595,0.45491
964.0568,-0.20830,10.44143,-0.17718
964.0886,-0.70392,9.23951,0.65603
964.0976,-0.35914,10.07032,2.10936
964.1145,-0.05267,9.91709,-1.34558
964.1357,-1.22587,9.95779,-0.10774
964.1570,-1.05827,10.43904,0.91461
964.1746,0.37830,9.78061,-0.67040
964.1949,-0.37351,8.73910,0.05746
964.2190,-0.78772,10.47495,-1.01038
964.2343,-0.56026,9.93145,-0.12690
964.2538,-0.60815,10.07990,-0.65364
964.2765,-0.35196,9.61780,-0.57941
964.2974,-0.41182,10.51565,0.75659
964.3143,0.84278,9.28739,-2.13090
964.3366,0.54350,9.47175,-1.19714
964.3614,-0.03831,11.66012,0.70152
964.3740,0.39027,8.63615,0.45012
964.4122,0.51956,10.44622,1.24023
964.4160,0.12690,9.53640,0.31126
964.4351,0.40224,9.68963,0.49561
964.4569,-0.13169,10.46298,0.28731
964.4742,0.26337,9.24908,-1.10376
964.4944,-0.16520,9.64174,-0.46688
964.5165,0.28013,10.49411,-0.45970
964.5364,0.45012,8.04716,-1.77176
964.5548,-0.12929,10.02243,-0.22267
964.5784,0.28252,10.30017,-2.02795
964.5963,0.31844,9.96258,-1.06545
964.6161,0.55068,10.30735,0.35435
964.6485,1.33840,9.48851,-0.84039
964.6566,0.33280,10.95860,-1.94176
964.6746,0.20591,10.41031,0.32562
964.6978,0.27295,10.03441,0.47407
964.7172,-0.31844,10.38158,1.81247
964.7371,-0.20351,9.19641,-0.73265
964.7596,-0.00479,9.24908,0.04789
964.7771,0.04789,9.70878,-0.33759
964.7986,-0.41900,10.06314,-0.91222
964.8181,-0.75180,9.97455,0.47407
964.8374,0.56505,9.45020,-1.03912
964.8557,0.29450,10.15172,-1.66163
964.8806,0.86433,8.79417,-1.26657
964.8981,0.91461,9.91948,-1.82923
964.9278,0.62969,10.29299,0.39027
964.9404,0.46449,9.45260,-1.02714
964.9566,0.01676,10.15172,0.44534
964.9766,0.84278,10.18046,1.02954
964.9988,0.31365,9.56034,-0.76138
965.0164,-0.07422,10.45101,0.10774
965.0454,0.44294,9.58907,-0.37111
965.0617,-0.60336,10.09666,1.01517
965.0760,-0.25140,9.59146,0.78293
965.0959,-0.05028,9.51964,-0.63448
965.1181,0.01676,10.24510,0.40703
965.1361,0.44294,9.99849,0.23943
965.1563,-0.00718,9.69202,-0.25858
965.1785,-0.07901,10.08469,0.37830
965.1976,0.19154,9.92427,-1.32643
965.2162,0.43097,9.69202,-1.81247
965.2386,0.84518,9.62738,-0.71110
965.2562,-0.37351,10.96817,-1.38868
965.2762,-0.60096,9.50767,1.03193
965.2984,-0.19394,8.96416,-0.28971
965.3180,-0.60096,10.13736,-1.08461
965.3524,-0.35435,9.57471,0.67279
965.3615,-0.51237,8.26025,-0.44055
965.3762,-0.05028,9.81653,-0.23224
965.3961,0.05028,11.10465,-0.64645
965.4186,-0.68237,10.18285,0.09098
965.4365,0.83081,10.12060,-0.19394
965.4564,0.52195,9.68724,-1.03912
965.4840,0.43815,9.70639,-0.78053
965.4963,0.91701,9.78780,0.76138
965.5164,-0.55547,9.66569,-0.44055
965.5387,-0.67997,11.32971,1.52036
965.5563,0.13887,8.84924,0.05028
965.5804,-0.14845,8.64812,2.42301
965.6174,0.17957,10.13018,1.17798
965.6205,-0.42139,8.84445,2.03992
965.6401,-0.11253,11.09507,-1.16841
965.6592,-0.46210,9.57471,0.37590
965.6772,-0.38069,10.15172,-2.88271
965.6963,-0.36632,9.73752,0.29928
965.7190,0.14605,9.30655,-2.79172
965.7577,0.06943,8.50925,-1.43656
965.7578,0.09577,10.08469,-2.61934
965.7787,-0.21548,9.44302,-0.79969
965.7965,-0.28252,11.02085,0.47885
965.8163,-0.56505,9.97215,0.41900
965.8386,0.49561,11.00409,-0.75899
965.8563,0.27055,11.11183,2.37512
965.8779,-0.37351,8.61939,-0.40942
965.9138,0.09577,11.76786,1.11573
965.9163,0.30168,9.16768,2.41582
965.9364,-0.53871,9.09824,-1.24502
965.9586,0.36872,11.16929,2.09738
965.9763,-0.22506,8.89473,0.41660
965.9978,-0.64645,10.08229,0.50759
966.0557,-0.09098,9.23232,1.33840
966.0558,-0.07901,9.06233,-0.73025
966.0560,1.26178,9.31133,-0.60336
966.0800,0.86673,9.16289,-2.05668
966.0963,0.57941,9.16528,-2.73905
966.1163,-0.16760,9.22035,-1.24263
966.1386,-0.86433,10.39834,-1.88669
966.1565,-1.07982,9.96018,3.53634
966.1804,-0.44055,9.84526,1.96091
966.2018,-0.03352,10.39594,0.17718
966.2174,-0.03113,9.11979,0.88109
966.2374,-0.87630,11.25788,0.79490
966.2597,-0.08141,8.84685,0.53871
966.2769,0.08380,10.11102,2.49962
966.2974,0.68716,9.06951,-0.36632
966.3217,1.42938,9.04318,-1.79571
966.3377,0.35675,9.94821,-0.99123
966.3580,-0.33999,9.69442,1.07982
966.3825,0.85954,10.86522,-0.57463
966.4017,-0.09817,9.26584,0.72547
966.4194,-0.14366,11.06394,-0.64167
966.4420,0.99602,10.89634,-1.55149
966.4597,-0.38308,9.80216,2.46610
966.4781,-0.23943,9.81653,-0.25858
966.5005,0.85715,8.08307,-0.51716
966.5179,0.35435,11.35605,1.49403
966.5393,0.52913,10.42946,-0.10774
966.5618,0.19394,8.93783,1.44135
966.5815,0.53632,11.73195,1.14925
966.6058,-0.56265,9.34007,0.54350
966.6212,-0.95292,12.18686,1.70712
966.6389,0.77096,8.37039,0.56026
966.6581,0.86433,9.92666,-2.39427
966.6805,-0.38787,10.17088,-0.42139
966.6982,0.35435,7.93942,-1.40783
966.7311,-0.35435,10.25468,-0.93137
966.7443,-0.34238,9.58189,-1.31206
966.7607,-0.25858,10.11581,0.30647
966.7791,0.33759,8.20997,0.54829
966.8055,0.18196,11.22915,-2.12851
966.8231,-0.44294,9.55316,1.08940
966.8409,0.04070,9.34007,0.38069
966.8630,-0.27055,10.41270,1.60177
966.8817,-0.53632,9.76625,1.04390
966.9008,0.29689,9.18444,-1.51079
966.9216,0.42618,9.18444,0.69434
966.9402,-0.16760,9.96258,0.65603
966.9594,0.00000,9.74949,0.43815
966.9812,0.00479,9.31852,1.35516
966.9989,0.01915,10.33130,-1.03193
967.0187,-0.16760,9.59625,-0.62730
967.0411,0.14605,10.41749,-0.98405
967.0585,-0.44055,9.94582,-0.22985
967.0778,-0.04789,9.91948,1.43656
967.1000,-0.30886,9.15810,0.29450
967.1182,-0.55308,10.24989,0.57223
967.1399,-0.47407,10.76227,1.13728
967.1658,-0.95292,9.10064,-0.15802
967.1879,0.08380,9.53400,0.12929
967.1986,0.34956,9.90033,1.14207
967.2209,-0.59857,9.61541,0.09098
967.2385,0.65603,9.34964,0.41660
967.2590,0.29210,8.65530,-1.23784
967.2814,-0.14126,11.37759,0.11732
967.3010,0.70871,8.61699,-1.80528
967.3193,-0.13887,9.71118,0.11253
967.3412,-0.16281,10.44383,0.98165
967.3589,-0.48843,9.24430,-0.33759
967.3792,-0.13408,10.63537,-0.63927
967.4029,-0.48843,10.10145,-0.17478
967.4390,-0.58181,9.23711,-2.18358
967.4528,-0.13647,10.00328,1.37671
967.4623,0.32323,9.97215,0.11014
967.4789,0.00958,7.77660,-1.92021
967.4990,-0.47167,9.78780,-0.66800
967.5214,-1.01038,9.70878,1.47966
967.5410,-0.32562,9.41189,1.79810
967.5593,0.04549,10.13257,-0.45970
967.5813,-0.08619,9.80455,0.15084
967.5986,-0.21788,9.94582,0.28252
967.6183,-0.39027,9.91709,-0.07901
967.6415,-0.41421,10.62340,0.88588
967.6593,-0.27534,9.81653,1.04869
967.6802,-0.39266,10.76227,-0.00239
967.7017,-0.01197,9.68484,0.52913
967.7195,0.34956,9.64414,-1.32403
967.7388,-0.42139,10.02722,0.15323
967.7614,-0.16760,10.92508,-1.26657
967.7789,0.38308,7.93223,-0.42379
967.7993,0.15323,11.16450,-0.11014
967.8214,-0.13408,10.65213,-1.17559
967.8392,-0.56505,8.61699,0.98405
967.8608,-0.05267,10.35763,-0.36154
967.8813,0.00718,9.50527,-0.49801
967.8990,-1.19235,10.67128,0.22746
967.9196,-0.79490,11.10704,0.50998
967.9418,-0.34717,10.39594,1.09179
967.9592,0.05267,10.64016,-1.59459
967.9808,0.59617,9.63696,-2.59539
968.0210,-0.33520,9.38795,0.39745
968.0212,0.22506,9.55316,-0.96010
968.0405,0.30407,9.53161,0.51956
968.0630,0.55308,9.29697,-1.37192
968.0798,-0.24661,9.67048,-1.92021
968.0997,-0.56744,9.09824,0.37830
968.1232,-0.67519,8.81811,-0.65843
968.1412,-0.38787,10.92508,0.77814
968.1623,-0.02155,9.60583,1.48924
968.1818,-0.37351,9.69202,-0.07422
968.1998,0.39027,11.20042,-0.15323
968.2198,0.19154,9.34725,-0.63209
968.2434,-0.61293,10.22116,1.04390
968.2613,-0.13887,9.59386,0.76138
968.2885,0.28731,10.35763,-2.86834
968.3074,-0.25140,10.81494,-0.44773
968.3292,-0.14845,10.09426,-0.05986
968.3395,-0.11732,10.75029,-1.25221
968.3621,-0.01676,8.59545,0.82842
968.3796,-0.77335,9.55555,-1.49882
968.3999,0.34956,10.41749,-0.15323
968.4290,0.37351,8.76544,-0.84518
968.4402,0.07422,9.50048,-1.46530
968.4590,0.39266,9.36640,1.61374
968.4816,-0.28492,9.81892,0.72786
968.4996,0.00479,10.26186,0.43576
968.5214,0.07422,9.28260,1.13967
968.5435,-0.31126,9.89314,-0.03831
968.5620,-0.28013,11.13817,-0.23464
968.5812,-0.30407,10.03919,-1.49882
968.6020,-0.25858,9.93145,0.29689
968.6196,-0.90264,10.74311,-1.45572
968.6395,-0.27534,9.58189,-0.66082
968.6618,-0.18436,9.47175,0.47646
968.6881,0.27774,9.43823,-2.09738
968.6998,0.22027,9.13416,-1.65923
968.7220,0.01676,10.03441,-0.24900
968.7394,0.09817,8.85882,-1.01517
968.7595,-0.42858,10.33608,1.42699
968.7819,0.07422,9.98891,-1.87951
968.7996,0.07422,9.11979,-0.55308
968.8425,-0.49322,9.67048,0.19872
968.8425,-0.85476,10.58270,1.23784
968.8598,-0.63688,8.83487,1.05348
968.8795,-0.18196,10.81733,-0.41660
968.9023,-0.43576,10.88198,-0.31604
968.9219,-0.39506,9.99370,0.19633
968.9418,0.54111,9.89554,-0.69195
968.9771,0.09338,9.34246,1.39586
968.9922,0.94334,9.85005,-2.66722
969.0001,0.47407,9.86920,-2.31526
969.0215,-0.26098,10.64495,0.01437
969.0409,0.45252,9.12698,-0.97686
969.0609,1.55149,10.73832,-2.65046
969.0833,1.44375,10.12778,-3.17720
969.1035,0.37351,9.79977,-2.00161
969.1223,0.84039,8.44221,0.79250
969.1422,0.36632,10.05117,1.27615
969.1595,-0.16999,11.07592,-0.42858
969.1793,0.14366,10.17567,-2.91623
969.2024,0.13169,9.54837,-3.97210
969.2199,-1.35277,10.41510,0.61772
969.2411,0.30407,7.19480,-1.61853
969.2759,0.95292,8.12617,-1.28094
969.2803,0.48364,11.34647,-3.12692
969.2994,0.54111,10.62340,-1.81725
969.3221,-0.01915,9.56992,1.20193
969.3399,-0.28731,10.74311,1.10137
969.3618,-0.56026,11.96180,1.52755
969.4100,-0.18436,9.02642,1.68796
969.4102,0.59857,10.27623,1.11334
969.4250,1.52515,10.17567,4.18519
969.4415,1.79331,9.04078,0.18675
969.4594,-0.44294,10.65692,-1.05348
969.4794,-0.09338,8.69122,0.98165
969.5018,-1.28094,9.49569,-1.11813
969.5218,-1.73345,10.04877,2.06865
969.5525,-0.11253,9.09585,1.76697
969.5627,-1.15404,10.93226,0.38787
969.5794,0.34478,8.90910,-0.74462
969.5994,0.84039,10.91789,-1.34079
969.6232,0.43097,7.57070,0.31126
969.6411,0.56505,11.16929,-1.08940
969.6624,1.41262,8.58826,0.18675
969.6946,1.15883,8.32250,0.09098
969.7001,-0.52435,10.13257,-0.91222
969.7196,0.13169,9.24190,0.91461
969.7418,0.36154,8.79178,0.72068
969.7595,0.29210,9.02163,-0.03591
969.7800,0.37351,10.82930,-0.74462
969.8239,0.85715,9.25627,-1.35037
969.8239,0.36872,10.47495,1.35995
969.8391,0.31126,8.98811,0.30407
969.8615,0.35435,8.89713,0.70631
969.8793,-0.50040,9.79498,1.22347
969.8993,-0.54829,9.45978,1.20193
969.9216,-0.56505,10.09905,1.51558
969.9409,0.79011,9.91469,-2.13569
969.9730,0.74701,10.18764,-2.71750
969.9833,0.28492,9.92188,-0.25858
970.0012,1.08461,9.40232,1.01517
970.0211,1.57543,8.78938,0.78293
970.0434,0.72307,9.51006,0.44534
970.0594,0.82124,10.22116,-0.50759
970.0885,0.73504,8.44221,0.96968
970.1034,0.56984,8.39672,-1.75740
970.1193,-0.63927,10.67607,2.08302
970.1392,-0.71349,9.54358,1.08700
970.1614,-0.22267,9.88357,1.44614
970.1806,-0.33759,9.59146,0.47646
970.2009,-0.44534,11.29619,-0.20830
970.2410,-0.07422,11.07352,0.90743
970.2410,0.50040,9.90990,0.68716
970.2593,0.85236,9.23711,-0.62730
970.2815,0.55068,10.13257,-0.85954
970.3030,1.19474,9.26824,-1.56825
970.3215,0.31844,10.36721,0.00958
970.3439,0.89306,8.31053,-0.16281
970.3792,0.60575,9.94821,-1.38629
970.3984,-0.80208,9.32331,2.60018
970.4021,-0.38308,8.86839,0.45012
970.4196,0.26816,9.66569,0.49561
970.4396,0.31126,9.99131,0.78293
970.4626,-0.27774,10.15172,0.14845
970.4811,-0.22746,9.12698,1.21150
970.5011,-0.86433,10.49171,1.45572
970.5270,-0.80448,10.15891,1.53712
970.5400,0.04549,9.13655,0.69673
970.5590,-0.00239,10.02243,-0.61054
970.5831,-0.01437,9.85962,-0.71349
970.5992,0.34238,8.61460,0.78772
970.6193,0.04549,9.99610,-0.09338
970.6433,-0.50280,9.64653,1.80289
970.6605,-0.17239,8.62418,-0.60815
970.6796,0.07183,9.69202,0.57223
970.7013,0.32562,8.69122,-0.15802
970.7194,-0.55787,9.22993,2.85637
970.7392,-0.32323,10.94423,1.74064
970.7614,0.65843,9.46696,-0.99123
970.7791,0.09577,10.54199,-1.32403
970.7994,-0.41900,10.02962,0.88828
970.8215,0.11493,8.65051,0.81405
970.8389,-0.27534,10.90113,0.96250
970.8590,0.04310,9.38556,-1.80289
970.8826,-0.62969,10.27862,-0.08141
970.9005,-0.11732,10.08947,-0.27774
970.9234,-0.33759,8.80375,-1.67120
970.9433,-0.40224,10.23792,0.06943
970.9630,0.59617,9.86441,-0.05507
970.9790,0.43576,9.49091,-1.13728
971.0015,0.45252,10.71199,-0.08859
971.0193,0.80926,9.52203,0.62491
971.0396,0.67279,9.87160,0.24182
971.0626,0.27055,9.60104,2.65046
971.0898,-0.39506,9.62738,1.10615
971.0990,-0.22506,9.92427,-2.43258
971.1229,1.16362,8.50686,-5.07826
971.1409,-0.64885,10.62819,-0.85236
971.1594,-0.40224,9.02642,0.11732
971.1815,0.40224,9.06712,0.95292
971.2006,-0.26816,10.05117,2.56427
971.2372,-0.03831,12.43108,-2.17400
971.2428,0.79250,8.95938,-0.53871
971.2593,0.69673,9.71118,1.34558
971.2797,0.39506,8.92825,1.21150
971.3049,0.81405,11.33689,-0.07901
971.3227,0.21548,5.58824,-0.11493
971.3584,-0.48364,10.17327,-2.82524
971.3730,-0.98644,11.87800,0.47885
971.3804,0.49322,8.25307,-0.03591
971.4009,0.00958,10.35524,0.23703
971.4213,0.34956,9.76146,-0.01437
971.4403,0.68237,9.15810,-1.87472
971.4604,-0.66561,9.18923,2.03753
971.4826,-0.04549,8.71995,-1.99443
971.5001,0.47167,9.00247,-0.64885
971.5192,0.40942,9.70400,-0.96489
971.5431,0.00479,10.22834,-0.32802
971.5605,1.11573,9.60104,-1.30009
971.5804,0.13169,10.24989,-1.88190
971.6014,0.34956,10.39834,-0.85954
971.6465,0.72786,9.03120,1.49163
971.6468,0.25858,9.97694,-0.54350
971.6633,0.63448,9.00487,1.19474
971.6787,-0.64885,10.28580,0.51477
971.6992,0.19154,10.40552,1.64726
971.7215,0.65124,9.65850,1.93936
971.7406,0.45731,8.85163,-0.47167
971.7610,0.80926,9.38316,-0.61054
971.7930,-0.18915,9.63456,-0.13887
971.7992,-0.46688,9.90272,0.93616
971.8189,0.49322,9.79498,-0.36632
971.8411,0.39506,9.22275,0.22746
971.8589,-0.16760,10.41031,-1.98485
971.8802,0.18196,10.13496,-0.77335
971.9025,-0.32083,10.24271,-0.49561
971.9208,-0.70631,9.93385,2.33681
971.9387,-0.45252,8.94980,0.19154
971.9627,-0.07662,9.84047,1.19714
971.9803,-0.21309,10.23553,0.37111
971.9990,-0.47167,9.17726,1.55149
972.0213,-0.36872,10.56354,0.09817
972.0391,0.65603,8.69840,-0.35675
972.0716,-0.68716,11.39675,0.93377
972.0811,-0.14366,9.84765,0.68716
972.1006,0.28013,9.40711,-0.01437
972.1208,-0.38069,10.96338,0.90982
972.1414,-0.16999,10.47735,-0.99123
972.1599,0.62012,9.31852,-0.91222
972.1800,0.39027,10.02243,-0.62251
972.2044,-0.24422,10.41510,-1.30727
972.2198,0.20591,9.31612,-0.10774
972.2407,0.36632,9.01444,-2.47568
972.2621,-0.43576,9.65372,-0.70392
972.2798,0.94813,8.93304,-1.93936
972.2997,0.39984,10.15891,0.57463
972.3221,0.43815,9.97215,-0.46449
972.3490,0.18915,9.35443,-1.67360
972.3608,-0.02155,10.55396,-0.86912
972.3832,0.02634,9.02642,-1.32403
972.4002,0.40224,9.88117,0.47646
972.4197,-0.20351,8.54517,0.63448
972.4424,0.09577,8.22912,-0.57223
972.4658,-0.76377,10.52044,2.07823
972.4821,-0.80208,10.17088,1.32882
972.5025,0.67279,8.70558,1.18517
972.5198,0.01437,10.53002,-0.31126
972.5396,1.09418,10.23792,-1.97767
972.5616,0.73504,9.06233,1.95612
972.5790,0.56026,11.02803,-0.45731
972.5994,0.46688,9.39753,0.02634
972.6218,0.44055,9.41908,-0.62969
972.6396,0.73265,9.85244,-0.11493
972.6614,-0.16520,9.31612,0.68476
972.6819,-0.80687,10.21398,1.36234
972.6995,-0.07422,9.85005,-1.54670
972.7196,0.11732,9.96497,0.01437
972.7434,0.67997,9.81413,-2.06147
972.7715,0.20591,10.14694,1.24981
972.7859,0.63688,9.99849,-1.14207
972.8018,-0.88109,12.33770,1.91303
972.8193,0.00239,9.09106,0.10056
972.8394,0.93616,10.47016,-1.16841
972.8619,0.74223,9.81413,-0.27295
972.8815,0.39266,9.95779,-1.89148
972.9115,0.31844,9.09585,-0.28252
972.9222,0.64885,8.70319,-1.58022
972.9395,0.02155,9.21556,-2.12372
972.9595,0.17957,10.19722,-0.48843
972.9861,0.15802,9.76146,-3.03833
973.0012,1.09658,8.79178,-1.99204
973.0381,0.72068,9.47175,-1.21629
973.0516,0.26337,8.41109,-0.85954
973.0596,0.11971,10.89874,1.68557
973.0796,0.01915,9.26105,1.50121
973.1028,0.24182,9.81174,1.89387
973.1212,-0.23703,9.63456,0.98405
973.1422,-0.30168,9.26345,-0.46928
973.1658,-0.16042,9.43823,0.92898
973.1865,-0.06465,10.17327,-1.05588
973.2020,0.74223,7.37437,-1.21629
973.2233,0.64167,8.78459,-2.65046
973.2405,0.08380,9.18923,-1.71430
973.2606,0.76856,9.21556,-1.06785
973.2843,0.12450,9.08148,-0.95771
973.3224,-0.79011,10.95381,0.38308
973.3226,0.11493,9.61062,-1.44614
973.3433,0.22506,10.54918,-0.82842
973.3605,0.33041,10.44622,-0.33999
973.3806,-0.04549,9.89314,-1.18517
973.4031,0.72307,10.34566,0.85476
973.4221,0.31126,10.01286,0.13408
973.4431,-0.74701,10.45819,-0.29450
973.4736,0.42858,9.82850,0.56505
973.4821,0.63209,9.85962,-2.19794
973.5004,0.46928,10.61143,-0.65603
973.5229,0.71110,10.07511,-1.21390
973.5405,0.79011,9.61780,-0.51956
973.5605,0.55308,11.62420,0.02873
973.5844,-0.14126,10.23074,0.84997
973.6005,0.55547,9.92906,-1.82444
973.6221,0.43097,9.16050,-2.20513
973.6440,-0.46210,11.25309,-0.80687
973.6616,-0.10056,10.01046,-1.16841
973.6835,-0.27534,10.15651,-0.33759
973.7074,-0.72068,10.28820,-0.08859
973.7399,0.71110,10.65931,-1.87711
973.7527,0.72786,10.99212,0.33520
973.7636,0.15084,10.58270,-0.82124
973.7812,0.96968,9.18683,-0.16042
973.8029,1.01517,10.78381,-0.23224
973.8251,1.30488,8.77981,0.09098
973.8432,0.74701,10.38636,1.03193
973.8656,-0.05028,9.63935,-0.31604
973.8941,-0.22267,11.48294,0.87391
973.9084,-0.22506,8.13335,-3.50282
973.9238,1.12052,7.86040,-0.95771
973.9445,1.10137,8.84685,-0.91940
973.9623,0.98405,7.78858,-1.18995
973.9840,0.21309,8.13335,0.21788
974.0195,0.58420,7.75745,-0.40463
974.0335,-1.13967,9.45260,-4.64010
974.0443,-0.19633,3.91703,2.43258
974.0646,1.24023,7.93702,-4.46772
974.0825,0.89067,6.41426,0.47407
974.1041,0.67997,9.99610,-3.14129
974.1262,0.35914,8.15729,1.18995
974.1456,-0.04070,9.32570,0.90982
974.1664,0.19394,7.40310,0.28013
974.1866,0.43815,8.85882,0.10535
974.2039,-0.00718,8.63615,-0.09817
974.2238,-0.33999,9.57471,0.73744
974.2446,-0.04789,8.49489,0.80687
974.2639,0.05267,10.14694,-0.07662
974.2824,-0.00239,10.54678,0.38548
974.3044,0.73744,10.20679,0.21548
974.3237,0.66321,10.88437,0.76377
974.3419,0.79250,9.50048,0.47885
974.3646,0.65603,11.17647,1.34558
974.3840,0.53153,10.30256,0.53632
974.4064,-0.05267,11.32253,-0.83800
974.4453,0.83321,11.04958,-0.67758
974.4620,0.40463,10.29059,-0.51716
974.4644,-0.06465,11.17887,0.48843
974.4846,-0.04310,11.03282,-1.49642
974.5020,-0.50040,11.16690,1.04869
974.5220,0.09338,11.04479,-0.77575
974.5444,0.14126,10.36960,-1.48445
974.5863,0.30407,9.90751,0.05028
974.5863,0.48843,9.03839,-1.35995
974.6049,0.43097,10.19003,-0.33280
974.6221,1.17559,9.55076,-0.60815
974.6422,0.32562,9.51006,-0.90982
974.6644,0.73983,9.10064,-0.23943
974.6835,1.06785,9.45020,-0.33041
974.7017,0.13647,9.55555,0.97926
974.7296,0.07901,8.71995,0.32802
974.7418,0.34956,10.27383,0.89785
974.7632,0.64167,9.74230,-0.63688
974.7842,0.71828,8.44700,0.38787
974.8017,-0.07422,9.71118,1.74303
974.8218,-0.10774,8.60502,0.96729
974.8441,0.47407,8.17884,1.35277
974.8622,-1.12291,11.17647,1.74303
974.8829,-0.21309,9.13655,-1.11813
974.9040,0.11253,9.99610,-2.02077
974.9235,0.13647,8.72713,-0.51956
974.9416,-0.37590,9.29457,0.75899
974.9639,0.31844,9.22275,-0.79250
974.9946,-0.19872,8.45897,1.58501
975.0066,1.13010,6.86917,-0.19872
975.0238,-1.54191,9.14613,-1.97528
975.0430,-2.04471,10.80536,0.12929
975.0615,-0.34956,8.83487,2.10936
975.0838,-0.81884,10.16609,-1.08461
975.1015,0.55787,10.07032,-0.84997
975.1279,1.45572,8.70798,-0.08141
975.1469,0.30407,8.55953,2.16442
975.1619,0.70631,12.29700,1.57783
975.1819,0.69434,9.86920,1.79571
975.2044,0.97447,10.46537,0.59617
975.2236,-1.69036,9.63935,3.99365
975.2457,-0.43815,8.88037,1.61135
975.2675,0.05986,8.46855,1.52755
975.2868,-0.67519,11.14774,0.52195
975.3018,-0.10535,8.18603,1.29291
975.3282,0.05986,10.11102,0.73265
975.3438,0.51477,8.74389,-0.31844
975.3632,0.52674,9.58428,0.64406
975.3858,0.04070,8.72953,1.49642
975.4102,0.40942,9.65132,-0.79011
975.4219,0.17239,10.25468,1.12052
975.4440,-0.00479,9.95300,-0.39984
975.4619,0.04549,9.93624,-0.29210
975.4819,0.79250,10.07990,0.27774
975.5041,0.72786,8.79896,1.30488
975.5218,0.44055,11.29858,2.20992
975.5562,0.44773,9.10064,-0.22985
975.5780,-0.10535,11.19802,1.54910
975.5816,0.58660,9.42147,1.83880
975.6035,0.56984,8.75586,1.47487
975.6248,0.33520,10.00089,1.22826
975.6409,0.39027,9.39753,-0.05746
975.6609,-0.17478,10.31693,0.51716
975.6860,0.27055,8.71277,0.47885
975.7039,0.37351,9.71597,0.13647
975.7215,-0.60575,10.79818,1.87951
975.7435,-0.33520,10.23313,0.49083
975.7609,-0.53392,10.72635,0.67279
975.7828,-0.89546,10.32651,1.08940
975.8055,-0.25858,9.05515,1.92979
975.8361,0.03113,10.44862,0.83321
975.8544,0.79969,9.29457,0.54350
975.8633,0.67040,9.55316,1.09658
975.8809,0.28013,9.96497,1.13967
975.9008,0.14605,8.47094,2.05429
975.9232,0.50759,9.44063,2.56906
975.9412,0.55547,10.07032,-0.28971
975.9606,0.15802,10.82452,0.03591
975.9828,-0.15323,9.43584,1.09179
976.0002,0.45252,8.29856,0.36872
976.0203,0.65843,9.19641,1.48684
976.0428,0.45970,9.01923,0.74701
976.0604,0.10774,9.83568,-1.50839
976.0814,-0.35435,10.26426,0.28252
976.1028,0.33999,8.90670,-0.97208
976.1206,-0.01437,9.08867,-0.54350
976.1403,-0.21788,9.25148,1.58262
976.1625,0.80926,9.72315,1.19953
976.1803,0.67519,10.30735,-1.53952
976.2004,0.72307,10.69044,-1.31446
976.2228,0.35196,10.47016,-1.38629
976.2468,0.18915,7.75266,0.86673
976.2664,1.37671,9.75906,-0.76138
976.2855,-0.51716,10.41031,1.29291
976.3037,-0.59617,11.08549,3.94098
976.3220,0.54589,8.94022,-0.33999
976.3438,-0.35914,10.34566,-1.53952
976.3632,0.73025,10.06074,1.11573
976.3904,0.75180,8.14532,0.47407
976.4094,-0.13408,9.58428,0.77335
976.4216,0.69913,9.72315,1.30967
976.4415,-0.05986,10.19722,5.78217
976.4640,-1.88908,11.23873,-0.21788
976.4815,0.14126,8.79657,0.52674
976.5015,1.02714,8.30334,-1.92021
976.5250,0.59378,9.87160,-0.61533
976.5523,2.22668,7.98730,-2.44934
976.5623,1.68078,11.96419,0.26576
976.5840,2.97130,14.01608,1.16601
976.6038,-0.79011,8.38236,5.49725
976.6240,-2.43258,12.61543,-0.30168
976.6443,-1.62571,9.01923,2.84679
976.6779,-0.25619,10.47256,-1.19953
976.6938,-1.85556,9.29697,0.74462
976.7039,-0.96489,10.41988,0.50040
976.7215,0.48364,8.27461,0.64167
976.7434,-0.60815,9.74230,1.23784
976.7642,0.78053,8.58587,0.07183
976.7852,0.10056,10.33369,0.36393
976.8220,0.20351,9.11022,2.34878
976.8326,0.15802,9.67766,0.98884
976.8416,-0.42858,9.22514,-0.16520
976.8615,-0.60096,10.48213,0.89546
976.8837,0.40942,9.55316,-0.33280
976.9013,-0.46688,9.08388,0.75899
976.9213,-0.52674,10.08708,0.92180
976.9449,-0.13408,9.26105,0.76138
976.9644,-0.07183,10.75269,-0.03831
976.9837,0.33280,9.05036,-0.16999
977.0043,0.17239,10.42467,-0.26098
977.0222,0.19633,9.14852,1.32643
977.0421,-0.05507,10.36003,-0.25858
977.0646,0.16281,9.83568,-0.02873
977.0966,-0.07183,10.11102,1.41023
977.1129,1.47966,9.22035,-1.52755
977.1249,0.17239,8.80614,1.87472
977.1425,-0.69195,9.93624,1.72627
977.1650,-0.00479,9.05036,1.17559
977.1854,-0.48125,9.32570,1.76937
977.2063,-0.61054,11.28901,-0.02394
977.2504,0.20830,8.77981,-1.58740
977.2506,-0.84997,11.13577,1.05588
977.2657,-0.65603,8.58108,2.03992
977.2843,-0.83081,9.76385,0.52913
977.3051,-0.40224,11.53083,1.47727
977.3224,0.77096,8.76065,1.38868
977.3425,0.40703,9.35204,0.48604
977.3649,-0.48364,10.57551,1.96331
977.3873,0.26816,9.32809,1.13489
977.4081,0.11971,9.28979,1.02954
977.4249,-0.53632,10.15651,2.02077
977.4436,0.18436,9.80695,0.59378
977.4623,0.53871,8.62657,-0.52435
977.4856,0.35435,9.24908,1.05588
977.5182,0.73025,9.46936,0.20351
977.5352,0.05507,8.81811,-0.14366
977.5455,-0.29928,10.87240,0.54111
977.5634,0.16760,9.24669,-0.47167
977.5833,-0.35914,9.24190,0.58660
977.6057,-0.06225,9.34007,1.34079
977.6254,0.25619,9.70400,1.09658
977.6619,1.13728,10.16130,0.76856
977.6740,1.14446,9.90512,1.46530
977.6841,0.09098,8.49010,0.62969
977.7050,-0.45491,10.09905,0.36872
977.7257,0.00958,11.18126,0.77335
977.7438,-0.37830,9.60104,1.34558
977.7637,-0.71828,10.58270,1.25460
977.7896,0.07901,9.38795,1.09179
977.8076,-0.10774,9.24669,0.00718
977.8265,-0.26816,9.66090,0.35435
977.8458,-0.79729,9.22275,1.30727
977.8636,-0.03831,10.12299,0.16042
977.8837,0.63448,7.37437,-2.35597
977.9077,1.13249,8.03040,-2.65764
977.9251,-0.11732,9.46936,3.66563
977.9457,-0.64645,10.27862,3.36396
977.9657,-0.76377,10.60903,3.48846
977.9856,-1.00560,10.04877,2.40864
978.0035,-0.45012,9.55795,2.30090
978.0259,1.42220,10.91789,1.58980
978.0437,-0.84039,11.10225,3.13411
978.0670,-2.39906,11.90433,0.81645
978.0991,-0.33041,9.06712,2.21231
978.1050,-0.96489,9.83808,1.57783
978.1240,-1.41023,9.38316,-0.18915
978.1461,-0.24661,9.09824,1.66881
978.1655,0.04070,9.80216,0.01676
978.1835,0.13887,9.22035,-1.38150
978.2142,-0.26816,9.56273,0.18675
978.2420,0.13887,8.40390,0.46210
978.2454,0.20591,9.08867,0.66561
978.2654,-0.76377,8.99290,1.59698
978.2831,-0.54589,9.00966,0.96489
978.3058,-0.20591,10.65213,-0.21788
978.3292,-0.82363,10.20440,2.50202
978.3450,-0.22027,9.48133,0.73983
978.3707,0.52674,9.87638,-0.91222
978.3859,0.54829,8.20518,0.47885
978.4033,0.22746,9.00966,2.22907
978.4232,0.65124,9.53400,0.94574
978.4466,0.05986,9.99849,1.29770
978.4673,-0.35675,10.04877,0.48843
978.5024,-0.27295,9.83568,1.50839
978.5183,-0.22027,9.56034,2.94975
978.5236,0.18675,9.37598,1.42220
978.5430,0.10056,10.21398,0.77335
978.5656,0.00718,9.31612,0.19394
978.5836,-0.28971,10.21637,0.30647
978.6066,0.21309,10.19482,0.05267
978.6361,0.17239,10.19961,-0.43576
978.6525,-0.72547,10.55157,0.04789
978.6646,-0.83560,9.91230,2.38470
978.6854,-0.46210,10.55157,1.42459
978.7058,-0.38308,9.44541,0.49322
978.7245,-0.68716,9.93624,-0.36154
978.7471,-0.40224,9.54358,-1.10855
978.7673,0.00718,9.23711,1.67839
978.7850,-0.06465,9.15810,1.71191
978.8073,0.50280,9.29457,0.21548
978.8257,0.01676,10.08708,1.02954
978.8436,-0.65603,10.92029,2.21710
978.8657,-0.07422,10.26665,0.84039
978.8837,0.34717,9.65611,0.50759
978.9037,0.16520,10.28820,1.29051
978.9365,0.62491,8.52122,-0.14126
978.9433,0.34238,10.92986,0.43815
978.9648,-0.10774,9.36161,0.36154
978.9858,0.48125,9.17247,-1.02954
979.0034,0.26337,9.18444,0.13408
979.0235,-0.05028,9.23711,0.93856
979.0482,0.78772,8.15969,-0.02394
979.0650,-0.73983,10.07511,2.09499
979.0831,-2.42061,9.25148,4.03196
979.1074,-1.01757,7.15409,-0.94813
979.1251,-0.82602,9.19641,-1.47248
979.1452,-2.05908,8.95459,1.43417
979.1656,-0.51237,9.84765,1.54431
979.2018,0.26816,7.36239,2.88510
979.2188,-1.52515,9.39753,-1.87951
979.2255,-1.30009,10.61861,0.30407
979.2432,-1.21629,8.95219,3.05509
979.2629,-2.13809,10.49889,2.90186
979.2866,-2.26020,9.43823,1.99922
979.3049,-0.19154,9.43105,1.46769
979.3243,-0.81645,10.25229,-0.36872
979.3545,-0.67040,10.54439,1.57783
979.3664,-0.16042,10.38158,-0.04070
979.3829,-0.77814,9.90272,1.11813
979.4052,0.02155,9.88836,1.47008
979.4227,-0.07183,9.95539,0.45970
979.4427,-0.18436,10.71199,1.45093
979.4757,0.15323,10.28580,1.49882
979.4861,0.36632,10.23553,0.35435
979.5025,0.15802,11.00169,-0.79729
979.5248,0.77575,11.47336,-0.77575
979.5433,0.49083,9.44063,-0.33999
979.5624,-0.06225,10.56115,-0.27534
979.5843,0.27295,8.89713,-0.94334
979.6107,0.53632,10.55636,0.54350
979.6219,0.59857,11.07352,-0.60096
979.6486,0.62969,9.59146,0.81645
979.6622,0.06704,10.29059,-0.61533
979.6818,0.90504,9.28500,-0.64885
979.7040,-0.25619,10.43664,0.13408
979.7256,-0.01197,10.80776,-0.95292
979.7560,0.49561,9.20359,-1.93936
979.7764,-0.76377,11.35365,0.38548
979.7822,-0.14126,10.97057,-0.62491
979.8015,-0.45731,9.72554,-0.19633
979.8256,0.05986,9.60104,0.37590
979.8443,0.45970,9.14852,0.34478
979.8641,0.40703,9.42147,0.10774
979.8873,0.54350,10.19482,1.23784
979.9037,0.27534,8.55474,-0.41421
979.9236,0.07901,9.81892,-1.20193
979.9461,-0.11014,8.72713,-1.54910
979.9639,0.14366,9.38077,-0.27295
979.9832,-0.54589,9.64893,-1.09897
980.0057,-0.59857,9.67766,0.60575
980.0374,-0.07901,9.23711,-0.61533
980.0521,0.92898,9.51245,-0.03591
980.0671,0.18915,8.80375,-1.26657
980.0836,0.91940,10.34566,-0.13408
980.1049,0.50998,8.51883,-0.48843
980.1274,0.02155,10.34087,0.54111
980.1454,0.46449,10.56354,0.92180
980.1889,0.32323,10.07750,0.17718
980.1890,0.13169,10.10623,-0.50040
980.2039,-0.15802,10.09905,1.50600
980.2233,0.71110,9.70160,0.95053
980.2455,0.21788,9.77343,0.03113
980.2635,0.54111,11.19084,1.44854
980.2834,1.03433,7.79815,-0.73504
980.3060,0.90025,9.29936,2.03753
980.3314,0.12690,8.16687,-1.14446
980.3431,-0.66800,10.39594,0.25140
980.3655,-0.75420,10.24510,-1.43417
980.3834,-1.50360,10.31454,1.21150
980.4033,-1.14446,11.99532,1.41980
980.4257,0.19394,10.66649,1.80528
980.4435,0.15323,9.20359,1.19474
980.4634,0.69195,9.01444,1.42938
980.4855,0.12450,11.19802,-0.82363
980.5035,0.25619,9.26824,0.39745
980.5238,-0.39027,12.27545,-1.57304
980.5460,-1.02236,10.88916,2.54751
980.5635,-1.66642,10.72396,2.64089
980.5862,-1.55867,10.45580,2.81806
980.6146,0.47167,11.55956,0.53153
980.6296,-0.16520,8.38715,0.92180
980.6448,0.43336,13.40315,0.23464
980.6682,0.37351,9.54837,3.03355
980.6844,-1.84359,10.29299,0.16760
980.7048,-0.82363,9.14613,0.52913
980.7267,0.30886,8.84685,-0.36154
980.7490,-0.42858,10.35763,-0.28492
980.7641,0.54589,9.80695,0.47646
980.7868,0.00958,10.01286,-0.65364
980.8045,-0.69673,8.83487,0.73265
980.8241,-0.22027,9.92906,1.01278
980.8467,-0.15802,9.84765,0.15802
980.8666,0.17239,9.45499,-0.04070
980.9031,-0.31844,10.12778,0.34478
980.9113,-0.22506,10.07990,-0.11971
980.9286,-0.54589,9.44541,1.52515
980.9460,-0.51477,10.06793,-0.05028
980.9685,-0.52674,10.08947,0.75420
980.9861,-0.34238,9.19880,1.54191
981.0135,0.18196,9.73273,-0.67758
981.0325,-0.25379,9.13176,1.25221
981.0460,-0.09817,9.96018,1.99683
981.0646,0.03352,9.42387,-0.17957
981.0883,-0.25140,9.04557,0.24661
981.1063,-0.11732,9.08867,1.95373
981.1270,0.08619,10.04159,0.46210
981.1484,-0.03113,8.95219,1.17080
981.1838,0.61054,8.86361,0.45491
981.1851,0.67279,9.33528,-1.27136
981.2085,0.30168,10.48213,-0.03591
981.2267,0.79969,9.00966,0.22985
981.2465,0.37351,10.86282,-0.67279
981.2679,0.07901,10.36960,0.22506
981.2859,0.64645,9.62020,0.62012
981.3076,0.13169,9.59625,0.76138
981.3271,-0.10056,9.63935,0.62491
981.3443,0.23464,9.74230,0.82124
981.3644,-0.30647,9.97694,0.21309
981.3870,0.72068,9.99370,-1.03912
981.4051,0.35196,8.49249,-1.02714
981.4434,0.13169,10.70480,-0.25619
981.4580,0.96250,9.46696,-0.10535
981.4646,0.32323,10.71199,0.05267
981.4844,0.25379,10.77184,0.84039
981.5084,0.59378,10.78142,-1.32882
981.5260,0.05507,10.47495,-0.22746
981.5459,0.23464,11.20042,1.77416
981.5682,1.41980,8.82290,-0.79729
981.5863,0.05986,9.19641,1.05827
981.6061,0.42858,8.35362,-0.14126
981.6286,-0.31844,10.07511,0.13408
981.6465,-0.38069,9.85005,-0.05267
981.6662,0.12929,8.16208,-1.33361
981.6889,0.33280,9.76146,-0.77575
981.7313,1.24023,8.68882,0.43097
981.7440,0.69673,9.01684,-0.61293
981.7491,-0.07183,9.74230,0.52913
981.7660,0.22985,9.30415,0.16999
981.7861,-0.28971,8.77262,-0.15563
981.8097,0.55787,9.38556,0.66800
981.8300,0.30647,8.67925,0.35675
981.8660,-0.49083,10.58988,1.68318
981.8778,-0.02394,9.42147,1.44375
981.8864,-0.59139,9.24430,0.89306
981.9061,0.35435,9.57471,1.03193
981.9284,-0.17718,9.03599,1.25221
981.9460,-0.10056,9.72315,-1.28812
981.9661,0.67040,8.78938,0.56026
981.9888,0.71110,8.27461,-0.56026
982.0062,0.33280,8.48052,0.72307
982.0269,0.28492,10.17567,-0.46210
982.0490,-0.26098,10.89156,-0.60096
982.0686,0.31604,9.86202,-0.40224
982.0899,0.39266,10.26665,1.05348
982.1099,0.56026,8.93304,0.28252
982.1276,-0.14845,10.48692,0.60575
982.1591,0.55308,11.26985,-0.39984
982.1701,0.59139,10.97296,-1.31685
982.1861,0.68237,11.31295,0.03591
982.2059,0.46928,9.62020,-0.42139
982.2300,0.70392,11.27943,-0.43815
982.2491,1.24263,9.68245,0.02873
982.2691,0.81405,10.81973,-1.65923
982.2886,1.16841,10.32172,-1.94415
982.3075,0.32323,10.08947,-0.45731
982.3262,0.63688,9.88836,-0.72068
982.3483,0.16999,9.77582,0.51477
982.3660,0.03591,8.25307,0.94574
982.3860,0.17957,9.09824,-0.05028
982.4085,-0.14605,9.88836,0.07183
982.4326,-0.13647,10.78860,0.29689
982.4457,-0.24182,10.01765,1.04869
982.4683,0.32083,9.51964,0.93616
982.4859,0.35435,8.88755,0.31126
982.5079,-0.07901,9.86441,1.74782
982.5314,-0.29689,8.50686,0.21788
982.5480,-0.54829,9.67526,-0.57223
982.5797,-1.17319,9.22993,0.95053
982.5902,-0.56265,9.32331,-0.49083
982.6059,-0.14605,9.43823,0.40224
982.6262,-0.61772,8.14772,0.63209
982.6485,-0.24661,9.42626,-1.06785
982.6661,0.42858,9.45739,0.38308
982.6866,-0.36154,9.29697,-0.25858
982.7188,-0.58181,10.96338,0.55547
982.7273,-0.01915,9.75428,0.33999
982.7490,-0.62730,9.47654,-0.07183
982.7718,-0.55547,10.08708,0.11493
982.7910,0.38308,9.27303,-1.08700
982.8108,0.44055,10.21158,-0.94813
982.8329,0.73983,9.12219,0.47646
982.8630,0.90504,8.65291,-1.32403
982.8802,-0.29210,10.81494,1.00081
982.8897,-0.75180,9.64893,-0.08141
982.9070,-1.14925,10.00328,0.95532
982.9290,-1.23066,10.34327,1.81725
982.9517,-0.85954,10.66410,0.66800
982.9694,-0.50519,9.14374,0.46688
982.9896,-0.33759,10.21637,-0.07422
983.0118,0.36632,9.88117,0.38548
983.0294,0.79729,10.16609,0.40703
983.0512,0.21070,9.63696,-0.38787
983.0732,0.09098,11.14535,0.86433
983.0931,0.62730,8.67206,-0.02155
983.1267,-0.14845,9.00966,-1.77655
983.1458,-0.73504,10.42707,0.10056
983.1514,-0.38787,9.40232,-0.00479
983.1689,-0.77335,9.79258,0.96010
983.1912,-0.28731,9.02881,0.73265
983.2090,-0.20830,10.11102,0.44055
983.2309,-0.51237,9.99849,2.91144
983.2700,-0.30168,9.24908,0.52435
983.2702,0.45731,9.28739,0.31604
983.2891,-0.48604,10.36482,1.23784
983.3140,-0.24900,8.85403,0.57463
983.3337,0.12690,10.00328,0.64645
983.3538,-0.80687,8.93783,-0.64406
983.3748,-0.59617,9.72794,-0.23943
983.4075,0.16760,10.41270,0.18915
983.4213,0.21548,8.69601,-1.50360
983.4348,-0.19633,10.77184,0.91940
983.4528,0.02394,9.51724,-0.59857
983.4728,0.42618,9.54358,-1.23784
983.4969,0.65843,10.44383,-0.43576
983.5149,-0.38308,8.47334,2.35597
983.5507,-0.44534,11.06155,-1.29770
983.5648,-0.03113,10.42946,0.33999
983.5709,-0.67997,9.34485,0.34717
983.5930,-0.34956,9.62977,1.35755
983.6132,0.67519,10.21398,-0.37111
983.6310,0.11971,9.68484,-0.05507
983.6511,0.48364,10.06074,-2.28414
983.6735,0.59139,9.12458,-0.10535
983.7050,-0.01915,11.42069,-0.40224
983.7109,0.96010,9.12698,-1.52036
983.7335,0.65364,8.60023,-0.30886
983.7507,-0.75899,9.97694,-0.89785
983.7711,-0.03831,9.78061,-0.00479
983.7944,-0.09817,9.48612,-0.16999
983.8143,0.66082,9.05515,-1.30727
983.8442,0.45491,9.42626,-0.28492
983.8536,-0.01915,9.58907,0.41660
983.8713,0.31126,9.41668,0.44773
983.8913,-0.32323,9.94821,0.80926
983.9135,-1.13489,10.95141,-0.16520
983.9325,-0.54350,9.87878,0.89067
983.9539,-0.10774,9.59625,-0.28971
983.9812,-0.84278,11.09028,2.13330
983.9952,0.32083,9.25148,-0.39745
984.0104,-0.05028,9.57949,-1.02475
984.0332,0.47885,9.79019,0.94574
984.0510,0.41421,8.86121,-0.26816
984.0712,0.27055,8.59305,-1.22587
984.1078,0.71828,8.95219,-2.24583
984.1230,0.08380,9.38556,-0.95532
984.1308,-0.54111,10.19482,1.78852
984.1529,-0.13408,9.43584,0.92419
984.1712,-0.06225,10.35763,0.39027
984.1913,0.20830,9.11022,-0.57463
984.2136,0.19872,9.66569,-0.55308
984.2333,0.07901,9.65372,1.39586
984.2571,-0.28252,9.37119,0.89546
984.2732,-0.47885,10.48692,1.65205
984.2913,0.34238,9.86920,0.11732
984.3125,-0.13647,10.36003,0.22746
984.3345,-0.62012,9.62738,1.26178
984.3536,-0.18436,9.95300,-0.56265
984.3734,0.29689,9.53400,1.17080
984.4089,-0.10056,9.79019,0.58420
984.4135,0.24661,8.96656,-0.15084
984.4332,0.08380,9.02402,-0.39745
984.4551,0.04549,9.72315,0.79011
984.4730,-0.20830,9.54119,0.36632
984.4963,0.24900,8.79417,-0.96489
984.5336,-0.23464,8.48052,0.92898
984.5336,-0.61293,9.85484,-0.17478
984.5523,-0.31604,10.03441,0.43815
984.5747,0.34956,9.76864,-0.68476
984.5925,0.31365,9.53400,-0.72307
984.6125,-0.03352,8.41348,0.99123
984.6351,-0.25379,10.13018,-0.18436
984.6548,-0.16042,9.55555,3.43818
984.6833,-0.06465,9.83329,1.79810
984.6946,-0.36632,10.08947,0.87630
984.7128,0.24900,9.68963,-0.26098
984.7326,0.26816,10.77903,-0.19633
984.7565,0.08380,10.55636,1.34079
984.7743,0.05986,9.56034,0.26098
984.7970,0.43336,10.38876,0.62012
984.8276,0.44773,9.18923,0.41421
984.8337,-0.23703,8.82769,0.59857
984.8535,0.14126,9.26584,1.28094
984.8757,0.18436,8.67925,-0.46928
984.8935,-0.37590,10.74311,0.27534
984.9135,-0.18915,9.29697,-0.79490
984.9375,-0.07901,10.12778,0.63448
984.9551,-0.07662,10.13018,0.39745
984.9769,-0.25140,9.53879,-1.14446
984.9959,-0.10774,10.53241,-0.27534
985.0135,-0.44055,10.24031,0.55068
985.0335,0.17718,9.90272,1.05827
985.0560,0.75899,9.60583,-0.96729
985.0748,0.78293,9.20120,-0.37351
985.1062,0.38069,10.35763,1.18517
985.1214,-0.10774,9.69442,0.64406
985.1332,-0.20830,10.51087,0.74462
985.1534,-0.01437,9.19402,0.07422
985.1758,0.41660,10.00807,0.87152
985.1938,-0.69673,9.56992,2.34400
985.2277,0.09577,10.14454,0.98884
985.2443,0.51477,9.38556,1.62571
985.2537,-0.55547,9.59146,0.31844
985.2746,-0.62730,10.72635,-0.16520
985.2974,0.13408,9.55795,-0.13169
985.3169,-0.34238,10.26426,0.58660
985.3348,0.63448,9.10782,0.52674
985.3578,0.43815,8.65291,0.95532
985.3768,-0.15323,11.53322,2.62652
985.3944,0.44773,10.09426,-1.41023
985.4169,1.15883,9.02402,-0.60096
985.4342,-0.22746,9.99131,-2.36554
985.4544,-0.82602,10.03201,-0.46449
985.4766,-1.08700,10.00567,-2.08302
985.5141,-0.67997,9.42626,1.91542
985.5283,-0.51237,10.33848,0.48604
985.5375,-0.82363,9.96976,0.06225
985.5542,0.24422,9.92427,-0.14126
985.5746,0.77335,8.83487,-1.11813
985.5969,0.24661,11.00409,-1.12531
985.6144,0.52195,9.51006,0.46449
985.6348,0.06704,9.95539,-0.24900
985.6678,0.54111,9.73512,0.55547
985.6742,0.28252,9.39513,-1.63768
985.6964,0.40942,9.84047,-0.21788
985.7189,0.39745,9.92188,-1.24023
985.7377,0.37830,8.70079,1.74303
985.7575,0.03113,8.73910,-1.22587
985.7824,-0.28252,9.44541,0.77096
985.8000,0.73504,9.62020,-0.65124
985.8182,0.09817,10.48692,1.67839
985.8406,0.22267,8.90191,-0.71589
985.8582,-0.80208,11.28422,0.89067
985.8786,-0.46210,10.77903,1.67599
985.9020,-0.38548,10.70241,0.98884
985.9197,0.14605,11.15493,0.06225
985.9390,-0.16760,9.64893,0.26337
985.9606,-0.33280,10.19482,0.83560
985.9802,-0.21548,11.72716,2.20513
985.9998,0.81405,6.28018,-0.74941
986.0206,-0.01437,11.65533,-1.63529
986.0388,0.42858,9.36640,-0.35914
986.0582,-0.65603,9.39992,-0.42618
986.0837,-0.92898,9.85962,-1.34558
986.0988,-0.60575,9.52203,2.64807
986.1180,-0.99602,10.53720,1.02236
986.1404,0.50998,10.09666,-1.96331
986.1582,0.27055,10.57312,-1.58022
986.1796,-0.39027,8.14053,-1.80528
986.2019,-0.44773,10.70480,-0.50040
986.2297,-0.46688,10.93944,5.09262
986.2501,-0.41660,10.07032,1.67839
986.2600,0.40942,10.39115,0.90264
986.2783,0.34238,10.37439,-1.95133
986.2982,0.45491,10.47256,-0.48364
986.3210,0.12929,10.13975,0.35675
986.3389,1.01757,7.03677,-0.02155
986.3610,0.91222,9.91709,-1.34558
986.3804,0.73744,9.06472,-2.21231
986.3979,-0.00718,9.07191,1.10615
986.4180,-0.48125,9.01444,0.08619
986.4405,-0.48125,10.04877,0.94574
986.4580,0.39027,9.37359,-0.06465
986.4797,-0.12929,9.57231,0.30647
986.5134,-0.52435,9.03839,-0.41182
986.5182,0.40703,10.86522,-0.11253
986.5382,-0.41182,9.90751,0.93856
986.5618,-0.12211,9.92188,2.20273
986.5797,1.38868,8.67446,-0.30168
986.5996,-1.02954,9.23232,1.35755
986.6232,0.35914,9.73991,-1.28094
986.6418,0.38308,9.83329,1.55149
986.6583,-0.39984,8.91628,0.66082
986.6809,-0.40463,9.82371,1.35037
986.7003,0.67040,9.33767,-2.49244
986.7203,-0.29928,10.00807,-1.29291
986.7427,0.10295,9.12219,-0.87630
986.7587,0.08859,10.42228,1.86514
986.7896,0.21788,10.37439,0.38308
986.8024,-0.21788,10.18285,1.13489
986.8180,0.31844,10.79339,-0.32323
986.8392,0.11014,9.88117,-0.59139
986.8616,-0.51477,10.50847,0.49801
986.8794,0.03113,10.04398,1.33840
986.9158,-0.21788,9.81892,0.39984
986.9332,-0.00479,10.41749,-0.85476
986.9388,0.06704,10.15891,0.73983
986.9568,-0.22506,8.97374,1.39586
986.9798,-0.48364,10.29778,2.02316
987.0009,-0.07422,10.07511,1.67839
987.0209,-0.55787,11.06155,0.49561
987.0621,-0.09817,10.45580,1.07742
987.0763,0.49561,9.26345,1.47248
987.0786,-0.28252,10.42467,0.52435
987.1010,-0.30407,10.53002,1.24742
987.1187,-0.37830,9.59386,2.79651
987.1388,-0.05507,10.64734,1.13249
987.1612,0.19633,10.06553,-0.81884
987.1774,0.29450,9.59386,-1.25221
987.2015,-0.51956,9.59146,2.02556
987.2212,0.40224,10.03680,1.93218
987.2385,0.48125,9.02881,0.11732
987.2586,-0.41421,9.34964,0.81405
987.2814,-0.16042,10.92747,1.98964
987.2990,-0.03831,9.24190,1.17080
987.3190,0.41182,9.47893,-0.97447
987.3422,-0.30168,10.62340,0.48843
987.3578,-0.63209,9.98652,0.64406
987.3777,-0.64885,10.45340,1.58501
987.3989,0.25619,10.37679,-0.18675
987.4176,0.07183,9.83329,-1.91781
987.4368,0.57223,9.40950,-0.43336
987.4581,-0.22027,10.07750,1.21869
987.4818,0.04549,10.23792,1.27854
987.4969,1.06785,8.60502,-0.45731
987.5184,-0.08141,9.57231,1.20671
987.5382,0.36393,8.80854,-0.03113
987.5580,0.35435,9.26345,0.34717
987.5793,0.28492,9.77582,0.51477
987.5982,0.12211,9.48612,1.66642
987.6179,0.28013,10.26904,0.69434
987.6423,0.67040,8.49489,-0.12211
987.6584,0.06943,9.75188,-1.45093
987.6797,-0.83800,11.66491,2.47329
987.7019,0.14126,9.76625,3.50761
987.7195,1.33361,9.14134,0.83560
987.7405,0.80208,9.45020,-1.81007
987.7700,-0.26098,9.90512,-0.82363
987.7806,-0.70392,10.64973,0.85715
987.8008,-0.39984,9.27781,3.10777
987.8254,-1.07982,9.55795,1.64966
987.8430,0.03113,9.47654,0.18436
987.8632,-0.23224,9.73512,-0.54350
987.9019,0.09338,10.14454,-1.57064
987.9019,0.77096,8.81333,-0.63209
987.9205,0.09577,8.95698,0.06943
987.9437,-0.56505,9.45020,0.23943
987.9601,0.44534,9.22754,1.16122
987.9805,0.05267,10.45819,0.15802
988.0034,-0.20830,10.24989,-0.59139
988.0294,0.43815,8.85163,1.19953
988.0409,0.09577,9.56513,1.48924
988.0634,0.60815,10.76945,0.41660
988.0811,0.67279,9.09824,1.16841
988.1010,0.18675,9.75667,1.24023
988.1237,0.31604,9.96737,0.68955
988.1414,-0.17957,9.79258,0.93856
988.1620,-0.18436,10.64495,0.69434
988.1963,-0.81884,10.30735,3.24903
988.2010,-0.73025,10.47735,2.50441
988.2206,0.73983,10.11342,-0.09817
988.2430,0.68716,9.77343,-0.69195
988.2604,0.14605,10.02483,1.32403
988.2822,0.11014,10.15172,1.77176
988.3050,0.98884,9.37837,0.39266
988.3259,0.33280,9.24430,-2.12612
988.3419,-0.29450,10.07511,-1.01757
988.3611,-0.53153,9.53161,0.93616
988.3793,0.00479,9.47893,0.91940
988.3997,0.67758,10.24989,-0.06704
988.4241,-0.31126,10.73114,-0.08141
988.4404,0.39266,10.30256,-0.03831
988.4629,0.31604,10.00567,1.52755
988.4800,0.28492,9.80216,1.29051
988.4988,0.06943,10.04638,1.62571
988.5190,-0.84757,10.40552,2.40625
988.5405,0.22985,9.75906,1.65205
988.5591,0.56984,8.96656,0.73983
988.5958,-0.14845,9.48372,-0.80208
988.6078,-1.56586,9.56752,3.18439
988.6218,-0.61054,9.09585,2.34878
988.6425,0.22746,9.13895,0.18915
988.6638,0.59617,10.29059,-0.20830
988.6814,-0.31365,9.82371,2.48047
988.7015,-0.32083,10.04159,1.61614
988.7235,0.87630,10.40073,-0.11253
988.7414,0.36632,9.16768,-0.75899
988.7620,-1.06785,9.85005,1.04151
988.7849,0.02873,10.21877,2.42779
988.8022,0.51716,9.07670,0.84039
988.8224,1.04151,9.21796,-1.54670
988.8463,-0.23224,9.59146,0.21070
988.8633,0.16999,10.14215,2.07344
988.8899,1.01038,7.85562,-0.08141
988.9068,1.42699,9.80216,-3.33283
988.9210,1.10137,8.39193,-1.99204
988.9426,-0.01197,9.72554,1.59219
988.9653,0.29928,10.09426,1.94176
988.9844,1.40544,8.79896,1.39107
989.0078,0.31604,11.18845,-1.61135
989.0258,0.17239,10.10863,1.10615
989.0423,-0.60096,10.21158,0.76377
989.0623,-0.52435,11.16929,3.14129
989.0848,0.29210,10.06314,1.11573
989.1040,-0.48604,9.96737,2.49244
989.1242,-0.43097,11.31534,0.78532
989.1672,1.71670,8.49249,-0.52435
989.1674,0.65843,9.43584,-1.19235
989.1821,-0.65124,10.93226,2.02795
989.2049,-0.39506,9.89793,1.84599
989.2219,-0.20830,10.71199,1.20911
989.2424,0.90982,8.71037,-2.03034
989.2646,0.17718,7.64492,-1.61853
989.2825,-0.22985,10.86761,0.68955
989.3040,-0.43576,9.32809,3.53156
989.3251,-0.36872,9.80934,0.30647
989.3424,0.66561,10.13975,0.05507
989.3613,1.15165,8.51644,-0.02634
989.3845,0.55787,10.10145,1.53234
989.4024,0.31844,8.66488,3.55310
989.4224,0.62730,9.93863,1.32643
989.4571,-0.29689,10.40073,-0.81884
989.4610,0.10774,8.39193,1.77176
989.4830,0.29210,9.44781,2.57385
989.5040,0.10535,9.50527,0.18675
989.5231,0.52195,9.70160,-0.29210
989.5431,-0.01197,10.48692,0.11253
989.5830,0.01197,9.54597,0.84518
989.5831,0.21788,9.07670,1.30249
989.6026,0.78053,8.85163,1.21869
989.6257,0.57223,11.50928,0.42618
989.6432,0.18196,9.92188,0.36393
989.6631,0.10056,9.66808,-0.89306
989.6857,0.00479,10.22355,-1.44614
989.7034,-0.13887,9.08627,-0.43336
989.7364,-0.40703,9.56752,1.46769
989.7460,0.00000,9.79977,2.04950
989.7636,0.50280,9.72794,0.38308
989.7837,0.72307,9.87878,-2.28174
989.8060,0.67279,9.67526,-0.22267
989.8243,-0.05267,9.49091,2.40146
989.8455,0.35196,9.42387,2.35357
989.8787,0.03113,9.64893,0.61772
989.8836,-0.23464,10.61621,-0.56744
989.9034,-0.54589,10.59706,0.65364
989.9258,-0.27055,10.46298,0.96010
989.9450,-0.22267,10.16130,1.36713
989.9649,0.05028,9.86202,-0.00718
989.9899,0.16520,10.00328,0.76617
990.0070,0.35435,7.81731,-0.33041
990.0239,-0.10295,9.52443,0.74941
990.0490,-0.30886,9.82610,-1.24502
990.0643,-0.17478,9.69442,-0.76138
990.0840,-0.26816,9.39992,-0.41660
990.1066,-0.11014,9.64414,-0.49083
990.1241,0.85476,9.60822,-0.04789
990.1472,1.38389,9.90272,0.55547
990.1664,0.78532,10.68804,0.22267
990.1841,0.42139,9.83568,2.46610
990.2045,0.05507,9.73033,1.59698
990.2267,1.55867,10.08708,-0.28971
990.2444,0.15323,9.72076,-0.06225
990.2652,-0.81884,10.58509,1.20671
990.2960,-0.10295,9.98173,2.98087
990.3043,-0.21548,9.28260,1.89866
990.3241,0.88109,9.44541,-1.82204
990.3464,0.50759,9.41668,-0.87870
990.3631,-1.16601,10.44862,1.49403
990.3831,0.05746,9.19162,1.10137
990.4072,0.37830,8.77262,-0.76138
990.4230,0.11014,10.31693,-0.64167
990.4434,-0.15084,10.24510,1.15165
990.4639,-0.24900,9.53161,1.73106
990.4825,0.14126,10.19722,1.44135
990.5026,0.67519,10.22116,-0.88828
990.5238,0.32323,9.52203,-0.42618
990.5426,-1.00081,11.36083,1.42938
990.5811,-0.17239,9.10064,1.99204
990.5853,0.15323,8.96656,1.08461
990.6027,0.11253,10.85804,-0.73983
990.6221,-0.12450,9.18683,-0.15563
990.6471,-1.09179,9.55076,1.65684
990.6636,-0.38548,10.39834,1.44854
990.6846,-0.29450,9.63935,0.33759
990.7217,-1.33361,10.15651,1.30967
990.7282,-0.24182,9.07670,-1.06306
990.7455,-0.29450,10.36242,1.19235
990.7675,-0.08619,9.38077,0.14126
990.7834,0.46928,10.40073,1.24981
990.8036,-0.18675,9.46936,1.08461
990.8311,0.11493,10.42707,0.24422
990.8484,0.04310,11.31295,-0.12450
990.8635,0.40942,8.44700,0.79490
990.8860,0.39266,9.43344,1.50839
990.9040,-0.17957,9.01684,2.06865
990.9257,0.66800,9.11022,-0.54589
990.9512,0.65364,9.26584,1.03912
990.9656,-0.50280,10.13975,1.62332
991.0000,0.41421,8.53080,2.61694
991.0062,0.72786,9.23711,1.57783
991.0242,0.91461,8.75347,-2.10936
991.0439,-0.19633,10.64973,0.67519
991.0662,-0.14366,10.05595,-0.31126
991.0837,-0.19154,9.74709,1.68796
991.1038,0.51956,9.63935,1.83641
991.1329,0.07901,9.15571,0.15563
991.1440,0.08619,11.56435,0.16281
991.1639,0.39027,9.34007,0.88349
991.1884,-0.27055,9.39513,0.42858
991.2059,0.64406,10.25707,0.68237
991.2244,0.40942,9.35922,1.25699
991.2477,-0.10774,10.41031,1.04869
991.2659,0.69434,10.77903,-0.16999
991.2836,0.44773,9.02402,0.81645
991.3062,0.31126,8.10941,-0.35435
991.3257,0.22506,9.41908,-0.32323
991.3478,0.26098,9.47175,0.24422
991.3699,-0.12450,8.92825,0.14126
991.4044,-0.22746,10.73832,0.07901
991.4194,-0.32562,8.71037,-0.02873
991.4261,-0.75659,9.97934,0.91222
991.4439,0.00000,9.35204,0.79250
991.4651,-0.04549,9.20599,0.51956
991.4872,-0.12450,9.71357,-0.18675
991.5054,1.56586,8.42066,-2.60976
991.5253,1.25939,9.04796,-1.96331
991.5569,0.75899,8.51404,-2.02316
991.5638,0.69673,8.29616,1.30727
991.5838,0.56744,8.71516,1.73106
991.6063,0.75420,8.53798,-0.01676
991.6254,-0.55787,10.26665,0.81645
991.6456,-1.43896,9.93863,-0.09817
991.6700,-0.53153,11.32492,-0.43576
991.6873,0.43815,10.35045,2.45653
991.7036,0.57463,10.57072,-2.12372
991.7266,-0.58660,10.46059,-0.20351
991.7437,-0.16999,11.04000,1.08940
991.7639,0.97686,9.46936,1.79331
991.7862,1.13249,9.00966,-1.41741
991.8038,0.61293,9.50288,1.51318
991.8336,-0.82842,11.32731,0.44294
991.8477,-0.01676,9.10064,0.32083
991.8637,-0.13408,10.05117,-0.72307
991.8835,0.16042,10.95860,1.48684
991.9078,-0.65124,9.52921,-0.87391
991.9240,0.53153,10.21877,1.72627
991.9437,1.16841,7.98012,-0.99123
991.9738,0.22985,10.22595,0.51237
991.9845,0.02155,10.16370,-0.77575
992.0048,-0.92898,10.76227,0.56026
992.0271,-0.82602,10.84367,-0.54829
992.0449,1.02714,7.59225,-1.09418
992.0649,0.57223,10.47016,-0.43576
992.0875,1.00799,7.94420,-0.14845
992.1156,1.23305,8.80614,0.04549
992.1251,-0.16760,9.73991,1.94655
992.1486,-0.57702,10.94662,1.02236
992.1666,-0.09338,10.37679,-0.23224
992.1849,0.12211,9.38556,-0.80208
992.2072,-0.36632,9.41908,1.14925
992.2338,0.48843,9.50048,1.21629
992.2542,0.98165,9.80455,-0.05986
992.2670,0.16999,10.75748,0.96250
992.2848,1.36713,9.04318,-1.37192
992.3057,0.78772,9.61301,1.46290
992.3285,0.72786,9.35922,-0.99602
992.3463,-0.39506,10.17088,1.46290
992.3651,-0.77335,10.40552,1.45332
992.3892,0.00958,8.87079,1.58740
992.4043,-0.28492,9.92906,-0.55068
992.4243,0.39984,10.57312,-0.13169
992.4468,0.74462,9.77104,0.22746
992.4645,0.47885,9.19162,0.60815
992.4842,-0.02155,9.31373,-0.86673
992.5073,-0.44773,10.71438,1.87951
992.5251,-1.10137,9.43584,1.59698
992.5457,-0.20830,9.82131,0.67279
992.5676,-0.11971,10.76945,1.58980
992.5849,-0.11014,9.71836,-0.54111
992.6061,-0.01676,10.73593,0.47646
992.6282,0.59617,10.50129,0.00958
992.6461,0.37590,8.60502,0.31604
992.6805,0.67040,9.79498,0.86912
992.6870,0.57941,8.68403,1.19714
992.7045,-0.44055,9.40471,1.26418
992.7251,0.72547,8.93064,-0.50759
992.7476,-0.27774,9.78061,1.25699
992.7650,-0.55547,9.37837,1.32403
992.7885,0.34717,9.24430,0.91461
992.8083,-0.14126,10.85564,1.13489
992.8246,0.02394,10.25468,2.22907
992.8444,0.14845,9.79977,1.20911
992.8674,0.62012,10.75987,1.58980
992.8846,0.43815,8.84685,-0.91222
992.9041,-0.16281,11.09028,0.54350
992.9267,0.16520,10.11102,0.53392
992.9478,0.50998,8.88994,0.07662
992.9649,1.19474,9.09824,-0.46210
992.9869,0.61772,9.43105,-0.42858
993.0043,-0.14845,10.64255,-1.81247
993.0261,-0.19872,10.10145,0.51956
993.0472,-1.25699,8.83009,0.44773
993.0729,-0.15084,10.13257,-1.79571
993.0875,-0.33999,8.94740,-0.65843
993.1081,-1.38868,11.48534,2.20992
993.1241,-0.06943,10.37918,0.24422
993.1442,0.69673,10.17327,-0.79250
993.1672,-0.08141,10.93465,0.29928
993.1843,-0.65124,9.63456,1.44614
993.2252,-0.04789,10.34566,3.10059
993.2382,0.71349,8.85403,3.42142
993.2446,0.06465,12.07433,-1.47008
993.2645,-0.91461,12.05278,-0.17478
993.2866,-0.57941,10.03441,2.71511
993.3046,-1.45811,10.49171,3.13650
993.3259,-0.34717,8.92107,0.13169
993.3490,1.56346,9.42147,-0.76856
993.3665,0.06465,10.71677,-0.05267
993.3844,0.51716,9.71597,-2.19794
993.4068,0.71110,9.23951,0.41182
993.4248,-1.24023,10.03201,1.00560
993.4449,-1.41980,9.49091,0.15802
993.4686,-0.68237,10.84128,1.11573
993.4859,0.46449,8.89234,-0.72786
993.5179,0.00239,10.00328,-0.11732
993.5262,-0.22985,11.63139,-0.93377
993.5446,0.69195,9.19880,1.88908
993.5643,0.18915,9.27303,0.74462
993.5883,-0.43576,9.21078,0.36632
993.6059,-0.20112,10.61143,0.18436
993.6259,-0.07662,8.75826,0.14126
993.6624,0.10056,10.06074,0.16760
993.6671,0.24182,8.87558,0.99602
993.6844,0.14366,9.19402,-1.76458
993.7064,-0.42379,10.72875,0.65364
993.7257,0.44294,9.25387,-0.77096
993.7456,0.19872,9.76864,-0.31126
993.7681,0.44773,8.98571,1.26178
993.7975,0.32562,9.39513,-1.47487
993.8051,-0.22267,11.06155,0.77575
993.8294,0.06704,9.31852,0.10774
993.8454,-0.11014,8.96177,1.65444
993.8690,0.47646,8.91389,1.40544
993.8895,0.66800,10.38397,-1.56346
993.9278,0.37351,8.71037,2.74863
993.9279,-0.13647,9.16289,1.51318
993.9501,0.01676,10.65452,1.80049
993.9651,0.01197,10.30017,1.25460
993.9853,0.22746,10.30496,-0.43097
994.0077,-0.14605,9.47893,1.74782
994.0267,0.33999,9.99849,-0.66800
994.0484,0.81884,9.58189,-0.55308
994.0745,0.33759,9.95300,-1.52994
994.0870,1.02236,8.94262,-1.31685
994.1053,-0.23224,9.59386,1.12291
994.1276,-0.79250,10.37200,0.48843
994.1461,0.43097,9.24430,0.68476
994.1666,-0.36393,9.81413,1.86753
994.1891,-0.26337,10.41510,0.40942
994.2084,0.42858,10.12778,1.58980
994.2263,0.42139,9.28260,0.65364
994.2483,0.39506,10.02483,1.14446
994.2657,0.06943,9.93624,2.00161
994.2860,-0.32323,9.56752,1.82683
994.3107,0.26816,9.08627,2.56427
994.3265,0.25619,8.93543,-0.10535
994.3557,-0.46210,9.59386,1.87472
994.3693,0.06465,9.06951,0.92898
994.3865,-0.58420,9.68484,0.31365
994.4063,-0.57463,10.61143,0.76856
994.4306,0.09338,10.03680,-0.49561
994.4490,-0.68237,9.58668,-0.85715
994.4699,-0.72786,10.75508,0.40463
994.5016,-0.72068,9.65132,1.70472
994.5062,0.11253,9.85484,-0.65843
994.5257,0.08380,10.44862,-1.46051
994.5483,0.57941,10.13975,0.11971
994.5658,-0.27534,9.80216,0.73504
994.5860,-0.13647,9.61541,1.69515
994.6098,-0.39266,9.80216,1.56107
994.6278,-0.06465,9.68963,1.66163
994.6460,-0.08619,10.12060,2.94735
994.6685,0.24182,9.32331,1.80049
994.6860,-0.55068,9.92906,3.07425
994.7062,-1.32643,10.53720,0.57463
994.7286,-0.79011,9.90512,0.20112
994.7476,-0.47167,9.70160,0.86433
994.7757,-0.11014,9.25627,-0.02155
994.7883,-1.00081,9.92188,1.27854
994.8058,-0.17957,11.01845,-1.09179
994.8263,0.15323,9.98413,-1.91303
994.8486,-0.63448,10.06793,-0.94095
994.8663,0.61533,10.07271,-0.04070
994.8900,0.37830,9.66329,1.40783
994.9111,-0.17718,8.43264,0.04310
994.9273,0.81405,9.26105,-0.63209
994.9464,-0.58181,10.19003,1.21390
994.9683,0.24182,9.36640,-0.89785
994.9859,0.36632,8.88515,2.27217
995.0098,-0.51716,9.27542,1.52515
995.0494,0.21788,10.03680,0.99362
995.0496,-0.63688,10.36960,3.51958
995.0660,0.03113,8.04955,0.14845
995.0885,0.34717,10.32172,0.07662
995.1060,-0.19154,11.28901,0.51237
995.1262,-0.42379,10.32890,0.39745
995.1500,-0.11732,10.41510,-0.02634
995.1679,0.28252,9.90512,0.45970
995.1942,-0.33041,9.57949,0.26098
995.2085,0.27055,8.14772,-1.89627
995.2258,-0.33520,10.48453,-1.61374
995.2460,-0.36393,8.54996,0.38308
995.2690,-0.32323,8.92107,-1.37192
995.2863,0.15323,9.15571,-0.55068
995.3062,-0.29689,10.52763,1.02714
995.3325,-1.18517,10.67607,-0.99841
995.3472,0.82842,8.21715,0.50040
995.3668,-0.38548,11.25549,2.52357
995.3907,-0.58899,10.24031,2.48047
995.4084,1.94176,9.10782,0.04070
995.4292,0.94813,9.18204,-0.02394
995.4505,-0.05267,10.95141,0.79969
995.4698,-0.36632,8.47813,2.71990
995.4873,-1.47966,10.02722,3.26340
995.5093,0.33759,9.50767,4.04872
995.5281,-0.28971,12.54600,0.01437
995.5484,0.37590,10.96817,-0.59857
995.5707,0.21309,9.58189,2.53314
995.5897,0.45012,9.45499,0.83081
995.6093,1.66881,9.24190,1.89387
995.6293,1.82444,8.43982,0.20591
995.6470,-0.06225,10.00567,-0.05986
995.6669,-0.34478,10.44622,1.19235
995.6891,-0.00239,9.02881,0.97926
995.7081,-0.58181,10.78860,2.30329
995.7451,0.41900,9.11740,-0.23464
995.7629,1.08221,9.87399,-2.68398
995.7712,0.89785,9.48612,0.80448
995.7886,0.23464,9.73033,2.32963
995.8090,0.06225,10.66171,1.39586
995.8281,0.18915,9.58907,1.27375
995.8481,0.53871,9.75906,-1.16122
995.8780,-1.13249,11.43506,0.93856
995.8872,0.49083,9.35443,0.94095
995.9066,0.22985,9.70400,-0.24422
995.9283,0.18436,10.45819,-1.49403
995.9464,1.01038,8.75826,0.36872
995.9673,0.46210,8.96177,0.87391
995.9897,0.57702,8.61699,0.36872
996.0168,0.88109,8.36081,0.22746
996.0277,0.16520,9.91230,2.63370
996.0495,1.08221,9.30415,-0.50519
996.0673,0.11732,10.85085,2.08781
996.0874,0.12450,10.22116,1.92739
996.1097,0.27774,8.98332,2.02077
996.1291,-0.25619,10.33608,1.64487
996.1507,-0.30886,9.34246,2.26498
996.1743,-0.09098,9.23711,0.39745
996.1909,-0.62969,9.61301,0.34238
996.2076,-0.50040,9.63456,-0.32323
996.2299,-0.27295,9.30655,-0.54829
996.2476,0.40942,9.45978,-0.17718
996.2677,0.54589,9.19880,1.30727
996.2913,-0.17239,10.68086,2.00161
996.3192,1.39107,10.89874,1.12531
996.3367,0.86433,10.09905,0.57941
996.3516,0.37590,9.87878,1.06545
996.3675,0.42858,11.23633,1.62092
996.3891,0.48604,10.72396,0.81405
996.4116,0.45491,9.47175,3.20115
996.4291,0.00958,11.56674,0.65843
996.4481,1.13967,9.55795,-2.55948
996.4699,-0.17957,8.26982,-0.36632
996.4877,-1.52036,10.94662,1.75979
996.5076,-0.58420,9.28021,1.52036
996.5298,-0.03831,8.77262,1.54670
996.5475,-0.32802,10.58988,-2.05429
996.5679,-0.43336,9.75667,-0.07662
996.5895,-0.19394,10.63776,-0.81405
996.6075,0.70392,8.75586,1.40065
996.6279,0.62491,11.68646,0.40463
996.6498,0.55308,10.64495,0.50759
996.6677,0.88588,9.83089,0.32323
996.6894,0.05028,9.83808,2.06865
996.7123,0.81884,10.30735,1.22108
996.7410,0.14366,9.92427,3.25861
996.7501,-0.00718,10.06793,2.30329
996.7698,0.76138,9.43823,1.00320
996.7875,0.59139,9.26584,0.62251
996.8091,0.13408,8.99529,0.91940
996.8312,-0.50040,10.47495,1.43896
996.8510,0.10056,8.68882,1.27854
996.8696,0.49322,8.59066,-0.23224
996.8903,0.26576,10.38397,-0.06704
996.9075,0.63927,10.05595,-0.51956
996.9286,0.84039,9.62498,-0.90982
996.9514,0.17957,10.16370,0.23943
996.9691,0.53153,9.39274,0.34956
997.0054,0.79729,9.63456,-0.25858
997.0210,0.81405,10.93465,0.45012
997.0280,1.73824,8.29137,-1.73106
997.0475,1.22108,9.49330,-1.98725
997.0696,0.09577,8.91628,0.20591
997.0874,-0.82842,10.09666,2.35357
997.1074,-1.04869,9.20838,1.45572
997.1309,0.52435,7.98970,0.96968
997.1542,0.76617,10.77903,-0.19154
997.1672,0.92180,9.48612,0.04070
997.1895,1.69036,10.40073,-2.27217
997.2090,0.72307,9.00247,1.58980
997.2311,0.02634,11.76307,2.24104
997.2537,1.85317,7.71435,2.13569
997.2857,0.49322,9.91469,-0.96968
997.3011,-0.58660,11.29619,3.00003
997.3135,0.90264,8.40869,2.06386
997.3271,0.07662,9.49330,0.25140
997.3757,0.16760,10.87480,-0.66321
997.3857,1.05348,9.12219,0.07662
997.3890,-0.24900,9.28500,1.88429
997.4089,-0.08380,9.67526,1.13489
997.4356,0.87630,8.70558,2.11175
997.4467,-0.39745,10.66889,1.61614
997.4665,0.33041,9.94342,1.05588
997.4884,0.91222,10.89634,0.20830
997.5078,0.14605,10.45101,1.98246
997.5285,0.09098,10.36721,1.20911
997.5610,1.16362,8.36081,2.21231
997.5757,0.56265,10.72875,1.98246
997.5864,0.44773,9.88357,0.28252
997.6091,-0.46688,12.14855,2.88750
997.6269,-0.26098,10.05835,1.74543
997.6465,0.56984,9.26584,-0.04549
997.6692,0.55547,9.19162,2.03274
997.6998,0.21548,9.18444,0.12211
997.7144,0.33999,10.12299,0.65603
997.7278,1.06545,9.37359,-0.14366
997.7458,0.40463,10.30735,0.90264
997.7664,0.18915,10.32890,0.21788
997.7890,0.85954,11.04479,1.26657
997.8079,0.72547,10.02243,0.78772
997.8385,0.31365,11.24351,1.24742
997.8637,2.17640,8.87558,-0.39745
997.8693,0.81645,9.88596,1.10376
997.8890,0.49561,10.73593,3.29931
997.9106,1.59938,7.79097,1.36234
997.9282,0.57463,10.08708,0.90982
997.9484,-0.28731,9.28979,1.28094
997.9703,0.53392,8.93304,-0.19633
997.9946,0.59139,8.43982,0.69195
998.0073,-0.21548,8.78699,0.50998
998.0309,-0.41660,9.06951,0.02394
998.0474,1.39347,8.45897,0.06225
998.0676,0.94813,7.60901,1.01996
998.0889,0.11253,9.01205,0.52674
998.1065,-0.83560,9.90990,3.10537
998.1268,-0.05746,8.11899,2.27456
998.1484,-0.14845,9.54837,2.03513
998.1663,0.75659,9.57949,1.33122
998.1862,1.33840,9.25387,1.53234
998.2086,-0.17718,10.21158,1.68557
998.2261,-0.48125,10.38876,1.46769
998.2463,1.54670,9.39274,0.98165
998.2697,0.10295,10.77663,1.93936
998.2861,-0.39984,10.69523,1.74782
998.3059,1.24263,9.22754,0.67997
998.3298,0.89306,10.73353,0.84278
998.3475,0.20351,10.51326,2.41343
998.3677,1.18756,10.50847,0.63209
998.3907,0.70392,11.13817,0.64167
998.4075,-0.00718,10.64973,1.16601
998.4307,0.80926,11.25549,0.80208
998.4508,1.03672,11.15253,1.84120
998.4679,0.35914,10.65692,1.22587
998.4877,0.48125,11.02085,0.48843
998.5111,0.90504,9.17247,1.07982
998.5289,0.47646,9.39753,0.42139
998.5561,0.45491,9.74949,0.89785
998.5724,0.70152,9.96258,-0.38069
998.5877,0.82602,10.41031,-0.55308
998.6072,0.53871,9.97215,0.61054
998.6293,0.73504,9.88836,-0.32562
998.6473,0.94813,10.76705,0.40942
998.6672,0.79969,9.63935,2.09260
998.6899,1.17319,10.27623,0.54111
998.7073,0.17957,11.05916,0.73983
998.7271,-0.43336,10.83649,1.44375
998.7498,0.49801,11.09507,0.21788
998.7672,1.07742,9.34964,0.57223
998.7889,0.05986,9.73273,1.05588
998.8105,1.32643,9.19402,-1.00081
998.8309,0.81645,9.50288,-0.58420
998.8485,0.58420,9.47893,0.18436
998.8713,0.63448,9.60822,-0.57223
998.8881,0.22746,9.93624,-0.01915
998.9095,0.57702,9.14852,0.73265
998.9321,0.67279,9.01684,-0.71828
998.9495,1.16841,9.31133,0.92898
998.9717,0.60575,9.66090,0.34238
998.9916,0.68716,9.43584,-0.37830
999.0089,0.91461,10.62100,0.27295
999.0291,0.89785,8.80854,2.07344
999.0526,0.63927,10.13496,0.56984
999.0701,-0.03591,10.09666,0.84278
999.1071,0.14126,9.86441,0.47646
999.1206,0.98644,9.21796,0.41182
999.1302,0.06465,9.49091,-0.09098
999.1491,0.15323,10.13736,-0.25379
999.1714,1.73345,9.02163,-1.53234
999.1892,0.55787,8.99768,0.13408
999.2103,0.92898,9.67526,-0.34478
999.2328,1.57064,8.80135,0.63448
999.2498,-2.77736,10.69044,3.74225
999.2690,-2.10696,11.09028,5.56190
999.2916,1.35995,9.78780,2.87792
999.3098,-1.00799,10.91311,-4.56349
999.3301,3.20833,10.53481,-3.39029
999.3521,-1.23545,7.47493,-11.35365
999.3903,4.27378,8.70798,-5.90668
999.4085,1.80289,9.79258,0.16999
999.4116,-3.48367,4.63292,6.04554
999.4292,-0.76138,9.41908,-9.86202
999.4492,0.26816,3.39748,-7.95618
999.4724,2.48765,6.24187,-16.45585
999.4902,6.69918,12.02884,12.07672
999.5264,0.75420,12.85486,12.96260
999.5499,-4.77897,11.10225,5.20994
999.5516,-1.83401,10.49889,6.12695
999.5689,-1.22108,10.30975,2.73426
999.5914,-1.17798,10.68804,-0.10056
999.6091,0.27534,10.33608,1.39826
999.6293,0.94095,10.69523,-2.42061
999.6517,-0.41660,10.90353,1.08461
999.6744,0.72547,10.09666,1.73585
999.6902,0.36154,8.58587,0.31604
999.7113,0.02634,9.61301,1.17080
999.7288,0.43576,8.94262,1.41023
999.7491,0.13169,9.59386,-0.04310
999.7726,-0.98644,9.90033,1.28812
999.7902,-0.21070,11.07113,0.32083
999.8229,0.53871,9.11740,-0.20351
999.8314,0.21070,10.18046,-0.11253
999.8489,0.16281,11.10465,0.32083
999.8689,0.61772,10.02483,-0.17478
999.8914,-0.10774,11.01127,0.17957
999.9092,-0.45731,10.56354,0.65603
999.9486,0.18196,9.49809,-0.65364
999.9648,0.62730,9.84047,-1.01757
999.9705,-0.33280,10.26426,1.34798
999.9891,0.17957,8.93064,1.35995
1000.0122,-0.03113,9.30655,1.07264
1000.0302,-1.02714,9.65850,0.96250
1000.0501,0.11493,9.46457,-0.40224
1000.0726,0.64167,9.08148,1.01517
1000.0903,-0.57223,9.82850,1.32164
1000.1091,0.01197,10.13018,0.00000
1000.1313,-0.16281,10.11102,0.28731
1000.1486,-0.35196,9.69681,0.91701
1000.1689,0.41182,10.18285,-0.16281
1000.1915,-0.25379,10.10384,1.07503
1000.2100,-0.85954,10.29778,0.93377
1000.2286,0.11971,10.19722,0.46688
1000.2518,0.27295,9.21317,0.62730
1000.2686,-0.15323,9.00008,0.96729
1000.2883,0.16281,9.90033,0.40703
1000.3125,-0.58420,9.99131,0.02155
1000.3285,-0.22267,9.73512,0.79490
1000.3484,0.41900,8.30334,-0.30407
1000.3711,0.20591,10.73353,-0.78293
1000.3883,-0.19872,9.14134,1.37431
1000.4084,0.40942,9.56752,1.94415
1000.4346,0.66321,9.00726,0.96489
1000.4493,-0.41900,9.22754,0.83081
1000.4693,0.24900,8.94980,0.50519
1000.4916,0.01915,9.89075,-0.15084
1000.5105,0.30407,9.56992,0.26576
1000.5298,0.24422,9.92188,1.25221
1000.5525,-0.47885,10.38876,0.53871
1000.5701,-0.17957,10.84367,1.84359
1000.5902,-0.27055,10.30017,1.86993
1000.6125,-0.10535,10.01046,0.70392
1000.6321,-0.19872,10.06793,1.43178
1000.6622,-0.56265,9.78780,1.83162
1000.6728,0.15563,9.06951,0.21788
1000.6913,-0.07662,9.51964,1.23784
1000.7130,-0.24900,8.58826,1.55867
1000.7353,-0.20591,9.65850,0.14366
1000.7522,-0.34238,9.96018,-0.58420
1000.7739,-0.31844,9.50527,0.84518
1000.8014,-0.01915,10.28820,0.21548
1000.8149,-0.22985,9.94342,1.07264
1000.8300,-0.56505,10.50847,2.77736
1000.8528,-0.17478,10.19961,0.14126
1000.8704,-0.06704,9.81892,1.11813
1000.8906,-1.25221,10.90113,2.00161
1000.9128,-0.92658,10.08947,1.23784
1000.9379,-0.34478,9.54597,0.11971
1000.9502,-0.53153,8.91628,1.03193
1000.9728,-0.31365,8.83009,0.52674
1000.9911,0.37111,9.50048,-1.13967
1001.0107,-0.20112,9.67526,0.81405
1001.0330,0.11014,10.21877,-0.05986
1001.0539,0.15802,10.35045,0.64645
1001.0719,-0.36632,9.85484,1.98246
1001.0928,-1.11813,9.51245,1.82683
1001.1114,-0.38787,10.81973,0.91222
1001.1332,-0.85954,9.00247,2.57624
1001.1553,-1.12770,10.23792,1.26418
1001.1729,-0.53153,10.37918,1.01757
1001.1926,-0.56265,10.80536,0.68955
1001.2225,-0.62491,10.08469,1.67120
1001.2314,-0.01915,9.69921,0.90504
1001.2534,-0.02634,10.20919,1.38868
1001.2736,-0.85476,9.16050,2.75581
1001.2914,0.02873,8.54038,2.03753
1001.3114,-0.09098,8.81093,0.81166
1001.3380,-1.12052,9.27542,1.22587
1001.3560,-0.41182,8.99768,1.13249
1001.3712,-0.61054,9.63456,0.92180
1001.3939,-1.06066,9.95061,1.82923
1001.4116,-0.31365,9.60104,1.55149
1001.4314,-0.08380,9.76864,0.69913
1001.4539,-0.52674,10.01525,1.11334
1001.4732,0.06943,9.47654,1.47248
1001.5067,-0.04310,9.88117,1.27375
1001.5138,-0.79250,10.69762,1.40305
1001.5311,-0.56744,10.25947,1.33122
1001.5550,0.34956,9.39035,0.95053
1001.5777,-0.18196,9.61541,1.20911
1001.5952,-0.36393,10.50129,0.96010
1001.6131,-0.51237,9.92666,0.99362
1001.6462,-0.43815,10.07511,0.35435
1001.6517,-0.26337,9.14852,0.57223
1001.6714,-0.20591,9.00008,1.30488
1001.6938,0.56026,9.46457,0.09817
1001.7117,-1.03433,8.86839,-0.18915
1001.7321,-0.80208,10.62340,0.27295
1001.7554,2.09020,6.29455,-2.07823
1001.7734,1.58980,8.69601,0.80208
1001.7913,-3.59620,12.70402,0.89546
1001.8134,-4.64729,11.55238,6.33046
1001.8311,0.70871,14.95225,3.01679
1001.8530,-4.29054,4.63292,-10.82691
1001.8752,1.56825,8.12856,-5.61457
1001.8931,-2.86355,9.79977,2.41582
1001.9189,-1.78613,10.92508,5.30571
1001.9337,-0.98405,11.09507,-1.76937
1001.9514,0.88588,4.91066,8.20757
1001.9713,5.95456,15.69447,-8.82051
1001.9953,5.78936,3.49564,15.41674
1002.0114,-2.36794,14.01130,-0.23224
1002.0404,1.86275,3.66085,7.29536
1002.0587,-1.09658,14.76549,0.44294
1002.0710,-0.64645,8.28658,5.10220
1002.0914,-0.61772,11.39914,1.08700
1002.1135,-1.85556,9.24190,1.98964
1002.1331,2.79412,9.87878,-0.84518
1002.1530,-3.05749,13.31696,4.80770
1002.1771,-4.69996,11.32253,-1.57783
1002.1956,-0.33280,10.03441,2.20273
1002.2125,-0.58660,8.28898,3.16284
1002.2335,-0.74223,10.88437,4.30730
1002.2504,0.59857,8.97135,-0.31126
1002.2712,0.41421,9.62977,-2.89468
1002.2935,1.85556,8.77502,-5.05671
1002.3126,2.36794,9.04796,-0.40703
1002.3429,2.18118,10.54199,1.79092
1002.3535,1.30009,8.94022,0.71828
1002.3713,0.60096,8.94501,0.50998
1002.3931,-0.14126,8.63375,3.30170
1002.4153,-0.71110,10.11821,1.63768
1002.4312,-1.07503,10.68086,2.07823
1002.4702,-0.27774,9.23472,0.72068
1002.4867,0.87630,9.51006,0.81405
1002.4930,0.67279,9.74709,-0.29689
1002.5123,0.39984,8.99050,1.19953
1002.5359,0.02634,9.57710,1.85556
1002.5532,-0.22027,8.71037,1.04390
1002.5734,-0.02634,9.41668,1.06785
1002.5958,-0.18436,9.81413,0.77335
1002.6122,-0.56505,10.01286,1.62092
1002.6320,-0.67758,11.23394,-0.04070
1002.6544,-0.23224,9.96258,1.64247
1002.6720,0.00000,9.95300,-0.10774
1002.6937,-0.43097,9.57710,1.97767
1002.7160,-0.18675,10.53002,0.83321
1002.7332,0.91701,9.89314,0.07662
1002.7657,0.43336,10.16609,0.23943
1002.7740,0.26098,10.75269,0.64406
1002.7920,0.63209,9.91709,1.07024
1002.8139,0.07183,10.47974,1.95373
1002.8346,-0.26816,8.07589,-0.32562
1002.8539,-0.21788,9.48133,3.26819
1002.8866,0.01915,11.53562,-1.61853
1002.9047,0.16281,8.85642,1.01038
1002.9121,0.13647,10.45819,-1.93936
1002.9319,-0.56505,9.24430,-0.22746
1002.9547,-0.07901,9.50767,-0.98165
1002.9736,0.17718,10.15412,-0.64885
1002.9936,0.70152,5.86837,3.02157
1003.0161,1.88908,10.08229,0.13887
1003.0413,0.56026,9.57471,2.83003
1003.0559,0.10774,10.55396,2.17400
1003.0743,-0.10774,10.47495,2.01837
1003.0917,-0.81166,10.06314,3.29213
1003.1121,-0.14605,8.87079,3.03594
1003.1344,0.10774,8.94501,0.93616
1003.1519,-0.15802,9.90751,0.29450
1003.1797,-0.36872,10.23553,1.65444
1003.1940,0.15084,9.67287,1.97767
1003.2119,0.37351,9.13655,1.03912
1003.2330,0.16999,9.36880,0.02634
1003.2549,0.06465,9.59865,1.66163
1003.2725,-0.48604,8.77502,2.66483
1003.2944,-0.43336,9.28739,2.23625
1003.3275,-0.22506,9.39753,-0.36154
1003.3323,0.06943,9.24190,-0.10774
1003.3519,-0.27534,10.00567,1.15643
1003.3757,-0.27534,10.32411,-0.22506
1003.3951,-0.01197,9.94342,0.28013
1003.4160,-0.15563,9.99849,-0.20830
1003.4541,-0.24182,9.80216,2.01837
1003.4542,-0.53632,9.30894,1.50360
1003.4717,-0.05267,9.20599,2.39188
1003.4940,-0.20351,8.28419,-0.34717
1003.5120,0.37590,9.25148,-0.30647
1003.5331,-0.07662,9.45499,0.05507
1003.5557,-1.12291,9.40471,1.23545
1003.5757,-0.50998,10.09905,0.55547
1003.5938,-0.31365,8.93543,1.38150
1003.6144,-0.05986,8.96656,1.99443
1003.6347,-0.06465,9.77822,0.30886
1003.6534,-0.12450,10.00328,0.88828
1003.6760,0.16760,10.81254,-0.96250
1003.6920,0.63927,10.05356,-0.50519
1003.7231,0.34478,10.74072,0.16520
1003.7444,-0.28731,10.66889,1.46530
1003.7513,-0.48604,10.28820,1.51558
1003.7719,0.04789,10.48932,-0.27774
1003.7940,-0.01437,10.65452,0.65603
1003.8118,-0.30647,10.70480,1.05109
1003.8318,-0.21548,9.81413,2.39427
1003.8544,0.09577,9.70878,0.74462
1003.8877,0.33999,9.60104,-0.65364
1003.8937,0.22506,8.41109,0.67758
1003.9152,-0.00239,9.60583,0.90982
1003.9318,0.07422,9.15331,2.40864
1003.9529,0.02155,9.42865,-0.05267
1003.9756,-0.08380,9.57231,-0.45970
1003.9938,0.16281,9.92666,-0.46688
1004.0132,-0.34717,10.63297,0.01676
1004.0339,-0.15802,10.77663,0.56265
1004.0517,-0.54589,10.27623,1.38150
1004.0751,0.26816,11.10944,-0.04789
1004.0977,0.08619,10.25947,0.78772
1004.1156,0.19154,9.84526,1.39826
1004.1625,0.55068,10.25707,1.56107
1004.1627,0.41421,9.93863,0.25140
1004.1779,0.45012,9.32331,0.85954
1004.1934,0.45252,9.25627,0.93377
1004.2137,0.19633,9.35922,2.11654
1004.2316,0.29689,8.65530,1.70951
1004.2534,0.45491,8.97374,0.25379
1004.2832,-0.23943,9.17726,0.22746
1004.2986,-0.29210,9.60583,0.83560
1004.3117,-0.78293,10.01525,1.59698
1004.3340,0.03113,9.92906,1.70233
1004.3514,0.69913,9.50048,0.51477
1004.3715,0.51716,9.82610,-0.33520
1004.3937,-0.22985,10.42707,0.90504
1004.4131,0.10056,9.82131,1.55867
1004.4459,0.15084,9.05275,0.78293
1004.4553,0.53632,9.26345,-1.05348
1004.4716,0.97926,8.67925,-0.62251
1004.4932,0.75180,9.64174,-1.05348
1004.5162,0.08141,10.13257,-0.05746
1004.5352,0.12211,8.76783,0.78053
1004.5694,-0.02155,9.10064,-0.49322
1004.5855,0.21548,9.73512,-1.09418
1004.5917,-0.25858,10.03919,-0.19394
1004.6129,-1.06785,10.48932,1.90584
1004.6334,-0.42858,10.81015,0.75420
1004.6516,0.75659,9.96497,1.10615
1004.6714,0.04310,10.76705,0.03591
1004.6938,-0.42139,9.88596,1.24023
1004.7192,0.55068,10.49889,1.31925
1004.7314,0.30407,9.94821,2.34878
1004.7537,0.22985,9.88836,0.67758
1004.7720,1.00799,9.56992,0.30407
1004.7933,0.46688,9.84047,-0.54111
1004.8140,-0.11014,9.01444,1.04151
1004.8467,0.34956,8.82769,1.65923
1004.8606,0.63688,7.78139,1.67839
1004.8735,0.07901,8.73910,-0.31365
1004.8917,0.42858,9.21556,-0.39745
1004.9130,-0.05028,9.43105,-0.26337
1004.9354,0.08619,9.36640,1.58980
1004.9532,0.13408,9.46936,2.13330
1004.9750,0.41421,9.74949,1.13249
1005.0083,0.24900,10.08708,0.32802
1005.0132,0.22267,10.19003,0.24182
1005.0329,-0.22746,8.86839,0.78293
1005.0557,0.80687,9.59386,1.10855
1005.0730,0.14366,10.39115,0.62012
1005.0948,-0.22746,9.68484,0.41182
1005.1285,0.06943,9.79498,0.50759
1005.1495,-0.23943,9.13655,0.54589
1005.1525,0.48604,9.45260,1.96091
1005.1754,0.23943,9.25866,-0.07662
1005.1929,-0.33041,9.03360,0.16999
1005.2150,-0.16281,9.28979,-0.24900
1005.2368,-0.34238,9.10303,1.54191
1005.2555,-0.31604,9.56992,1.20911
1005.2845,-0.21309,9.62738,0.07901
1005.3004,-0.44055,10.89874,0.53153
1005.3122,-0.51956,10.24271,1.25939
1005.3323,-0.40463,10.09905,1.75021
1005.3549,-0.17239,9.83808,1.87951
1005.3724,-0.02873,10.21158,1.60656
1005.3923,0.22746,10.29059,1.53234
1005.4219,0.41900,9.43584,0.25140
1005.4321,-0.07183,10.09666,1.97288
1005.4523,-0.45731,9.77822,2.39906
1005.4742,-0.22746,10.00807,3.06228
1005.4922,-0.30168,9.54837,2.05429
1005.5123,-0.25858,9.73991,1.18038
1005.5397,0.08380,9.57710,1.02714
1005.5579,-0.22985,9.16768,0.62251
1005.5721,-0.59617,10.67607,3.05270
1005.5945,0.04549,9.92906,1.62811
1005.6126,-0.43336,10.79339,2.07823
1005.6326,-0.18915,10.00089,0.50519
1005.6551,-0.72547,9.68484,2.18118
1005.6726,-1.29291,10.44622,3.58662
1005.7014,-1.75261,10.09905,2.91862
1005.7147,-0.26576,10.93944,3.31846
1005.7321,-0.73983,9.45020,2.88031
1005.7528,-0.17718,10.15172,0.51237
1005.7749,-0.21309,10.05595,1.37431
1005.7928,-0.62730,9.77822,1.40544
1005.8140,-0.16042,9.97934,1.23784
1005.8450,0.96250,9.44063,0.23943
1005.8524,0.01915,9.25627,0.24182
1005.8740,-0.24900,10.13975,-0.35196
1005.8945,-0.29689,9.03120,1.40305
1005.9129,-0.69673,9.94342,1.35995
1005.9330,-0.37111,10.29299,1.59698
1005.9577,0.30407,10.08947,-1.53712
1005.9743,-0.82363,10.75029,-0.29450
1005.9928,-1.12052,10.22355,0.68237
1006.0189,-0.22267,8.99050,3.56986
1006.0318,0.05507,8.84685,0.92658
1006.0543,0.49561,8.61939,0.42858
1006.0782,-0.01437,10.60664,-0.82363
1006.0934,-0.79969,9.96497,-0.13647
1006.1119,-0.24661,9.14134,1.13489
1006.1342,0.00000,10.07511,1.49163
1006.1521,0.47167,9.59386,-0.03352
1006.1735,-0.03113,10.43904,-0.37351
1006.1955,-0.13408,10.47495,0.54350
1006.2135,-0.12690,9.41668,0.98405
1006.2336,-0.45970,10.02243,0.32083
1006.2667,-0.44055,9.54119,0.69673
1006.2738,0.05267,9.54119,0.81405
1006.2919,-0.00718,8.54277,-0.22985
1006.3168,-0.64406,9.81653,0.38308
1006.3325,0.46449,9.78780,-0.39984
1006.3528,0.52195,8.80375,0.37590
1006.3762,-0.22746,9.82371,2.52835
1006.4043,-0.32083,10.11102,1.67360
1006.4192,0.40224,9.83808,1.51558
1006.4374,-0.24182,10.65452,0.28013
1006.4529,-0.23943,10.56115,0.53392
1006.4732,-0.08619,10.33848,1.95852
1006.4955,0.13887,9.91230,1.88908
1006.5236,0.35914,10.92986,1.71909
1006.5405,0.32562,9.87160,0.21788
1006.5557,0.41182,9.76625,0.63448
1006.5732,0.70152,8.94980,1.74543
1006.5935,0.13887,9.99610,1.74303
1006.6158,-0.04310,9.66329,2.03034
1006.6334,0.34238,8.74150,0.21548
1006.6554,-0.03831,9.21796,0.40224
1006.6803,-0.42379,10.33848,0.90025
1006.6928,-0.44534,9.62498,1.59938
1006.7131,-0.70871,9.91469,1.80049
1006.7357,-0.88828,10.23792,1.64487
1006.7534,0.36393,10.11102,1.53952
1006.7736,0.67040,9.68963,0.99602
1006.7975,0.06943,10.56115,0.32802
1006.8301,0.40942,9.64414,1.71430
1006.8330,-0.00479,9.68724,2.32484
1006.8554,0.45970,9.77343,1.64008
1006.8729,0.64645,9.12698,1.03193
1006.8932,0.09817,9.75428,0.71349
1006.9172,-0.26576,9.33288,-0.09098
1006.9349,-0.45491,9.02881,1.19235
1006.9680,-0.26576,9.17726,1.52994
1006.9754,-0.33280,8.69840,0.92898
1006.9929,0.25858,9.58428,0.05746
1007.0132,0.89067,9.00726,0.69673
1007.0358,0.39027,9.41908,0.33520
1007.0531,0.34238,10.51565,-0.04789
1007.0748,-0.50280,10.23792,0.27774
1007.1170,-0.57702,10.26904,0.99602
1007.1171,0.49561,9.65611,1.03433
1007.1333,0.19872,9.28979,1.52994
1007.1572,-0.04549,9.57471,0.66561
1007.1731,0.40463,9.43823,-0.11493
1007.1930,-0.06225,9.90272,0.70392
1007.2153,0.24422,8.82290,1.26178
1007.2404,-0.39745,10.05356,2.06147
1007.2526,0.12450,9.47415,0.52195
1007.2758,-0.21548,9.66808,1.32882
1007.2940,-0.09098,10.09187,0.06704
1007.3138,-0.22985,10.17327,1.07503
1007.3365,-0.31365,10.13496,2.34639
1007.3717,-0.47646,9.34485,1.62811
1007.3860,-0.10056,9.56034,0.14605
1007.3958,-0.45970,10.38636,-0.18436
1007.4124,-0.39266,9.76864,0.78053
1007.4325,-0.41660,10.92029,0.04789
1007.4550,-0.05986,10.32890,1.35277
1007.4725,0.29689,8.95459,0.41900
1007.4924,-0.12211,10.16609,1.03912
1007.5191,0.14366,9.58668,-0.10295
1007.5320,0.31604,9.26584,0.36872
1007.5518,0.06704,8.91628,1.21150
1007.5766,-0.45970,10.13975,0.79490
1007.5922,-0.14845,9.85484,1.24023
1007.6122,-0.42379,9.78061,1.29051
1007.6345,-0.33520,11.12619,0.36872
1007.6520,-0.47407,10.64734,1.25221
1007.6724,-0.64645,10.36960,0.91940
1007.6993,-0.05507,9.82131,1.06545
1007.7145,-0.15802,9.34485,2.33921
1007.7345,-0.77335,10.54678,2.24583
1007.7576,-0.35196,9.49809,0.84039
1007.7755,0.06704,9.61062,-0.32083
1007.7935,0.36872,8.96416,-0.28492
1007.8171,0.17718,9.27063,1.30488
1007.8347,0.26816,9.91948,0.70392
1007.8544,-0.13408,9.51964,0.95771
1007.8770,0.46449,9.60583,-0.48364
1007.8956,-0.72068,10.25468,0.23703
1007.9157,-0.22985,9.57949,0.66082
1007.9395,-0.02634,9.05036,2.54033
1007.9536,-1.60416,10.50129,2.08302
1007.9737,-1.35995,10.58509,1.16122
1007.9984,-0.11971,9.76146,1.58501
1008.0159,0.01915,9.72554,0.12211
1008.0360,0.09577,10.01525,0.66800
1008.0606,-0.10774,9.85962,1.18756
1008.0786,0.07662,8.82530,1.40065
1008.0955,0.26337,9.14613,1.59219
1008.1186,0.32323,9.85005,0.93856
1008.1367,-0.48843,9.58907,1.72627
1008.1547,0.08380,9.74709,0.74941
1008.1785,0.06704,8.60023,0.41660
1008.1963,-0.04310,9.78301,0.30647
1008.2262,0.75180,8.60502,0.76138
1008.2365,0.15802,9.23472,1.70712
1008.2563,-0.54350,9.97934,0.92658
1008.2765,-0.21788,10.03680,0.66321
1008.2990,-0.45491,9.83089,0.95771
1008.3164,-0.39984,10.38397,0.12211
1008.3502,-0.51477,10.39355,2.13330
1008.3629,-0.81884,10.44862,2.10936
1008.3742,-0.25858,9.89554,1.53952
1008.3944,-0.16760,10.24750,1.17559
1008.4169,0.45970,8.69122,0.86433
1008.4363,0.06943,10.31454,0.61054
1008.4563,-0.51477,9.92666,1.15404
1008.4785,-0.37590,9.44541,1.09179
1008.4958,-0.58181,9.79737,0.95771
1008.5147,-0.23703,9.46696,0.86673
1008.5369,-0.06943,9.41908,0.45970
1008.5542,0.04310,9.53640,1.33361
1008.5745,0.04789,9.44063,0.63688
1008.5969,0.01437,10.72875,0.16520
1008.6147,0.51477,10.23553,0.54589
1008.6404,-0.23703,10.05595,1.15404
1008.6575,-0.76377,10.48692,1.79571
1008.6743,-0.59857,10.81015,1.17559
1008.6944,-0.67279,10.76945,0.84997
1008.7169,0.17239,9.52443,0.27774
1008.7344,0.26337,9.95539,0.65603
1008.7545,-0.28731,9.17965,1.72867
1008.7768,-0.45491,9.14613,1.88429
1008.7944,-0.40703,9.52203,1.39107
1008.8143,-0.14126,9.42387,0.50998
1008.8368,-0.33999,9.37837,0.74941
1008.8546,0.04549,9.82850,-0.21309
1008.8760,0.00000,9.07670,0.02634
1008.8985,-0.29689,10.31214,1.07742
1008.9171,0.34478,9.00966,0.40703
1008.9344,0.24182,9.97215,-0.33041
1008.9569,0.35435,9.66090,0.08380
1008.9742,-0.01915,10.40312,-0.39506
1008.9951,0.16999,10.79578,-0.58420
1009.0182,0.11014,10.00089,-0.18915
1009.0361,0.36632,9.73512,0.19154
1009.0677,-0.13408,9.60583,0.54829
1009.0773,-0.30647,9.42147,2.06147
1009.0960,0.58420,9.42387,1.34558
1009.1162,0.98884,8.36081,0.72786
1009.1405,0.42618,9.07430,-0.65124
1009.1584,0.42618,10.27144,0.17718
1009.1931,0.01197,9.54119,0.96010
1009.2101,-0.01915,9.73273,0.91701
1009.2161,-0.22267,10.06074,1.47966
1009.2343,0.01676,9.44302,0.67519
1009.2570,0.23224,10.75987,-0.47885
1009.2747,-0.41660,10.64973,-0.84278
1009.2950,-0.20112,10.69044,-0.36393
1009.3186,0.26576,9.26105,1.30727
1009.3417,0.75420,8.58108,-0.13647
1009.3559,0.95292,9.29457,-0.03113
1009.3784,0.33280,9.21556,-0.63209
1009.3940,-0.27055,10.30256,-0.44055
1009.4144,-0.01197,10.13018,0.29689
1009.4368,-0.26816,9.54119,0.76617
1009.4588,0.23703,10.61382,-0.48364
1009.4776,-0.38069,10.35524,0.47407
1009.4968,-0.64645,10.56354,0.05028
1009.5145,-0.68476,9.92666,1.24742
1009.5341,-0.11971,10.03680,0.44055
1009.5581,0.26576,9.74470,-0.36154
1009.5756,0.41421,9.74949,-0.50998
1009.5956,0.17478,9.90033,0.55308
1009.6364,-0.31844,10.06793,1.32882
1009.6385,-0.64406,10.66889,1.42220
1009.6564,-0.78293,9.50767,1.76697
1009.6788,0.31126,9.45020,-0.01915
1009.6946,0.77575,9.22035,-0.04789
1009.7148,0.30886,9.18683,-0.03831
1009.7369,-0.05507,9.46936,-0.24900
1009.7650,0.09338,10.02722,0.04070
1009.7781,-0.68955,9.22514,0.01915
1009.7966,-0.02394,10.36242,-0.03352
1009.8143,-0.15802,10.44383,1.26897
1009.8341,0.14366,9.72315,1.26657
1009.8589,0.13647,10.91789,0.76138
1009.8864,-0.21309,10.81254,0.95292
1009.9024,-0.41660,10.00089,1.03433
1009.9164,-0.35435,10.57072,0.86194
1009.9338,0.18675,9.30415,1.09897
1009.9542,0.12211,9.87160,0.96729
1009.9767,-0.23224,9.43823,1.07503
1009.9944,0.09338,9.05994,1.01038
1010.0157,0.33999,9.34007,0.06465
1010.0475,0.44534,9.53400,0.72068
1010.0552,0.23464,9.14374,-0.04070
1010.0743,0.28252,9.88596,0.20591
1010.0968,0.19154,9.54837,-0.01197
1010.1144,-0.08859,10.05595,0.99602
1010.1348,0.48364,9.16768,1.39586
1010.1757,0.43576,9.71118,-0.32802
1010.1898,0.03113,10.33608,-0.15802
1010.1943,0.35435,9.90990,-0.28013
1010.2170,-0.26816,9.77582,1.23545
1010.2396,-0.27774,9.41429,0.95771
1010.2556,0.31365,9.13655,1.93457
1010.2777,0.48364,9.18444,0.80208
1010.2949,0.50759,8.62178,0.87630
1010.3136,0.50519,10.35284,0.45731
1010.3370,-0.10295,9.71597,0.09338
1010.3535,-0.05507,9.21078,-0.16760
1010.3745,0.01915,10.15172,0.49561
1010.3968,0.20112,9.35204,1.21390
1010.4135,-0.73265,10.69044,1.54431
1010.4335,-0.10774,11.17647,0.43576
1010.4559,0.29689,9.68484,0.00479
1010.4735,0.53871,10.01765,-0.65843
1010.4937,0.12929,10.00807,-0.51716
1010.5160,0.41182,8.74150,1.50839
1010.5338,-0.23464,10.18285,1.65923
1010.5538,-0.35914,10.16848,1.26178
1010.5760,-0.24182,10.42946,-0.00239
1010.5951,-0.47407,10.80297,0.45491
1010.6141,-0.21548,9.94103,0.55308
1010.6363,0.48364,9.58189,0.23464
1010.6540,0.44773,10.02243,0.58420
1010.6739,0.52435,9.12698,1.72867
1010.6980,0.25379,9.77582,0.65124
1010.7157,-0.20830,9.08867,0.97686
1010.7471,-0.26576,9.77104,1.74303
1010.7565,-0.38069,9.92188,1.19474
1010.7775,-0.95771,11.47815,0.94574
1010.7958,-0.67040,10.19961,0.54829
1010.8164,-0.59857,9.89554,1.00081
1010.8342,0.17957,9.96737,0.31844
1010.8541,-0.11493,9.77582,1.25460
1010.8829,0.00958,9.72794,1.34079
1010.8951,0.07422,9.68005,0.35914
1010.9138,0.26816,9.78301,-0.71828
1010.9361,-0.15563,10.17806,-0.43815
1010.9539,0.41900,9.19641,0.43336
1010.9739,0.08380,9.13416,0.67279
1010.9978,0.28252,9.14852,2.65525
1011.0154,0.36872,8.36799,1.23066
1011.0342,0.21070,9.61301,1.20671
1011.0560,0.09098,10.12539,0.01676
1011.0776,-0.11493,10.03680,-0.19872
1011.0954,-0.43097,10.48453,0.46688
1011.1201,-0.20830,9.51245,1.08221
1011.1541,0.00000,9.54597,0.93377
1011.1656,-0.10535,10.04638,0.71828
1011.1763,0.41182,9.99131,1.33122
1011.1938,0.45252,9.76146,1.57783
1011.2136,0.48125,8.81811,1.10615
1011.2376,-0.33041,10.39594,1.23545
1011.2557,0.31844,9.84047,-0.72547
1011.2754,0.16042,8.89473,-0.24182
1011.3091,-0.29210,10.08229,0.52435
1011.3163,0.18915,8.67446,1.01038
1011.3339,-0.04549,10.03919,0.45012
1011.3561,-0.04789,10.69044,0.25140
1011.3754,0.08380,10.79100,0.61533
1011.3978,0.00479,10.22595,1.30249
1011.4179,0.37111,8.40869,0.36393
1011.4366,-0.47167,9.92188,0.96010
1011.4550,-0.37830,9.67287,0.39027
1011.4781,0.04549,9.79977,1.63768
1011.4935,0.23224,10.97775,0.76856
1011.5137,0.00000,10.00807,-0.91461
1011.5375,-0.10535,10.19961,0.01197
1011.5574,-1.19714,10.74072,0.91461
1011.5751,-1.24742,9.48372,1.96091
1011.5964,-0.12690,9.79977,1.89387
1011.6140,-0.33520,8.33686,1.13249
1011.6335,0.31126,9.63696,0.65364
1011.6564,0.17478,9.89793,1.24263
1011.6740,-0.20112,10.18046,1.45093
1011.6942,-0.84039,12.61065,2.51638
1011.7223,-0.67997,11.80617,3.04791
1011.7336,0.57463,8.88276,1.17798
1011.7538,0.81405,9.74230,0.85954
1011.7776,1.00081,8.71995,2.38709
1011.7956,0.20830,9.68005,0.73504
1011.8157,-0.24661,10.98254,-0.72068
1011.8399,0.13169,9.40950,0.08141
1011.8599,-0.57463,9.23232,-0.31604
1011.8770,0.11971,9.85962,-0.06225
1011.8979,0.27774,9.50048,1.09897
1011.9153,0.51956,10.13736,0.54829
1011.9338,0.31126,10.46777,-0.92180
1011.9575,0.06704,11.18605,-0.32802
1011.9749,-0.27774,10.16848,0.24182
1012.0004,0.09577,10.49889,1.03672
1012.0161,0.59139,10.41749,0.09098
1012.0335,0.17957,9.99849,0.30886
1012.0535,0.52674,10.28580,0.48843
1012.0763,0.41421,9.75428,0.02394
1012.0937,0.19394,9.60822,-0.45970
1012.1140,0.38069,9.18683,-0.36154
1012.1448,0.18196,9.46696,0.26098
1012.1534,0.07422,9.12937,-0.24900
1012.1736,0.17239,8.89234,1.38629
1012.1960,0.52435,8.86361,1.56825
1012.2153,0.66082,8.88276,1.65923
1012.2348,0.32083,8.85163,1.17798
1012.2605,0.11493,9.54119,-0.76377
1012.2783,0.22027,8.78938,1.14686
1012.2964,0.22985,9.07909,0.12450
1012.3159,-0.14605,10.78142,0.82363
1012.3335,-0.70871,11.03521,2.01359
1012.3545,-0.39745,10.46059,1.98246
1012.3777,0.03352,10.69044,1.30488
1012.3951,0.30647,10.58509,1.58740
1012.4145,0.78293,10.19961,0.84518
1012.4358,0.16042,9.79498,0.12211
1012.4537,0.25379,9.82371,1.10137
1012.4751,0.10056,9.68963,1.20911
1012.5001,-0.01437,9.26105,1.71670
1012.5178,0.39506,9.14134,1.16601
1012.5547,0.49083,10.00089,0.12211
1012.5665,0.18436,9.23711,-0.50280
1012.5736,-0.04310,9.47175,0.18196
1012.5934,-0.38787,9.76625,0.72547
1012.6157,0.26098,9.89793,-0.07662
1012.6353,0.27534,10.31693,0.84997
1012.6552,-0.50040,9.99131,0.31365
1012.6773,-0.21309,10.50847,0.76138
1012.6948,0.36154,10.06553,-0.13408
1012.7135,-0.02634,10.46298,0.90743
1012.7357,-0.01437,10.57551,-0.00479
1012.7535,-0.12929,10.17327,-0.32323
1012.7759,-0.29689,10.31932,-0.19394
1012.7963,0.09338,10.49889,1.02714
1012.8359,0.09817,9.28021,0.13887
1012.8360,0.25619,10.26186,-0.03591
1012.8562,0.01437,9.18923,-0.12450
1012.8735,-0.28252,8.64812,0.54829
1012.8934,-0.09338,9.40950,1.11334
1012.9196,0.56026,9.05754,-0.13647
1012.9377,0.40224,9.96258,-1.17798
1012.9736,0.39506,9.66090,-0.67519
1012.9879,0.00479,9.65850,0.67040
1012.9931,-0.22985,10.30496,0.88349
1013.0134,0.01915,10.05356,0.49561
1013.0356,-0.06943,10.25229,0.49801
1013.0534,0.02873,10.17088,-0.48125
1013.0735,0.37111,9.58428,0.31126
1013.0975,0.55308,10.04638,-0.37351
1013.1250,0.68476,9.75428,0.15802
1013.1387,0.63209,10.04159,-0.76856
1013.1558,0.04070,9.94103,0.28252
1013.1733,0.14366,9.81892,0.20830
1013.1937,0.54111,9.17726,1.50360
1013.2162,0.19633,9.53400,-1.23066
1013.2336,0.26337,10.02243,0.23464
1013.2689,0.15323,10.02722,0.28971
1013.2761,-0.31604,9.42147,1.38150
1013.2936,-0.48125,11.18845,0.10535
1013.3139,-0.08141,9.55555,-0.42858
1013.3359,-0.25619,9.51724,0.13169
1013.3537,0.32323,9.96258,0.57941
1013.3752,0.84997,10.04638,0.62730
1013.4094,0.65843,9.74230,-0.12211
1013.4148,0.19394,10.31214,-0.21548
1013.4334,0.06225,9.46217,0.52435
1013.4573,-0.20591,9.86202,1.75021
1013.4735,-0.25619,9.61780,1.90345
1013.4937,-0.08141,10.06793,0.44294
1013.5165,-0.20351,9.19641,0.13887
1013.5472,0.01915,9.44781,0.40224
1013.5535,0.51237,8.71516,1.26418
1013.5755,0.30886,9.47175,0.02155
1013.5942,0.45491,9.86202,-0.24661
1013.6144,-0.06704,9.28500,-0.90264
1013.6371,0.08380,9.98413,1.77416
1013.6577,0.04549,10.36721,1.72148
1013.6776,0.11493,9.71118,0.88588
1013.6960,-0.12211,10.59945,-0.10295
1013.7150,-0.17239,10.69044,1.09179
1013.7333,-0.20591,10.03201,1.56586
1013.7554,0.58181,10.49650,-0.23943
1013.7733,0.55787,9.78061,-1.25221
1013.7944,-0.26816,9.24430,-0.35196
1013.8279,-0.11971,9.27542,1.51558
1013.8347,-0.25858,9.55316,0.43576
1013.8535,-0.02634,9.51724,0.39984
1013.8757,-0.24661,9.00008,-0.70871
1013.8950,-0.63209,9.62498,0.75659
1013.9171,-0.16760,9.73512,1.76458
1013.9370,-0.48125,10.19722,-0.15802
1013.9538,0.08619,9.54358,-0.93856
1013.9741,0.40463,9.76625,-0.63688
1013.9968,-0.42139,10.07271,0.34238
1014.0179,0.14126,10.74790,1.70951
1014.0357,0.51956,10.57072,-0.58660
1014.0583,0.20830,9.15331,0.29210
1014.0758,-0.02394,9.66329,-0.14845
1014.1077,0.04789,9.71357,0.90025
1014.1166,0.56505,9.21317,0.31604
1014.1345,0.65364,9.29697,-0.46449
1014.1540,0.16999,10.14933,0.30886
1014.1765,-0.19394,11.15014,0.60096
1014.1943,0.20591,10.72156,0.67040
1014.2142,0.11253,10.42228,-0.86673
1014.2433,0.20112,10.16130,1.36713
1014.2627,0.04789,9.90751,1.41980
1014.2744,0.74701,9.56992,0.88349
1014.2966,0.43576,9.27542,0.27055
1014.3138,-0.70871,10.50129,-0.14126
1014.3348,-0.08619,9.61541,0.20351
1014.3580,0.41660,9.52443,0.54111
1014.3755,0.73983,9.37359,-0.33280
1014.3976,0.77814,9.21796,-1.00081
1014.4166,0.14366,8.39433,0.60575
1014.4338,0.17718,9.73991,0.38787
1014.4543,0.58181,9.81892,-0.07183
1014.4766,0.35675,9.90990,-1.28573
1014.4943,-0.07662,10.56354,-0.48364
1014.5242,0.22027,10.36242,1.32643
1014.5363,0.43815,10.33608,0.72547
1014.5539,0.05028,10.09187,0.63448
1014.5752,-0.32562,9.91230,0.96489
1014.5977,-0.04310,10.17327,1.65684
1014.6151,-0.27055,10.39834,0.80448
1014.6348,-0.12929,9.28979,-1.21869
1014.6642,0.20591,9.68484,0.36393
1014.6737,0.13169,8.81093,0.85476
1014.6943,0.86912,8.76783,0.84518
1014.7168,0.25619,8.97853,-1.98007
1014.7341,0.30886,9.28739,-0.49561
1014.7543,-0.51237,10.88198,0.05986
1014.7966,-0.01197,10.10145,-0.88349
1014.7969,0.01197,10.19482,-0.12929
1014.8139,-0.44055,10.11821,-0.33999
1014.8361,-0.35435,10.55875,2.54511
1014.8549,0.01197,10.03919,1.15165
1014.8752,-0.04310,9.17965,-0.37351
1014.8976,-0.74941,10.84606,0.39984
1014.9153,0.06943,8.66249,1.72388
1014.9448,0.36393,8.94262,1.90105
1014.9562,-0.14126,9.61780,0.47407
1014.9756,0.43815,9.52443,-1.61853
1014.9937,1.89387,9.32809,-2.47568
1015.0173,0.21070,8.63854,0.51956
1015.0357,-0.11493,8.70798,0.97208
1015.0587,0.73504,8.75586,-0.99841
1015.0797,0.34717,8.95459,1.77895
1015.0941,-0.94334,10.44862,2.58821
1015.1140,-1.01757,13.41752,0.15323
1015.1397,-0.05028,11.26985,0.51477
1015.1578,-0.55787,10.20919,1.15165
1015.1778,-0.12690,10.96099,1.58022
1015.1979,1.49163,9.41429,0.05507
1015.2162,1.46769,9.79737,1.65923
1015.2336,0.75659,10.80776,1.80768
1015.2617,-0.69913,9.43344,3.06946
1015.2737,-0.77335,11.79899,0.33041
1015.2962,0.02634,9.80455,0.06465
1015.3187,-0.49322,8.45418,1.87472
1015.3615,0.58899,10.75269,0.15802
1015.3616,1.37671,9.32809,0.43576
1015.3774,0.45731,9.32091,-1.00320
1015.3948,-0.27534,10.51805,0.37830
1015.4149,0.27295,9.65611,0.96250
1015.4371,-0.02634,9.75667,1.07024
1015.4555,-1.07264,10.39594,-0.16520
1015.4786,-0.65603,10.02243,1.49403
1015.4988,-0.47407,10.65452,2.01359
1015.5179,0.23943,9.04078,0.95532
1015.5355,0.56744,8.89952,-0.86912
1015.5594,-0.20112,9.66090,1.36953
1015.5754,-0.16042,9.61301,0.35914
1015.5969,0.45731,9.83808,-0.11971
1015.6177,0.36632,9.70639,-1.58022
1015.6501,0.83800,8.93064,-1.25939
1015.6564,0.59378,9.28500,0.18436
1015.6772,0.16999,9.63696,0.06943
1015.6945,0.26576,10.48932,-0.49801
1015.7160,0.21070,10.30496,1.10376
1015.7386,-0.27534,10.19003,1.03912
1015.7576,0.35914,10.91789,1.45572
1015.7759,0.37111,10.03919,1.06066
1015.7974,-0.67279,10.18764,1.54431
1015.8148,-0.73744,10.99451,1.45332
1015.8345,-0.02394,9.10303,1.30249
1015.8572,0.30647,9.82610,0.35196
1015.8748,0.35196,9.51006,-0.30886
1015.8965,0.16760,9.09824,0.05507
1015.9192,0.11971,9.35204,0.92419
1015.9371,0.17957,9.63696,0.83560
1015.9568,0.10056,9.60583,0.63688
1015.9775,-0.31844,9.79498,0.14366
1015.9951,-0.32802,10.02962,1.19714
1016.0145,-0.48364,10.62579,2.85158
1016.0375,0.11493,10.24750,2.11414
1016.0651,0.43336,9.80216,1.09179
1016.0750,0.72547,9.04557,0.32562
1016.0969,0.61054,9.59146,0.60096
1016.1147,0.76377,8.59545,0.35914
1016.1349,0.55787,9.11500,0.70871
1016.1575,0.14366,9.44302,0.94574
1016.1754,-0.33041,9.07191,0.08141
1016.2094,0.65124,9.43105,-1.08461
1016.2176,0.23464,9.64653,1.03912
1016.2347,-0.27534,9.27542,0.24182
1016.2547,-0.31604,10.27623,0.95053
1016.2772,0.14126,9.42387,0.11732
1016.2948,0.23464,10.26904,0.16760
1016.3171,-0.05028,10.28102,-0.39027
1016.3539,0.26576,9.61780,1.23784
1016.3549,-0.19394,9.82371,0.78053
1016.3745,-0.43336,10.11342,0.55787
1016.3990,-0.34478,9.79019,1.76458
1016.4162,-0.09817,10.38636,0.42379
1016.4363,0.58181,8.95219,-0.69195
1016.4670,0.11014,8.95698,-0.43336
1016.4769,-0.31126,9.26584,0.15563
1016.4943,0.07901,9.02402,0.43336
1016.5164,0.51716,10.12778,0.50040
1016.5341,0.19154,8.94501,-0.34956
1016.5543,0.12211,10.37200,-0.62969
1016.5764,-0.49322,10.01046,-0.33520
1016.5955,-0.15563,9.76625,-0.24661
1016.6143,-0.39266,11.08310,-0.01915
1016.6365,-0.67040,10.02243,0.71828
1016.6542,0.21788,9.65611,-0.09577
1016.6744,1.02714,9.96976,-0.24422
1016.6968,0.00958,9.19641,-0.26576
1016.7146,0.43097,9.98173,-0.81884
1016.7363,0.39984,9.67766,1.50839
1016.7689,0.69913,8.38236,0.29928
1016.7772,0.40224,10.45101,0.34478
1016.7946,0.23703,10.38158,-0.75899
1016.8169,-0.37590,9.92666,0.63688
1016.8344,-0.36872,10.76227,1.63768
1016.8545,0.38548,9.25148,0.59857
1016.8800,-0.04549,9.93863,0.90025
1016.8975,-0.20351,10.88198,0.81645
1016.9146,0.36393,9.87638,1.79331
1016.9397,0.38308,10.62100,-0.43815
1016.9543,-0.35196,10.60185,0.08141
1016.9745,-0.56505,10.33608,1.41262
1016.9969,0.28731,10.33369,-0.87630
1017.0151,0.27055,9.13176,-0.39027
1017.0540,0.12690,9.06233,-0.62012
1017.0588,0.49561,8.98811,0.83800
1017.0743,0.35914,8.77502,0.93616
1017.0944,0.23703,9.58428,-0.14605
1017.1170,0.62491,10.10863,1.54670
1017.1347,0.38069,10.24031,1.42220
1017.1566,0.45252,10.75269,0.16760
1017.1882,0.00000,10.68325,1.32643
1017.1962,-0.69195,9.66090,1.69754
1017.2145,-0.78772,11.09507,0.71349
1017.2374,-0.90264,10.39834,0.52435
1017.2548,-0.38787,9.52682,0.52913
1017.2761,0.29450,9.46217,0.04070
1017.2980,0.22506,8.86600,-0.84997
1017.3146,0.45252,8.81333,-0.84518
1017.3371,0.41900,9.34007,-0.22506
1017.3593,0.50998,9.42626,-1.81007
1017.3794,-0.21070,9.97455,-0.40224
1017.3969,-0.27774,10.38876,0.17957
1017.4189,-0.00479,10.17806,-1.09179
1017.4371,-0.44294,10.75269,-0.35435
1017.4708,-0.36872,10.23074,0.21309
1017.4796,0.42379,10.29778,-1.16362
1017.4976,0.31365,10.57072,-0.65603
1017.5176,-0.33520,10.14215,0.79490
1017.5411,-0.00479,10.22116,0.77814
1017.5591,0.31365,10.20201,-0.35675
1017.6032,0.16760,9.72076,-0.03352
1017.6035,0.48125,9.21556,-0.97926
1017.6180,0.44294,9.79498,-1.64726
1017.6371,0.36872,9.90751,1.24981
1017.6575,0.55068,9.32091,-0.44773
1017.6755,-0.10056,10.71917,-1.92979
1017.6960,-0.04310,9.58428,-0.15323
1017.7189,-0.56505,10.22116,-0.84518
1017.7385,-0.39984,10.97296,-1.34319
1017.7574,0.13887,9.68484,-0.59139
1017.7776,0.52674,9.06233,-1.13010
1017.7957,-0.49083,10.85325,-0.50040
1017.8156,-1.15643,9.03599,2.85637
1017.8378,-0.72068,9.98413,0.84997
1017.8555,0.11971,9.01684,-0.16999
1017.8822,0.18915,10.24510,0.05986
1017.8975,1.00560,9.15092,-1.24263
1017.9152,1.02714,10.04398,-0.88588
1017.9353,0.56505,8.86121,2.80130
1017.9576,0.63927,10.53960,0.36632
1017.9754,-0.12690,9.47415,0.99362
1017.9993,-0.73744,11.30337,1.93697
1018.0313,-0.27295,10.50847,0.39984
1018.0361,-0.43815,10.50608,0.15323
1018.0557,-0.27055,10.67847,0.36872
1018.0793,0.83800,10.37200,0.15323
1018.0976,0.67519,9.37837,-0.37830
1018.1176,0.33999,8.98811,-0.73504
1018.1394,0.29210,8.42306,0.25858
1018.1583,-0.22506,10.26904,-0.04070
1018.1759,-0.12690,9.01684,0.65843
1018.1992,0.60575,8.65051,-0.32083
1018.2166,0.79729,9.93385,0.09577
1018.2365,0.17478,9.84765,-0.88588
1018.2592,-0.21070,10.41031,1.03193
1018.2769,0.09817,8.81093,1.07264
1018.3122,-0.29450,9.99610,1.18277
1018.3180,-0.11014,10.55636,-0.70871
1018.3354,0.08619,9.53161,0.56984
1018.3549,-0.35914,9.97694,1.76219
1018.3777,0.02873,9.83568,0.43097
1018.3956,0.17718,10.04159,-0.61772
1018.4166,0.42139,10.41270,-1.63529
1018.4496,0.24900,9.37119,1.02236
1018.4550,0.41182,9.98652,0.28492
1018.4753,0.59139,8.54517,0.74941
1018.4974,0.27534,9.02402,-0.65843
1018.5157,0.32562,9.55076,-0.37830
1018.5358,0.23943,10.53481,1.26418
1018.5586,-0.02394,9.93145,0.02634
1018.5763,0.20351,10.67607,-0.38787
1018.5963,-0.50998,10.30975,-0.05507
1018.6176,-0.01915,11.13817,1.41262
1018.6368,0.54589,9.33049,2.27696
1018.6580,0.28971,9.62977,1.56825
1018.6816,0.25858,8.69361,-0.43815
1018.7269,0.23943,9.71118,-0.14845
1018.7270,0.26098,9.53161,0.19633
1018.7456,0.80926,9.57231,-0.00479
1018.7550,0.41660,9.51245,0.92180
1018.7751,0.53632,8.99768,-0.06704
1018.7972,0.07422,8.83487,1.04869
1018.8152,-0.12450,9.62738,-0.34956
1018.8360,0.60575,9.53640,0.52913
1018.8668,0.05028,10.07271,-0.43336
1018.8752,0.00718,10.10863,-0.18675
1018.8969,-0.05028,10.37200,-0.25140
1018.9190,-0.07662,10.78142,1.30488
1018.9368,-0.19154,10.73832,1.21629
1018.9589,-0.16760,11.05437,1.48445
1018.9982,-0.07901,10.07511,0.10295
1019.0170,-0.03113,9.71597,-0.39984
1019.0170,-0.00479,9.92188,-0.57223
1019.0383,0.33041,9.50288,0.40703
1019.0557,0.67040,9.26105,0.20112
1019.0774,0.62730,8.74868,-0.05746
1019.1005,0.46210,9.14852,0.00958
1019.1183,-0.47407,10.53481,0.10295
1019.1523,0.06225,10.15651,2.05908
1019.1591,-0.05746,9.99849,0.46688
1019.1786,0.12690,9.54597,-0.05267
1019.1972,-0.09817,9.86681,0.17239
1019.2193,0.10295,8.84445,0.05746
1019.2372,-0.13408,10.01286,1.19474
1019.2582,-0.64885,10.02722,1.53712
1019.2953,-0.11014,9.53400,0.24661
1019.2969,-0.08380,9.51006,-0.60096
1019.3170,-0.34238,10.02483,-0.15563
1019.3391,-0.61054,10.15891,1.84359
1019.3568,-0.68476,10.63058,1.01517
1019.3768,0.13647,9.82610,0.52674
1019.4010,0.69195,10.15172,-0.31126
1019.4187,0.31604,9.04078,0.29928
1019.4369,0.48364,9.80934,1.52515
1019.4589,0.46210,9.19641,0.88349
1019.4770,0.61293,9.04557,0.05267
1019.4979,0.44055,8.86361,-0.79969
1019.5205,-0.17718,11.03761,-1.04390
1019.5387,-0.07901,10.71199,-0.09577
1019.5726,-0.41182,11.06155,0.50998
1019.5794,0.22027,9.72554,-1.17319
1019.5971,0.81405,9.33288,0.02155
1019.6206,0.40463,8.01124,-0.58420
1019.6428,0.80687,9.00966,-0.66561
1019.6608,0.36872,9.98652,1.33601
1019.6977,-0.52195,9.90751,0.32802
1019.7010,-0.39027,10.12539,-1.44135
1019.7191,-0.77335,10.56594,-0.37590
1019.7369,0.06704,11.12141,1.91303
1019.7590,0.36872,10.26904,0.22267
1019.7769,0.52913,10.65213,0.04789
1019.7968,0.54829,9.59146,-0.08141
1019.8218,-0.16281,10.16848,0.52435
1019.8449,0.12929,10.62100,0.89546
1019.8599,0.32323,9.51485,1.40783
1019.8786,-0.10535,9.43823,-1.01038
1019.8965,-0.24900,9.29936,-0.86433
1019.9166,-0.23703,9.34485,-0.58660
1019.9410,-0.04310,10.07511,0.91940
1019.9582,-0.07183,9.61301,0.68716
1019.9891,0.08380,9.34725,-0.76138
1019.9999,0.00718,9.33767,0.06225
1020.0164,-0.30168,9.24190,0.30168
1020.0368,-0.19872,10.21877,1.27854
1020.0609,0.49322,10.08708,-1.32403
1020.0767,0.19633,9.77104,-0.50040
1020.1016,0.59378,8.64573,-1.04151
1020.1239,0.08380,9.39513,0.58181
1020.1420,0.34478,9.64893,0.39984
1020.1566,-0.21070,9.92188,0.20591
1020.1793,-0.24182,9.49091,-1.28812
1020.1964,-0.01197,9.02163,-0.13169
1020.2162,-0.01197,9.44302,0.52195
1020.2405,0.42618,9.13416,0.74701
1020.2622,0.50519,9.85962,-0.82602
1020.2775,-0.46928,9.34725,-0.62491
1020.3000,-0.79490,10.90832,1.55867
1020.3216,-0.81405,10.59945,1.81725
1020.3392,-0.63927,10.54439,1.12052
1020.3617,0.01197,10.13736,-0.09338
1020.3777,0.19154,9.23232,-0.10056
1020.4083,-0.19154,9.78780,1.17559
1020.4197,0.48364,9.56273,1.64247
1020.4375,1.15404,8.94022,1.15883
1020.4578,0.43336,9.52682,-0.18915
1020.4803,-0.25140,9.83329,0.12690
1020.4980,-0.40942,10.78381,0.84518
1020.5181,-0.37111,10.60664,1.79092
1020.5499,-0.42858,10.44622,-0.09338
1020.5578,0.52195,9.98891,0.05267
1020.5776,-0.12450,10.16130,-0.19872
1020.6004,0.10056,9.76146,0.80208
1020.6180,0.73504,9.77104,0.82124
1020.6381,0.27534,10.39594,0.21788
1020.6618,0.33520,8.69361,-0.22027
1020.6888,0.17718,10.11102,-0.33759
1020.6979,-0.38548,9.27303,0.30407
1020.7198,-0.40463,9.85723,-0.23224
1020.7376,0.42858,10.02243,-0.56265
1020.7574,0.63688,9.22993,0.30168
1020.7800,-0.16042,9.51964,2.14766
1020.7978,0.24661,9.67766,1.25460
1020.8187,0.22506,10.23074,1.00799
1020.8398,0.03352,11.07352,-0.88109
1020.8574,0.15084,9.73752,0.59139
1020.8774,-0.52435,10.75269,0.83800
1020.9011,-0.26098,9.88596,1.42699
1020.9195,0.00479,10.78621,0.23464
1020.9398,0.17478,8.38715,0.73983
1020.9691,-0.48364,9.04318,0.22746
1020.9821,0.03352,8.42066,1.57304
1020.9974,0.05746,8.94980,1.91063
1021.0206,0.25140,8.94740,-0.55068
1021.0389,-0.79490,9.94342,0.30407
1021.0588,-1.07503,9.89554,1.93457
1021.0812,0.18436,8.71995,2.10936
1021.0994,0.45491,9.61301,0.31126
1021.1185,0.54111,10.02483,-0.21548
1021.1426,0.29210,9.65611,-1.02236
1021.1588,0.21309,9.91230,-0.57223
1021.1788,0.11014,10.13257,1.92739
1021.2045,0.18675,9.52921,-0.73744
1021.2379,0.26816,10.29059,-0.38069
1021.2554,0.31126,9.70400,-0.73025
1021.2609,0.35914,9.73512,1.76697
1021.2784,0.15323,9.91469,1.47727
1021.2981,0.04789,10.30256,0.24661
1021.3225,0.02634,9.59386,0.04310
1021.3384,0.33280,10.31932,-1.31685
1021.3589,-0.20830,9.55795,0.91701
1021.3804,0.73504,9.59146,-0.68716
1021.3999,0.71349,9.22275,-0.57702
1021.4187,0.36872,9.27063,-1.20911
1021.4412,-0.39745,9.95061,1.62332
1021.4589,-0.88349,10.81254,1.46530
1021.4788,-0.51716,9.79019,2.03274
1021.5014,0.05986,9.78780,0.55068
1021.5181,0.45252,10.35524,0.19154
1021.5380,0.46449,9.68484,2.15964
1021.5607,0.50280,10.51087,0.68716
1021.5780,0.35196,10.99212,0.19633
1021.6000,0.49083,10.57312,-1.27854
1021.6221,0.53632,9.04557,-0.78772
1021.6397,0.74462,8.43024,0.13887
1021.6717,0.47407,9.35443,-0.47885
1021.6806,-0.10774,10.11581,-0.51237
1021.6981,0.10295,9.89314,-0.96489
1021.7181,-0.25379,10.24031,-0.89067
1021.7418,-0.26337,11.01127,-0.04070
1021.7593,-0.21548,11.23154,0.24661
1021.7794,-0.10774,10.28820,-0.10535
1021.8021,-0.65603,10.97296,1.76697
1021.8195,-0.20591,9.56752,1.81486
1021.8389,0.15563,9.14134,1.24263
1021.8619,0.49801,9.60344,-2.29611
1021.8796,0.86673,9.56513,-1.43896
1021.8995,0.66800,10.00089,-0.27295
1021.9234,0.56744,9.81413,-0.11732
1021.9416,0.48604,9.30894,-0.18436
1021.9602,0.54350,9.34725,-1.39107
1021.9825,-0.57223,9.78061,0.59139
1022.0002,-0.22746,9.67526,0.99841
1022.0201,0.08619,9.99131,1.30727
1022.0427,-0.28013,9.45739,-0.84039
1022.0627,-0.37351,9.98891,-1.12052
1022.0898,-0.36393,9.79977,-0.28492
1022.1028,0.50280,10.26904,-0.12211
1022.1203,0.49322,10.95620,0.60096
1022.1400,-0.17239,9.65850,-0.66800
1022.1627,0.06465,10.14933,0.73025
1022.1805,-0.15563,9.68245,0.77814
1022.2006,0.17957,9.56513,1.36953
1022.2328,0.56505,8.65530,-0.27295
1022.2403,-0.19394,8.90910,-0.47646
1022.2620,-0.18915,8.66727,0.19394
1022.2840,-0.08141,9.59146,0.92898
1022.3019,0.43815,10.57791,0.09817
1022.3202,0.98405,8.38715,-1.39586
1022.3715,0.37111,9.46936,-0.64406
1022.3716,0.13887,11.07113,-0.34956
1022.3853,0.58660,9.66808,2.28414
1022.4034,0.79490,9.80934,0.02873
1022.4199,0.81645,9.56992,-0.09817
1022.4410,0.09577,10.09905,0.57941
1022.4634,0.36632,10.59706,0.87152
1022.4813,0.38787,10.05117,0.29450
1022.5228,0.38069,9.47893,-0.36393
1022.5256,-0.05267,9.66329,-0.09338
1022.5445,0.19872,8.69122,0.14845
1022.5624,0.39984,9.00247,-0.69913
1022.5869,-0.02634,9.64893,-0.93856
1022.6049,-0.20591,9.94821,-0.19872
1022.6381,0.24182,8.98571,-0.91461
1022.6520,0.49083,9.66329,0.42139
1022.6617,-0.24422,10.52284,-0.38308
1022.6809,-0.17957,10.05117,-0.78053
1022.7050,-0.06943,10.10145,0.15323
1022.7224,-0.69673,10.94423,0.31365
1022.7426,-0.20830,9.08388,0.87630
1022.7671,-0.01437,10.46537,0.36393
1022.7864,0.41421,9.67766,-0.30168
1022.8018,0.33041,9.48612,-0.25140
1022.8233,-0.38069,10.60185,0.96729
1022.8405,0.24661,9.41668,0.87391
1022.8622,-0.22267,9.63935,-0.27055
1022.8849,0.01197,10.35045,-0.48364
1022.9024,0.09817,9.58428,-0.10056
1022.9215,-0.19633,9.57949,0.34478
1022.9433,-0.47885,9.58907,1.98725
1022.9610,-0.50040,10.88677,0.50280
1022.9822,0.05507,10.76945,-0.99123
1023.0045,-0.02634,9.84526,1.23305
1023.0220,0.48364,10.06553,0.86194
1023.0441,0.99841,9.51485,-0.05746
1023.0641,0.30886,9.65372,0.43576
1023.0831,-0.08141,9.65372,0.96250
1023.1021,1.16841,8.52122,1.35516
1023.1241,0.80926,9.86202,-1.11813
1023.1418,0.81884,9.20359,-2.10217
1023.1631,1.18756,8.52601,-1.26897
1023.1853,0.08859,9.56992,1.45572
1023.2056,0.13647,9.40232,0.71110
1023.2219,0.59139,10.08947,-0.31604
1023.2438,-0.45012,9.97455,-0.24661
1023.2614,-0.41660,9.87160,0.15323
1023.2814,-0.17478,11.26985,0.99123
1023.3038,-0.09338,9.53400,1.17080
1023.3212,-0.04789,9.63217,-0.34717
1023.3422,-0.03113,10.77424,-0.40942
1023.3639,-0.44294,10.48453,1.35516
1023.3814,0.01676,10.36721,1.55149
1023.4016,0.92180,9.74470,-1.22587
1023.4240,0.03352,9.57471,-0.19633
1023.4439,-0.39745,10.51326,-0.78293
1023.4637,-0.54350,10.61382,1.40783
1023.4853,0.07662,10.55157,-1.48684
1023.5012,-0.41421,10.49650,-0.77575
1023.5222,-0.34717,10.12539,-0.50519
1023.5460,-0.07183,10.75987,0.35675
1023.5644,0.80448,9.12698,0.28971
1023.5858,0.36872,9.43823,-0.25140
1023.6236,0.13408,9.50288,-0.31844
1023.6237,0.44773,9.41429,1.02236
1023.6432,0.41182,9.39753,0.57223
1023.6653,0.61054,9.83089,-1.43178
1023.6827,0.52674,9.71118,-0.54829
1023.7032,-0.36154,10.03680,-0.54350
1023.7252,0.24182,9.50288,1.60177
1023.7427,0.59617,10.09426,1.40065
1023.7673,0.46928,9.66808,-0.78293
1023.7853,-0.14845,9.51724,-0.05028
1023.8027,-0.06943,10.45819,0.31365
1023.8229,0.24422,9.11261,1.26178
1023.8452,0.86673,8.70798,0.11253
1023.8629,0.87870,9.74230,-1.10855
1023.8830,0.50998,10.03201,-0.38069
1023.9189,0.33041,10.31214,1.92500
1023.9245,0.76377,9.90272,-0.00718
1023.9442,0.90743,10.95141,-0.16999
1023.9659,0.02634,9.61780,0.49801
1023.9841,-0.14126,9.51006,0.86194
1024.0040,0.45012,10.39355,0.81884
1024.0264,0.82124,8.60023,-0.34478
1024.0568,-0.17239,12.81895,2.49962
1024.0625,-1.51079,11.86124,1.60656
1024.0862,-2.38470,11.20521,3.46212
1024.1025,-1.58980,10.72156,-0.50280
1024.1227,-1.34798,10.56594,0.79729
1024.1443,-0.97208,10.17327,-0.26098
1024.1620,-0.80208,9.31612,1.59219
1024.1824,-0.77814,9.07909,2.27217
1024.2046,0.79969,9.25866,-0.47885
1024.2223,1.10615,9.34007,-1.47487
1024.2423,0.54589,10.06314,-0.37830
1024.2648,1.24742,9.92188,0.31365
1024.2823,1.02954,10.05595,-0.47167
1024.3031,-0.03352,9.18444,-0.26816
1024.3344,-0.14366,9.85244,0.79969
1024.3436,0.21070,9.47654,0.85954
1024.3635,0.76138,8.80854,1.34079
1024.3857,0.99602,9.34246,0.59139
1024.4036,0.13169,9.31373,1.08940
1024.4252,-0.06943,10.63537,0.45012
1024.4500,0.32083,9.58668,2.32963
1024.4669,0.47167,7.98251,0.99841
1024.4840,0.59139,10.12539,1.29530
1024.5061,-0.18196,10.36482,-0.59857
1024.5239,0.80926,9.22993,1.96809
1024.5470,1.65923,8.99290,0.22506
1024.5697,1.19953,9.20359,-1.19235
1024.6041,1.01038,9.88117,-1.14686
1024.6169,0.37111,8.78220,-0.28252
1024.6272,-0.33520,9.05515,2.00401
1024.6433,-0.06465,10.00328,1.22347
1024.6639,0.69673,9.35683,0.19872
1024.6858,0.00239,9.05036,-0.88828
1024.7040,-0.69673,9.92188,1.16841
1024.7239,-0.57223,9.99370,2.68398
1024.7539,0.17718,9.83808,1.48684
1024.7635,0.17478,10.17567,0.41421
1024.7833,-0.14605,9.92666,-0.73025
1024.8058,0.11253,10.41749,1.41502
1024.8235,0.46688,9.50048,1.43178
1024.8452,0.35914,10.10384,1.08940
1024.8680,0.52913,9.70878,-0.52435
1024.8884,-0.27774,9.53161,0.77096
1024.9032,0.31604,9.69921,1.10137
1024.9259,0.55547,9.46696,0.51237
1024.9434,-0.02394,10.45101,-0.04549
1024.9640,0.53392,9.32570,-0.91701
1024.9858,-0.29689,9.86441,0.40703
1025.0034,-0.68716,9.85723,0.37351
1025.0370,0.01197,9.84047,1.36234
1025.0470,0.30407,9.68484,-0.28971
1025.0663,-0.01437,9.49569,0.94813
1025.0863,0.00718,10.28341,0.98884
1025.1086,0.54589,10.95381,1.32643
1025.1244,0.44294,10.41988,0.51477
1025.1552,0.62730,10.59706,0.31365
1025.1683,0.08141,10.66410,0.42379
1025.1844,-0.25379,10.30017,1.45332
1025.2042,0.22027,9.02642,2.32484
1025.2271,0.85236,9.01923,0.22027
1025.2445,0.85954,9.59865,0.52674
1025.2646,-0.24661,10.65452,0.62012
1025.2875,-0.00479,10.07511,0.98644
1025.3164,0.25619,10.78621,1.16362
1025.3269,0.36154,10.07271,0.69434
1025.3464,0.64885,8.46137,-0.23224
1025.3644,-0.21309,9.56273,0.64167
1025.3882,-0.59139,10.02962,1.80049
1025.4104,0.18915,9.07909,0.75899
1025.4380,0.19154,9.46217,0.26576
1025.4507,0.13408,9.04796,-0.18196
1025.4669,0.03831,9.05994,0.72547
1025.4836,-0.02155,8.75347,1.72627
1025.5035,-0.20591,9.85244,1.97049
1025.5272,0.22985,9.96976,1.13489
1025.5437,0.52195,10.06074,-0.45970
1025.5718,0.11493,9.79977,-0.10056
1025.5870,-0.08380,10.83409,1.97049
1025.6041,-0.11493,10.20679,2.50920
1025.6241,-0.35435,10.73114,2.41103
1025.6465,0.40942,9.28260,-0.18196
1025.6641,1.15883,9.20120,-1.41741
1025.6882,0.08859,9.56034,-0.96250
1025.7263,-0.99841,10.20440,1.73824
1025.7264,0.30886,9.05515,1.11094
1025.7450,-0.18675,9.40711,0.28252
1025.7661,0.24422,10.38158,-0.83321
1025.7882,0.86673,10.34566,0.04549
1025.8057,0.21309,9.11261,1.42459
1025.8301,0.03113,9.68724,1.03912
1025.8623,-0.16999,10.20201,2.39188
1025.8765,0.02634,9.43105,1.98246
1025.8865,0.61054,9.09824,0.80687
1025.9041,0.18436,10.11102,0.43097
1025.9246,-0.04549,10.68804,1.24263
1025.9467,0.33759,9.85962,2.80130
1025.9644,-0.06465,8.98332,1.66642
1025.9865,0.54829,9.69921,0.29689
1026.0198,0.96010,9.47654,0.43097
1026.0243,-0.73983,10.07511,0.02634
1026.0439,-0.84757,9.67526,0.99123
1026.0669,-0.16520,9.83329,1.47008
1026.0841,-0.01676,9.87399,1.05348
1026.1042,0.05028,9.68724,-0.24422
1026.1283,0.13408,9.91230,-0.92898
1026.1473,-0.05746,8.91149,-0.51956
1026.1670,0.09338,9.50048,0.77575
1026.1946,0.38069,8.50686,0.82842
1026.2042,0.09817,10.91789,0.83321
1026.2255,0.38069,10.62579,0.62730
1026.2499,0.08380,9.94342,0.11253
1026.2822,0.62730,10.72635,-0.66561
1026.3007,0.33280,9.86681,0.93856
1026.3068,-0.12929,10.11581,3.17241
1026.3242,-0.01197,10.96578,1.36474
1026.3440,0.00479,10.01765,1.52276
1026.3663,0.33759,10.40073,-0.72547
1026.3840,-0.10774,9.60822,0.03831
1026.4047,-0.01676,9.69202,0.84997
1026.4301,0.08141,9.59865,1.54910
1026.4431,0.34717,9.41668,1.05588
1026.4645,0.32802,9.33049,1.79331
1026.4871,-0.03831,8.96177,0.61293
1026.5042,0.23703,9.11979,0.00000
1026.5247,0.37111,9.53879,-0.19394
1026.5470,0.03352,9.24190,-0.03831
1026.5686,-0.41900,9.39274,1.15643
1026.5835,-0.24900,9.66569,1.39826
1026.6053,-0.07901,10.54199,2.76060
1026.6228,0.03113,9.97934,1.18756
1026.6433,0.80208,9.67526,0.12690
1026.6654,0.32802,10.26904,1.56107
1026.6831,-0.45252,9.78780,1.68796
1026.7140,-0.23703,10.01765,1.71191
1026.7250,0.36872,9.82850,1.43656
1026.7429,-0.11971,8.54756,1.22347
1026.7627,-0.22746,10.16609,0.33280
1026.7854,-0.18196,9.68963,0.16042
1026.8033,-0.05746,9.13895,1.04630
1026.8239,0.05986,9.64653,0.29450
1026.8549,-0.10774,8.60742,0.46928
1026.8645,0.05267,9.17247,0.24661
1026.8831,-0.05507,9.48851,0.47167
1026.9053,0.31365,9.04796,0.50280
1026.9243,0.58660,9.35443,0.86194
1026.9443,0.21548,10.25468,1.02236
1026.9696,-0.22027,10.68325,0.33041
1026.9871,0.10056,10.71917,1.01038
1027.0029,-0.09577,10.75508,0.31604
1027.0250,-0.15323,10.34327,1.22347
1027.0427,0.47885,9.94103,1.46290
1027.0634,0.50040,10.53241,2.23386
1027.0857,0.11014,10.26186,0.12211
1027.1050,-0.17957,9.69681,0.71828
1027.1238,-0.41421,9.34485,2.82046
1027.1450,-0.58420,9.40471,1.08700
1027.1630,0.00958,8.64094,2.01837
1027.1832,0.24900,9.06472,0.29210
1027.2056,0.17718,9.82371,0.44773
1027.2233,-0.06704,10.25947,0.30407
1027.2458,-0.42379,10.24031,1.52755
1027.2770,0.44294,9.41908,0.20351
1027.2830,0.46210,10.57551,-1.30009
1027.3032,-0.10774,10.30496,-0.36393
1027.3253,-0.28492,10.77424,1.30967
1027.3438,-0.05028,9.05036,1.34798
1027.3639,0.08141,8.45418,0.98884
1027.3898,-0.52674,10.02722,-0.10535
1027.4283,0.36154,8.91389,0.74701
1027.4286,0.31365,8.78699,0.16999
1027.4462,-0.13887,9.80934,-0.73025
1027.4637,-0.26337,9.87399,1.05588
1027.4838,-0.83800,10.22834,1.74303
1027.5079,-0.54350,10.86282,1.28573
1027.5254,0.17957,9.42865,1.08940
1027.5597,0.32323,10.12060,0.71110
1027.5662,0.41900,10.81973,0.08141
1027.5836,-0.03591,9.95061,1.92021
1027.6035,-0.22985,9.73752,0.94095
1027.6271,0.12690,9.10782,0.89546
1027.6451,-0.26816,9.80455,0.75420
1027.6650,-0.24182,9.03360,0.98644
1027.7198,-0.42139,9.28979,2.41103
1027.7198,-0.79250,8.49489,2.11414
1027.7235,-0.86433,9.39992,1.76458
1027.7461,-0.39266,9.54358,1.22108
1027.7638,-0.36872,10.42228,1.00560
1027.7837,-0.07422,9.89793,0.96489
1027.8143,-0.16281,9.99610,0.45970
1027.8314,0.27055,9.36880,0.22985
1027.8434,0.14366,11.78701,1.14446
1027.8656,-0.65603,9.00008,1.12770
1027.8854,0.39027,9.22514,0.81166
1027.9033,0.30407,10.15412,1.61135
1027.9275,0.50998,9.64414,1.57064
1027.9513,0.29928,9.62977,2.33202
1027.9630,-0.06465,9.69442,2.07584
1027.9872,0.25619,9.53400,0.72307
1028.0032,-0.32802,9.49330,2.00161
1028.0225,0.84997,9.65850,0.37351
1028.0448,0.15323,9.71357,0.87630
1028.0636,-0.44773,9.98891,-0.28971
1028.0848,-0.15563,9.63217,0.89306
1028.1157,-0.74223,10.23313,2.42061
1028.1229,-0.84518,9.65850,1.92739
1028.1433,-0.56505,9.59146,-0.28731
1028.1656,0.23464,9.29457,2.11175
1028.1837,-0.14845,8.80614,1.82683
1028.2036,0.23224,8.93064,2.42540
1028.2279,0.27295,8.95219,1.64966
1028.2472,-0.12211,9.08867,2.18837
1028.2656,0.29689,10.04877,0.69195
1028.2856,1.03912,10.50847,-0.76377
1028.3057,0.92898,10.42228,1.48684
1028.3251,-0.10295,10.29299,1.94176
1028.3473,-0.16520,9.50767,0.92419
1028.3650,-0.20112,9.56034,0.86673
1028.3956,-0.35196,10.53720,-0.14605
1028.4060,-0.92658,10.78142,1.62332
1028.4236,0.33041,9.84526,1.35516
1028.4454,-0.16281,9.97215,1.84120
1028.4681,-0.28252,9.59386,3.12213
1028.4858,-0.50519,10.24031,3.85478
1028.5232,-0.74223,10.81733,3.66563
1028.5356,0.08141,9.82850,3.02876
1028.5435,0.16999,8.95219,1.81247
1028.5632,-0.10056,9.09585,2.67440
1028.5856,0.03591,9.21317,1.86993
1028.6051,-0.13169,8.90191,1.36474
1028.6250,1.85796,8.24588,2.21710
1028.6481,1.64726,7.90111,0.53392
1028.6659,-0.13647,11.07592,-0.18915
1028.6837,3.21791,8.64333,0.85715
1028.7081,2.55709,8.89234,-2.42301
1028.7233,-0.09338,9.77582,1.64008
1028.7440,-1.17559,10.27144,2.53554
1028.7664,-0.32323,10.80297,2.50920
1028.7839,-0.72786,8.85882,1.28094
1028.8099,-0.03831,8.51644,2.11175
1028.8263,0.13887,11.57392,-1.48684
1028.8435,-0.18436,8.14053,0.67758
1028.8634,0.25140,9.68005,0.80687
1028.8857,0.68716,10.64255,0.23464
1028.9034,-0.00479,9.18204,3.61536
1028.9248,-0.02394,9.50288,1.98964
1028.9570,0.67997,9.66090,2.05189
1028.9634,-0.49083,10.23074,2.84679
1028.9834,-0.64885,9.77582,4.85798
1029.0056,0.45012,9.14613,3.97210
1029.0232,-2.18358,10.93705,2.94496
1029.0458,-2.60497,11.84448,4.81967
1029.0878,-1.77176,10.02483,5.54753
1029.1013,-1.83401,11.35605,1.58501
1029.1057,-1.51079,10.06314,8.19321
1029.1272,-1.33361,11.24112,7.30254
1029.1449,-2.34878,11.21718,2.14048
1029.1658,-1.35516,11.88279,9.09106
1029.1886,-1.60895,11.68646,9.61780
1029.2059,-2.13330,12.69205,-1.41741
1029.2383,-0.87391,6.65608,9.15092
1029.2468,-1.01517,12.14855,6.90509
1029.2644,-0.00239,8.84685,-1.40305
1029.2843,1.41502,5.60739,-1.41741
1029.3066,0.56265,11.08070,-2.18597
1029.3242,-0.50519,8.88037,-4.83644
1029.3495,-1.48684,5.99766,-0.86433
1029.3851,-0.78053,11.58829,-0.85954
1029.3853,0.81884,6.99847,-2.81567
1029.4049,-0.61772,6.66806,-2.29132
1029.4277,0.80448,9.13895,-3.88112
1029.4458,3.70155,8.55235,3.12932
1029.4667,2.21470,10.06793,-1.42699
1029.4890,1.41980,9.82850,-2.10936
1029.5208,2.01598,11.05676,-0.70871
1029.5261,0.74462,9.44302,0.71349
1029.5474,0.70871,9.08388,0.84757
1029.5664,0.06465,9.19641,0.35435
1029.5867,-0.36154,9.51724,4.97291
1029.6091,-2.32724,8.45418,1.60177
1029.6281,-0.57702,9.84047,-2.52835
1029.6656,0.53392,5.34402,-5.55232
1029.6682,-0.37830,7.32888,-1.46290
1029.6852,2.04471,9.64174,-2.79891
1029.7051,0.48364,7.04156,-2.51399
1029.7275,0.77335,9.45739,-0.07183
1029.7467,1.80289,10.23313,-1.11334
1029.7670,0.81884,6.77580,-0.50759
1029.7998,3.16284,9.65132,-2.67919
1029.8053,-0.57463,10.75269,3.91225
1029.8253,1.40783,9.39992,4.13012
1029.8474,-2.21949,10.89395,3.70873
1029.8652,-2.74623,11.03282,3.59141
1029.8855,-0.52435,9.77582,4.45096
1029.9120,-1.55628,10.28580,2.97130
1029.9390,-2.06147,9.29697,3.29213
1029.9535,-1.06545,9.36401,3.74943
1029.9691,-1.24263,9.83089,2.65286
1029.9852,-1.68078,10.83649,1.39347
1030.0056,-0.96729,10.43904,2.10217
1030.0280,-0.66321,10.02483,1.72627
1030.0457,-1.21869,9.98173,1.52755
1030.0789,-0.69673,9.82850,2.54751
1030.0876,-0.50040,9.80934,2.69835
1030.1053,-0.22267,10.06553,1.23545
1030.1250,-0.26337,10.07271,1.56107
1030.1472,-0.47885,10.04398,2.21949
1030.1649,-0.56984,9.48133,1.46051
1030.1864,-0.74941,10.14933,1.78134
1030.2158,0.10535,9.41189,1.45572
1030.2253,-0.32562,8.81572,1.86993
1030.2454,-0.80926,9.87399,-0.10774
1030.2675,-1.31925,9.91948,0.55068
1030.2853,-0.52195,10.05595,0.97208
1030.3054,-0.26576,10.66171,1.80768
1030.3290,-0.08619,8.98092,2.40146
1030.3473,0.50998,10.00089,1.47248
1030.3712,0.54111,10.51326,0.25619
1030.3871,0.19872,9.97455,0.24182
1030.4049,-0.66082,10.46777,0.29689
1030.4253,-0.36393,10.32172,2.15964
1030.4481,-0.11493,9.59386,0.86433
1030.4838,0.78772,8.29137,0.81405
1030.4856,-0.02155,9.26345,1.14207
1030.5083,-0.45012,10.20440,2.34639
1030.5255,0.09338,9.43584,2.94735
1030.5449,0.19633,9.06233,1.43178
1030.5673,-0.24422,9.67766,1.86275
1030.5863,0.08859,8.95938,0.96729
1030.6064,-0.58660,9.06712,2.30329
1030.6356,-0.22985,11.09507,-1.02954
1030.6454,-0.41900,9.24908,2.15724
1030.6650,-0.18436,9.13176,2.37751
1030.6877,-0.05028,8.09983,0.65364
1030.7054,0.51716,9.89075,0.28492
1030.7255,0.77575,9.81653,0.97447
1030.7482,0.90264,9.18683,1.27375
1030.7668,0.16760,9.19641,3.00242
1030.7858,-0.50040,9.50767,2.51159
1030.8083,-0.36632,10.18046,1.83880
1030.8258,-0.25379,10.55396,1.62332
1030.8459,-0.29689,9.31133,2.59300
1030.8699,-0.75899,10.07990,2.11414
1030.8875,-0.10535,9.45978,1.36713
1030.9167,0.73025,9.57710,0.87152
1030.9282,0.75659,9.07430,1.81247
1030.9458,1.12052,8.94022,2.73666
1030.9658,-0.13169,9.61301,2.12612
1030.9891,-0.15323,9.86202,1.13489
1031.0073,-0.41421,9.28021,1.52755
1031.0304,-0.94813,9.61062,1.36234
1031.0719,-1.14207,10.79339,1.58980
1031.0720,-0.22267,9.38316,1.52515
1031.0861,-0.15802,10.01525,0.04549
1031.1101,-0.11971,10.09666,0.33520
1031.1277,0.46210,9.99370,0.75899
1031.1460,-0.50280,11.35365,0.79490
1031.1776,0.00479,10.26665,0.84039
1031.1962,-0.07901,9.43584,3.17960
1031.2078,-0.05267,9.54358,2.88510
1031.2283,0.31844,9.25387,3.08383
1031.2461,-0.04310,9.01444,1.63050
1031.2659,-0.33041,9.46936,0.49801
1031.2920,-0.64167,10.35524,1.45811
1031.3079,-0.32323,10.20919,2.57863
1031.3397,0.62969,8.42545,2.39906
1031.3483,0.20830,9.66569,2.47089
1031.3656,0.16281,10.23313,2.30090
1031.3868,0.21309,10.00089,2.26259
1031.4091,0.04070,10.35284,1.13728
1031.4283,-0.23943,9.69442,1.42220
1031.4506,0.44534,9.94582,0.91701
1031.4709,0.20591,9.26824,0.66561
1031.4873,0.71589,9.97934,1.03672
1031.5067,0.80926,9.73991,0.55068
1031.5291,0.97208,9.11979,0.74462
1031.5466,-0.45731,9.76385,2.83243
1031.5674,-0.05028,9.79258,2.82046
1031.5903,0.16520,10.06793,2.45413
1031.6104,-0.41660,9.35443,1.14686
1031.6290,-0.82124,9.54358,1.91542
1031.6510,-0.46449,10.09905,2.79172
1031.6694,-0.73744,8.83727,4.09182
1031.6907,-0.11493,8.92825,1.87711
1031.7104,0.78532,8.94740,0.39984
1031.7300,0.28971,10.15651,1.75740
1031.7653,-1.89148,11.34168,3.27058
1031.7689,-1.23305,10.78142,4.15886
1031.7891,-0.18196,9.56034,2.94017
1031.8064,-0.16042,9.45499,-0.01437
1031.8293,-0.84039,9.56034,1.02954
1031.8475,-0.41421,10.47495,1.36234
1031.8682,-0.31844,9.41429,2.81327
1031.8993,0.02634,9.27781,2.43019
1031.9070,0.99362,9.05036,0.94574
1031.9266,0.22267,11.04718,1.91781
1031.9490,-0.43576,12.39995,0.10056
1031.9666,-1.06545,8.92107,1.14207
1031.9877,0.99841,8.86600,0.73983
1032.0117,0.33280,9.68963,-0.01437
1032.0291,-1.03433,10.57312,1.04869
1032.0479,-0.58899,9.07670,1.94894
1032.0702,-0.89546,9.72554,2.18837
1032.0876,-0.72786,9.61062,0.28492
1032.1077,-0.67519,8.83009,0.57463
1032.1298,-0.65364,10.15412,0.90743
1032.1476,-0.78293,10.15651,0.46210
1032.1776,0.22746,8.37996,0.52913
1032.1942,0.16760,9.20838,1.75979
1032.2075,0.48364,10.66889,-0.58899
1032.2278,0.21309,7.83646,2.12612
1032.2500,1.29770,9.22275,1.16122
1032.2683,-0.08859,10.69044,1.43896
1032.2908,-0.25858,10.89395,1.27136
1032.3234,-0.03591,10.60664,1.88190
1032.3281,0.14126,10.76466,0.78053
1032.3474,0.70392,9.63456,1.82204
1032.3699,0.15802,10.63537,0.35914
1032.3894,0.16760,9.59865,2.36315
1032.4075,0.71349,8.24349,1.30249
1032.4297,0.38548,9.47175,0.79490
1032.4515,-0.17718,10.09187,0.19394
1032.4675,-0.25619,9.40471,1.19474
1032.4895,-0.31126,9.65611,0.55308
1032.5090,0.44055,9.14134,0.42858
1032.5291,0.67279,8.73910,0.27295
1032.5513,0.47885,10.23074,-0.01915
1032.5717,-0.13169,10.08947,0.80687
1032.5891,0.11253,10.21637,0.44055
1032.6099,0.39266,9.34007,0.86673
1032.6274,-0.10295,10.41510,1.00799
1032.6473,-0.08380,10.21637,2.51878
1032.6699,-0.19633,10.24031,2.17879
1032.6875,-0.40224,9.74949,1.89387
1032.7085,-0.35914,10.94423,-0.25858
1032.7422,-0.52913,9.08148,1.25221
1032.7476,0.33999,9.40471,-0.08141
1032.7676,0.80448,8.95459,0.63688
1032.7894,0.65843,9.34485,0.23464
1032.8074,0.60575,8.97614,1.41502
1032.8282,0.59857,8.74389,1.05827
1032.8522,0.68476,9.00487,0.56984
1032.8712,0.05986,9.43344,2.99763
1032.8872,0.69434,9.45499,3.17481
1032.9103,0.63448,10.10623,1.99443
1032.9280,-0.36393,10.55875,1.34319
1032.9479,0.44773,11.01606,3.11974
1032.9720,0.72307,10.55396,1.65205
1033.0085,0.46210,9.23232,0.73504
1033.0088,-0.36154,11.59547,1.26178
1033.0297,-0.03591,9.88117,2.00401
1033.0475,0.49083,8.56193,2.32963
1033.0675,0.79250,9.32570,1.25699
1033.0895,0.95292,9.28739,-1.04630
1033.1073,0.67997,8.93304,2.25062
1033.1277,0.68237,10.22355,1.55867
1033.1500,0.67279,9.73033,0.91461
1033.1674,0.90982,10.85564,1.35995
1033.1875,0.13887,10.42467,0.97208
1033.2097,0.37590,9.66569,-0.74701
1033.2274,0.75180,8.44461,1.35995
1033.2474,0.05986,8.46616,3.09580
1033.2716,1.04151,8.85642,1.44854
1033.2992,-0.25379,10.15891,1.71430
1033.3198,-0.42618,9.40950,2.83961
1033.3315,0.19394,9.83568,3.31607
1033.3472,-0.73025,9.50767,2.35118
1033.3673,-0.20351,10.11581,2.06147
1033.3894,0.34478,10.36721,0.75420
1033.4072,-0.05746,9.88836,2.43737
1033.4294,-0.31365,9.88117,1.64247
1033.4501,0.54829,8.57869,2.50920
1033.4673,-0.90504,9.30655,3.25861
1033.4875,-0.94574,10.03201,3.18678
1033.5114,-0.37590,8.72713,1.94655
1033.5286,-0.53153,9.18683,-0.20351
1033.5505,-0.75420,10.04398,0.90743
1033.5713,-1.19953,9.88117,1.78852
1033.5873,0.59139,9.05515,0.48604
1033.6111,-0.39266,10.66889,1.10376
1033.6295,-1.11813,10.70480,0.93856
1033.6490,-0.78053,10.42946,0.74701
1033.6686,-0.10056,9.72315,-0.21548
1033.6912,-0.40224,9.42626,1.32643
1033.7084,0.20591,9.73991,0.16999
1033.7294,1.14686,10.05595,-0.19394
1033.7494,0.93616,10.38158,-1.32403
1033.7672,1.26897,9.67526,1.14686
1033.7872,0.43336,10.81973,-0.73744
1033.8098,0.70392,10.29059,0.15323
1033.8289,0.38787,9.13655,0.73983
1033.8485,0.15323,8.87797,2.73187
1033.8696,0.92419,10.66171,0.62730
1033.8872,0.32562,8.32250,2.86595
1033.9070,-0.03352,9.73752,1.49163
1033.9312,-0.53392,11.52364,1.42459
1033.9490,0.28492,9.45499,3.60338
1033.9689,-0.18196,9.61541,0.76138
1034.0000,-0.51956,10.88437,1.96091
1034.0073,-0.73983,8.92825,0.69673
1034.0275,-0.33280,9.88596,-0.23464
1034.0513,-0.74941,10.24750,0.70152
1034.0679,-0.67519,9.23232,0.46449
1034.0872,0.06704,9.82131,-0.08859
1034.1105,0.30647,9.63696,-0.58181
1034.1387,0.80687,8.71995,0.78532
1034.1471,0.42379,10.47974,-0.21070
1034.1693,1.37910,10.37439,0.82842
1034.1871,0.92658,9.22035,2.38709
1034.2072,1.10855,10.89395,1.38629
1034.2294,1.44375,10.32651,0.42379
1034.2483,0.54589,8.81572,0.90743
1034.2780,0.21788,9.89314,1.58980
1034.2892,0.21788,9.35922,1.87472
1034.3071,-0.34238,8.92825,1.60895
1034.3271,0.08859,9.18683,1.29770
1034.3500,-0.39506,10.30975,-0.39984
1034.3676,-0.11971,9.97694,-0.79490
1034.3875,0.46688,10.25468,-0.02394
1034.4163,-0.34238,10.79818,1.17798
1034.4298,0.72547,9.69202,0.93856
1034.4471,1.35516,9.54597,-0.33520
1034.4694,0.77096,10.65452,-0.61533
1034.4872,0.77814,9.72554,0.88109
1034.5071,0.29928,8.98571,1.29291
1034.5294,0.83081,9.39035,0.93856
1034.5598,-0.22027,9.91948,1.89387
1034.5670,-0.22746,8.52841,1.61853
1034.5890,-1.01517,9.75428,0.49322
1034.6069,0.56265,8.97374,-0.66561
1034.6271,2.01837,8.08068,-0.74701
1034.6492,0.82602,9.33767,-1.11094
1034.6759,1.18995,10.00328,1.25939
1034.6876,0.33041,9.70400,3.11256
1034.7096,0.14126,9.67526,3.50761
1034.7271,-0.56984,10.28341,-0.15802
1034.7467,-0.02873,9.14613,-0.09817
1034.7693,-0.79729,11.30098,-0.40224
1034.7877,-0.85236,9.55555,0.81884
1034.8088,-0.13647,9.31133,-0.55547
1034.8315,-0.23703,10.59706,-0.45970
1034.8472,0.37590,10.10623,0.17718
1034.8672,1.61853,9.18444,-0.18675
1034.8894,2.06865,9.56273,0.23464
1034.9072,-0.04310,9.80455,0.39984
1034.9282,1.05827,10.60903,-0.28731
1034.9541,-0.51956,12.12461,-1.45332
1034.9724,-1.10137,11.13577,2.16682
1034.9873,0.13887,9.25387,-0.47646
1035.0095,-0.05507,9.57949,0.37830
1035.0293,0.00718,8.47813,-0.44773
1035.0482,0.67758,9.76864,2.59061
1035.0703,0.31365,10.58509,2.56906
1035.0885,0.18196,9.13895,0.80208
1035.1172,0.06225,10.69044,0.11253
1035.1306,-0.32562,10.30735,0.81166
1035.1470,-0.24182,9.74709,-0.08859
1035.1685,0.53153,8.85403,0.62730
1035.1930,-0.49083,10.13975,-0.00718
1035.2108,-0.66800,9.23232,1.45811
1035.2302,0.04310,9.76146,0.14845
1035.2640,-0.38069,8.68882,1.61853
1035.2686,-0.30647,9.27063,0.46688
1035.2870,0.14366,9.29936,-0.23224
1035.3094,-0.13169,9.82850,0.33759
1035.3269,1.92021,8.75347,-0.79250
1035.3469,1.25939,10.18285,0.67997
1035.3702,1.28573,9.28739,0.55308
1035.3921,0.89067,9.44063,0.86912
1035.4067,-0.21309,11.16929,0.40224
1035.4293,-0.02394,10.20679,1.07742
1035.4465,-0.05746,10.13496,1.21869
1035.4669,-0.42139,10.61861,1.10615
1035.4906,-0.25379,10.37679,2.20273
1035.5092,0.49083,9.25387,1.27136
1035.5369,0.80448,9.16289,-0.77575
1035.5511,0.79250,8.53320,0.42139
1035.5664,-0.11971,8.50925,0.10295
1035.5867,0.09098,9.42865,0.57941
1035.6101,0.31365,9.55555,0.96010
1035.6281,0.05267,9.66569,1.81247
1035.6483,0.95771,10.19961,0.48125
1035.6797,1.19714,9.54119,0.06704
1035.6865,0.66561,10.54918,-1.09658
1035.7073,0.24661,10.76466,0.18196
1035.7290,-0.21070,10.50608,-0.64167
1035.7480,0.35914,10.43425,1.48445
1035.7684,0.69673,9.66569,1.45811
1035.7903,0.66800,9.39274,0.79490
1035.8241,0.97208,9.47415,-0.21788
1035.8273,0.53632,9.09106,0.32083
1035.8489,0.33999,9.11979,-0.08141
1035.8680,0.29928,9.21078,1.63529
1035.8883,0.19872,8.45418,2.56187
1035.9105,0.65843,9.12458,1.57304
1035.9297,0.39745,9.38077,0.29928
1035.9669,-0.23464,9.51964,-0.07422
1035.9708,-0.70631,10.20440,0.39506
1035.9866,-0.45491,10.57791,0.85715
1036.0065,-0.10535,10.36003,1.43417
1036.0293,0.49561,10.51326,1.10855
1036.0493,1.45572,8.48052,0.44773
1036.0856,0.28013,10.46777,-0.31604
1036.0891,-0.16281,10.97536,-0.76856
1036.1062,0.15084,9.23232,0.18196
1036.1266,-0.22267,10.80057,1.04869
1036.1501,0.50040,10.42946,1.83162
1036.1678,0.50040,9.42147,1.30009
1036.1880,0.45491,10.88677,-0.40463
1036.2112,0.12929,10.47256,-0.39506
1036.2291,0.17239,9.16289,0.47407
1036.2491,0.53153,8.76065,1.07024
1036.2690,0.12450,9.18683,2.06626
1036.2865,-0.06465,9.24908,-0.02634
1036.3064,0.40224,10.08708,-0.85715
1036.3311,0.13887,8.96177,-0.10295
1036.3694,-0.56265,9.85484,-1.46769
1036.3726,0.51956,8.97374,1.74543
1036.3943,0.37590,10.27144,0.86912
1036.4072,0.33999,10.02962,1.29770
1036.4351,-0.13887,10.75269,-1.09897
1036.4495,-0.02155,10.18046,0.13408
1036.4667,0.15563,10.51805,0.36154
1036.4868,0.26816,9.62498,1.30488
1036.5170,-0.07662,10.29299,1.81965
1036.5267,0.45252,9.19880,-0.70152
1036.5483,0.46210,9.90512,-1.26897
1036.5701,0.34717,9.71597,-1.25699
1036.5880,0.04070,8.43264,0.88349
1036.6078,0.46210,9.09106,0.09817
1036.6316,0.93137,8.33686,-0.46449
1036.6595,0.65364,9.88596,-1.22108
1036.6755,-0.05746,9.70639,0.66321
1036.6886,-0.21788,10.47974,1.10137
1036.7062,0.56026,10.61382,1.79092
1036.7262,0.80448,9.96976,0.23464
1036.7487,0.55068,10.09666,-0.64406
1036.7744,0.30886,11.03282,-0.93616
1036.7869,-0.20830,8.84445,2.11654
1036.8086,-0.05746,9.04078,1.64487
1036.8262,0.23224,8.92586,2.37991
1036.8463,0.19394,8.61460,0.46210
1036.8694,0.73025,8.89952,0.58181
1036.8867,0.28252,9.62498,0.62491
1036.9091,-0.16999,8.67206,1.42938
1036.9436,0.77575,9.91709,1.15404
1036.9459,0.09338,9.86920,1.75740
1036.9680,-0.05746,10.43664,0.57702
1036.9894,-0.49083,10.68804,1.31206
1037.0081,-0.29210,11.28182,1.27854
1037.0265,0.20591,9.57949,1.68796
1037.0586,0.19394,9.82371,1.79810
1037.0758,0.58420,9.20838,1.12531
1037.0861,-0.39984,10.21877,0.84757
1037.1089,0.39266,9.64653,2.39188
1037.1262,0.41900,8.98571,2.94735
1037.1466,0.35435,9.28260,1.41023
1037.1699,0.31126,10.13975,0.16760
1037.1896,-0.09098,10.19482,-0.57223
1037.2271,-0.45970,10.41031,2.23386
1037.2291,-0.55068,10.14694,1.76697
1037.2480,-0.04549,9.45739,0.38069
1037.2662,0.00000,10.10623,-0.04789
1037.2909,-0.42139,10.95381,0.51956
1037.3066,-0.26576,10.26665,2.39427
1037.3289,-0.16520,9.88357,1.74543
1037.3499,0.03352,9.34007,3.41184
1037.3661,0.23943,9.56513,-0.55068
1037.3865,-0.17957,8.87079,0.54350
1037.4088,-0.10295,10.92029,-0.52674
1037.4266,0.76377,9.15810,0.90025
1037.4468,0.37590,9.96258,-0.11253
1037.4690,-0.40942,8.75347,0.20591
1037.4868,0.39506,9.19641,-0.26098
1037.5070,0.26576,9.30415,0.33041
1037.5293,-0.17957,9.28260,2.18358
1037.5464,0.32802,8.52841,0.09577
1037.5667,0.54111,9.87399,1.00320
1037.5892,-0.01437,10.53241,0.70631
1037.6078,0.00000,10.21158,0.65364
1037.6433,0.63688,10.73832,-0.35435
1037.6484,0.26576,9.68724,0.52674
1037.6665,-0.43097,10.88916,0.06465
1037.6879,0.13647,10.37679,1.15404
1037.7103,1.03912,9.55555,0.81405
1037.7279,0.88588,9.95779,0.33999
1037.7631,0.19633,10.48453,1.10855
1037.7791,0.16520,10.96817,0.93616
1037.7880,0.33520,9.09106,1.85077
1037.8063,0.62730,8.59784,2.46850
1037.8285,0.09577,9.28021,1.33122
1037.8463,0.36872,9.73991,-1.84359
1037.8663,0.26816,9.52443,0.26816
1037.8896,0.03352,8.93064,2.01359
1037.9149,0.56026,9.27303,0.07422
1037.9266,0.40224,9.18923,-1.24023
1037.9487,-0.70631,9.43105,2.21710
1037.9661,-0.27295,9.90033,0.43815
1037.9893,-0.19633,9.69921,-0.25858
1038.0101,-0.30168,9.20120,0.34238
1038.0322,0.21788,10.13736,0.34478
1038.0518,0.08859,9.95300,0.98405
1038.0695,-0.26576,10.10623,0.96010
1038.0859,0.03831,11.01127,0.44773
1038.1055,-0.28971,10.56594,1.69994
1038.1289,-0.72547,10.03919,1.26178
1038.1475,0.55068,9.67526,0.26576
1038.1664,-0.12929,9.28739,1.19953
1038.1920,-0.34478,10.25707,0.79490
1038.2058,0.53871,9.93624,2.22189
1038.2273,0.61533,9.51964,1.41502
1038.2483,0.28252,10.10145,-0.26576
1038.2678,0.01915,10.58509,1.49882
1038.2861,-0.15563,9.98891,1.94655
1038.3094,0.39745,9.74470,0.85954
1038.3400,-0.11493,10.15891,1.19953
1038.3475,-0.26576,9.51245,1.24981
1038.3683,0.21309,9.44063,0.42139
1038.3859,-0.30886,9.31133,1.07024
1038.4091,-0.54829,8.88276,0.75420
1038.4298,-0.34478,9.38795,1.13010
1038.4489,0.39506,9.28739,0.44055
1038.4672,0.54589,8.48052,0.86673
1038.4880,-0.31365,9.74470,0.15563
1038.5363,0.27055,9.85005,1.14925
1038.5474,0.26337,9.88836,0.83800
1038.5521,-0.35435,9.64653,1.76219
1038.5736,-0.33759,10.22355,1.42699
1038.5859,0.53632,10.45819,1.44375
1038.6141,0.45012,10.22595,0.46928
1038.6277,0.67040,9.35204,0.83081
1038.6472,0.45731,9.82610,1.01996
1038.6685,0.25619,9.76625,0.19872
1038.6876,0.34956,8.89952,1.66642
1038.7063,0.61293,10.32890,0.17239
1038.7300,0.47167,9.94342,0.16281
1038.7626,-0.11732,9.52203,1.02714
1038.7681,-0.32562,10.13257,0.58660
1038.7899,-0.16281,10.52523,0.97447
1038.8073,-0.04549,9.12937,1.20911
1038.8289,-0.03591,10.18764,0.08859
1038.8531,-0.30886,10.42467,0.96729
1038.8977,-0.48843,10.57551,0.86433
1038.8978,-0.30168,9.68484,1.72388
1038.9130,0.39266,9.00008,0.57463
1038.9265,-0.29928,9.42387,1.08940
1038.9482,-0.73983,9.85723,1.88429
1038.9695,-0.06225,9.55795,1.32643
1038.9902,0.05507,9.17726,0.74462
1039.0187,-0.73744,9.67287,0.48843
1039.0371,-0.13408,10.06553,0.78293
1039.0488,0.59139,9.75428,0.26576
1039.0674,0.21070,10.52763,0.60336
1039.0907,0.28492,10.32890,0.19633
1039.1085,0.50519,9.88836,0.63688
1039.1322,0.40224,10.72875,0.59378
1039.1501,-0.25379,10.60664,0.25140
1039.1786,-0.10056,10.26186,0.16042
1039.1869,0.13647,9.35922,-0.48843
1039.2104,0.10774,9.02402,0.04070
1039.2305,0.56744,9.49569,-0.66561
1039.2472,0.39745,8.98092,0.76617
1039.2699,-0.41900,10.25468,1.24502
1039.2861,-0.31365,11.02803,-1.44854
1039.3135,-0.23703,9.85005,0.42139
1039.3284,-0.31604,9.89314,0.34238
1039.3483,-0.19633,9.48372,0.09338
1039.3679,-0.20591,9.42387,0.74941
1039.3888,-0.00239,9.70878,1.15165
1039.4076,0.04789,9.31852,-0.26337
1039.4263,0.30407,9.77104,-1.81725
1039.4509,0.09338,8.28419,0.76617
1039.4678,0.52435,8.75586,-0.44294
1039.4897,-0.35675,10.07750,1.22826
1039.5106,-0.23703,10.49411,1.07024
1039.5280,0.66800,9.06233,-0.60096
1039.5464,-0.21548,10.49650,-0.94095
1039.5699,-0.25858,10.12060,0.87152
1039.5864,-0.02873,8.93543,1.41502
1039.6073,-0.87152,10.27383,1.16362
1039.6282,-0.18436,9.71597,2.04950
1039.6459,-0.43097,10.13736,0.76856
1039.6674,-0.74941,9.68724,0.87870
1039.6890,0.01915,8.83009,0.74941
1039.7076,-0.05986,9.41429,0.56984
1039.7358,-0.21548,9.08148,0.66082
1039.7482,-0.00479,9.20120,0.79969
1039.7671,0.24900,8.71037,0.16760
1039.7856,1.01757,8.40630,0.46688
1039.8086,0.54589,9.65372,0.23943
1039.8262,0.91222,10.45819,0.20351
1039.8469,1.15643,9.88117,-0.31365
1039.8832,0.65364,10.11342,0.05746
1039.8865,0.65843,9.97455,-0.14126
1039.9189,0.17718,9.78301,0.77096
1039.9288,-0.31126,9.75188,0.76617
1039.9482,-0.34956,9.42865,0.11971
1039.9663,-0.05028,8.76544,0.37351
1039.9996,0.13647,8.85642,0.01197
1040.0176,0.68716,8.23870,-0.08380
1040.0272,0.16281,9.93863,0.88109
1040.0490,0.73265,9.53640,-0.45012
1040.0681,0.96729,9.62259,-0.14366
1040.0884,0.15802,10.57551,-0.35675
1040.1090,-0.12450,10.71917,1.24263
1040.1360,0.75659,9.95061,0.82602
1040.1492,0.69913,8.77502,0.90982
1040.1688,0.65843,9.62738,0.50519
1040.1865,0.74701,9.59386,1.07503
1040.2064,0.48125,10.20919,0.74462
1040.2289,0.31844,10.00807,0.18436
1040.2483,0.74462,9.60344,0.49561
1040.2793,0.20112,9.58907,0.83800
1040.2981,0.73504,9.14852,0.36872
1040.3064,0.79011,8.80854,1.55867
1040.3265,0.40942,9.51724,1.75979
1040.3491,1.10855,9.22514,1.96809
1040.3667,1.12531,9.21556,2.00640
1040.3866,0.46210,10.33608,1.04390
1040.4086,1.10855,10.17088,0.58660
1040.4370,0.91461,9.69202,1.11334
1040.4470,0.33520,9.92906,1.50360
1040.4691,0.87391,10.44143,-0.01915
1040.4866,0.64645,9.43823,0.98644
1040.5067,0.66321,10.21158,-0.32323
1040.5306,0.96489,9.56513,1.30967
1040.5483,0.96729,10.82452,-0.18915
1040.5671,0.82602,10.90353,0.16999
1040.5889,1.14207,9.29697,-0.42618
1040.6064,0.73504,8.14532,0.65124
1040.6267,1.29051,8.57150,0.43336
1040.6499,1.38629,7.73590,1.68318
1040.6680,0.82842,10.19003,0.36393
1040.6881,1.23784,8.53559,0.83800
1040.7212,0.73265,9.43105,1.12052
1040.7284,0.35435,9.74470,-0.37111
1040.7468,0.47167,10.59227,1.07024
1040.7689,0.14605,10.03919,1.21150
1040.7878,0.47885,9.11500,0.78532
1040.8082,1.27375,9.22514,0.82124
1040.8306,0.86433,10.14933,0.59378
1040.8506,0.74941,10.24989,-0.62491
1040.8674,0.37351,10.57551,1.01038
1040.8892,0.89546,10.66171,0.58420
1040.9063,0.89306,10.08469,0.40703
1040.9264,0.83560,10.46059,-0.26576
1040.9501,0.89067,10.39355,1.88908
1040.9661,0.74701,8.78938,0.86673
1040.9858,0.61054,8.63615,0.61533
1041.0082,1.02714,9.28260,1.05827
1041.0258,0.80448,8.60742,0.15802
1041.0458,1.15883,8.83966,-0.60815
1041.0684,1.10615,8.39193,-0.10056
1041.0858,1.77895,8.63136,0.66800
1041.1073,1.17559,8.62178,0.43576
1041.1321,1.41502,10.17806,0.61293
1041.1459,0.73504,9.30894,1.30249
1041.1660,0.22506,10.04159,0.25619
1041.1885,0.19633,10.78142,1.69754
1041.2062,0.40703,10.07271,1.03193
1041.2274,0.97208,11.23633,1.48206
1041.2538,1.11094,11.24830,0.75180
1041.2880,1.52755,11.46618,-0.10056
1041.2881,0.82363,11.23633,0.78053
1041.3098,1.10376,9.64414,1.28094
1041.3296,0.45970,10.39115,0.62012
1041.3491,-0.33759,11.59787,1.25699
1041.3713,-0.17478,11.15732,0.32083
1041.3889,-0.01676,10.47495,0.08141
1041.4225,0.29210,9.90033,-0.03831
1041.4298,0.90982,8.35362,1.78613
1041.4473,1.25699,9.07909,-0.58181
1041.4688,0.89546,9.41668,0.72307
1041.4910,1.26897,8.70558,0.56026
1041.5088,1.08221,9.07430,0.90743
1041.5320,0.92898,8.30574,0.24661
1041.5675,1.22347,9.30176,-0.31126
1041.5707,1.65923,9.11979,-0.11732
1041.5886,1.08940,11.12619,0.84997
1041.6107,0.33999,10.47735,0.80448
1041.6288,0.62491,10.84606,-0.20112
1041.6498,-0.31126,9.67766,1.09658
1041.6721,0.64645,8.83487,1.93936
1041.6906,1.10855,8.18124,1.30249
1041.7081,0.42618,10.34806,1.02236
1041.7305,-0.46928,10.54678,1.58501
1041.7487,-0.00718,10.88916,-0.50519
1041.7686,0.76377,10.27623,-0.11253
1041.7906,2.02556,8.31292,-0.49322
1041.8086,1.79571,8.62418,-0.37830
1041.8436,1.83880,9.50767,0.81645
1041.8506,1.36474,10.46059,0.71349
1041.8682,2.35118,9.34246,-1.01757
1041.8882,1.54431,9.42387,0.59139
1041.9105,0.86194,10.34566,0.44773
1041.9281,1.57064,9.72315,2.14288
1041.9498,1.04390,10.40552,1.92739
1041.9803,0.31604,11.35126,0.91461
1041.9882,1.04630,10.62819,1.31685
1042.0085,1.12052,9.22754,1.76937
1042.0304,1.67360,9.04318,1.83641
1042.0496,1.68796,8.79657,1.93936
1042.0715,0.99123,9.72076,0.91701
1042.1118,0.71349,9.48851,1.96331
1042.1282,1.54191,9.89554,0.48843
1042.1304,1.80768,8.76783,0.59139
1042.1530,2.07823,9.19162,-0.37830
1042.1707,2.24583,9.27542,0.63209
1042.1937,1.90584,10.24031,0.50759
1042.2164,1.58501,10.84846,0.16042
1042.2614,1.15165,11.07352,0.19154
1042.2614,2.16442,6.87157,0.17478
1042.2761,2.86595,8.35602,-0.63209
1042.2909,2.64328,8.84445,0.53632
1042.3109,1.51079,10.87958,1.07503
1042.3334,1.73106,10.77184,1.38150
1042.3529,1.97049,10.54439,0.70152
1042.3708,1.90584,10.62340,-0.25619
1042.3984,1.65444,10.26665,0.31365
1042.4126,1.43417,10.10384,1.29770
1042.4310,1.89387,8.74629,0.13887
1042.4532,1.60177,8.72474,0.08141
1042.4711,2.17879,9.79258,0.13169
1042.4912,1.62092,9.17486,0.65364
1042.5133,0.71589,9.89314,0.43815
1042.5447,1.93218,9.53879,0.14845
1042.5513,1.99204,8.65770,1.13967
1042.5732,1.57783,9.50767,0.39745
1042.5909,1.56825,8.75586,1.43656
1042.6110,2.08062,9.17007,1.20432
1042.6333,2.03034,9.39035,1.83880
1042.6532,1.58262,9.65611,1.24023
1042.6725,1.70233,10.55396,0.18915
1042.6935,1.70712,11.41590,1.81725
1042.7112,1.51797,11.06634,2.31766
1042.7313,1.75500,9.72794,0.59139
1042.7543,1.29291,10.14215,2.47807
1042.7721,1.99443,9.63696,2.15724
1042.8096,2.57385,9.03839,1.91303
1042.8303,1.71909,9.75188,0.67519
1042.8314,1.44375,9.98652,0.89546
1042.8511,1.71909,9.52921,0.93856
1042.8744,0.72307,11.02324,0.74941
1042.8910,1.10376,10.67368,0.77335
1042.9114,1.14207,9.82371,1.31446
1042.9337,1.38150,9.34485,1.16841
1042.9648,1.57304,8.56911,0.72786
1042.9707,2.67680,9.26345,0.06943
1042.9939,2.49483,9.43823,1.33361
1043.0137,3.03355,9.43823,0.10295
1043.0348,2.67919,9.45260,0.60336
1043.0547,2.60497,9.01923,0.63688
1043.0916,2.12133,9.82610,0.95292
1043.1040,1.60177,10.31932,1.24502
1043.1150,1.69754,9.65611,-0.06225
1043.1359,1.91781,9.76385,0.27055
1043.1504,1.57783,8.83487,2.34400
1043.1731,1.74782,9.84526,2.17161
1043.1920,1.54910,10.03201,2.31048
1043.2124,1.49403,10.51805,1.04630
1043.2446,2.08062,9.15092,0.64885
1043.2526,1.92021,9.98173,0.93377
1043.2710,2.06626,10.04398,-0.18436
1043.2932,2.20752,8.30813,1.83162
1043.3113,2.21710,9.05994,1.20193
1043.3334,2.70553,8.84206,1.47008
1043.3591,2.10217,10.28580,0.36393
1043.3882,1.09897,10.98972,0.45012
1043.4022,1.60895,10.05835,1.69275
1043.4150,1.69994,10.52763,0.69673
1043.4325,0.58660,9.99131,1.38868
1043.4529,1.41980,8.84924,2.23865
1043.4757,1.61614,9.33528,1.65444
1043.4939,1.37192,9.42626,1.00560
1043.5265,1.94176,9.25866,-0.39745
1043.5353,1.58501,9.00487,1.46051
1043.5529,1.35277,9.38077,0.65603
1043.5729,1.61614,10.06553,0.84278
1043.5953,0.92898,9.81174,0.98644
1043.6129,1.06306,10.00328,0.60575
1043.6353,2.29132,7.94420,-0.18675
1043.6572,1.93936,9.55555,0.26816
1043.6735,1.70472,9.02402,-0.04549
1043.6937,2.05908,8.23631,0.16042
1043.7169,1.46769,10.11342,1.01996
1043.7338,1.59698,10.44862,0.25858
1043.7540,2.04950,10.32172,0.53632
1043.7769,1.60177,11.75110,0.40942
1043.8033,1.67599,10.49650,0.38308
1043.8140,1.61135,10.62819,-0.30168
1043.8384,1.70472,11.56195,0.73265
1043.8558,2.29850,9.52203,1.88908
1043.8760,1.47727,9.79258,1.12291
1043.8982,1.66402,10.30017,1.78613
1043.9274,1.02236,9.86920,1.24981
1043.9409,1.39347,10.23313,0.82124
1043.9578,1.11573,10.56115,1.35995
1043.9752,1.78373,10.10145,1.06545
1043.9937,1.27136,10.30256,0.41660
1044.0160,0.71589,9.99610,0.11732
1044.0338,1.01757,9.89793,0.10535
1044.0571,0.94574,10.45340,-0.82602
1044.0881,1.39107,9.27303,1.81725
1044.0948,1.25699,9.29218,-0.08380
1044.1139,1.43417,9.45260,0.74941
1044.1359,1.52755,9.50048,-0.08859
1044.1532,1.83880,9.42626,1.33601
1044.1735,1.51318,10.00567,-0.00239
1044.1971,1.53234,9.62977,1.24263
1044.2222,1.78613,9.49330,0.43097
1044.2334,1.92260,9.76864,0.39027
1044.2561,2.22428,10.48692,1.75500
1044.2736,1.26418,11.95222,0.63448
1044.2952,1.56346,10.70001,1.61135
1044.3182,2.66962,9.89793,1.61853
1044.3359,2.80609,8.71277,1.43178
1044.3562,2.68877,9.68724,0.89306
1044.3789,2.05189,10.53960,1.64487
1044.3948,1.26897,9.33288,1.53952
1044.4150,2.03034,9.32331,0.06465
1044.4384,1.98964,10.33130,-0.33520
1044.4547,1.53473,10.93944,0.90264
1044.5021,1.61374,9.79737,0.39984
1044.5022,1.64726,9.14852,0.71828
1044.5164,1.85556,10.40552,-0.73504
1044.5348,1.58022,8.59784,1.26657
1044.5568,1.37431,9.85962,-0.24661
1044.5745,1.75979,9.36401,1.03672
1044.5953,1.37192,9.47893,-0.33280
1044.6273,1.19714,9.76625,0.30407
1044.6381,1.43417,9.78061,1.29291
1044.6552,0.85236,8.54277,0.88588
1044.6787,1.47248,10.25947,0.01437
1044.6952,1.73106,10.67128,0.32562
1044.7169,1.55388,10.14933,-0.35196
1044.7386,1.86275,9.77822,0.79490
1044.7570,1.78852,9.93145,0.53871
1044.7931,1.98246,10.31932,0.67040
1044.7998,1.65684,9.83568,0.59857
1044.8151,1.53234,8.85642,0.69913
1044.8369,2.60497,9.28021,0.97686
1044.8600,1.73106,9.83568,0.79250
1044.8759,1.43178,10.66649,-0.65603
1044.9097,2.08541,9.66090,1.21629
1044.9218,1.82444,10.27144,-1.44614
1044.9376,1.66402,9.68245,1.44135
1044.9559,2.51399,9.84765,2.46371
1044.9800,2.26498,10.02722,0.63927
1044.9958,1.99443,8.84685,0.24182
1045.0176,2.80848,8.64812,0.48843
1045.0557,2.83482,8.38715,0.31844
1045.0562,2.88750,8.72474,0.38787
1045.0758,2.28893,9.60822,-0.23703
1045.0975,2.18118,9.39274,1.25460
1045.1172,1.70472,9.66329,0.17239
1045.1372,1.13489,9.65611,0.36393
1045.1594,1.03672,10.62340,1.02236
1045.1769,0.83321,10.28580,0.90982
1045.2079,0.51237,10.81254,-0.08380
1045.2195,0.48843,10.07511,0.68237
1045.2354,1.31685,9.72076,-0.63448
1045.2555,1.37431,9.31612,0.74941
1045.2787,1.49642,9.93863,1.43896
1045.2965,2.13569,9.34007,1.24742
1045.3165,1.92739,9.64653,1.72867
1045.3462,1.34558,9.61541,-0.11732
1045.3650,2.02077,9.77822,-0.27295
1045.3751,3.04552,9.88117,-0.80448
1045.3976,2.61694,8.79896,0.52435
1045.4154,2.99045,9.03839,-0.04310
1045.4355,3.89549,8.75586,-0.02394
1045.4576,2.62652,8.61939,0.30886
1045.4835,2.24344,9.43344,0.93377
1045.4954,1.61853,10.70480,2.26498
1045.5189,0.77575,10.59467,1.09179
1045.5364,0.81645,9.90990,1.61614
1045.5569,1.21629,9.79498,0.81405
1045.5787,0.95532,10.53241,0.95292
1045.5985,0.28013,10.92986,0.80448
1045.6278,0.13408,11.43985,0.62251
1045.6445,0.17478,11.57871,-0.14126
1045.6550,1.38629,7.72393,0.30168
1045.6750,1.93936,9.17486,-0.42618
1045.6975,2.08302,8.77023,-1.05588
1045.7152,1.77176,10.40073,-1.02954
1045.7351,1.22108,10.95381,-1.67360
1045.7574,0.84039,9.80934,-2.03753
1045.7771,3.06467,8.04237,0.37351
1045.7949,3.11974,7.29775,0.68476
1045.8174,3.66324,9.06233,-0.66321
1045.8351,3.68239,10.60185,-0.31844
1045.8551,2.56906,8.74868,-1.03433
1045.8774,2.14527,9.71357,-0.45012
1045.8993,2.09978,9.88836,-0.42379
1045.9154,2.43498,10.08947,-1.14446
1045.9375,1.47248,10.66171,-0.31844
1045.9553,2.13809,11.23394,-1.77416
1045.9757,2.87552,10.27623,0.34717
1045.9978,1.95133,10.29299,-0.24182
1046.0171,1.56107,9.49569,-0.06943
1046.0441,1.22826,10.53720,-0.19394
1046.0610,1.39586,8.99050,0.68716
1046.0752,1.94655,8.55953,0.14366
1046.0948,2.00880,8.15729,-1.08700
1046.1173,1.79571,9.16050,-0.58181
1046.1351,1.40544,10.99451,-0.01915
1046.1576,1.13489,11.89955,-0.53871
1046.1882,1.98007,11.12619,-0.22027
1046.1960,2.00161,10.13018,0.38069
1046.2202,2.60976,6.98171,-0.64167
1046.2373,3.46930,8.65770,-2.01837
1046.2551,3.37353,8.65291,-1.13967
1046.2784,2.67680,9.33049,0.08619
1046.3000,1.82923,10.42707,0.94813
1046.3330,2.89228,9.83329,-0.80687
1046.3359,3.06707,9.50048,-0.26098
1046.3585,2.66962,9.92906,-0.55787
1046.3796,1.95612,11.03521,0.90025
1046.3976,1.78373,10.51805,0.24661
1046.4200,1.58022,9.50767,0.12450
1046.4375,2.85876,9.15810,-0.49322
1046.4575,2.97608,7.85801,-1.03433
1046.4783,1.90584,10.04638,-0.23464
1046.4958,2.16682,9.37598,0.61533
1046.5160,2.05429,10.60185,0.06225
1046.5397,2.22189,10.45819,-0.54589
1046.5571,2.41822,9.61301,-0.40703
1046.5771,2.36075,8.89952,0.45970
1046.6099,2.26738,8.98332,0.08619
1046.6158,2.63610,8.95459,0.39266
1046.6360,2.37751,8.85163,0.23464
1046.6582,2.07105,8.98332,-1.19474
1046.6777,2.49005,8.71037,-0.26576
1046.6960,2.86595,9.53161,-0.97447
1046.7488,2.24583,10.64255,-0.35435
1046.7489,2.13090,10.36242,-0.45970
1046.7628,1.78134,10.18764,-0.44534
1046.7780,1.98246,9.54837,0.95771
1046.7958,2.11175,10.73593,-0.38548
1046.8158,2.75820,9.51245,-0.33520
1046.8397,2.05668,10.46537,0.11732
1046.8578,1.64247,9.78780,0.16042
1046.8895,1.90824,9.48851,0.00479
1046.8981,2.48526,9.22035,-0.82363
1046.9161,2.03513,8.66727,-0.74462
1046.9392,1.86035,10.29778,0.39984
1046.9618,1.90105,9.91230,-1.36474
1046.9796,2.26020,9.05036,-0.24661
1046.9996,2.22189,9.21317,-1.28573
1047.0316,1.95852,9.20359,1.02714
1047.0376,1.41741,10.66171,-0.33759
1047.0579,0.95771,10.68565,-0.13408
1047.0801,0.84757,9.64414,-1.07982
1047.0981,1.50600,9.31852,-0.81405
1047.1215,2.10936,9.40471,-0.25140
1047.1626,1.70712,10.33608,-0.70631
1047.1628,1.53712,9.68484,-1.21629
1047.1774,1.50360,9.97934,-0.95532
1047.2001,0.97926,9.83808,-0.96968
1047.2177,0.57702,10.07990,-1.26178
1047.2379,0.87870,9.34007,-1.20193
1047.2603,1.30009,9.34964,0.45252
1047.2827,1.36953,9.40711,-0.15323
1047.3011,1.00560,9.56034,-0.76377
1047.3231,1.00081,9.66569,-0.71828
1047.3396,1.53234,10.01046,0.31365
1047.3599,1.69515,9.66808,-0.10295
1047.3823,1.07982,9.39753,-0.80208
1047.4001,1.22587,9.60583,-0.71349
1047.4292,1.65684,10.03201,0.51237
1047.4440,1.23545,10.78860,-1.36474
1047.4595,1.52276,8.56672,-0.51477
1047.4792,1.61374,9.11979,0.57223
1047.5013,1.77176,10.18046,-0.35196
1047.5227,1.26178,10.74790,-1.09179
1047.5411,1.03912,10.65213,-1.49642
1047.5806,1.65684,9.50527,0.16760
1047.5808,2.34878,9.31373,-0.41421
1047.5989,1.31206,9.67048,-1.74543
1047.6211,1.52994,9.47654,-0.04070
1047.6388,2.02077,9.49091,0.36154
1047.6589,1.75261,10.49411,-1.14925
1047.6824,1.81486,9.93385,-0.31365
1047.7019,1.30727,9.61301,0.25858
1047.7341,1.01038,10.71917,0.16520
1047.7408,1.41741,9.63935,-1.29770
1047.7584,1.65444,9.60822,-1.64966
1047.7784,1.67120,10.16130,-0.00479
1047.8021,0.71110,10.39355,-0.49083
1047.8202,1.32403,9.75906,-1.00081
1047.8403,1.67120,8.59545,0.35914
1047.8674,1.84599,9.29697,0.62969
1047.8842,1.49642,10.19482,-0.73504
1047.8988,1.17798,8.68403,-0.17957
1047.9205,1.64247,10.30735,-0.66082
1047.9387,1.72388,9.06233,-0.94813
1047.9592,0.77096,9.73752,-2.00161
1047.9816,0.94095,9.70639,-0.35196
1048.0088,1.84359,10.23313,-2.81567
1048.0184,0.90264,9.79498,-2.71271
1048.0413,1.10855,9.63935,-1.28094
1048.0601,1.20432,9.82371,0.70392
1048.0800,0.77096,9.69921,-1.79092
1048.1024,0.88349,8.50925,-1.35516
1048.1205,0.96010,9.49569,-0.22267
1048.1415,0.06943,10.00807,-1.14446
1048.1644,0.32323,9.92188,-0.81645
1048.1798,0.29450,8.39672,-0.05507
1048.1995,0.94095,9.78540,-0.07183
1048.2217,-0.17957,11.26985,-1.87711
1048.2411,0.02155,10.98733,-0.12211
1048.2612,1.50839,8.85642,0.21070
1048.2961,0.53632,9.03599,-2.38949
1048.2999,-0.62251,10.74551,-0.77575
1048.3195,-0.58420,10.45340,1.01038
1048.3436,-0.00479,9.65850,-1.15165
1048.3632,0.11253,9.21078,-0.53871
1048.3815,0.40463,9.03839,0.30168
1048.4038,-0.05746,9.85962,-0.89785
1048.4218,0.07901,10.08229,-1.55628
1048.4393,0.85476,8.44461,-0.47167
1048.4618,0.48125,10.30975,-0.53392
1048.4795,-0.11014,10.30975,-1.04869
1048.5002,0.24661,10.26186,-0.56505
1048.5232,1.45093,9.61062,1.09658
1048.5411,0.37830,11.17169,-2.24583
1048.5709,-0.78532,10.10384,0.37351
1048.5814,0.84757,9.76625,0.33520
1048.5994,0.89306,9.96976,-1.28812
1048.6211,-0.33520,10.47735,-2.15964
1048.6429,0.40463,9.36880,-0.09577
1048.6610,0.69195,9.45978,-1.61614
1048.6812,0.29689,9.01684,-1.21150
1048.7115,0.61772,9.25627,-0.35914
1048.7218,0.86194,9.33767,-0.78053
1048.7430,1.01038,8.79417,-1.36234
1048.7635,0.92658,9.29457,-1.79092
1048.7795,0.53871,9.98891,-2.02077
1048.8014,0.73983,9.98173,-0.30407
1048.8302,1.26418,10.24750,-0.23703
1048.8479,0.74701,10.17567,-0.56265
1048.8594,-0.47167,10.91311,-1.83641
1048.8817,0.18196,10.58030,0.34478
1048.8997,0.61293,10.65692,0.06465
1048.9220,-0.25140,10.62819,-1.40065
1048.9454,-0.09098,10.52044,-0.07901
1048.9622,1.41023,8.86600,-2.06386
1048.9901,0.96010,9.21556,-3.10537
1049.0033,-0.14845,9.14134,-1.16601
1049.0204,0.53632,9.90990,-0.63209
1049.0405,1.12052,10.10863,-2.64089
1049.0634,0.23703,8.78459,-0.77096
1049.0804,0.79729,10.06793,-2.63370
1049.1008,1.05827,10.47495,-2.11893
1049.1306,-0.41900,10.23074,-0.63688
1049.1405,-0.25858,11.30816,-0.92419
1049.1621,0.99362,10.37439,-1.35516
1049.1843,0.82842,8.87797,-0.08859
1049.2003,-0.32083,9.43823,-0.52195
1049.2222,0.08380,9.46217,-2.42301
1049.2673,0.66321,9.34246,-0.19872
1049.2673,0.12690,8.66009,-0.62730
1049.2861,-0.18915,8.57150,-1.37910
1049.3026,0.24661,8.57150,-0.01915
1049.3201,0.13169,11.16929,-0.79250
1049.3405,0.49561,9.24430,-1.58262
1049.3645,0.41900,8.97614,-0.63209
1049.3820,1.64008,8.64094,-1.08940
1049.4155,1.35755,7.94660,-1.83880
1049.4235,0.16042,7.08226,-0.87870
1049.4406,0.16042,10.99690,-0.02634
1049.4602,-0.23943,10.89634,-1.14207
1049.4823,-0.93856,10.23313,0.90743
1049.5001,0.13887,9.42387,-0.69195
1049.5203,0.16042,9.93624,-1.90584
1049.5494,-0.77335,10.32172,0.23224
1049.5607,-0.94813,11.19084,0.11493
1049.5808,-0.53871,10.09905,0.19394
1049.6050,-0.44055,11.15732,-0.48604
1049.6240,-0.79490,10.24989,-0.90264
1049.6439,-1.12291,11.62660,-2.47807
1049.6813,0.06704,9.89314,-0.83081
1049.6924,0.31126,9.34007,-1.01278
1049.7000,-0.93377,8.64333,-0.93137
1049.7227,-0.17239,9.68484,0.72068
1049.7401,-0.34478,10.46298,-0.62730
1049.7617,-1.44614,10.42707,-0.93856
1049.7842,-0.12929,11.04958,-0.77335
1049.8022,0.60096,9.53400,-0.16760
1049.8364,-0.01676,11.89955,-3.14847
1049.8428,-0.40942,10.74311,-0.30168
1049.8624,-0.31365,7.85562,-1.16601
1049.8813,0.10774,11.59787,-2.18358
1049.9041,-0.01676,11.51886,-2.85158
1049.9218,0.72068,8.47813,-3.28255
1049.9418,-0.97686,12.48375,0.70152
1049.9740,-1.47248,10.55636,-3.21312
1049.9802,-0.12929,9.43105,-0.14605
1050.0002,-0.54111,11.95701,-0.95771
1050.0250,-0.19872,7.95618,-2.16921
1050.0443,0.99602,9.28260,-3.43578
1050.0615,1.49642,10.13496,-0.78772
1050.0837,-0.40703,9.47893,-1.08700
1050.1085,-1.64726,11.66251,-0.45012
1050.1208,0.89067,9.34725,2.22907
1050.1428,1.30009,8.32968,0.80448
1050.1599,-1.22347,9.39753,-1.89387
1050.1801,0.58660,9.05036,-1.14207
1050.2025,0.54111,7.96815,-0.24900
1050.2211,-0.16999,9.15331,-0.02394
1050.2415,1.33840,10.85085,-0.94574
1050.2620,0.73983,10.30017,-1.57543
1050.2800,-1.94894,10.11581,-0.02873
1050.2999,0.31604,10.75987,1.00081
1050.3234,1.33361,8.39672,0.01915
1050.3413,-0.90504,9.03839,1.40783
1050.3623,0.63448,9.36161,-1.14925
1050.3953,0.73265,9.69681,-1.29291
1050.4028,-0.66800,9.12219,1.36474
1050.4214,-0.68476,11.29858,-1.29291
1050.4437,-0.46928,9.90512,3.45733
1050.4615,0.04310,10.86043,-1.22826
1050.4827,0.91940,8.95219,-2.26020
1050.5061,0.52195,9.52682,0.13169
1050.5265,-0.14126,10.55396,-0.77814
1050.5450,-0.58181,9.79977,-1.81725
1050.5646,0.77575,8.41588,1.16362
1050.5824,0.35435,8.50686,-1.08461
1050.6023,0.84518,8.77502,-2.55230
1050.6243,0.74223,9.86202,0.40942
1050.6421,-0.05267,10.13736,-0.31844
1050.6737,-0.37590,9.58668,-1.07742
1050.6832,-1.48924,10.69523,2.09978
1050.7010,-1.05348,11.17408,1.92979
1050.7234,0.63688,9.34485,-0.62012
1050.7435,1.13010,8.53559,-1.56346
1050.7614,0.39266,8.31292,0.42379
1050.7836,-0.56505,9.05515,0.30886
1050.8153,-0.24900,12.00729,-0.80687
1050.8207,0.71110,8.26025,0.59378
1050.8411,-0.93377,10.30975,-0.92898
1050.8632,-0.81166,11.54998,-1.27375
1050.8812,-1.10376,9.99370,0.91701
1050.9010,-0.98165,10.45340,0.45252
1050.9250,-0.20830,9.99131,0.24661
1050.9459,0.46449,9.67526,-0.09577
1050.9609,0.23224,10.50847,-1.24981
1050.9843,0.23224,7.08705,2.08302
1051.0018,1.20432,8.52122,-2.25541
1051.0219,2.28653,9.91948,-0.98165
1051.0442,0.09817,10.33130,2.00401
1051.0627,-2.91862,13.68328,-2.14288
1051.0854,1.74064,6.98171,-2.48047
1051.1042,0.50040,8.89234,0.53632
1051.1237,0.10535,9.07430,-2.83722
1051.1418,0.20351,8.02082,-0.23224
1051.1642,-0.27055,8.75347,1.28812
1051.1819,-0.63209,10.23553,0.14845
1051.2018,-1.09897,10.59227,-1.98485
1051.2352,-0.60336,9.97694,1.34558
1051.2445,-0.14126,8.78699,0.00000
1051.2618,-0.05986,8.35602,2.77018
1051.2841,0.03591,12.79979,-3.81887
1051.3016,-2.35597,9.37119,1.93218
1051.3217,1.23305,10.69762,-3.88112
1051.3444,0.15084,8.86839,1.96570
1051.3757,-0.70152,10.94902,-1.20432
1051.3829,-0.76856,11.46379,-0.37351
1051.4042,0.68476,9.59865,0.60815
1051.4218,0.08380,9.60583,-0.01915
1051.4417,-0.32323,10.72635,-0.75420
1051.4641,0.29450,10.20919,0.16281
1051.4818,0.29928,9.88357,-0.10535
1051.5022,-0.26816,8.42306,0.44055
1051.5242,-0.49561,9.36640,1.64487
1051.5415,-0.33520,10.00089,0.75659
1051.5619,-0.66321,11.11183,-0.86673
1051.5844,-0.16042,10.63058,-1.22108
1051.6021,-0.05746,10.10145,-0.44534
1051.6243,-1.11573,11.37281,0.00239
1051.6542,-0.25140,10.83170,0.13887
1051.6615,-0.03352,10.33848,-0.20112
1051.6821,-0.41660,9.29218,0.33280
1051.7041,-0.25140,9.59146,0.57941
1051.7227,0.07183,10.64495,0.39506
1051.7432,-0.01437,10.92986,-0.14845
1051.7682,-0.20591,9.05036,-1.04630
1051.7859,0.04789,9.55795,-0.48604
1051.8035,0.56026,9.43823,-0.67758
1051.8241,0.66321,8.57150,1.11573
1051.8429,1.07024,8.88994,0.19394
1051.8627,0.26098,9.60583,0.23224
1051.8853,-0.29928,10.86761,-0.46449
1051.9033,0.11253,9.01684,0.68716
1051.9326,-0.28731,9.76385,-0.45012
1051.9448,-0.76617,9.42626,0.16999
1051.9625,-0.73983,11.07592,0.86912
1051.9824,-1.44375,11.09746,1.63529
1052.0049,-1.36953,11.30816,1.18995
1052.0226,0.25858,9.32091,1.41980
1052.0428,0.82602,10.52044,-0.27055
1052.0741,1.30967,9.71118,-1.41023
1052.0829,0.38548,10.19482,0.82363
1052.1024,-0.78053,9.92427,1.60895
1052.1246,-0.20591,9.54597,0.42618
1052.1440,-0.84997,9.36640,0.94813
1052.1659,-0.52195,9.89314,1.33601
1052.1890,-0.26098,9.08388,2.09738
1052.2058,0.04070,9.87638,0.52195
1052.2244,-0.16999,9.30894,-0.39984
1052.2469,-0.59378,9.62259,-1.04630
1052.2644,0.20351,9.99370,-0.72068
1052.2843,0.10056,10.06074,-0.02394
1052.3068,-0.07901,10.11102,1.03672
1052.3245,-0.28731,10.27862,1.07503
1052.3525,-0.59139,9.29697,0.67279
1052.3674,-0.78293,10.30256,-1.02714
1052.3848,-0.48604,9.54119,1.00320
1052.4041,-0.70871,9.31852,0.34478
1052.4270,-0.51477,9.22754,0.49083
1052.4462,0.28013,10.15891,-0.00958
1052.4729,0.07422,9.75667,1.13728
1052.4890,1.05827,10.67368,-1.50121
1052.5042,1.04390,10.64734,-1.01996
1052.5245,0.10774,11.08310,-1.30967
1052.5468,0.47167,10.24271,1.14686
1052.5660,-0.58899,9.54358,0.37590
1052.5863,-0.59617,9.37119,0.47885
1052.6085,-0.33520,9.54358,-0.67997
1052.6378,-0.52435,10.83409,-2.26020
1052.6439,0.06225,9.45978,-2.01359
1052.6697,-0.41421,9.50527,0.55547
1052.6843,0.44055,9.52682,-0.24422
1052.7048,0.47885,10.31214,-0.99841
1052.7297,1.08940,10.16370,-2.03274
1052.7523,0.48364,10.42228,0.83081
1052.7682,-0.21548,10.41510,0.89785
1052.7875,0.91461,10.16848,-0.19394
1052.8049,0.14845,10.20201,0.14605
1052.8256,-0.42379,9.75428,-0.11732
1052.8472,-0.18915,9.10064,1.36234
1052.8649,0.01437,9.49091,0.96729
1052.8851,0.13887,9.47654,-1.59219
1052.9076,-0.53871,9.25866,0.25858
1052.9249,0.42379,9.90990,-1.01038
1052.9469,0.29450,9.09824,1.14446
1052.9673,1.49882,10.21877,-0.93856
1052.9852,0.29210,8.70798,-0.33759
1053.0082,-0.53632,10.25468,0.35675
1053.0305,0.31844,10.57791,1.25460
1053.0476,0.04310,9.69442,-1.14686
1053.0685,-0.77096,10.55396,0.24900
1053.0892,-0.66321,10.76227,1.36234
1053.1080,-0.13887,10.18285,0.32562
1053.1281,0.32083,8.74868,-1.40305
1053.1503,-0.12929,10.52523,0.24182
1053.1676,0.43576,9.64174,-0.88588
1053.1998,0.98884,9.48372,-2.38949
1053.2084,0.33041,10.56833,-0.32083
1053.2260,0.20830,10.39594,-0.17478
1053.2472,0.70392,9.45978,-0.86194
1053.2694,0.66800,9.90033,1.08461
1053.2877,-0.72786,10.08708,0.39745
1053.3073,0.68716,8.91389,-0.25379
1053.3375,0.34238,9.15810,1.33122
1053.3468,0.67997,9.21556,0.35196
1053.3660,0.92658,9.59625,-0.79729
1053.3884,-0.32562,10.68086,0.28731
1053.4060,-1.10376,10.37200,1.30249
1053.4261,0.43336,9.63456,-1.06306
1053.4484,0.76377,9.29457,-0.30168
1053.4685,0.78772,8.58108,-0.91940
1053.4867,1.38629,10.64255,-2.43737
1053.5083,0.58420,10.15891,-0.55787
1053.5275,0.55547,10.80536,0.05986
1053.5466,0.81405,9.70160,-0.32323
1053.5688,0.45731,9.79258,0.70392
1053.5879,0.46449,9.39992,1.78852
1053.6161,0.08859,11.75110,-0.15802
1053.6295,-0.50280,10.69283,0.06465
1053.6459,-0.21788,9.68245,0.08380
1053.6674,0.15563,10.24510,-1.07982
1053.6898,0.00718,9.37837,0.17957
1053.7091,-0.15563,10.03680,0.60815
1053.7289,-0.40224,11.05676,-1.36474
1053.7603,-0.87630,10.40073,0.33999
1053.7678,0.73504,9.35683,-0.40703
1053.7864,1.13010,9.31133,-0.74941
1053.8097,0.54829,9.49569,0.06704
1053.8264,1.60416,10.37679,-0.09817
1053.8467,0.39745,10.29059,-0.89306
1053.8712,0.38787,10.57551,0.14366
1053.8883,0.99602,10.66171,-0.28971
1053.9075,0.38787,10.04638,0.15563
1053.9314,0.03591,10.87480,0.10535
1053.9471,0.17718,10.82691,-0.02873
1053.9685,0.12211,9.72794,0.13408
1053.9897,1.10376,7.92266,-0.43815
1054.0083,1.46051,8.68643,-0.03831
1054.0431,0.99123,8.80375,0.05986
1054.0504,0.68237,9.92427,-1.26178
1054.0686,0.80687,9.89554,-1.23305
1054.0873,0.73025,8.86361,0.00239
1054.1099,0.56265,9.51485,-1.25221
1054.1287,0.33759,9.69442,-0.86194
1054.1490,0.59857,9.51485,-1.14925
1054.1819,-0.05267,9.54358,-0.06704
1054.1869,-0.14126,10.36721,-0.33041
1054.2081,0.62012,9.85962,-2.96172
1054.2295,0.34478,8.81093,-0.34956
1054.2472,0.08619,9.97694,-0.63927
1054.2686,0.41660,9.96258,-2.18597
1054.2906,0.14845,10.34566,-0.02155
1054.3097,0.45731,9.62259,0.59378
1054.3271,0.58899,9.39753,-0.05507
1054.3492,-0.09098,10.27623,0.52435
1054.3693,0.74462,8.88515,-0.47407
1054.3873,0.61293,10.01286,0.13887
1054.4092,0.06465,9.12458,0.54589
1054.4277,0.95292,10.20201,0.76377
1054.4585,0.79969,9.13416,-1.11813
1054.4695,0.67519,9.19641,0.47646
1054.4872,0.95292,8.81572,-0.49322
1054.5070,-0.14605,9.71597,0.33999
1054.5293,-0.04549,8.84924,1.32164
1054.5470,-0.16760,9.83089,-0.84997
1054.5684,-0.20351,9.33049,0.33999
1054.5940,-0.22746,10.70720,0.46210
1054.6074,0.68955,10.62579,-0.28492
1054.6268,-0.06943,9.40711,0.22267
1054.6490,0.05267,9.84765,0.31844
1054.6682,0.36393,9.66090,-0.26337
1054.6902,-0.09817,9.87160,0.30886
1054.7312,0.49801,10.33848,-0.66800
1054.7313,0.18196,9.59625,-1.99922
1054.7483,0.13408,8.87318,0.36154
1054.7693,0.16281,10.49171,0.39266
1054.7871,-0.03831,9.64893,-0.18436
1054.8082,-0.21788,10.89634,-1.61374
1054.8292,-0.13169,10.39594,-0.40463
1054.8469,0.71349,10.14215,-2.62173
1054.8685,0.80208,9.12698,-0.22027
1054.8894,0.44294,9.94582,-0.88828
1054.9065,0.69195,9.29936,-0.52913
1054.9280,-0.39266,11.41351,-0.35914
1054.9492,-0.99602,10.21877,-0.17478
1054.9695,0.11732,9.67048,-0.88109
1054.9883,0.36154,10.03441,-0.59857
1055.0236,-0.38787,9.81174,-1.12531
1055.0269,0.10535,10.57791,-2.36315
1055.0470,-0.11493,9.87878,-1.17319
1055.0704,0.07662,9.29218,-1.39826
1055.0880,0.15084,10.00089,-1.85317
1055.1097,0.31604,9.58907,-0.63927
1055.1306,0.22985,9.63696,-1.92021
1055.1642,0.27534,10.54678,-0.81645
1055.1667,0.00958,9.88836,-0.28252
1055.1903,-0.26576,10.88198,-0.67758
1055.2079,-0.27295,10.00567,-0.40942
1055.2281,-0.50280,9.57231,-0.83321
1055.2504,-0.14845,10.14694,-1.40065
1055.2683,-0.03352,9.81174,-0.69913
1055.2981,0.01197,9.29457,-1.85556
1055.3087,0.32083,9.77343,-1.03193
1055.3278,0.46928,8.98811,-0.81166
1055.3494,0.20830,10.20440,-1.51797
1055.3704,0.35196,10.01525,-1.86993
1055.3910,0.76856,9.04078,-2.64328
1055.4156,0.21548,10.42467,-0.90264
1055.4346,-0.21788,10.15172,-1.58501
1055.4473,0.28252,9.91948,-1.96091
1055.4678,0.52435,11.03042,-0.84278
1055.4919,0.07183,9.91709,-0.78053
1055.5078,0.52913,10.04398,-1.07024
1055.5292,0.09817,10.27144,-2.26977
1055.5563,-0.17718,10.70720,-0.71828
1055.5697,0.42379,10.23792,-0.41660
1055.5929,0.46449,9.01923,-1.93457
1055.6115,0.85236,7.38394,-1.40065
1055.6302,0.54111,7.24986,-2.04232
1055.6486,0.03352,9.03599,-0.52913
1055.6720,-0.02873,9.03120,-0.86194
1055.6895,0.03352,10.32651,-1.81247
1055.7195,1.21390,9.41668,-1.45093
1055.7334,-0.19633,9.86441,0.98405
1055.7498,0.33041,10.11342,-1.35277
1055.7698,-0.62491,11.08310,0.72068
1055.7908,-1.02475,10.51805,0.38548
1055.8083,-0.74223,9.21796,-0.23464
1055.8358,0.73983,9.30176,2.60497
1055.8507,-0.11253,8.54038,1.23305
1055.8698,-0.63448,11.21478,0.00000
1055.8884,0.52195,9.88596,0.66321
1055.9124,0.72547,10.07990,-0.02155
1055.9301,1.21869,10.18524,-0.07183
1055.9487,0.27774,8.97853,-0.84278
1055.9706,-0.08141,10.12299,-1.00799
1055.9883,-0.33520,9.21556,3.26100
1056.0093,0.87870,9.29218,0.63448
1056.0321,2.97848,9.79737,2.28414
1056.0483,-2.06147,13.53244,4.42223
1056.0702,-2.96172,9.63935,0.81884
1056.0931,-1.85796,10.98254,-0.96010
1056.1115,2.73426,3.57226,-7.16367
1056.1316,2.86355,10.16370,-6.66806
1056.1765,6.37835,8.66967,0.00479
1056.1768,-4.09900,10.42946,-0.60096
1056.1935,-2.70792,12.57713,2.45892
1056.2126,-2.15724,10.93465,0.85476
1056.2292,-0.63688,9.20359,-0.31126
1056.2614,2.96890,8.32968,1.05348
1056.2716,5.28416,13.18288,1.83641
1056.2894,-5.66964,13.98975,2.16921
1056.3107,-0.86194,9.62259,11.94025
1056.3319,-0.09338,11.16450,5.78696
1056.3516,2.14048,2.55469,-6.48609
1056.3713,8.13096,16.63542,-8.64094
1056.3936,7.47253,6.70158,8.88994
1056.4108,-3.49325,14.67690,-0.63927
1056.4294,-2.11175,8.66009,4.11815
1056.4518,-1.89627,10.31932,4.41744
1056.4694,0.51237,9.04796,-13.39118
1056.4895,7.27141,4.97770,-6.75904
1056.5331,2.83722,11.87321,-11.17887
1056.5475,-3.11495,11.49012,5.63373
1056.5519,-2.88271,14.23875,11.42548
1056.5732,-1.30727,13.59948,13.22358
1056.5908,0.52435,3.44776,0.44534
1056.6125,4.12534,11.22436,-14.72958
1056.6334,1.15165,0.22267,-9.94821
1056.6525,-3.25861,11.95222,-9.84765
1056.6709,-0.29928,11.93785,9.78540
1056.6919,-1.67839,14.50691,6.65848
1056.7096,-2.28174,12.58191,-0.40942
1056.7313,0.60336,3.46930,4.31688
1056.7556,-0.94095,13.72638,-4.79334
1056.7697,1.37431,0.52913,-2.29132
1056.7909,2.63131,15.83573,-12.86683
1056.8275,1.95612,6.29455,2.28653
1056.8300,0.68955,14.13819,8.31532
1056.8510,-1.09658,12.06715,-0.91461
1056.8715,0.31604,6.63693,7.42704
1056.8890,-0.49561,13.25471,-6.76143
1056.9100,-0.79729,1.49163,1.67360
1056.9312,1.21629,12.58431,-8.47573
1056.9515,1.47966,4.90108,2.44455
1056.9694,1.64726,14.35128,-3.21312
1056.9932,0.01915,7.13733,0.32802
1057.0098,0.74223,11.00409,1.66642
1057.0311,1.61374,9.65372,1.27136
1057.0538,0.62730,10.06553,-0.79250
1057.0695,1.03433,9.33767,-0.07422
1057.0966,0.53153,9.83089,0.46928
1057.1150,0.22746,9.87638,-0.65364
1057.1298,0.27774,9.87399,0.24422
1057.1499,0.46210,10.54678,-2.37991
1057.1738,0.24900,10.55636,-0.41182
1057.1934,0.70871,9.88117,-1.77416
1057.2098,0.93377,10.19003,-0.93377
1057.2454,1.38150,9.13895,-2.77018
1057.2501,1.37192,10.25707,-0.22267
1057.2690,0.75420,9.96258,0.00239
1057.2911,0.81884,10.20679,-1.39586
1057.3090,1.16362,10.06074,-0.80926
1057.3289,0.10774,10.20201,-0.60815
1057.3514,0.63688,9.07430,-0.56026
1057.3721,1.58262,9.16768,-0.80926
1057.3894,0.39266,10.72156,0.17718
1057.4119,0.90025,9.78061,-1.98964
1057.4296,0.58420,9.72554,0.26816
1057.4496,0.27055,9.77582,0.30168
1057.4719,0.28013,9.57949,0.96250
1057.4900,0.63927,9.38556,0.79490
1057.5121,0.79011,9.20599,0.08141
1057.5321,0.97926,9.44302,-0.70152
1057.5499,0.73744,9.72794,-0.28013
1057.5699,1.34558,8.78459,1.48445
1057.5922,1.71670,10.09666,0.10295
1057.6095,0.19633,10.26426,1.64966
1057.6296,0.52674,9.57710,0.67519
1057.6548,0.36393,9.72315,1.12291
1057.6694,0.46688,8.89473,0.02634
1057.6897,0.90982,8.69361,0.35196
1057.7122,0.90264,9.90272,-0.01197
1057.7296,0.28013,9.40471,0.41421
1057.7498,-0.04310,10.69283,0.33280
1057.7721,-0.06465,10.03919,0.27774
1057.7954,0.07183,9.56034,0.86433
1057.8093,0.58899,10.99930,0.32562
1057.8318,0.73744,9.60104,0.19872
1057.8499,0.73025,10.42946,0.06465
1057.8698,0.84757,9.64653,-0.48843
1057.8937,0.70871,9.80455,-0.77096
1057.9094,0.82124,10.06793,-0.29450
1057.9362,1.29291,10.11821,-0.77575
1057.9524,-0.04070,10.76705,0.90025
1057.9692,-0.06704,10.50608,0.63688
1057.9888,0.73265,9.93863,-0.38787
1058.0112,0.27774,10.09187,1.19474
1058.0292,-0.10295,10.87958,0.14126
1058.0492,0.18675,10.19961,-1.88908
1058.0715,-0.08141,9.70878,-0.30647
1058.0889,0.33280,9.43344,-1.57783
1058.1096,0.93377,8.41348,-0.84997
1058.1317,0.54829,8.68164,0.09817
1058.1494,0.78293,9.34007,-2.02795
1058.1694,0.48364,9.85723,-1.62332
1058.1920,0.38308,8.95459,-0.14845
1058.2097,0.51237,9.07670,-1.24742
1058.2289,0.26816,9.12458,-0.07422
1058.2513,0.09098,8.47094,0.18675
1058.2689,0.11971,10.19482,-1.28094
1058.2888,0.45491,9.38556,-0.47885
1058.3119,0.39506,10.10145,0.06465
1058.3300,-1.16122,10.58030,-0.10295
1058.3560,-0.39984,9.27542,1.57783
1058.3712,0.28731,9.02163,0.22267
1058.3895,0.47885,9.44063,0.89785
1058.4097,-0.35914,9.89554,-0.08619
1058.4320,-0.44294,12.25150,0.88349
1058.4495,-0.08141,10.00328,1.37910
1058.4706,0.70631,9.89075,-0.98644
1058.4938,0.25140,8.92586,0.25379
1058.5094,-0.37351,9.00487,0.18675
1058.5295,0.90504,9.70400,-1.71909
1058.5560,0.30886,9.78301,1.04151
1058.5715,0.07183,10.21398,0.36154
1058.5916,0.92898,9.65611,-0.20112
1058.6161,-0.76138,10.81015,1.35995
1058.6338,0.28252,9.32331,-0.12690
1058.6503,0.21070,9.30655,-0.55547
1058.6722,-0.16281,9.86681,0.71589
1058.6896,-0.04789,9.39513,0.13887
1058.7097,0.20112,9.78061,-0.80208
1058.7338,-0.29450,9.97934,-0.04789
1058.7521,-0.92658,8.57629,0.20591
1058.7874,1.40544,9.26345,2.06147
1058.7941,1.45332,8.58587,-0.53632
1058.8099,-0.32802,9.72794,-0.22506
1058.8296,0.52435,10.45340,1.24742
1058.8540,0.17239,9.55316,-0.33041
1058.8716,0.80926,10.15172,-0.37830
1058.8912,0.45731,11.23154,0.13887
1058.9269,-0.33999,11.44703,0.99841
1058.9308,-0.09817,10.33848,1.11334
1058.9509,2.11893,8.15969,-0.33280
1058.9723,1.64487,8.16687,0.87152
1058.9900,0.47885,9.44063,1.08221
1059.0100,0.96729,11.13577,-0.56744
1059.0614,0.95532,9.26824,2.09738
1059.0615,-0.03831,8.67206,-0.23943
1059.0757,0.06465,9.76385,1.11813
1059.0918,0.54111,9.47654,1.01517
1059.1094,0.97926,9.78061,-0.56505
1059.1313,1.54670,10.31454,0.08380
1059.1537,1.74064,10.27623,-1.12291
1059.1711,0.32802,9.56513,1.00799
1059.2021,-0.40463,10.87958,0.55308
1059.2124,0.62012,9.96258,-0.47407
1059.2334,0.21070,10.09666,0.89785
1059.2496,-0.19872,9.59625,-0.22267
1059.2721,0.51716,10.13975,-0.07901
1059.2894,0.73983,9.78780,0.56505
1059.3103,0.67519,9.60822,-0.26816
1059.3345,1.13489,9.28260,-0.32802
1059.3492,0.59617,10.58030,0.43815
1059.3691,0.40703,10.64255,0.96729
1059.3920,0.87391,10.03201,-0.30647
1059.4092,0.64645,9.74709,-0.30168
1059.4307,0.56744,10.57072,-0.16281
1059.4536,0.87391,9.85962,-0.27534
1059.4762,0.96489,9.85962,-0.89306
1059.4905,1.06545,9.05515,0.62251
1059.5128,1.19235,9.17486,0.74223
1059.5306,0.48364,9.53879,-0.05267
1059.5507,0.28971,10.39355,-1.36953
1059.5743,-0.05267,9.41189,0.44773
1059.5922,0.49561,9.18683,0.07901
1059.6226,1.52994,10.00807,0.67519
1059.6328,1.36474,9.32809,-1.18756
1059.6508,0.79490,10.18046,-0.74462
1059.6709,0.93377,9.96497,-0.15323
1059.6925,1.06306,8.72953,1.91063
1059.7111,0.13647,10.87001,0.85236
1059.7340,0.80448,10.27144,-0.08859
1059.7646,0.62251,9.39513,-0.79490
1059.7704,0.09098,10.07750,-1.21869
1059.7921,0.74223,9.00008,0.68237
1059.8131,1.74064,8.61939,0.53392
1059.8320,2.03034,10.16848,-0.12929
1059.8506,0.50519,9.95061,1.70712
1059.8734,0.68237,10.38397,-0.49322
1059.9003,1.27375,9.43105,-0.16042
1059.9110,0.17239,9.94821,0.83081
1059.9343,1.18277,10.00567,-0.80448
1059.9506,0.83081,9.29457,0.30886
1059.9719,0.06225,11.46139,-0.31844
1059.9944,1.37431,9.48133,-0.92898
1060.0131,1.91542,9.39992,-1.94894
1060.0450,0.87630,9.51485,-0.58899
1060.0548,1.18517,9.25866,0.40942
1060.0704,1.35277,9.06233,0.95771
1060.0917,0.73265,9.68245,-0.45970
1060.1144,0.83321,8.80135,-1.40065
1060.1321,0.23464,10.12539,-1.07742
1060.1537,-0.01197,9.85244,-0.51716
1060.1830,1.00081,10.84128,1.21150
1060.1982,0.97926,10.40791,2.36315
1060.2100,0.91222,10.14454,0.75899
1060.2339,0.78532,9.94582,0.85236
1060.2521,-0.76377,10.29538,-1.34079
1060.2734,-1.23784,12.20122,-0.01437
1060.2941,-0.43336,9.62977,0.44055
1060.3162,0.46210,9.05036,1.27615
1060.3319,1.14207,9.15571,-0.55308
1060.3536,0.89546,9.26824,-0.92898
1060.3737,1.50839,9.33767,-1.10615
1060.3954,1.58740,9.21796,-0.03352
1060.4177,0.70631,9.99849,2.03513
1060.4545,0.18436,10.52523,0.45252
1060.4547,0.87630,10.43425,0.44534
1060.4745,0.10535,10.67368,-1.08940
1060.4939,-0.43336,10.12778,-0.64167
1060.5114,0.30647,11.04240,-0.26098
1060.5369,0.87630,10.55157,-0.64167
1060.5533,1.04630,10.19003,-1.25699
1060.5731,1.88190,9.64893,-1.76697
1060.6053,0.78293,9.35683,-0.26337
1060.6133,0.14366,10.40791,-0.58181
1060.6326,0.98165,9.38795,-0.19394
1060.6537,0.78772,9.21796,1.88429
1060.6715,-0.39745,9.26345,0.72547
1060.6932,0.12690,8.17884,-0.67997
1060.7153,0.91701,8.08547,0.57941
1060.7490,1.77416,8.01364,-0.05267
1060.7560,1.33361,10.87240,0.18675
1060.7749,0.46688,10.63058,0.91701
1060.7947,0.32802,11.32013,0.42379
1060.8138,0.37590,10.32890,0.33041
1060.8376,1.69515,8.31532,0.12929
1060.8572,1.06785,9.40711,1.50360
1060.8884,0.14845,9.05036,-0.36872
1060.8958,0.39745,8.66727,-0.52195
1060.9193,1.53234,8.93064,-1.18517
1060.9346,0.99362,8.84445,-0.81405
1060.9559,1.29530,10.22355,0.39266
1060.9752,-0.38069,10.83409,-0.47885
1060.9958,-0.68476,11.62660,1.03433
1061.0166,1.47248,7.25944,-1.00320
1061.0365,0.91940,8.40151,-0.38787
1061.0532,0.05986,9.91230,-0.19633
1061.0756,0.30647,10.43186,0.37590
1061.0931,-0.44055,10.52044,0.19394
1061.1149,0.51956,9.91948,-1.13728
1061.1372,0.28971,8.91628,0.43336
1061.1561,0.46688,10.28580,-1.60416
1061.1737,0.45731,9.93863,0.15323
1061.2026,0.60575,10.42946,-0.52913
1061.2133,1.35277,8.50446,0.34717
1061.2345,1.29291,10.01046,-0.65603
1061.2556,1.07264,9.71597,0.75899
1061.2776,0.24900,10.76705,-0.01915
1061.3086,0.07422,9.28979,0.86433
1061.3278,0.16760,9.66569,0.36632
1061.3333,0.62969,8.94022,0.90264
1061.3534,1.02236,8.37757,-1.05588
1061.3756,0.54350,9.58428,-0.49561
1061.3947,-0.29689,10.19243,-1.08700
1061.4159,0.34717,10.28820,1.09418
1061.4576,0.22267,10.59706,0.21548
1061.4579,0.03591,10.00089,-0.95292
1061.4747,0.20591,10.19243,-1.23784
1061.4952,0.45252,9.89793,1.17559
1061.5134,0.50759,9.27303,1.56107
1061.5345,0.67997,9.69921,0.33759
1061.5553,-0.17239,10.51326,0.36393
1061.5819,0.41421,9.31373,-0.85476
1061.5933,0.56505,9.31612,0.09577
1061.6155,-0.13169,9.49091,1.19474
1061.6334,0.38069,8.83487,0.76617
1061.6533,0.98165,8.54756,0.68716
1061.6775,1.22587,8.70558,-0.63688
1061.6949,1.18277,8.83009,0.47407
1061.7251,0.93377,9.65611,-0.08380
1061.7351,0.96489,9.88117,0.79011
1061.7528,-0.36393,10.67368,0.70152
1061.7747,0.46928,8.93783,1.29051
1061.7991,0.57702,9.69202,-0.79969
1061.8169,0.09577,10.04638,-1.10137
1061.8542,0.43576,9.13655,-0.44294
1061.8702,0.64885,9.73273,1.24023
1061.8748,0.74941,9.84047,0.46928
1061.8933,0.68955,10.11342,-0.74462
1061.9158,0.76138,10.24989,-0.97686
1061.9347,0.54111,10.51565,-0.45491
1061.9547,0.93856,9.35683,1.43417
1061.9777,0.62969,9.12219,0.62969
1061.9980,0.29450,9.68963,0.58420
1062.0138,0.55308,9.54597,0.02394
1062.0364,0.44534,9.76625,1.23784
1062.0541,0.23224,10.28820,0.69673
1062.0740,-0.26098,11.05197,0.45731
1062.0964,-0.22027,11.18126,-0.15323
1062.1156,0.96489,9.92427,-0.69673
1062.1473,1.06306,9.63456,-0.89306
1062.1566,1.54910,10.50368,-0.54350
1062.1755,1.51079,9.63696,1.08940
1062.1942,0.80687,9.25148,1.94415
1062.2203,1.66163,9.79737,-0.34238
1062.2371,-0.23224,10.67847,0.41421
1062.2582,-0.63448,11.52125,0.09577
1062.2791,-0.35196,10.41510,1.81007
1062.2954,-0.78532,11.00648,0.61293
1062.3197,0.61054,10.92747,0.04070
1062.3384,0.69434,8.97374,-0.29450
1062.3563,1.26897,9.21556,-1.65923
1062.3751,1.54431,10.33130,-0.35435
1062.4261,1.28573,10.91071,0.11014
1062.4263,0.13647,10.57312,0.20591
1062.4410,0.23943,10.37439,-0.06465
1062.4575,0.47407,9.56273,-0.51477
1062.4750,-0.08141,10.64255,-0.19633
1062.4951,0.43097,9.07191,0.62491
1062.5172,0.57463,9.05275,-0.03831
1062.5349,0.17478,8.74629,1.33601
1062.5553,0.36632,8.85642,-1.64487
1062.5762,0.32323,10.15412,-0.94095
1062.5938,-1.43896,11.82293,0.51716
1062.6151,-0.00479,9.19162,0.43097
1062.6393,-0.11493,9.22993,0.57223
1062.6565,-1.18038,9.10303,-0.05746
1062.6777,-0.87870,9.65611,2.45413
1062.7084,1.92500,9.95539,2.10936
1062.7147,0.99123,8.56432,0.90025
1062.7366,1.07503,6.57228,-2.09499
1062.7574,0.17718,12.12461,3.08383
1062.7749,1.01278,10.07032,1.92260
1062.7961,2.30090,8.05913,1.02954
1062.8199,1.62332,9.32570,2.30090
1062.8384,0.21070,8.48052,0.64167
1062.8550,0.62969,10.38158,1.34319
1062.8773,1.82204,10.22595,0.25379
1062.8945,1.64247,10.94902,-0.67519
1062.9160,1.96809,8.56672,0.33280
1062.9387,2.09260,10.38158,0.61054
1062.9564,1.13010,9.34246,-1.75500
1062.9894,3.34959,7.69759,0.42858
1062.9977,2.30329,6.89072,2.43019
1063.0146,0.43576,12.91711,-0.61054
1063.0345,2.14527,11.60744,-0.10056
1063.0585,-0.25619,10.72635,-0.53153
1063.0763,0.84039,7.43422,3.19636
1063.0963,0.67040,9.96976,1.28573
1063.1268,-2.25541,12.06715,-0.37351
1063.1364,0.81405,10.08947,0.55308
1063.1550,0.54350,10.77424,1.12531
1063.1771,-1.51797,10.98972,-0.29689
1063.1971,1.85556,7.92266,-1.43656
1063.2153,0.82602,10.52763,-0.95292
1063.2570,-1.48924,10.09905,-2.63849
1063.2572,2.02556,7.63534,-0.56505
1063.2749,1.00799,10.83170,0.54589
1063.2972,0.07662,9.72315,-0.61772
1063.3153,1.88908,7.13733,1.00560
1063.3353,-0.55787,8.86839,1.27136
1063.3577,-2.08062,12.01208,1.20911
1063.3778,-0.73983,10.81254,1.92739
1063.4115,-0.58899,9.55795,-0.28252
1063.4171,-1.08461,9.76864,-1.42699
1063.4346,1.40305,7.61379,-0.75180
1063.4543,1.97288,7.25226,-0.01197
1063.4775,1.96091,8.51883,0.39506
1063.4950,0.39027,9.72554,1.05827
1063.5168,-0.80448,13.56357,-1.64008
1063.5425,0.42139,10.63537,-0.49322
1063.5554,1.04630,10.55875,-0.41182
1063.5747,-1.37671,12.95303,2.95693
1063.5969,0.02394,8.99529,-1.10615
1063.6150,0.12211,7.88674,-0.96729
1063.6364,1.67360,8.03279,-1.18277
1063.6588,0.84997,9.09106,0.68476
1063.6770,-0.11253,14.11425,-1.75261
1063.6947,1.23784,10.68565,1.04869
1063.7170,2.16203,9.73752,-2.66722
1063.7345,0.71110,9.06233,-0.60575
1063.7549,-0.09577,11.01606,1.27136
1063.7787,2.06386,8.67685,0.33759
1063.7964,1.21629,8.61699,-1.21150
1063.8286,0.99362,10.50129,0.49322
1063.8372,0.84757,11.07352,-3.15326
1063.8564,-0.29928,9.93385,1.29530
1063.8763,-0.07901,11.09268,-0.61293
1063.9009,-1.12531,10.45101,0.95292
1063.9187,-0.73983,11.44463,-4.29772
1063.9362,2.76299,6.31610,-2.67440
1063.9662,1.06545,8.15251,0.45491
1063.9762,3.49564,8.14532,-0.07901
1063.9982,3.16044,8.33926,-2.16682
1064.0204,-0.29210,10.83170,-0.07422
1064.0382,-2.07584,10.93465,1.30967
1064.0604,-0.85715,11.29619,1.18038
1064.1042,0.29210,8.42545,-1.67839
1064.1045,1.67360,9.62020,-1.13010
1064.1193,2.56187,8.64812,0.65364
1064.1417,0.93377,8.66488,1.95133
1064.1587,-0.23224,7.32169,-0.54589
1064.1792,0.71589,7.19480,1.06066
1064.2018,0.18675,11.47097,-1.84599
1064.2194,-1.82683,12.59867,0.57941
1064.2533,0.29450,11.74152,0.58899
1064.2634,-0.55547,10.16370,-0.36154
1064.2788,-0.20830,9.38077,1.49163
1064.2999,0.78532,8.40630,-1.45332
1064.3223,0.06465,10.14933,0.89546
1064.3403,0.53153,9.14852,0.70631
1064.3793,2.09020,8.22673,-1.01278
1064.3925,1.12291,10.39115,-1.48206
1064.3983,0.68476,10.84846,-0.27055
1064.4183,0.62969,11.33689,-2.08302
1064.4409,0.06943,10.89634,-1.55388
1064.4644,-0.50519,11.10944,-0.94095
1064.4825,0.62012,9.96258,-0.33041
1064.5050,0.44534,8.81572,-0.31844
1064.5229,-0.29928,9.17726,-1.55628
1064.5385,-0.07422,9.22275,1.20671
1064.5620,1.19714,10.39594,-1.91781
1064.5782,-0.42379,11.24351,0.52913
1064.5997,1.52036,9.23711,-0.21788
1064.6219,1.23305,8.50925,-0.62969
1064.6400,0.01197,8.73431,-1.29530
1064.6740,1.52994,7.80534,0.01197
1064.6881,0.29689,9.21317,-0.00958
1064.6978,-0.36632,8.71037,0.92658
1064.7181,1.62332,11.31055,-0.57702
1064.7422,-0.12211,12.31376,0.72786
1064.7581,-0.81884,12.27784,-0.95292
1064.7784,2.06386,8.78699,-2.11893
1064.8147,0.07662,10.69762,0.92898
1064.8182,0.18915,11.30816,-1.69994
1064.8384,0.21070,11.59547,0.60336
1064.8606,0.46210,9.81892,-1.83641
1064.8784,0.73983,10.75029,-4.00802
1064.8984,-0.25379,10.09905,0.98644
1064.9222,-1.62571,12.35446,-0.90504
1064.9558,0.23224,10.26904,-0.10774
1064.9595,0.99362,9.28500,0.41660
1064.9803,0.31365,10.86043,-1.22108
1064.9978,-0.59857,10.85325,0.02155
1065.0177,0.22027,9.91948,0.48604
1065.0405,1.21390,9.17965,2.05668
1065.0573,0.11014,8.94740,3.56268
1065.0773,-0.05986,12.18925,3.38790
1065.0997,-2.32005,9.74709,2.41343
1065.1174,-0.74223,8.21715,-2.35597
1065.1378,0.98644,7.83646,-0.58899
1065.1602,1.30249,9.42865,0.11732
1065.1782,-0.09338,12.10067,3.30889
1065.2026,-1.80049,9.96018,3.87154
1065.2322,-2.33681,11.54280,3.41902
1065.2389,2.01359,9.00726,-1.78134
1065.2581,6.52200,8.41109,1.28094
1065.2809,4.54673,10.80057,5.99526
1065.2981,-2.68398,8.29377,8.93064
1065.3181,0.53392,11.06394,5.52838
1065.3425,-0.57941,3.56268,4.99446
1065.3622,2.56427,10.13736,-15.98897
1065.3789,8.33926,9.01684,3.60099
1065.4005,6.86678,10.76227,-5.56190
1065.4197,-3.74943,12.77346,2.66962
1065.4385,-2.12372,9.21556,7.48929
1065.4626,-4.71672,11.70800,0.35675
1065.4978,-0.61054,5.92104,4.65208
1065.5149,-0.29689,8.71277,-0.09817
1065.5210,0.72547,6.57707,3.61296
1065.5383,2.40146,12.32812,-2.98805
1065.5581,1.31685,7.85562,-2.69835
1065.5808,2.15724,10.76705,-1.69275
1065.5997,1.38629,9.53640,1.21390
1065.6215,-0.56026,10.70959,0.89546
1065.6554,1.16841,9.39753,-0.11732
1065.6580,-0.27774,9.27063,0.17239
1065.6781,-0.91461,9.56034,1.80528
1065.7004,-0.27055,10.26904,0.20591
1065.7201,-0.43815,9.52921,0.47646
1065.7383,0.23703,9.69442,-0.75899
1065.7609,-0.22506,10.19961,-1.32403
1065.7845,-0.47646,9.99131,0.52913
1065.7997,0.43815,9.96497,1.74543
1065.8204,-0.32802,9.57471,0.56744
1065.8379,-0.18196,9.50048,1.07503
1065.8582,0.69195,9.37598,-0.60096
1065.8804,0.21788,10.07511,-1.14446
1065.8989,0.93616,9.84526,-0.04789
1065.9288,1.23784,9.79258,0.69195
1065.9403,1.56825,8.85642,-1.08940
1065.9576,0.95771,9.36161,1.63050
1065.9783,0.43576,11.07831,-0.53871
1066.0020,0.75659,9.82850,0.97208
1066.0200,0.52195,9.84765,-0.08380
1066.0420,0.89067,10.66889,-1.35037
1066.0616,3.78056,8.58348,-2.01359
1066.0864,-2.10217,10.07990,1.70472
1066.0979,-0.28492,8.49010,0.31126
1066.1204,-0.83560,10.02962,2.87313
1066.1379,-0.73265,10.31693,1.22587
1066.1598,1.33601,8.40151,0.21548
1066.1820,0.62969,10.77424,-1.85796
1066.1998,0.83081,10.33130,0.48604
1066.2181,0.84278,11.80856,1.33840
1066.2405,3.30170,13.08950,-2.54033
1066.2600,-0.64406,4.74785,3.61057
1066.2783,-0.32083,12.26587,-6.37117
1066.3009,0.85954,7.19480,1.32164
1066.3202,0.13408,10.58270,0.74462
1066.3522,-0.24900,8.87079,0.22985
1066.3600,0.56984,10.57791,-1.49163
1066.3799,1.01757,9.01923,0.11253
1066.3975,0.75899,9.22275,-1.25460
1066.4214,0.52435,10.11102,0.30407
1066.4393,0.51237,10.02722,-0.54111
1066.4594,0.83800,11.04479,-1.36953
1066.4918,-0.44773,10.46537,-1.41262
1066.4979,0.34717,9.52921,1.02954
1066.5178,0.66321,8.66488,0.86433
1066.5403,-0.33280,10.19722,-1.12291
1066.5592,-0.09338,11.07113,-0.50998
1066.5793,0.46688,9.43105,0.04789
1066.6018,0.38787,10.43425,-0.56265
1066.6216,0.74462,9.75667,-0.32562
1066.6379,0.15802,9.50527,0.87391
1066.6604,0.57702,9.31612,1.93697
1066.6780,0.87152,9.90033,0.03113
1066.6979,0.08619,9.25387,-0.06704
1066.7203,-0.08380,9.89075,2.31766
1066.7378,0.41182,9.11500,1.04630
1066.7638,0.87870,9.48612,0.28252
1066.7800,-0.25619,9.90990,0.71589
1066.7976,0.26098,9.68245,0.91701
1066.8180,0.91461,10.58270,-0.60096
1066.8419,0.63209,9.75667,-0.50998
1066.8588,0.57702,9.88836,-0.25140
1066.8795,0.34956,9.42387,1.18277
1066.9070,0.82602,11.05197,-1.94415
1066.9226,0.79729,9.76385,0.66561
1066.9395,-0.05267,9.61780,0.32083
1066.9603,0.67997,10.16609,0.71349
1066.9796,1.04151,10.37200,-0.29689
1066.9993,0.53871,9.24669,-1.34079
1067.0210,0.28013,10.38397,0.61772
1067.0520,0.96968,9.05754,1.40544
1067.0594,0.42858,9.75428,0.22267
1067.0800,-0.25379,9.28500,0.36154
1067.0978,0.61533,9.33767,1.09179
1067.1179,-0.09577,9.68963,1.90105
1067.1403,-0.10535,9.91230,-0.02634
1067.1588,0.01676,9.74949,-0.43576
1067.1780,-1.04630,10.86761,0.92180
1067.2021,0.22027,9.57231,-0.81166
1067.2178,0.49561,10.62340,-1.76458
1067.2374,0.96250,8.65051,-0.00718
1067.2600,0.18915,9.33049,2.10696
1067.2776,0.79250,10.07990,0.22027
1067.2986,0.70152,8.93543,-1.58980
1067.3300,-0.17478,10.85804,-0.66321
1067.3378,-0.10056,9.74470,-0.06465
1067.3577,-0.33759,10.68086,0.52913
1067.3804,-0.59617,10.13736,1.69275
1067.3998,0.14605,9.00726,2.15245
1067.4198,0.95771,9.85484,0.31604
1067.4575,0.11014,9.93624,-0.42379
1067.4750,-0.01915,9.77822,1.01757
1067.4795,0.19872,10.01046,0.60815
1067.5018,-0.11732,9.50288,-0.16760
1067.5176,0.09098,9.78301,0.47167
1067.5378,0.53153,9.96258,-0.15802
1067.5601,0.34478,9.40950,-1.57783
1067.5778,0.43576,9.59865,-1.01038
1067.6060,0.53632,8.50446,-0.72068
1067.6218,0.71589,10.40073,-2.00880
1067.6376,-0.57941,9.83568,1.05348
1067.6577,-0.83081,9.93385,1.01757
1067.6804,-0.84997,11.32492,-0.29689
1067.6980,-0.49322,10.00807,-0.25619
1067.7209,0.21548,9.61541,0.74701
1067.7546,0.82124,9.27542,-0.74701
1067.7585,1.08221,9.99131,0.20351
1067.7775,0.34717,9.61301,2.36315
1067.8004,-0.03831,9.87160,1.76219
1067.8176,-0.59617,9.95300,0.42858
1067.8379,-0.09817,9.35683,0.61293
1067.8781,-0.64167,9.38795,-0.43576
1067.8782,0.02155,9.73752,0.70392
1067.8999,0.69673,9.71836,0.82602
1067.9261,0.77096,9.90990,1.38868
1067.9375,1.01996,10.37200,1.47727
1067.9579,0.47407,8.85882,2.10457
1067.9816,1.02954,9.66090,-0.09817
1068.0259,0.05746,9.53879,1.46290
1068.0261,-0.28731,8.55474,0.16999
1068.0413,-0.25858,9.16050,1.20193
1068.0575,-0.45012,9.58668,0.97926
1068.0773,-0.55787,10.72875,-0.17239
1068.1002,0.20351,10.37200,0.38787
1068.1177,0.05028,9.74470,-1.53952
1068.1378,-0.29450,10.13975,-0.14605
1068.1617,0.43097,9.88836,-1.83162
1068.1774,0.47407,9.03360,0.04070
1068.1974,-0.24900,9.54358,1.42938
1068.2217,0.47407,8.50686,-0.48125
1068.2388,0.24900,9.77582,-0.18436
1068.2588,0.71589,10.03680,-0.98644
1068.2813,-0.24422,9.97694,0.11014
1068.3120,-0.18436,10.20440,-0.00958
1068.3193,-0.03591,9.46936,-1.90105
1068.3400,0.05507,9.69921,0.21070
1068.3582,0.12690,9.88357,-0.68716
1068.3777,0.01915,9.40711,-0.67758
1068.3994,0.72307,8.86600,-0.37111
1068.4175,0.19154,9.41189,-1.91303
1068.4376,0.02634,10.04638,0.59857
1068.4596,0.33520,8.91628,-1.49642
1068.4773,-0.04549,9.79019,-0.02155
1068.4974,-0.54829,10.31932,1.30967
1068.5198,-0.53632,10.31932,0.47885
1068.5376,-0.81405,10.45340,1.89627
1068.5593,0.09577,10.12060,-0.35675
1068.5909,0.18915,9.60583,0.94095
1068.5974,0.51716,10.41031,0.29210
1068.6185,0.52195,9.22035,-1.05348
1068.6409,1.27615,8.82290,-0.74462
1068.6587,0.40463,9.04796,-1.11813
1068.6786,0.12690,9.80455,-0.17239
1068.7018,0.50040,9.18444,-0.89785
1068.7211,-0.08141,10.30975,-0.56026
1068.7391,0.55787,9.89314,-0.70871
1068.7596,0.37830,10.33130,-0.15563
1068.7771,0.36154,10.12299,0.02634
1068.7974,0.04070,9.73033,-0.24900
1068.8213,-0.47885,10.09905,0.88588
1068.8412,0.11493,10.36003,-0.22985
1068.8633,0.62251,10.01525,-0.37830
1068.8806,0.46688,9.78540,1.04151
1068.9001,0.67997,9.87878,-1.03193
1068.9198,0.70152,10.23553,0.48125
1068.9408,-0.55787,9.57710,-0.80687
1068.9587,0.08859,10.08947,-0.33041
1068.9797,-0.08141,10.48932,0.79969
1069.0111,0.91940,8.61699,0.59857
1069.0182,0.03831,10.25229,0.86912
1069.0383,0.50759,9.17726,0.21548
1069.0609,0.02873,10.05835,-0.05028
1069.0787,-0.31365,10.61143,0.85236
1069.1002,0.28971,10.04877,-1.70951
1069.1226,-0.19872,9.15092,0.63209
1069.1495,-0.13887,10.29299,1.66881
1069.1628,0.08380,9.65132,0.31365
1069.1810,0.22027,9.17726,0.32083
1069.1978,0.28252,10.34087,-1.64247
1069.2181,-0.07422,9.31612,0.93616
1069.2416,0.13169,10.13018,-0.21548
1069.2594,0.18915,10.03680,-0.34238
1069.2911,-0.36872,10.55396,-1.07264
1069.3022,0.26576,9.73512,-0.29689
1069.3182,0.23703,10.15891,-0.95532
1069.3383,-0.23703,8.97135,0.71828
1069.3610,0.37111,10.35763,0.61533
1069.3796,-0.56505,10.75508,-1.22587
1069.3981,-0.51956,9.65611,0.69913
1069.4220,-0.14366,9.32570,-0.15802
1069.4377,0.19633,10.53241,-1.41741
1069.4575,0.52195,9.60344,0.16042
1069.4817,0.21548,10.29538,0.36393
1069.4976,0.31604,10.59227,-0.76138
1069.5176,0.33280,9.18204,-0.18675
1069.5397,0.68476,11.21478,0.76617
1069.5577,0.17478,8.89234,0.11971
1069.5779,-0.73744,9.66090,0.29210
1069.5996,-0.51477,9.48372,2.66243
1069.6173,0.31604,8.58826,0.86912
1069.6372,-0.06943,8.63854,0.17957
1069.6595,-1.16841,11.02803,1.25699
1069.6840,0.19394,8.65051,0.82842
1069.7067,0.07422,11.17408,-0.84039
1069.7198,-0.22267,10.69044,0.83321
1069.7374,0.19394,9.98891,1.64726
1069.7568,0.97208,10.06074,-2.01837
1069.7831,0.73504,9.51724,-0.16281
1069.7974,0.39266,9.62259,0.08141
1069.8184,0.45731,10.26426,-0.72547
1069.8479,0.73504,9.89314,-0.17718
1069.8597,-0.27295,9.30894,0.82363
1069.8812,-0.27295,9.99610,0.40463
1069.9015,0.02873,9.88117,-1.69275
1069.9193,-0.30647,9.16528,0.63927
1069.9393,0.22746,8.96177,0.40703
1069.9617,-0.03831,9.88596,-1.19953
1069.9954,0.01197,9.45260,0.48604
1070.0005,-0.04310,10.62819,0.33280
1070.0217,0.67040,10.61621,-0.95053
1070.0389,0.18675,10.62100,-1.05348
1070.0599,-0.47885,10.25229,0.50040
1070.0833,0.52435,10.35284,-0.15323
1070.1008,0.70152,7.82449,-0.90025
1070.1329,0.61054,9.48612,-1.48445
1070.1414,-0.28971,10.34327,-0.37351
1070.1591,0.43336,9.14852,-1.09418
1070.1790,0.40703,10.82212,-2.12612
1070.2026,-0.31604,9.76864,0.41660
1070.2205,-0.22267,8.66727,1.57783
1070.2410,0.62969,10.36482,-0.41900
1070.2675,0.14126,9.66569,1.30488
1070.2825,0.48125,9.60822,0.87870
1070.2990,0.36872,10.99690,-0.11014
1070.3214,-0.32083,9.07670,-0.20112
1070.3387,-0.06943,10.49650,1.34079
1070.3605,-0.82602,11.34647,-1.42459
1070.3826,-0.74701,10.26904,-1.25221
1070.4137,-0.31604,9.29218,0.72068
1070.4191,-1.00560,9.68484,2.70792
1070.4415,-0.26816,9.74949,-0.44773
1070.4613,0.25379,9.82850,-0.44534
1070.4796,0.75420,8.19560,0.00479
1070.5017,-0.23943,10.30017,-0.43336
1070.5209,1.09179,10.26186,-1.48684
1070.5519,-0.11971,9.82131,0.33280
1070.5614,0.02155,10.78860,0.39745
1070.5811,-0.28492,10.26904,1.02236
1070.5989,0.25619,10.73593,-0.56026
1070.6212,0.24661,9.70400,1.08221
1070.6389,-0.11014,9.94582,0.09817
1070.6611,0.21309,10.00328,-0.89785
1070.6963,-0.68955,9.87878,0.76856
1070.7001,-0.03352,8.74150,1.01757
1070.7185,0.93137,9.37837,-0.85954
1070.7411,-0.55068,9.27063,-1.34558
1070.7592,-0.45970,10.06793,-0.33280
1070.7789,-0.07183,10.08708,-0.15084
1070.8038,0.15084,10.53241,-1.86275
1070.8235,0.88828,10.04398,-1.10615
1070.8405,0.43336,9.39992,-0.50519
1070.8613,0.08859,9.41908,-1.04869
1070.8792,1.39347,9.90751,-1.46769
1070.8992,0.51237,9.23711,-0.26816
1070.9214,0.17478,9.89075,1.64487
1070.9387,-0.09577,9.15331,1.59459
1070.9659,0.09577,10.06074,0.03352
1070.9811,0.57702,11.33929,-0.15563
1071.0004,-0.62491,9.04078,2.01119
1071.0204,-1.00799,9.87638,1.76219
1071.0450,0.76138,9.34007,2.20992
1071.0629,-0.14845,9.82131,0.98165
1071.1005,0.00958,9.97694,0.66561
1071.1119,-0.54111,10.73832,1.64966
1071.1196,-0.61293,9.48851,1.72867
1071.1409,0.10535,10.55157,0.55308
1071.1628,0.17239,10.04877,1.95133
1071.1825,0.25379,9.50767,1.03672
1071.2026,-0.00479,10.72875,0.36632
1071.2428,-0.56505,10.84367,-0.09338
1071.2429,-0.48604,9.96497,1.52036
1071.2606,-0.18436,9.49569,0.54111
1071.2837,0.37351,9.01205,0.35435
1071.3027,1.00320,8.94022,-0.55787
1071.3197,0.34478,10.10623,-0.27534
1071.3438,0.14845,10.56833,-1.25460
1071.3840,0.02634,10.75269,-0.76377
1071.4054,-0.48364,10.83888,-0.13647
1071.4055,0.65364,10.07990,0.42379
1071.4196,0.09817,9.63935,1.33840
1071.4397,0.01676,10.57791,0.53632
1071.4620,0.98405,10.02962,-0.06225
1071.4797,0.32323,9.01205,-0.96489
1071.5011,0.22267,9.27781,-1.50360
1071.5363,0.59378,9.47893,1.20432
1071.5393,-0.92898,9.72554,1.42220
1071.5597,-1.27136,10.47495,2.37033
1071.5815,-0.01915,10.20201,0.43815
1071.6008,-0.18675,8.82530,0.73265
1071.6227,0.28492,9.51006,0.66561
1071.6449,0.62251,9.25387,0.26576
1071.6637,0.67519,8.86839,-0.07662
1071.6815,1.45572,9.77582,-0.64645
1071.7030,0.10774,10.53002,-0.62012
1071.7203,0.26337,10.12299,-0.47407
1071.7422,0.16042,8.86600,0.56744
1071.7643,0.15563,9.90033,0.40463
1071.7831,-0.20112,8.47094,1.56825
1071.8107,-0.50040,9.00487,0.99123
1071.8239,-0.17478,8.77023,2.00640
1071.8435,0.40224,8.81093,1.29770
1071.8633,0.06943,9.56273,1.33122
1071.8843,0.26816,10.09905,0.66561
1071.9020,-0.01437,10.13257,1.26897
1071.9249,0.18675,9.40232,1.52276
1071.9452,0.77814,10.67368,-1.19474
1071.9615,1.16122,10.26665,0.44055
1071.9817,0.97447,10.44383,-1.18756
1072.0056,0.12211,10.25947,-0.46928
1072.0256,0.51237,9.26105,-0.55547
1072.0452,0.21788,11.33929,-0.09817
1072.0831,-0.08619,11.03761,-0.20112
1072.0831,0.17718,9.43584,0.77575
1072.1025,0.26098,8.86600,-0.60815
1072.1239,-0.41421,9.99370,1.17319
1072.1416,0.31365,9.45978,-0.90025
1072.1616,1.19235,9.93624,-1.08940
1072.1838,1.72388,10.87240,-0.44294
1072.2019,1.35516,8.32489,0.49561
1072.2343,1.39826,10.15651,0.95532
1072.2435,1.02714,9.25148,0.51237
1072.2633,0.25858,10.24031,0.76138
1072.2833,-0.72068,9.06472,1.61614
1072.3058,0.08619,11.38957,0.56984
1072.3257,0.18915,8.10701,1.16122
1072.3595,-0.30407,11.56435,-2.40146
1072.3772,-0.65843,8.50446,1.48206
1072.3832,-1.20193,10.21158,1.39826
1072.4031,-0.81405,9.90990,0.12690
1072.4238,-0.42139,9.77582,0.61533
1072.4421,-1.97528,10.13257,0.22746
1072.4615,-0.63927,10.06553,1.48445
1072.4994,-0.90982,9.86920,3.11495
1072.5121,-0.32562,10.43186,1.41262
1072.5216,0.63448,10.41510,0.39506
1072.5437,0.96489,10.27383,0.80926
1072.5613,1.02714,8.88994,1.27136
1072.5824,0.30168,10.11581,-0.37351
1072.6584,0.45012,10.07511,0.87152
1072.6584,-0.04549,9.90272,0.67279
1072.6587,-0.04549,10.16848,2.02556
1072.6764,-0.44534,9.64414,0.35435
1072.6833,-0.39984,8.83966,1.13489
1072.7057,-0.05986,9.59865,-0.29450
1072.7253,-0.68237,9.58668,0.79250
1072.7434,-0.10535,9.09346,0.59857
1072.7633,0.63448,10.38158,0.42618
1072.7874,0.04310,10.10863,0.41900
1072.8053,0.73744,10.26904,-2.22907
1072.8235,1.14446,9.89554,-1.62332
1072.8455,-0.22746,9.96976,0.69913
1072.8633,-0.15802,9.76625,2.17879
1072.8835,0.42379,10.19722,1.18995
1072.9056,0.54350,8.84685,-0.43815
1072.9260,-0.07901,9.52443,0.10056
1072.9453,-0.19394,9.35922,0.88349
1072.9653,0.45012,8.40630,1.42699
1072.9833,-0.45491,9.60344,0.40224
1073.0033,-0.57463,9.39753,0.56984
1073.0273,-0.42379,9.67048,0.45970
1073.0449,-0.07422,9.29697,-0.83560
1073.0651,0.40703,9.05754,0.19872
1073.0963,0.43336,10.08947,1.03672
1073.1031,0.06943,9.86681,2.99284
1073.1235,0.02873,9.45978,3.21312
1073.1455,0.22027,9.79737,0.46928
1073.1635,-0.08619,9.28979,0.66800
1073.1837,-0.08619,10.38876,1.12291
1073.2072,0.15802,10.03680,2.36075
1073.2264,0.47167,9.69921,1.88429
1073.2512,0.47407,9.38556,0.16042
1073.2653,-0.06465,9.23711,-0.01676
1073.2828,-0.87391,9.98173,0.16520
1073.3031,-0.78053,9.66808,1.39826
1073.3253,0.10295,8.34884,1.55628
1073.3420,0.13647,9.68005,0.82363
1073.3622,-0.13887,9.83089,-0.60575
1073.3851,-0.01437,10.02483,-0.38787
1073.4017,-0.76138,9.96497,0.89785
1073.4224,-1.56586,10.65213,2.43498
1073.4443,-0.63688,10.02483,-0.81166
1073.4622,0.36393,9.62977,0.72068
1073.4824,-1.29051,10.54918,0.08859
1073.5044,-0.39984,10.82930,0.72307
1073.5222,-0.73983,10.56115,1.67360
1073.5421,-0.39745,9.69442,0.43815
1073.5642,0.89546,8.65530,-1.59698
1073.5836,0.00958,9.69921,0.19872
1073.6036,0.00958,9.86441,0.83081
1073.6257,0.53632,8.92346,1.81247
1073.6531,0.41182,9.92666,-0.79729
1073.6667,0.14605,8.52601,-0.61772
1073.6844,-0.98644,10.98493,-0.20591
1073.7031,-0.69434,9.52682,0.55547
1073.7229,-0.65843,10.38876,0.97686
1073.7454,0.38787,8.97135,-0.45970
1073.7762,0.62491,9.70878,-0.71110
1073.7933,0.51477,8.78938,-0.37590
1073.8043,-0.09577,9.87160,0.46449
1073.8229,0.09338,9.76385,0.31604
1073.8429,0.54829,10.56354,-0.72547
1073.8652,-0.22985,9.02402,-0.53632
1073.8824,0.08619,9.94582,-0.00479
1073.9110,-0.03831,10.53720,1.73345
1073.9264,0.40224,10.08708,1.19714
1073.9425,1.04151,9.02163,0.02634
1073.9623,0.48364,9.52443,-0.96250
1073.9850,-0.08141,9.66329,0.18196
1074.0029,-0.45012,10.73832,2.76778
1074.0233,-0.69195,9.96258,0.99362
1074.0587,-0.53153,9.46696,-0.50280
1074.0642,0.13169,10.21637,-1.36234
1074.0824,0.28731,9.11979,-0.62969
1074.1046,0.53871,8.91867,0.39506
1074.1222,1.01757,9.45978,-0.54589
1074.1433,0.68237,10.16848,-0.62012
1074.1655,0.67519,8.60023,-0.63927
1074.2010,0.09577,10.66889,-1.76219
1074.2153,-0.36632,10.85804,-0.29210
1074.2255,-0.77814,9.94103,0.45491
1074.2426,0.22267,9.33528,-0.16042
1074.2629,0.57941,8.72234,0.94334
1074.2849,0.05507,10.44143,-0.74701
1074.3025,0.78532,8.99768,0.41660
1074.3230,0.34956,11.14535,-0.87870
1074.3556,-0.91222,10.88437,0.90982
1074.3627,-0.11493,10.61621,0.69195
1074.3826,-0.16281,10.21637,1.63290
1074.4044,0.01676,9.53400,-0.56505
1074.4242,0.32083,10.40791,0.31126
1074.4424,0.31365,10.44383,-1.10615
1074.4646,-0.52674,10.47495,-0.22746
1074.4944,0.60575,9.62738,-1.05348
1074.5033,-0.01915,11.00648,-1.29051
1074.5276,0.44534,8.79896,-0.15802
1074.5437,1.07742,8.59545,-1.48684
1074.5643,0.61054,9.91709,1.70233
1074.5863,0.88588,8.86600,1.27615
1074.6041,1.32882,9.34725,-0.04070
1074.6379,0.56744,10.35524,-0.61054
1074.6458,-0.11253,10.53481,-1.87951
1074.6632,0.31604,9.09824,1.60895
1074.6832,-0.79729,10.38636,1.97049
1074.7062,-1.13489,9.49330,4.55630
1074.7236,-0.26816,9.90272,-2.55230
1074.7444,-0.56026,9.44541,-0.22985
1074.7662,-1.08940,9.80934,1.24981
1074.7841,-0.05507,10.01046,3.88591
1074.8035,0.80448,10.17088,-0.35914
1074.8258,0.26337,10.90832,-2.09020
1074.8436,-0.11732,9.80216,0.23943
1074.8638,-0.33520,10.33369,0.85954
1074.8945,-0.80448,10.46777,1.09897
1074.9063,-0.21548,9.41429,-1.52755
1074.9237,-0.51477,9.13895,-0.60096
1074.9460,-0.38548,8.89473,0.76138
1074.9636,0.47167,11.50210,1.71191
1074.9838,0.45012,9.99849,0.41900
1075.0061,0.72547,9.10303,1.24023
1075.0275,-0.00718,8.77741,0.89306
1075.0483,-0.39027,9.79498,0.67519
1075.0681,0.38308,9.23232,1.97049
1075.0851,-0.60096,10.22355,1.67599
1075.1052,-0.12211,9.58189,0.22985
1075.1289,-0.51237,8.78220,-0.37111
1075.1462,-0.25379,10.81254,-0.23703
1075.1669,0.57941,7.98730,0.73025
1075.1882,-0.34717,8.97614,0.23703
1075.2045,0.71589,8.94022,-0.69195
1075.2247,0.59857,10.37918,1.00799
1075.2469,0.08619,10.43186,0.18915
1075.2649,-0.11971,10.24271,0.33520
1075.2849,0.06704,10.71199,-0.79250
1075.3085,-0.23464,10.11102,0.37590
1075.3258,-0.26816,10.68565,1.27136
1075.3452,0.54111,8.57869,0.29689
1075.3687,0.96968,9.47415,-1.29530
1075.3883,0.46928,9.11740,-1.08461
1075.4045,-0.20112,9.70878,0.32323
1075.4287,-0.13887,10.17806,-0.04789
1075.4448,0.94334,10.61621,0.40463
1075.4811,-0.04070,9.61541,0.13647
1075.4869,-1.02475,9.69202,1.82923
1075.5049,-0.45012,9.58189,0.67758
1075.5264,0.79250,9.68005,-0.64167
1075.5488,0.04310,10.52284,-1.25699
1075.5684,0.57463,9.03360,-0.27774
1075.5862,0.02155,10.13736,-0.10056
1075.6191,0.78293,9.71357,-0.16520
1075.6263,0.13408,9.51006,-0.34238
1075.6449,-0.87152,9.47893,0.80926
1075.6674,0.90504,9.87399,1.41023
1075.6848,-0.70631,9.36161,1.63529
1075.7048,-0.00718,9.93145,0.09338
1075.7277,0.06943,9.05036,2.03753
1075.7465,-0.23464,9.89314,0.48843
1075.7648,0.75420,9.15571,-1.02236
1075.7871,0.52913,9.32570,0.33041
1075.8048,-0.07422,9.56034,0.01437
1075.8262,-0.22506,11.32731,0.67997
1075.8483,0.27774,10.58030,0.15563
1075.8673,0.05507,9.33528,-0.33520
1075.8983,0.68237,9.45260,-0.44773
1075.9105,0.63209,9.99131,0.06943
1075.9254,-0.84278,10.57072,0.33759
1075.9457,-0.35675,9.27063,1.42938
1075.9681,0.27295,9.84526,-0.27055
1075.9855,-0.04310,10.25468,-1.59938
1076.0056,-0.01676,10.57791,-0.12450
1076.0347,-0.56505,9.97215,1.65923
1076.0453,0.20830,9.81413,-1.27854
1076.0654,0.94813,10.64973,-1.33122
1076.0881,0.27774,9.40232,0.35435
1076.1056,1.24502,9.31612,0.85715
1076.1259,1.30967,9.88596,-1.14925
1076.1683,0.66082,9.16050,0.33520
1076.1688,0.12211,10.09187,1.56107
1076.1857,-0.08859,10.64016,0.18196
1076.2084,0.35914,8.89952,0.25858
1076.2260,-0.26337,10.43425,0.76377
1076.2469,0.39745,9.93385,0.29928
1076.2694,-0.08141,9.63696,-1.43656
1076.2885,-0.34238,10.17327,-0.39506
1076.3060,0.31844,10.55636,1.03672
1076.3281,0.48604,9.17247,-0.86194
1076.3455,0.31604,9.65372,-1.92739
1076.3674,0.33280,9.42387,-0.19394
1076.3881,0.75659,10.49411,-1.68796
1076.4059,0.40942,9.42147,0.41660
1076.4268,-0.03113,9.94582,1.21629
1076.4597,0.45491,10.85564,0.58660
1076.4675,-0.09338,10.90832,-0.41900
1076.4860,-0.16042,10.51805,0.94095
1076.5081,0.55787,10.85325,0.85954
1076.5259,0.22267,10.52763,0.38548
1076.5460,-0.64167,9.91469,-0.66561
1076.5696,0.31604,9.85723,-0.23703
1076.6003,0.02155,8.88994,1.23784
1076.6051,-0.24182,9.37837,-0.24422
1076.6276,0.12211,9.63935,0.97686
1076.6454,0.90025,9.38556,0.25619
1076.6666,0.03113,10.18524,0.96250
1076.6888,-0.34956,9.81174,0.40224
1076.7078,-0.14605,9.70878,1.44854
1076.7300,-0.35675,10.21877,1.57783
1076.7489,-0.06943,10.02004,-0.11493
1076.7660,0.77096,9.28260,2.18837
1076.7864,0.39027,10.77903,-0.25858
1076.8087,0.75659,9.48133,0.65843
1076.8262,0.33520,10.17327,-0.93856
1076.8473,0.73983,10.47974,-0.34956
1076.8796,-0.39506,10.99690,-1.31446
1076.8867,0.01676,8.90191,0.54111
1076.9061,0.34717,8.69601,1.66881
1076.9301,0.05267,9.91469,-0.87630
1076.9475,-0.19633,9.30655,-0.07422
1076.9677,0.14845,8.55474,1.31925
1076.9897,0.79250,8.67446,0.07183
1077.0271,0.14366,9.36880,-0.65603
1077.0272,0.02155,9.07909,0.62251
1077.0486,0.74701,8.37278,0.90504
1077.0662,0.88109,9.63935,-1.19953
1077.0862,0.56744,9.73991,-1.32882
1077.1084,0.69434,9.94103,0.02394
1077.1261,0.13887,9.24430,0.30886
1077.1493,-0.38548,9.93863,-0.86673
1077.1685,0.82124,10.14694,-0.98884
1077.1862,0.19154,9.98891,0.91222
1077.2079,-0.07183,10.25947,-0.38308
1077.2302,0.73025,9.29697,-0.07901
1077.2482,0.20830,10.07750,-0.29450
1077.2690,-0.24422,9.04318,-0.32323
1077.3019,-0.39984,9.72794,1.01038
1077.3062,0.06225,8.35123,1.62092
1077.3262,0.24422,9.58189,-0.87870
1077.3483,-0.96250,11.30816,0.13169
1077.3660,-0.98405,10.79339,1.28094
1077.3876,-1.20432,9.93145,1.84359
1077.4098,-0.44055,9.47654,0.79490
1077.4434,-0.13647,10.03919,-0.25140
1077.4490,-1.11334,10.33848,0.96729
1077.4703,-0.52435,9.73512,-1.10615
1077.4863,-0.29928,10.58509,0.69195
1077.5062,-1.01996,9.96976,0.22985
1077.5287,-0.45491,9.00487,-0.32083
1077.5465,0.45731,9.33049,-0.36872
1077.5763,0.49561,9.56513,-0.90743
1077.5889,-0.12690,9.60104,0.72786
1077.6063,-0.09817,11.18126,0.05746
1077.6262,0.21309,9.85962,1.29770
1077.6489,-0.53871,10.35045,-0.89785
1077.6676,0.44773,9.18923,-0.19633
1077.6885,0.87152,8.09983,1.74303
1077.7205,0.22746,8.77981,-1.33840
1077.7273,0.40463,9.21556,-1.12770
1077.7474,-0.43336,9.30176,0.25619
1077.7697,-0.79011,9.99849,-0.19633
1077.7876,0.31365,9.99131,0.88588
1077.8077,0.79729,9.30415,-1.23545
1077.8312,0.27055,8.76305,0.88588
1077.8505,-0.02634,9.72794,0.09817
1077.8673,0.32562,9.77582,0.34956
1077.8894,0.46928,9.71597,-0.74941
1077.9072,-0.28731,8.79417,0.89306
1077.9274,-0.61293,10.04159,1.01757
1077.9498,-0.35914,10.14454,-0.21070
1077.9689,-0.82842,10.72635,0.39506
1078.0044,-1.08461,10.90113,0.32083
1078.0094,-1.50121,10.28341,0.83321
1078.0269,0.12211,10.60185,0.97686
1078.0488,0.36393,9.50048,1.75021
1078.0695,-0.19154,9.59865,-0.20830
1078.0872,-0.29450,9.57710,0.73744
1078.1071,-0.93137,10.54439,0.52913
1078.1346,-1.35037,9.58189,1.36713
1078.1469,-0.72547,10.41031,0.39027
1078.1665,-0.01197,10.35284,0.05986
1078.1885,0.32323,9.49809,-0.86673
1078.2073,0.28971,10.64734,-1.34798
1078.2272,0.08141,8.87318,-0.84518
1078.2495,-0.49801,10.25468,0.37590
1078.2770,-0.40703,9.39753,1.13249
1078.2875,0.45731,9.80934,1.10376
1078.3096,0.12690,10.46777,0.61772
1078.3271,-0.81166,10.02243,-0.21548
1078.3473,-1.66881,9.29218,0.73504
1078.3696,-0.96489,9.79019,2.34400
1078.3905,1.45572,7.69999,0.50040
1078.4080,1.97288,8.06631,-0.80448
1078.4308,0.64406,8.80135,0.04070
1078.4473,0.50759,10.24031,2.77018
1078.4672,1.69994,9.78301,0.00239
1078.4895,-0.56984,8.20039,3.25861
1078.5084,-2.01837,9.10782,-1.91303
1078.5288,-0.18915,9.94342,0.35435
1078.5656,-1.22108,10.55396,1.48924
1078.5674,-1.82683,10.50129,2.26498
1078.5874,0.77096,9.26105,0.65603
1078.6096,1.53473,8.96416,-0.87630
1078.6273,0.88349,10.48453,-1.98964
1078.6511,0.95771,9.98413,0.54111
1078.6708,0.56265,9.71118,1.10376
1078.7039,0.32083,10.63776,1.15165
1078.7069,-0.29928,10.93705,0.50280
1078.7312,-0.79729,11.03521,0.32323
1078.7485,0.57941,10.44143,-0.15563
1078.7686,1.66642,8.49968,0.42858
1078.7911,0.18675,9.08627,0.48604
1078.8281,-0.95532,10.54199,0.79490
1078.8281,0.47885,9.92906,-0.79490
1078.8494,0.19633,9.23232,-0.33520
1078.8667,0.07422,9.92906,-0.74941
1078.8867,0.47885,9.45260,1.18517
1078.9088,0.83321,8.45897,1.72148
1078.9279,-0.12690,10.10623,-0.47167
1078.9486,-0.07183,10.06793,-1.75021
1078.9790,-0.42139,10.30735,-0.70871
1078.9866,-0.22506,9.73752,0.44294
1079.0067,-0.34717,10.73593,0.04789
1079.0289,0.55787,10.44622,-0.43336
1079.0468,0.57463,10.22116,-0.72307
1079.0684,-0.36872,9.55316,1.93457
1079.0922,0.63927,10.02483,-1.51079
1079.1122,0.87630,8.43503,-0.81884
1079.1290,0.50998,9.55555,-0.82842
1079.1495,0.36393,9.15331,0.08141
1079.1664,0.90504,8.96895,-0.55547
1079.1866,0.33759,9.08388,-1.01038
1079.2091,0.49561,9.88117,-0.08141
1079.2286,0.38069,9.51245,0.14126
1079.2559,0.29689,9.94582,-0.59139
1079.2734,0.29450,9.83568,1.71909
1079.2861,-0.60575,9.89314,2.00880
1079.3065,0.20830,10.40073,1.79571
1079.3301,0.08141,10.09426,0.11253
1079.3507,0.20112,9.73752,2.14766
1079.3854,-0.13169,10.08947,0.82602
1079.4022,-0.21788,10.09905,0.46688
1079.4080,0.37830,9.09824,0.84039
1079.4270,0.63927,9.63456,0.26576
1079.4491,-0.15563,9.88836,-0.88349
1079.4670,-0.52195,9.28500,1.36713
1079.4880,0.44294,8.81093,1.73106
1079.5105,0.20112,10.01525,-0.71589
1079.5286,0.23224,9.10782,-0.44055
1079.5469,-0.06943,10.28580,0.28252
1079.5692,-0.30886,10.10623,-0.42618
1079.5868,0.02394,9.37837,-0.02394
1079.6080,-0.39027,9.80216,1.05348
1079.6306,0.15802,9.82610,-0.08859
1079.6483,-0.36872,9.58428,0.83800
1079.6796,-0.34238,10.64734,0.77814
1079.6888,0.03831,10.03441,0.61293
1079.7084,-0.35914,10.30496,-0.77335
1079.7281,-0.17239,9.43105,0.29210
1079.7489,0.45012,8.73910,0.64645
1079.7670,0.16520,10.12299,0.57702
1079.7892,-0.32802,9.50527,0.36393
1079.8234,0.20830,9.37837,0.33999
1079.8264,0.28731,9.30176,-0.58181
1079.8466,-0.70631,9.33528,0.76617
1079.8690,-0.36872,9.54597,0.66082
1079.8867,-0.76856,10.72635,-0.61533
1079.9069,0.18436,8.99290,0.00239
1079.9303,-0.47407,10.73114,2.10217
1079.9611,0.08380,10.49889,0.46449
1079.9666,0.61772,10.25468,-0.19633
1079.9889,-0.02634,9.58907,0.52913
1080.0066,0.87870,9.81413,0.84518
1080.0281,1.06545,9.47654,-1.54670
1080.0504,0.26337,8.76783,1.08221
1080.0868,-0.10774,10.66171,-0.22985
1080.0973,0.03352,9.86202,-1.44854
1080.1089,0.41421,9.58668,2.23625
1080.1281,-0.38787,10.67847,0.53871
1080.1483,0.08380,10.30735,-1.06306
1080.1689,-0.06704,9.44063,-0.70871
1080.1881,0.92180,10.34327,0.84518
1080.2159,-0.16042,9.44781,-0.19633
1080.2329,-0.33759,9.84047,0.62251
1080.2484,-0.51237,9.13416,-0.69434
1080.2679,-1.26178,10.66171,-2.79172
1080.2889,-1.05588,10.13018,-0.69434
1080.3083,-0.02155,9.85005,-0.25379
1080.3303,0.53871,9.28739,-1.80528
1080.3760,0.02394,10.14933,-1.36234
1080.3760,-0.03352,9.49091,-0.44055
1080.3914,-0.21309,10.20440,0.30886
1080.4089,0.17718,9.92666,-0.44534
1080.4275,0.12450,9.51724,0.04310
1080.4462,-0.48364,10.79578,-0.24900
1080.4696,0.79011,9.11979,0.82363
1080.4875,0.86194,10.02004,-0.95771
1080.5177,0.03113,9.19162,-1.40305
1080.5284,-0.20591,9.88357,1.25699
1080.5461,0.30407,10.54199,0.58660
1080.5667,0.61533,9.93385,-0.13887
1080.5886,-0.22267,10.86282,1.01757
1080.6064,0.13647,8.96177,-1.94655
1080.6274,0.66800,9.61780,-1.51318
1080.6580,0.39506,9.21556,1.19235
1080.6669,1.49403,8.92825,0.60336
1080.6864,0.76138,9.45978,-1.31685
1080.7086,-0.61054,10.03680,-0.10774
1080.7281,-1.21150,9.56752,2.17161
1080.7482,0.10774,9.56752,2.54511
1080.7736,0.51716,9.64174,0.23943
1080.7911,0.39984,10.43425,-0.67040
1080.8077,0.14845,9.70878,0.43576
1080.8287,0.67040,10.25947,-1.93218
1080.8461,0.32802,9.54119,-0.70152
1080.8662,0.61772,10.22834,0.13887
1080.8883,0.42858,8.81572,3.58902
1080.9063,-0.77575,10.22355,2.44455
1080.9305,-0.12690,10.60424,0.16042
1080.9482,0.62969,8.15729,-0.64167
1080.9661,-1.62092,10.08229,2.21231
1080.9858,-1.11094,9.83329,3.07664
1081.0082,-1.03672,9.65372,3.32565
1081.0259,-0.08141,10.49411,0.18915
1081.0460,1.26418,9.21317,0.85954
1081.0745,-0.62251,9.18683,0.56744
1081.0848,-0.26816,10.70720,0.35435
1081.1051,-0.49801,9.34246,0.33280
1081.1272,-0.13169,9.33049,-0.46210
1081.1453,-0.22267,10.25468,-1.47248
1081.1659,0.09338,9.83568,-0.17239
1081.1882,-0.93856,10.09426,0.21548
1081.2063,-0.87152,10.76705,-0.02394
1081.2257,-0.71349,10.05356,-0.29210
1081.2482,-0.05267,10.31932,0.25619
1081.2657,0.31604,9.68484,0.82124
1081.2877,0.98165,9.41189,-1.00081
1081.3103,0.95292,8.91149,-0.59378
1081.3281,0.18915,10.60903,-0.42618
1081.3489,-0.79011,10.13975,1.18038
1081.3687,-0.00958,9.95539,1.35277
1081.3860,-0.60815,9.70639,1.47008
1081.4078,-0.24900,9.87160,1.25939
1081.4286,0.21309,10.45340,1.35995
1081.4500,-0.45731,10.69762,1.23066
1081.4929,-0.14126,9.73273,0.16520
1081.4930,0.08619,10.15891,0.74462
1081.5081,-0.07183,9.70639,0.12929
1081.5260,-0.04789,9.37359,-0.24661
1081.5481,0.01915,9.78301,-1.19714
1081.5657,0.62251,8.60023,-0.69913
1081.5858,-0.05986,9.56992,-0.03591
1081.6084,0.54111,9.12219,0.29210
1081.6265,0.35435,9.11261,0.84039
1081.6459,0.52195,10.10384,0.31126
1081.6678,0.56026,9.34485,1.38389
1081.6855,-0.01915,10.16130,1.23066
1081.7056,-0.24182,10.11102,1.57304
1081.7281,-0.23224,10.28580,-0.79490
1081.7458,-0.24182,9.34964,0.97208
1081.7717,-0.26098,9.43344,1.30967
1081.7880,0.00239,8.90191,0.63927
1081.8055,-0.07422,8.43503,-0.51477
1081.8267,-0.89785,8.98571,0.19633
1081.8489,-1.21390,8.96656,1.14686
1081.8682,-1.54191,9.91948,1.10615
1081.8889,-0.47167,10.32890,1.14925
1081.9221,-0.23464,9.50527,0.10774
1081.9271,0.28013,9.27303,0.34717
1081.9469,0.36632,11.06873,-0.79490
1081.9695,0.32562,9.45978,-0.67519
1081.9875,0.10056,9.89075,0.00718
1082.0077,-0.52913,9.36401,0.73504
1082.0308,-0.54829,8.85882,0.49561
1082.0540,0.71349,9.45260,0.08380
1082.0677,0.27055,9.24190,-0.45012
1082.0894,-0.39984,11.30816,0.22506
1082.1090,1.10376,9.34007,1.64726
1082.1309,1.34558,9.12698,0.20112
1082.1531,0.59617,10.32651,1.02954
1082.1876,0.66800,10.15412,0.98644
1082.2078,0.71828,9.72076,1.93218
1082.2115,0.32802,11.44463,-0.05986
1082.2291,-0.36632,9.02881,1.52515
1082.2501,-0.60815,10.30735,0.30407
1082.2714,-0.05507,10.86282,0.24661
1082.2888,0.55308,10.63058,0.47167
1082.3090,0.41660,9.63696,0.60096
1082.3409,0.39027,9.30415,-1.56825
1082.3489,1.10376,9.79019,-0.61533
1082.3689,0.48604,8.89952,-0.39745
1082.3916,0.13647,9.80216,1.62571
1082.4094,-0.71110,10.11581,1.36474
1082.4307,-1.51558,9.51245,1.26657
1082.4525,-1.47487,11.54040,1.75261
1082.4757,-0.13887,9.11500,2.40385
1082.4884,-0.40463,10.63776,-0.43576
1082.5109,0.10295,10.18285,-0.09338
1082.5289,0.68716,8.99768,1.24023
1082.5487,-0.19394,9.60583,2.09738
1082.5714,-0.50759,10.05835,1.14925
1082.5887,0.45970,9.27781,-0.87870
1082.6125,0.27534,9.54597,-0.66082
1082.6335,0.19154,9.82850,0.95532
1082.6488,0.53632,9.27063,-0.19154
1082.6688,0.43576,10.12778,-1.96809
1082.6917,0.03113,9.93385,-0.65364
1082.7094,-0.70631,10.71199,-0.46449
1082.7300,-0.35435,10.36242,0.36872
1082.7582,0.70392,9.28260,0.39984
1082.7683,0.71349,9.16289,-0.07901
1082.7885,0.12211,10.80297,-0.18675
1082.8112,-0.85236,10.27144,0.04310
1082.8292,-0.37830,10.00328,1.29291
1082.8490,-0.34478,9.91469,1.17559
1082.8717,1.10855,9.39753,-0.77814
1082.8962,0.72068,9.10782,0.28013
1082.9088,0.00958,9.55555,-0.86433
1082.9318,0.43576,9.87399,0.87391
1082.9491,0.22746,9.72554,0.16281
1082.9694,0.36393,9.84765,0.12450
1082.9916,-0.21309,10.62100,0.36154
1083.0117,-0.24900,10.26904,-0.65124
1083.0302,-0.67758,10.06314,1.03193
1083.0505,0.56505,10.01525,1.54431
1083.0682,0.02394,9.59865,1.78613
1083.0878,0.66800,10.02483,-1.08221
1083.1113,-0.41900,9.36640,-0.10535
1083.1292,-0.84518,9.11979,-0.51237
1083.1497,-0.39506,9.62020,0.45012
1083.1842,0.45252,9.06233,-0.32323
1083.1923,0.18675,9.28979,-0.54829
1083.2089,-0.22267,9.40711,-0.43097
1083.2311,-0.59617,9.36880,0.83800
1083.2489,-0.09817,9.51724,1.00799
1083.2689,0.20830,9.04078,0.20591
1083.2925,0.24422,9.43105,-0.62969
1083.3141,0.25619,8.89952,-0.10295
1083.3383,-0.53153,10.18046,0.81645
1083.3505,0.59857,10.42946,1.43656
1083.3705,0.63209,9.62977,1.58980
1083.3881,0.04789,9.93385,0.06704
1083.4124,-0.13169,9.46936,0.55547
1083.4294,-0.77814,9.63456,1.61853
1083.4482,-0.85715,9.41189,1.72867
1083.4708,0.00958,9.62020,1.88429
1083.4884,0.52435,9.51724,-1.20911
1083.5083,0.86673,8.94980,-1.61135
1083.5305,-0.13887,9.50288,0.02394
1083.5482,-0.63209,9.29697,0.55068
1083.5702,-0.23943,10.28341,-0.40463
1083.6033,-0.30168,8.76783,-0.48364
1083.6113,0.60575,9.64414,-0.72547
1083.6289,0.19872,10.53481,1.18517
1083.6514,0.71589,10.06553,1.34319
1083.6688,1.54191,9.74949,-0.60096
1083.6887,1.34558,10.31214,-2.42540
1083.7383,0.45012,9.63456,-0.56265
1083.7384,-0.07662,10.29059,0.80926
1083.7529,-0.75420,11.37281,0.53392
1083.7725,1.18995,9.18204,-0.93377
1083.7885,0.51237,9.88357,-1.49403
1083.8101,0.95053,9.26824,-1.13010
1083.8325,0.20351,8.54996,0.94813
1083.8502,0.46688,11.14535,0.84757
1083.8823,-0.14126,10.89395,0.08859
1083.8915,0.66082,8.68882,-1.03193
1083.9095,0.15802,10.30017,-0.09098
1083.9286,-0.61293,9.10543,2.50202
1083.9545,-0.36632,10.24750,2.85637
1083.9700,-0.11253,9.77104,1.39586
1084.0094,0.77814,9.61301,-1.07503
1084.0281,-0.36872,11.32971,-0.23224
1084.0282,0.37351,9.80934,1.32882
1084.0530,-0.12450,10.02483,1.37192
1084.0715,0.32562,10.85564,1.95373
1084.0894,1.54191,9.84765,-0.14126
1084.1082,1.22347,8.75586,-1.17798
1084.1302,0.10295,9.34725,-0.57463
1084.1473,-0.35196,9.67287,1.45811
1084.1680,-0.34717,10.24989,1.11334
1084.1899,0.97686,8.60502,0.35914
1084.2073,1.03193,9.56273,-0.00239
1084.2272,1.05827,9.61780,-1.04630
1084.2494,0.70152,9.14374,-0.02155
1084.2673,-0.03352,11.50928,0.91461
1084.2941,-0.32323,10.19482,1.53952
1084.3108,0.15563,10.40312,1.86275
1084.3278,0.48843,10.48453,1.05827
1084.3491,0.39745,10.13018,-0.56265
1084.3716,-0.09338,10.30256,0.92180
1084.3893,0.05028,10.82452,0.70631
1084.4089,0.53632,9.63696,0.51237
1084.4315,-0.02634,9.81653,0.68716
1084.4492,0.43097,9.56752,1.27136
1084.4689,-0.02394,8.96895,0.89067
1084.4913,0.12929,9.87638,0.39506
1084.5089,0.52913,9.44063,-0.22027
1084.5291,0.08859,10.10384,-0.22746
1084.5709,0.16042,9.77104,1.06545
1084.5710,0.48364,9.33288,1.00799
1084.5914,0.74941,8.74629,1.49403
1084.6116,0.77335,9.82850,1.44854
1084.6293,0.22985,10.58988,1.56107
1084.6497,0.31604,9.80695,0.23224
1084.6721,0.21070,9.44302,-0.35675
1084.6897,0.27055,10.39115,0.13887
1084.7191,0.40942,10.01286,0.56984
1084.7316,0.32083,10.30735,-0.10056
1084.7494,0.76617,8.69361,0.31844
1084.7694,0.84039,9.78780,-0.17957
1084.7916,0.27055,9.39035,-0.58660
1084.8093,0.60575,9.87878,0.59857
1084.8304,0.01676,10.12060,0.77335
1084.8616,-0.18196,9.96737,0.59378
1084.8704,0.14845,9.62259,1.07503
1084.8894,-0.14605,9.92188,1.42220
1084.9113,0.04789,10.16848,0.12929
1084.9297,0.32562,9.63696,0.33520
1084.9495,-0.51956,10.12060,-0.06704
1084.9717,0.38069,9.52921,0.24182
1084.9935,0.37590,9.73752,0.77096
1085.0093,0.62491,10.45819,0.09817
1085.0317,-0.01437,9.87160,0.96010
1085.0507,0.22746,9.39035,1.14207
1085.0708,1.25939,9.22993,-0.94095
1085.0931,0.77096,9.21556,-1.74064
1085.1135,-0.29210,10.55157,0.69434
1085.1312,-0.14366,9.09585,1.26897
1085.1519,0.45252,10.34806,0.11971
1085.1729,0.12690,9.60344,-0.54829
1085.1893,-0.04070,8.96656,1.86275
1085.2133,0.61293,9.76385,1.19953
1085.2310,0.80448,9.97934,0.67519
1085.2510,0.84278,8.41827,0.12450
1085.2841,-0.03591,9.61062,0.70871
1085.2891,0.35914,9.61062,0.32802
1085.3092,0.10535,9.50288,0.51237
1085.3315,-0.14366,9.79258,-0.32323
1085.3494,0.68237,10.55636,0.85954
1085.3694,0.68716,9.84286,-0.88109
1085.4043,0.46449,9.59625,0.05028
1085.4191,0.04789,10.62340,0.21548
1085.4293,0.42858,9.10543,-0.14366
1085.4514,-0.30168,9.98173,1.37910
1085.4695,-0.15323,9.25627,2.45892
1085.4896,0.67279,8.58587,0.23224
1085.5121,-0.39984,10.34087,0.34717
1085.5313,-0.44534,9.53640,0.43097
1085.5500,-0.01197,10.21637,0.91701
1085.5720,-0.99123,10.20679,0.91222
1085.5907,-0.54111,10.27623,0.32802
1085.6093,0.25619,10.18764,-1.34319
1085.6332,0.04070,10.10863,-0.21788
1085.6505,-0.07901,10.35284,-0.30407
1085.6722,0.71349,10.17088,0.00000
1085.7035,-0.02873,10.24031,-0.36154
1085.7086,0.16999,9.04557,0.04789
1085.7290,0.26337,10.18524,-0.04789
1085.7516,-0.24900,9.48372,-0.42379
1085.7693,-0.30168,8.89234,0.44055
1085.7894,0.31604,9.44781,0.85476
1085.8129,0.11014,10.34087,0.03591
1085.8307,-0.28492,9.32570,0.15084
1085.8490,0.05746,10.06314,0.16281
1085.8734,0.30407,10.23313,-0.84757
1085.8893,-0.58181,10.50608,0.79729
1085.9094,0.22027,9.52921,1.18038
1085.9320,-0.10056,10.22834,-0.80687
1085.9506,0.40224,9.74709,0.20591
1085.9755,0.28252,9.70400,0.41660
1085.9913,0.34238,10.10145,-1.56346
1086.0089,0.19394,9.21078,0.45252
1086.0289,-0.25619,8.68164,0.50759
1086.0516,0.25619,9.50767,-1.28573
1086.0699,-0.55308,9.52682,-0.09817
1086.0902,0.36632,10.11821,0.91461
1086.1215,0.31844,9.85484,-0.37830
1086.1292,0.40703,9.04318,0.59857
1086.1489,0.40463,9.69681,-0.31365
1086.1713,0.28971,9.96737,-1.31446
1086.1891,0.28971,10.39355,0.41660
1086.2090,0.40703,9.29936,-1.08940
1086.2332,1.04390,8.76305,-1.00320
1086.2489,0.01437,9.33767,0.57702
1086.2689,0.33280,9.82610,-0.17718
1086.2914,-0.10535,9.33767,0.79969
1086.3099,-0.02634,10.03919,0.79011
1086.3300,0.21309,10.03680,-1.26418
1086.3539,-0.40463,9.54597,0.73983
1086.3732,0.06225,10.68804,0.00958
1086.3906,-0.18915,10.63537,-0.30647
1086.4119,-0.19394,9.91469,0.87870
1086.4301,0.83800,8.17645,-1.46769
1086.4515,-0.05746,10.95381,-0.65843
1086.4763,-0.68716,10.04638,-0.35196
1086.4937,-0.47646,9.81653,0.42139
1086.5116,-0.03591,10.11342,0.15563
1086.5338,-0.63927,9.61541,-1.15883
1086.5505,0.00239,10.46298,-0.36154
1086.5699,0.32562,9.72315,0.31126
1086.5924,0.16042,10.82930,0.97447
1086.6100,0.84039,9.32091,0.48125
1086.6313,0.04789,9.81174,-1.46769
1086.6542,0.22267,9.65132,0.48843
1086.6725,0.14845,10.04159,0.00958
1086.6898,-0.31844,10.07271,0.93377
1086.7125,0.15802,9.22993,0.58899
1086.7314,0.07422,9.92427,-0.86673
1086.7500,0.65843,8.94501,0.55547
1086.7738,-0.36632,9.91948,0.15323
1086.7917,-0.61293,10.23553,1.71191
1086.8280,0.21548,9.17247,1.76697
1086.8323,0.00718,9.53400,0.88828
1086.8500,-0.02873,11.13817,-0.30647
1086.8698,-0.68237,9.77822,-0.05028
1086.8922,-0.11971,10.28341,-0.52674
1086.9102,1.40544,10.07271,-1.22587
1086.9309,0.73265,9.42865,1.33122
1086.9618,-0.03113,9.23232,-0.04549
1086.9697,0.32323,9.60344,-0.07183
1086.9915,0.28971,9.79258,-0.25140
1087.0122,-0.18915,10.02483,0.53632
1087.0303,0.49083,9.93624,1.81965
1087.0500,1.11334,7.82210,-0.13647
1087.0737,0.77814,9.37598,-0.44294
1087.0994,0.27774,9.70639,-0.53632
1087.1113,-1.14446,11.48773,0.80448
1087.1318,-0.00958,10.52044,-1.06306
1087.1497,-0.22985,10.19722,-0.01915
1087.1696,-0.10056,10.35763,-0.61293
1087.1919,-0.16999,9.99610,-0.13408
1087.2095,-0.18196,9.78061,0.50040
1087.2292,-0.01915,9.50048,-0.77575
1087.2516,-0.46688,9.50288,0.85476
1087.2695,-0.48364,10.21877,-1.81486
1087.2896,0.27534,9.69202,-0.26098
1087.3119,-0.40703,9.53879,-1.30009
1087.3314,0.42858,10.57312,0.37111
1087.3513,0.52674,8.77741,0.16042
1087.3856,-0.14605,9.95061,0.88349
1087.3893,0.11493,9.24430,0.35914
1087.4113,-0.38787,10.11821,-0.47885
1087.4320,-0.26337,10.59467,0.27295
1087.4514,-0.08141,9.32570,-0.26098
1087.4714,0.03831,9.75428,0.58420
1087.5015,-0.03113,9.39992,-1.01757
1087.5118,-0.26576,11.07592,0.60336
1087.5295,0.30886,9.53879,0.56026
1087.5519,0.14845,9.44781,1.26178
1087.5698,0.33520,9.01205,0.22506
1087.5901,-0.32323,9.60104,0.22746
1087.6122,-0.09338,9.68963,-0.41900
1087.6313,0.16999,10.18764,0.23224
1087.6641,0.26576,9.92427,1.08940
1087.6730,0.31844,9.96258,0.80448
1087.6895,0.13408,10.17327,1.47008
1087.7094,-0.18436,10.32890,0.14845
1087.7335,0.65843,9.91709,0.34238
1087.7512,-0.74941,10.76945,0.99362
1087.7714,0.12211,8.42066,0.93137
1087.8032,1.35037,8.76065,-0.78053
1087.8109,0.18915,9.31612,-1.71430
1087.8293,0.42139,9.81653,-1.39826
1087.8517,0.60815,9.24430,-0.22985
1087.8696,0.04070,9.80455,0.26337
1087.8912,0.03591,9.43344,0.70871
1087.9136,0.70871,8.77741,-0.33520
1087.9315,0.65124,8.31292,-0.57463
1087.9497,0.05028,9.45499,0.94334
1087.9717,0.09577,8.59784,0.33520
1087.9896,0.35675,10.07990,0.67997
1088.0099,0.57223,9.40471,-0.31844
1088.0322,0.11971,10.13975,2.03034
1088.0519,0.05746,10.21877,0.35914
1088.0714,0.06943,9.55555,0.95053
1088.0917,0.01197,10.02483,0.41900
1088.1113,0.00958,10.67847,0.95053
1088.1296,0.05986,9.94821,0.55308
1088.1519,0.44294,9.58668,-0.33520
1088.1711,0.90025,9.51964,-0.15563
1088.1907,-0.65843,9.35204,-0.74223
1088.2155,0.14845,9.26105,-0.43097
1088.2292,0.20591,9.00966,0.02634
1088.2498,0.07662,9.38795,-0.73265
1088.2717,-0.05746,8.68403,0.73025
1088.2908,-0.08141,10.13257,-0.39027
1088.3096,-0.16999,9.20120,-1.22587
1088.3508,0.51716,9.85244,-1.22826
1088.3676,0.16281,9.96258,-1.42459
1088.3698,0.37111,9.35443,0.81405
1088.3917,0.24661,10.42707,-0.46210
1088.4111,0.41900,10.69523,-0.57463
1088.4333,0.06225,9.48133,-0.58181
1088.4534,0.05267,10.49650,0.37590
1088.4709,0.05746,9.16528,0.32083
1088.5031,-0.36393,11.28661,0.56744
1088.5118,-0.49322,8.53080,-0.78532
1088.5295,0.09577,10.37200,-0.75659
1088.5496,0.05028,8.89473,-1.31446
1088.5717,0.24422,8.67446,0.55308
1088.5909,0.08859,9.28260,-0.84757
1088.6106,0.10535,10.89874,-0.20830
1088.6333,0.77814,9.69921,0.33041
1088.6549,0.15084,9.73273,0.37111
1088.6693,-0.22985,8.58348,0.05507
1088.6919,0.44055,10.68325,0.47167
1088.7094,-0.77335,9.09346,-0.13169
1088.7295,-0.26576,10.80536,0.39506
1088.7516,-0.47646,11.29140,1.72388
1088.7762,-0.37111,9.93385,-0.18436
1088.7894,-0.03831,9.55076,-1.73106
1088.8114,0.16520,10.66171,-0.78293
1088.8293,-0.62491,8.46616,0.40942
1088.8494,-0.14605,10.38397,0.28731
1088.8735,-0.24182,10.10623,1.16122
1088.8912,0.97208,9.36880,-1.65684
1088.9236,-0.45252,8.79657,-1.31206
1088.9315,-0.20591,10.14454,-0.37830
1088.9495,0.16281,8.26743,0.37351
1088.9692,-0.04789,10.18524,-0.14605
1088.9924,0.03831,10.28102,0.00000
1089.0104,0.60575,10.84846,0.27295
1089.0305,0.12211,10.85804,-0.57702
1089.0674,0.51477,9.98173,0.54111
1089.0692,-0.49322,10.30496,-0.04789
1089.0892,-0.09098,10.97775,0.20830
1089.1116,-0.04070,9.75428,1.83401
1089.1298,0.50519,9.44302,-0.05986
1089.1498,0.15563,9.65850,-0.05507
1089.1736,-0.46928,9.42626,-1.28333
1089.1908,-0.88349,10.22355,1.80049
1089.2100,-0.45012,10.32651,1.71670
1089.2314,0.78532,9.59146,0.80208
1089.2493,0.28731,9.07670,-1.53712
1089.2694,0.37111,9.92906,0.14126
1089.2931,-0.18675,9.42865,0.05267
1089.3109,0.29689,9.59865,-0.68237
1089.3386,-0.11493,11.20042,-0.66082
1089.3517,0.32562,9.98891,0.69913
1089.3691,-0.11014,10.11342,0.00000
1089.3917,0.03352,11.14056,-0.45252
1089.4125,0.43576,8.86839,0.09577
1089.4325,-0.07662,10.77184,-0.14605
1089.4519,-0.14126,8.89713,-0.77096
1089.4843,0.51237,9.94342,0.28013
1089.4900,0.65124,9.39035,-2.69116
1089.5105,0.74941,9.12458,-1.51079
1089.5330,-0.63927,9.26345,-0.38308
1089.5503,-0.34478,9.75906,1.59219
1089.5702,-0.98884,9.64653,1.35037
1089.6082,-0.60575,11.48055,0.13169
1089.6227,0.09577,9.16768,-0.78293
1089.6301,-0.97686,11.79659,-1.44375
1089.6521,-1.37910,11.20281,0.60815
1089.6700,-0.11971,9.93863,1.61614
1089.6904,-0.34956,9.61541,0.47885
1089.7129,-0.50998,10.23313,-0.15563
1089.7317,0.16042,9.89554,-1.49882
1089.7645,0.16042,9.56992,-0.84997
1089.7729,0.13408,8.70079,1.40783
1089.7898,-0.03352,9.42147,-0.27534
1089.8099,0.59857,9.92188,1.27854
1089.8325,0.39506,9.14613,-0.14126
1089.8502,-0.15563,10.47735,0.73265
1089.8732,-0.12690,9.93624,-0.71110
1089.9109,0.64167,9.49809,0.32083
1089.9111,-0.22985,9.18923,-0.83081
1089.9297,-0.15563,9.90272,1.07742
1089.9524,-0.28252,9.72794,0.56026
1089.9701,0.13647,10.19243,0.73025
1089.9918,0.10774,8.93304,-0.45970
1090.0138,0.13408,9.36161,-0.71349
1090.0302,-0.09817,8.07349,-0.17478
1090.0511,-0.16042,8.92346,0.36872
1090.0734,0.20351,9.67048,0.42618
1090.0923,0.32802,9.39753,-0.16042
1090.1123,0.17239,9.36640,-0.41900
1090.1350,-0.37590,10.51087,-0.86433
1090.1530,0.12450,9.86202,0.52674
1090.1831,-0.25619,9.36880,0.12450
1090.1935,0.05267,10.63058,0.93856
1090.2111,-0.09098,9.68724,-0.87630
1090.2311,-0.07662,11.04718,0.95292
1090.2548,-0.06943,9.24908,1.00799
1090.2731,0.60336,10.01286,0.66321
1090.2948,1.26657,9.68005,-1.13489
1090.3146,1.27854,9.01923,0.68955
1090.3312,0.45970,8.65770,-1.29051
1090.3604,-0.70631,12.04799,0.75180
1090.3732,0.73265,9.08627,-0.18675
1090.3925,0.03352,10.49171,-1.59938
1090.4125,-0.99841,10.44622,1.33840
1090.4349,-0.13408,10.03441,2.25062
1090.4636,0.36632,9.42147,0.09817
1090.4761,0.36872,11.03521,-0.73025
1090.4933,0.16760,9.76625,0.54111
1090.5107,-0.29450,11.03282,0.60336
1090.5313,-0.28013,9.85244,1.40544
1090.5553,0.17718,9.31612,0.90504
1090.5820,0.53392,11.02564,-0.83800
1090.5996,1.48445,9.93624,2.06147
1090.6133,-0.54829,9.90272,-0.57702
1090.6309,1.98725,9.02163,0.93137
1090.6521,-1.09179,10.47735,-1.94415
1090.6746,0.00958,10.84128,3.16044
1090.6924,-2.20992,8.88515,-1.30009
1090.7137,-0.81405,9.98891,2.32245
1090.7450,-2.72708,9.13655,-1.63529
1090.7509,-1.21390,8.37517,-1.39347
1090.7719,0.43097,8.65291,3.13889
1090.7931,-1.31685,9.83089,1.44854
1090.8123,1.29530,10.04877,1.55628
1090.8325,1.37431,10.35284,-2.17161
1090.8572,1.01996,7.75745,-1.03193
1090.8749,-0.91222,10.30496,-2.28414
1090.8914,1.36953,8.84924,2.07105
1090.9132,-0.39266,8.45418,-0.69434
1090.9308,-0.14366,10.64016,4.08463
1090.9519,-1.36713,8.66249,-1.13249
1090.9729,-2.42301,9.64653,1.78134
1090.9905,-1.32882,8.19321,0.17957
1091.0138,-0.51477,10.54439,0.36632
1091.0322,1.44135,7.66168,-3.20833
1091.0502,2.98566,11.23873,-6.45018
1091.0699,4.61856,6.44539,6.78059
1091.0922,-1.30967,15.60828,-14.33213
1091.1101,-0.71828,5.84203,3.91943
1091.1302,-0.66561,15.66813,-8.10701
1091.1563,0.11971,3.99844,3.35438
1091.1698,1.35755,10.97057,-0.59139
1091.1902,-1.33122,10.11102,2.81327
1091.2128,1.61135,10.64734,-3.26100
1091.2305,0.98884,9.12458,1.82444
1091.2510,1.33122,7.35761,-3.61536
1091.2742,2.36794,9.59386,-2.62173
1091.2925,0.98884,8.89952,-0.21548
1091.3123,0.06465,12.43826,-1.78852
1091.3346,-0.51237,7.85322,3.96731
1091.3519,0.22985,11.04718,-2.88750
1091.3748,0.66561,6.13892,0.41900
1091.3982,-0.20112,11.05916,3.02876
1091.4132,-0.55068,10.64255,4.89150
1091.4338,1.90584,10.57551,3.26100
1091.4542,0.69913,12.02644,-3.39269
1091.4717,2.42779,8.10462,0.27774
1091.4915,0.22985,10.15651,-1.40783
1091.5154,0.33999,10.80536,1.34079
1091.5330,-0.60575,10.04877,2.44216
1091.5531,-1.55628,9.97455,2.16442
1091.5826,-0.19154,10.17806,1.71909
1091.5947,0.52913,10.18046,0.02873
1091.6117,0.56984,9.50527,0.30647
1091.6355,0.60575,10.07271,-1.19235
1091.6537,-0.17478,11.12141,-0.48125
1091.6719,0.53392,9.13895,-0.71110
1091.7123,-0.13169,9.92188,0.71828
1091.7124,-0.05986,9.90272,0.45970
1091.7319,0.59617,8.49728,-0.34956
1091.7556,0.14126,8.50925,0.77575
1091.7717,0.17478,9.68963,0.86912
1091.7936,0.22746,8.73431,1.29291
1091.8152,0.33041,9.70639,-1.40305
1091.8348,-0.24900,10.55157,0.81166
1091.8645,0.14605,9.62259,2.03753
1091.8746,0.44534,9.72315,-0.87152
1091.8914,0.15323,10.52523,-1.02236
1091.9115,0.22746,9.90512,0.02634
1091.9366,0.39984,10.92508,-0.38308
1091.9540,-0.39506,10.79578,-0.64885
1091.9741,0.13408,9.92427,0.54111
1092.0066,0.04310,9.83089,2.06626
1092.0126,-0.20830,9.59146,0.53632
1092.0321,0.33759,9.07670,-1.48924
1092.0562,-0.00718,9.02881,0.65124
1092.0740,-0.16281,8.53559,1.45572
1092.0944,0.48843,8.43742,0.23464
1092.1169,-0.16042,10.99212,-0.92419
1092.1362,0.15323,9.56034,-0.22506
1092.1528,0.05746,9.98173,1.01517
1092.1747,0.57702,9.91469,-1.17798
1092.1925,0.33759,9.53400,0.00718
1092.2128,0.01676,9.72315,1.40305
1092.2355,0.42379,10.91550,0.60575
1092.2538,0.31365,10.22595,-0.25379
1092.2900,0.18196,10.30256,-0.15323
1092.2947,0.67758,9.28021,0.50998
1092.3130,0.49322,10.31214,-0.36154
1092.3329,0.70152,9.56034,-1.17559
1092.3552,0.15802,9.82131,0.21309
1092.3741,-0.02394,10.06793,0.53392
1092.3943,0.32802,9.69681,-0.44294
1092.4242,-0.22267,8.96416,1.24502
1092.4323,-0.24661,9.97934,0.82363
1092.4519,0.19872,9.63935,1.31206
1092.4744,0.51716,10.04159,-1.58022
1092.4924,0.13408,9.43105,-0.36632
1092.5123,-0.10535,9.71118,0.80208
1092.5349,0.70392,9.98413,-0.32802
1092.5598,0.72068,9.61301,-1.58980
1092.5720,0.20112,9.62738,0.64885
1092.5945,0.11253,10.06793,0.68716
1092.6122,0.61772,10.03680,-0.11493
1092.6340,0.47885,9.67766,-0.84518
1092.6561,-0.16760,9.48133,2.43019
1092.6742,0.14126,9.63217,2.12133
1092.7028,0.90264,7.93702,0.02394
1092.7161,-0.13647,9.45260,-0.11732
1092.7323,-0.08859,10.29299,1.39586
1092.7521,0.22506,9.18683,1.09897
1092.7764,0.26576,9.91469,-1.99204
1092.7937,-0.23703,11.14056,0.30168
1092.8138,0.01197,8.86600,1.75021
1092.8469,1.13249,9.45739,-0.55547
1092.8522,0.49561,10.40552,-0.01437
1092.8723,-0.27295,9.17726,0.62012
1092.8960,0.57941,10.23553,0.94334
1092.9133,0.29210,9.53879,1.29291
1092.9336,-0.12211,9.20599,0.72547
1092.9578,0.01437,10.51565,1.06545
1092.9758,0.23703,10.23313,1.00799
1092.9926,0.13647,11.16929,-0.79969
1093.0144,0.03591,9.98891,-0.45252
1093.0321,0.50519,9.62498,0.41660
1093.0522,0.00958,10.63297,-0.33759
1093.0748,-0.95053,12.18446,1.18277
1093.0923,-0.01437,10.06793,1.62092
1093.1204,0.79729,9.25387,-0.40942
1093.1345,0.53871,9.35204,-1.06545
1093.1520,0.29210,8.99529,-0.32323
1093.1720,0.41900,9.02881,1.62092
1093.1951,-0.05028,11.02803,-0.16999
1093.2139,-0.13647,9.69921,0.15323
1093.2339,0.03113,10.69044,1.47727
1093.2657,-0.42618,9.86681,1.88908
1093.2732,0.39266,10.36960,-0.57463
1093.2921,1.18038,9.36161,-0.44055
1093.3143,0.40703,8.13335,0.03352
1093.3319,-0.09577,10.40791,0.17957
1093.3522,-0.04549,8.93304,0.47407
1093.3776,-0.03591,9.79737,0.72068
1093.3954,-0.70392,10.13496,0.54111
1093.4124,0.23943,9.22275,0.43576
1093.4344,0.20351,10.39594,-1.29530
1093.4525,0.06225,9.05994,-1.15883
1093.4725,0.15323,9.08867,-0.26098
1093.4961,0.29210,10.96099,-1.13967
1093.5134,0.35675,8.26504,1.26897
1093.5341,0.36154,9.50288,0.56744
1093.5558,0.68716,10.46537,-1.02475
1093.5720,0.66800,9.42865,-1.41262
1093.5927,0.73025,9.70400,-2.26020
1093.6166,-0.06465,10.23313,0.71828
1093.6357,-0.25140,9.13176,2.39667
1093.6686,0.66800,10.34087,-0.40224
1093.6840,0.23464,9.71836,1.75979
1093.6918,0.04310,10.20201,2.40385
1093.7139,0.68237,10.28580,-0.08859
1093.7363,0.15323,10.80057,0.69913
1093.7538,0.24182,10.05595,0.32323
1093.7721,0.75659,9.83089,1.57064
1093.8173,0.88109,9.43584,-1.19714
1093.8175,0.56744,9.14613,-0.53632
1093.8357,0.43576,9.83568,1.29770
1093.8540,0.65603,10.24989,-1.15404
1093.8717,0.25140,9.37359,-1.23545
1093.8923,0.00718,10.69523,-1.73824
1093.9147,-0.53871,9.96976,2.30808
1093.9326,-0.02155,10.32411,-0.27534
1093.9624,0.19633,8.57629,-0.98165
1093.9747,-0.17239,9.35443,0.41900
1093.9943,0.37830,9.58189,0.39506
1094.0122,0.42379,9.14134,-0.28252
1094.0349,-0.79969,9.37119,0.22746
1094.0524,-0.26098,9.22275,1.01278
1094.0737,0.52435,9.66569,1.29770
1094.1111,-0.36393,10.95141,-0.33280
1094.1141,0.06225,10.37918,0.76138
1094.1334,0.19872,10.00328,0.80926
1094.1554,0.72786,9.62977,-1.00560
1094.1732,-0.15323,10.24750,-0.34956
1094.1942,0.20830,10.16609,1.89387
1094.2170,1.23784,9.29936,0.34478
1094.2346,0.75659,8.82769,-2.07584
1094.2528,0.43815,8.92586,-0.30407
1094.2754,0.22267,8.96177,0.08141
1094.2930,0.35675,9.51245,-0.02394
1094.3140,0.04789,9.89554,-0.00958
1094.3372,0.16520,8.07349,2.11654
1094.3545,0.73025,8.91389,0.88349
1094.3881,-1.19235,12.01208,3.42381
1094.3961,-2.16682,9.77104,2.62413
1094.4138,-0.86673,10.60424,2.35836
1094.4338,0.21548,10.10863,-0.52913
1094.4579,1.19953,10.46298,-3.44057
1094.4756,4.31448,9.43584,3.26340
1094.4965,2.90186,8.39193,0.42139
1094.5166,1.63529,9.05994,-2.70553
1094.5337,0.87152,11.74631,3.02397
1094.5536,0.90264,9.50288,3.65606
1094.5760,0.88828,10.86761,0.07422
1094.5936,-0.12929,9.81413,0.45491
1094.6140,-0.29210,10.31214,2.18597
1094.6372,-0.37111,10.51326,0.40703
1094.6554,0.21309,10.75987,-2.10217
1094.6755,0.08859,9.84765,-1.72148
1094.6962,0.38787,9.21556,-0.51716
1094.7137,0.50998,8.66488,0.58899
1094.7335,0.11732,9.18683,-0.13169
1094.7560,-0.31604,9.10064,0.89306
1094.7771,0.15563,9.23711,1.31446
1094.7949,0.75420,9.22514,-0.74701
1094.8173,0.41182,8.93304,0.94574
1094.8337,0.57941,8.85882,0.09817
1094.8550,0.09338,10.38158,-0.27774
1094.8774,0.29210,9.63696,-0.65603
1094.8948,-0.60575,10.13975,0.52674
1094.9153,-0.35435,10.50847,-0.28252
1094.9413,0.40463,10.62579,-1.02714
1094.9569,-0.29210,10.13975,-0.20591
1094.9738,-0.27534,10.61621,0.56744
1094.9957,0.64645,10.12299,0.50998
1095.0135,0.18675,10.08947,-0.44055
1095.0334,0.41900,10.92508,0.81884
1095.0558,1.26418,5.54514,-1.02714
1095.0778,0.59378,12.78543,-1.94415
1095.0933,0.14366,6.26342,2.21710
1095.1156,1.80049,8.22194,-1.92739
1095.1335,2.30090,10.74551,0.19872
1095.1534,1.38868,8.24588,0.77814
1095.1759,2.96651,9.33767,-0.13647
1095.1936,-0.94574,10.43904,1.92739
1095.2156,-0.66800,10.56594,3.18199
1095.2366,1.48445,8.84924,0.73265
1095.2538,2.87792,9.23951,2.81327
1095.2749,1.63768,7.23550,-0.84278
1095.2961,1.20432,11.44224,-4.68081
1095.3149,0.86194,8.14293,-4.91784
1095.3363,1.30009,11.06394,-3.26340
1095.3657,-0.43815,10.66889,0.21309
1095.3754,-0.90025,7.90350,-5.29614
1095.3942,-0.30647,8.65051,1.11094
1095.4191,0.97447,10.24271,-0.42858
1095.4352,-0.59617,7.52760,-0.36872
1095.4547,2.36075,9.93624,-5.79893
1095.4779,0.39984,5.88513,-1.55867
1095.4994,2.21710,13.87003,-4.37195
1095.5135,-0.86912,7.70956,0.65603
1095.5361,-0.69434,9.86920,2.63849
1095.5536,5.09023,13.97778,7.72872
1095.5735,-3.77338,11.56674,2.13330
1095.5957,-1.26657,9.32091,6.31370
1095.6135,-2.20273,14.14538,6.21793
1095.6334,3.51719,5.54993,4.57067
1095.6558,-0.97447,11.88518,-8.04716
1095.6733,4.23787,6.01681,-1.88429
1095.6952,-2.94017,10.08947,-2.52596
1095.7178,-2.92820,9.32331,0.32323
1095.7354,-1.17798,8.30334,-0.20351
1095.7574,-2.19555,8.61460,0.54350
1095.7914,-0.35196,9.63217,-2.69356
1095.7938,-0.37830,8.09025,3.00721
1095.8136,2.86116,9.64893,-5.51880
1095.8356,1.06306,7.24747,1.51558
1095.8536,-1.18038,8.58587,-2.04711
1095.8734,-1.50360,9.72315,-0.23224
1095.8961,-0.44534,11.09268,0.85715
1095.9198,-0.24661,8.41827,-0.34238
1095.9337,-0.28013,11.14774,-0.53392
1095.9558,0.63448,10.36003,3.18439
1095.9736,0.23703,8.91149,2.04471
1095.9935,0.91701,10.87480,-2.59300
1096.0176,0.09338,9.78061,-0.01915
1096.0365,-0.12450,9.76625,0.47407
1096.0643,-0.17478,10.75748,1.19953
1096.0795,-0.86433,10.28341,2.53075
1096.0933,-0.33999,11.01606,1.47487
1096.1132,0.05507,10.72635,1.27136
1096.1361,-0.11014,10.54439,-0.21548
1096.1537,-0.79969,10.60903,0.18196
1096.1740,-0.05028,10.53481,0.19633
1096.2043,0.11732,10.34806,-0.67040
1096.2133,-0.29689,10.27383,-0.99841
1096.2335,-0.31604,10.23313,1.33601
1096.2577,0.58181,9.96737,-0.18196
1096.2759,0.19633,8.78220,-1.03912
1096.2959,0.12211,11.17647,0.38787
1096.3197,0.18675,11.12859,-1.43656
1096.3386,0.15323,10.80297,0.19872
1096.3571,0.56744,8.53080,0.32323
1096.3772,-0.36154,9.28260,0.27055
1096.3964,0.06704,10.07032,-0.04070
1096.4174,-0.45252,10.13736,1.98725
1096.4385,-0.39266,9.67526,1.71430
1096.4558,0.50280,8.62897,1.97049
1096.4763,0.44294,9.26824,-1.31206
1096.4965,-0.17239,8.63854,1.24263
1096.5143,0.02394,9.39274,0.57941
1096.5342,0.17478,8.86361,0.85954
1096.5581,0.14605,9.43344,-0.17718
1096.5780,0.68716,8.77262,1.22826
1096.6145,0.70871,9.14852,-1.21869
1096.6265,0.99362,9.80216,-1.88190
1096.6340,-0.28252,8.91867,1.28333
1096.6639,-0.27055,9.70400,2.02795
1096.6770,0.46210,9.54597,-1.24023
1096.6946,-0.01676,9.36880,0.03831
1096.7148,-0.36872,9.79977,2.82285
1096.7375,-0.15563,10.25468,2.14766
1096.7559,-0.18675,10.22595,0.66082
1096.7745,-0.58899,9.80695,0.60096
1096.7968,-0.19872,10.14215,0.51716
1096.8159,-0.11732,9.15810,-0.79490
1096.8345,-0.46688,9.73512,-1.05827
1096.8568,0.08141,10.00328,0.67758
1096.8977,-0.17718,8.97853,0.18196
1096.9170,-0.29689,10.27144,0.01915
1096.9211,-0.39266,9.45260,1.63050
1096.9346,-0.34238,10.85564,1.77176
1096.9537,-0.50759,10.37200,0.18436
1096.9769,-1.01757,10.23553,2.26738
1096.9946,-1.06545,10.35763,0.37590
1097.0171,-0.36154,11.19323,0.90743
1097.0490,-0.38069,10.30496,0.74223
1097.0571,-0.77575,10.80536,1.54670
1097.0746,-0.84039,9.70639,0.53871
1097.1001,-0.00958,9.37119,-1.29051
1097.1179,0.44055,8.91149,-0.52913
1097.1381,0.31604,9.34007,0.83800
1097.1592,0.93377,9.22993,-1.12531
1097.1863,0.60575,9.26824,-0.83321
1097.1987,0.49322,8.97853,0.52195
1097.2180,0.35914,10.17327,-0.88109
1097.2341,-0.26576,10.32172,-0.49561
1097.2559,-0.62251,8.79178,0.72786
1097.2783,0.11971,9.96497,0.28252
1097.2947,0.01676,8.92586,-0.57702
1097.3280,0.32323,9.10782,-1.81965
1097.3363,-0.43336,10.21637,0.58181
1097.3583,-0.29928,10.42467,0.98884
1097.3739,0.00479,10.03919,-0.50040
1097.3965,-0.53632,9.77343,0.75420
1097.4156,-0.37351,9.70878,0.63209
1097.4358,0.61533,9.36401,-0.22027
1097.4651,-0.26098,10.35045,1.72867
1097.4760,-0.05028,9.91469,0.54111
1097.4956,0.06465,10.59227,-1.64726
1097.5162,-0.20351,10.44862,-0.42858
1097.5354,-0.22027,9.93863,1.71430
1097.5569,0.74462,8.45418,0.03831
1097.5779,0.75420,9.96018,-0.75180
1097.6067,0.38069,8.43024,0.85715
1097.6161,1.09658,8.45179,0.99123
1097.6360,0.97686,9.31373,-0.87152
1097.6554,0.24182,8.14293,1.75021
1097.6757,1.34558,3.42621,2.20513
1097.7006,-4.33603,21.85015,8.06631
1097.7173,0.99362,13.58990,-15.38082
1097.7516,-9.40471,11.51407,-5.67922
1097.7571,10.75748,6.71355,3.28495
1097.7762,4.20674,10.97536,-7.61858
1097.7963,-4.45335,15.79024,5.74147
1097.8175,3.02157,1.04390,8.20518
1097.8370,-0.89546,10.62579,11.40872
1097.8573,0.59617,28.98988,-5.15727
1097.8900,6.03357,2.23386,15.53645
1097.8977,3.39508,6.19399,0.42139
1097.9152,-0.64406,8.14053,4.02238
1097.9377,-3.69197,12.08869,-3.76619
1097.9552,2.06626,5.70077,5.51401
1097.9755,-1.57543,9.21796,1.75740
1098.0009,-2.13330,12.06954,0.45012
1098.0212,0.94095,10.37918,2.71511
1098.0352,0.41421,9.25866,1.25699
1098.0571,-0.92419,10.88677,1.36713
1098.0750,0.84757,11.00169,1.01757
1098.0966,1.55867,9.71118,1.28094
1098.1187,0.39745,9.31373,2.17400
1098.1361,-0.39506,9.80455,1.01038
1098.1664,1.04869,9.88357,0.55308
1098.1777,0.58181,9.17965,0.42858
1098.1974,-0.82124,9.83089,0.94813
1098.2158,-0.29450,10.31214,0.19633
1098.2397,0.15084,9.25627,-0.55547
1098.2587,-0.37830,9.71357,0.77335
1098.2803,0.54350,9.03599,0.97208
1098.3099,-0.23224,9.72315,0.63688
1098.3250,-0.87870,9.62977,2.10457
1098.3368,-0.56265,10.22595,1.45811
1098.3613,0.40703,9.86681,1.11813
1098.3759,-0.11493,9.60583,0.20351
1098.3973,-0.41421,10.71438,0.64167
1098.4292,0.72307,9.29697,-0.40703
1098.4480,0.81884,10.04877,-0.59617
1098.4570,0.20591,8.83009,1.87472
1098.4785,0.55547,9.18923,0.72307
1098.4976,0.60575,10.10384,0.00000
1098.5161,0.03113,10.40552,0.57702
1098.5387,0.07422,10.04638,0.42858
1098.5581,0.15802,10.50129,0.36632
1098.5925,0.02873,10.21158,-0.60815
1098.6000,-0.29450,10.63537,1.87472
1098.6157,0.65364,10.24510,1.29291
1098.6359,1.45572,9.84526,-1.22108
1098.6582,-0.84757,8.80135,0.32083
1098.6759,-0.11732,10.23792,1.13728
1098.6976,1.66402,9.51006,-0.16042
1098.7340,-0.04310,9.83329,-1.07264
1098.7362,-0.36872,9.86441,1.01278
1098.7560,0.87152,10.48932,-0.27295
1098.7780,0.17718,9.88357,-0.65364
1098.7957,-0.18915,10.14215,0.26576
1098.8157,-0.56984,9.96737,1.05348
1098.8580,0.89067,8.64333,-0.79250
1098.8745,-0.03831,9.90751,0.72068
1098.8768,0.04310,9.60583,-0.39027
1098.8987,0.74701,9.96258,-1.65923
1098.9159,0.39266,9.24669,1.04630
1098.9358,0.44294,9.05275,1.67360
1098.9581,1.02954,8.62418,-0.69434
1098.9757,0.65364,9.66808,0.61293
1099.0085,-0.78293,9.88836,1.89387
1099.0183,1.06066,9.76385,0.21309
1099.0400,1.30967,9.13416,-0.97447
1099.0557,-0.35435,9.79977,1.49403
1099.0797,1.27854,9.62020,1.11334
1099.0958,0.03831,9.54597,1.38868
1099.1361,-1.12770,9.09106,0.95292
1099.1519,-1.11813,9.74709,1.22108
1099.1577,-0.28252,11.76547,0.27295
1099.1758,-0.54829,11.03521,-1.06306
1099.1976,-0.38548,9.10303,2.20752
1099.2155,-0.00718,9.23711,1.19235
1099.2372,0.90743,8.26982,0.58899
1099.2618,0.09338,9.90512,1.63529
1099.2791,0.50519,9.37119,1.59219
1099.2979,1.01038,8.79178,0.10774
1099.3179,-0.12211,9.11500,1.18038
1099.3356,-0.54350,8.53798,1.18756
1099.3572,1.17080,9.20120,0.10774
1099.3793,0.59857,8.19800,0.45731
1099.3971,0.70631,9.81892,0.54111
1099.4232,0.67279,8.92346,0.88349
1099.4392,0.10056,8.83727,-0.08141
1099.4556,-0.59617,9.93624,2.06626
1099.4753,-0.32802,9.63456,1.32164
1099.4995,-0.00239,11.14056,-0.82124
1099.5154,-0.03591,9.43344,0.06943
1099.5356,0.71828,9.83089,0.50998
1099.5586,1.78134,9.43584,-0.85476
1099.5752,0.34238,10.34327,0.44055
1099.5946,-1.06306,11.37281,1.74064
1099.6172,1.20193,9.79977,-0.66082
1099.6348,0.07183,10.28580,-0.34238
1099.6547,-0.64406,9.51485,1.15404
1099.6772,0.76856,10.50847,-1.02954
1099.6964,0.36154,10.27623,-1.09179
1099.7146,0.14126,9.52203,0.21548
1099.7366,1.52994,9.00247,-0.89785
1099.7545,0.65603,9.01444,0.36393
1099.7778,-0.51956,9.28500,1.07503
1099.7976,-0.38548,10.72156,0.56026
1099.8158,-0.34717,10.97536,-1.06306
1099.8353,-0.18436,10.75987,-0.28013
1099.8595,0.01437,9.88357,0.35435
1099.8752,1.44375,10.08708,-1.14446
1099.8953,0.99123,9.82371,-0.29928
1099.9177,0.28013,9.28260,1.78134
1099.9349,0.29210,9.73752,0.84518
1099.9552,0.46688,8.63854,0.20351
1099.9797,-0.36632,9.41429,1.17319
1099.9973,0.18915,9.28021,1.13967
1100.0155,0.24422,10.03680,-0.11014
1100.0393,0.11732,9.30655,1.61374
1100.0571,-0.25619,9.43344,0.98644
1100.0774,0.48364,10.02722,-1.46290
1100.0995,-0.05267,10.07032,0.85476
1100.1171,0.44773,9.35922,0.96729
1100.1354,0.77096,9.87878,-1.04151
1100.1581,-0.53153,9.40232,-0.20112
1100.1753,-0.49561,9.90512,-1.13249
1100.1956,-0.11253,9.90512,-0.25379
1100.2177,0.06704,10.56833,-0.88828
1100.2354,-0.60575,10.11821,0.22746
1100.2679,-0.00958,9.86202,0.53392
1100.2778,0.42618,9.83808,0.12211
1100.2954,0.02873,8.88515,2.12612
1100.3153,0.83560,9.74949,0.01676
1100.3376,0.35435,10.18046,-0.92898
1100.3553,0.17239,9.79019,-0.87870
1100.3772,-0.62012,9.55076,1.18756
1100.4125,0.38308,10.02962,-1.04869
1100.4156,-0.47885,8.69840,0.49322
1100.4358,-0.92180,10.21637,1.17559
1100.4579,0.73983,10.17806,-0.26098
1100.4772,1.10137,9.09824,-0.64167
1100.4982,-0.87870,11.08789,1.35755
1100.5205,0.27055,10.80536,-0.73983
1100.5476,-0.21070,10.33369,-0.69195
1100.5610,-0.37830,9.54119,1.65684
1100.5785,1.38629,9.84286,-0.81884
1100.5963,0.31844,9.61780,-0.43815
1100.6166,-0.20830,9.13895,2.02077
1100.6410,0.28492,9.25148,1.01517
1100.6577,0.36872,9.05036,-0.64167
1100.6895,-0.27295,8.87558,0.37830
1100.6986,0.17957,8.92586,1.03193
1100.7163,0.84997,8.63375,-1.35516
1100.7362,-0.56026,9.68963,0.52195
1100.7590,0.45491,10.10145,0.87630
1100.7769,0.59139,9.38316,0.22746
1100.8146,-0.15084,8.98332,0.30407
1100.8296,0.11971,10.22116,1.16362
1100.8362,0.94574,9.81413,-1.12531
1100.8561,-0.21309,10.21398,-0.05267
1100.8823,-0.56026,10.69523,0.68237
1100.8978,0.70631,9.85005,-0.39266
1100.9177,0.53392,9.00008,-1.08940
1100.9421,0.35435,9.77582,-0.07183
1100.9590,0.39984,9.06472,-0.73265
1100.9777,-0.51477,9.95061,0.27055
1100.9999,-0.95771,9.81413,1.20432
1101.0175,-0.49801,9.66808,-0.58660
1101.0375,0.19633,10.19961,-1.40065
1101.0599,-1.29051,8.80135,1.03433
1101.0776,0.39027,9.40950,-1.29530
1101.1058,0.96968,9.65372,-2.29372
1101.1194,-0.23943,9.86441,0.55308
1101.1372,-0.16042,9.84765,0.94813
1101.1571,0.89067,10.17567,-0.37830
1101.1793,-0.54111,10.57312,1.82923
1101.1971,-0.30407,10.06074,1.06066
1101.2178,0.88588,9.86202,-0.87630
1101.2427,-0.86912,9.25148,1.11573
1101.2570,-0.44294,10.97296,0.63448
1101.2772,-0.01676,8.99050,-0.58899
1101.2997,-1.17798,9.52921,1.77176
1101.3173,-0.41421,9.30894,0.90025
1101.3374,0.52913,9.50527,-0.93377
1101.3627,-0.10295,9.71836,0.44294
1101.3816,0.22267,8.57869,0.03352
1101.3979,0.60575,9.36640,-1.05827
1101.4194,0.41900,9.23472,-0.54111
1101.4371,0.97208,10.69762,0.02873
1101.4587,0.80926,8.44461,1.05109
1101.4811,-0.51477,10.44862,1.41262
1101.4988,-0.22267,10.56354,2.00161
1101.5190,0.46688,9.11261,2.02556
1101.5396,0.56505,10.28580,1.89387
1101.5574,-0.76377,11.24351,0.79729
1101.5769,-0.58899,9.61780,0.27055
1101.6011,0.24422,9.74470,-0.17239
1101.6183,-0.05507,9.44541,-1.16841
1101.6385,0.08859,9.79737,-1.01996
1101.6631,0.12690,9.22514,-0.79969
1101.6774,0.13169,9.84526,-0.27055
1101.6971,0.91940,9.95300,-0.85715
1101.7192,-0.03113,10.07750,-0.34717
1101.7372,-0.10774,9.15092,0.56026
1101.7574,0.02155,8.99529,2.07344
1101.7798,0.57223,9.09346,-0.64167
1101.8107,0.35914,9.86441,0.96010
1101.8169,-0.07662,9.03599,3.27776
1101.8395,1.02475,10.08708,0.27774
1101.8588,0.33999,10.21637,0.63448
1101.8772,-1.01278,10.49650,1.87951
1101.8994,0.77096,9.30176,0.05267
1101.9169,0.30407,10.45580,0.86433
1101.9458,0.13887,10.79818,1.55628
1101.9597,1.25221,8.98332,-0.29928
1101.9775,0.61293,10.50368,0.17239
1101.9969,-0.61293,9.65372,2.32724
1102.0204,1.13249,8.18363,1.89387
1102.0381,1.61853,9.01205,1.47727
1102.0581,-0.17957,9.25866,2.10217
1102.0929,1.02236,9.06712,0.42379
1102.0970,-0.27774,10.65213,-0.13887
1102.1171,-1.36474,9.68724,2.28653
1102.1388,-1.85556,11.49491,1.10615
1102.1570,0.82363,9.67048,-2.29132
1102.1786,0.53392,8.19321,-0.64406
1102.2010,-0.45012,9.43105,0.45012
1102.2203,0.78293,8.24349,0.04549
1102.2369,-0.32562,9.03599,2.98087
1102.2627,0.03352,10.33848,1.13489
1102.2770,0.05986,9.74230,-0.19394
1102.2969,-0.40942,10.82452,-0.25379
1102.3193,-0.06943,10.11581,1.30488
1102.3489,1.35995,10.84606,-1.02714
1102.3665,0.41182,10.14694,0.68716
1102.3792,0.11253,10.13257,1.79810
1102.3970,-0.41421,10.24750,1.65205
1102.4180,0.38069,9.74470,-0.31365
1102.4404,-0.22985,8.82769,2.36315
1102.4604,0.14126,8.74150,1.32882
1102.4781,0.33041,9.60344,0.33999
1102.5135,-0.50280,9.90751,0.56026
1102.5166,0.36872,9.95300,-0.36872
1102.5370,0.78293,9.62020,-1.03672
1102.5591,0.02394,9.06233,0.84757
1102.5780,1.18038,9.79258,1.09179
1102.5979,1.34558,8.62418,0.24900
1102.6208,-0.51477,9.65372,1.76697
1102.6381,0.28971,9.32091,0.31365
1102.6569,0.70392,8.78699,0.13647
1102.6794,-0.55308,9.95779,2.03992
1102.6978,0.39984,11.07113,0.16520
1102.7181,1.00320,9.50048,0.13169
1102.7405,-0.29450,10.68086,1.14925
1102.7582,0.64885,9.39753,0.70152
1102.7841,0.90025,8.92346,-0.42858
1102.7994,-0.71589,10.08229,1.70233
1102.8177,0.17478,9.55795,1.59698
1102.8376,0.97447,8.94740,-0.31844
1102.8601,-0.94574,9.04318,1.09658
1102.8793,-0.04789,9.48612,0.11014
1102.9159,1.01038,8.34405,-0.17718
1102.9312,-1.28094,12.40953,1.76697
1102.9375,-0.16520,8.75347,2.10457
1102.9578,0.15084,9.27542,0.60815
1102.9800,-0.45970,10.16370,0.10295
1102.9991,0.28971,9.96497,2.44216
1103.0190,0.28971,10.19243,0.88828
1103.0430,-0.34956,10.33848,0.92419
1103.0774,-0.50040,9.23472,-0.25619
1103.0784,0.59857,8.65051,-0.75899
1103.1002,-0.33759,11.15732,0.22746
1103.1189,-0.27774,9.61301,1.63768
1103.1375,0.00000,9.96497,0.51716
1103.1602,0.04549,9.94582,0.11971
1103.1787,-0.21788,9.18683,1.01278
1103.2100,0.71828,9.92906,-0.14126
1103.2202,0.22746,10.98254,-0.79250
1103.2379,-0.01437,10.70241,0.51237
1103.2587,0.09338,10.16370,0.29689
1103.2816,0.81884,9.99610,-0.49561
1103.2997,-0.04789,9.44302,0.54589
1103.3191,0.02155,9.72554,1.49403
1103.3501,0.22267,9.49330,-0.59378
1103.3578,0.78772,8.92346,0.87152
1103.3777,0.14605,9.33288,1.22826
1103.4016,1.09418,8.41348,-0.68476
1103.4180,0.35435,9.65850,-0.05986
1103.4381,-0.57463,10.50129,1.88429
1103.4617,0.58899,10.27623,0.40703
1103.4839,0.79729,9.14134,0.65124
1103.4980,-0.12450,9.31852,0.84518
1103.5219,0.92898,10.02243,-0.00239
1103.5375,0.86912,8.50446,0.84278
1103.5592,-0.37111,11.22675,0.55308
1103.5815,-0.11971,9.15331,1.51318
1103.5992,0.40942,9.57710,0.38308
1103.6362,1.11573,8.92107,0.02155
1103.6400,0.28731,9.13176,1.80049
1103.6576,0.20112,9.87878,1.51797
1103.6779,0.03831,9.78780,0.38787
1103.7003,-1.58262,10.56354,1.62092
1103.7179,-1.14925,10.26665,1.59938
1103.7379,0.32083,10.41749,-0.52913
1103.7703,-0.98165,9.69681,1.83162
1103.7800,-0.62730,9.76864,1.62092
1103.7975,0.95053,8.48770,0.08859
1103.8201,-0.71349,10.45819,1.92260
1103.8376,-0.46210,10.57312,3.65366
1103.8577,0.15323,10.36242,0.66561
1103.8817,0.79011,10.22116,0.60096
1103.9103,-0.76138,9.53400,1.79571
1103.9254,-0.71110,10.10145,-0.04310
1103.9399,0.05746,9.04796,-0.63688
1103.9573,-0.59617,12.13179,0.38069
1103.9774,-0.49322,10.15891,-0.62491
1103.9998,0.46688,6.47412,-2.12372
1104.0197,1.38868,9.74470,-3.14129
1104.0485,0.33999,9.47175,-0.63448
1104.0601,0.30407,7.70956,0.84039
1104.0774,1.25699,10.21637,-3.42381
1104.0973,0.98165,8.09504,-0.45252
1104.1200,0.68955,8.54996,0.25140
1104.1375,1.66163,10.18285,-0.08141
1104.1598,1.35755,8.39433,-0.78772
1104.1956,0.21788,10.08229,0.06225
1104.1974,0.23464,9.76625,0.90982
1104.2174,-0.07183,8.45658,1.00081
1104.2396,0.07183,9.61780,0.77575
1104.2574,-0.47407,9.51724,0.24182
1104.2775,-0.69434,10.43904,-0.27534
1104.3011,-0.47407,9.36640,1.94894
1104.3181,0.59378,9.54837,0.77575
1104.3379,0.08859,9.84286,1.00081
1104.3599,0.46928,10.45580,1.29291
1104.3783,0.23464,10.07511,0.71589
1104.3987,-0.69673,9.95061,0.16042
1104.4214,-0.76617,10.57072,0.08380
1104.4385,0.77814,8.97853,-1.24263
1104.4739,-0.56984,9.47654,-0.28252
1104.4799,-0.80208,10.19722,0.59857
1104.4977,1.18038,8.84445,1.05827
1104.5177,0.97926,10.09666,0.30647
1104.5410,0.60096,9.03839,-0.55787
1104.5586,1.24502,9.01444,-1.31446
1104.5785,0.75899,9.62498,-0.07422
1104.6099,-0.01197,9.05754,-0.25619
1104.6190,0.31604,8.89234,-0.56984
1104.6371,-0.14366,9.88836,-0.13408
1104.6610,-0.08380,9.39992,-0.02394
1104.6783,0.50040,8.83727,-0.01676
1104.6986,-0.01915,9.26105,0.82363
1104.7212,0.74941,8.93783,-0.01437
1104.7397,0.75899,9.89554,-0.45970
1104.7583,0.19154,9.38795,-0.01915
1104.7809,1.26897,9.89075,-0.00718
1104.7981,0.17239,9.93624,1.18995
1104.8182,-0.56265,9.30176,1.67120
1104.8406,0.56984,9.26824,0.42139
1104.8601,-0.18436,9.37598,0.21070
1104.8815,-0.32802,8.33447,1.14207
1104.9005,0.92419,8.91149,0.05267
1104.9180,-0.16999,9.67048,0.54589
1104.9382,-0.66561,9.44063,0.79969
1104.9606,0.91940,10.22355,-0.19633
1104.9850,0.28731,10.11821,-0.54350
1105.0117,-0.29210,10.61621,0.87870
1105.0267,0.66321,10.01765,0.85715
1105.0376,0.69913,10.55636,-0.54111
1105.0599,-0.41421,11.36802,0.08380
1105.0803,-0.23703,11.29140,0.10535
1105.0981,1.17080,9.50288,-0.73025
1105.1183,-0.01197,10.27383,0.58660
1105.1450,0.45731,9.56273,0.32562
1105.1578,1.48445,8.66967,0.66561
1105.1782,0.81166,9.41429,0.47646
1105.2004,-0.74223,9.45020,0.45012
1105.2181,0.60096,9.65611,0.32323
1105.2382,0.80448,9.28979,0.17957
1105.2631,-0.18675,9.79258,0.51237
1105.2811,0.24422,11.05916,0.80448
1105.2987,-0.05746,10.41270,1.21150
1105.3206,-0.10295,9.98652,0.12450
1105.3397,-0.04070,9.09824,0.59857
1105.3599,-0.11253,8.67925,0.94095
1105.3838,0.02873,9.22275,-0.05028
1105.4152,-0.48843,10.43664,1.62571
1105.4227,-0.68237,9.62259,2.02316
1105.4403,0.99602,9.84047,0.57941
1105.4580,0.52435,9.98413,0.56744
1105.4779,-0.99123,10.34327,1.37431
1105.5018,-0.33041,10.47016,1.88669
1105.5194,0.86433,9.77104,0.84039
1105.5397,0.49801,9.01923,-0.90743
1105.5765,-0.12690,9.56513,1.24263
1105.5800,0.41421,9.57231,0.39984
1105.5981,1.21390,9.02163,-1.03193
1105.6217,-0.09577,10.04638,-0.18436
1105.6379,-0.43576,9.94582,0.21788
1105.6582,0.19633,10.49889,-0.19154
1105.6805,0.16520,10.74790,0.70392
1105.7102,-0.21309,10.42467,0.27774
1105.7180,-0.59617,9.62259,1.41023
1105.7406,0.95292,9.16768,0.17718
1105.7578,1.56107,9.64893,0.41900
1105.7797,0.32562,11.05437,0.20351
1105.8018,-0.96729,9.94103,0.87630
1105.8195,-1.12770,10.90113,1.43178
1105.8502,-0.13408,9.47893,0.95532
1105.8601,0.13887,9.50048,2.01119
1105.8777,-0.35196,9.61541,0.76856
1105.8981,-0.22267,8.84445,1.03912
1105.9209,0.85954,10.12060,0.23464
1105.9384,0.79250,10.24750,-0.44294
1105.9595,0.26576,9.54597,0.27774
1105.9899,0.81166,8.53320,0.16999
1106.0002,0.41900,8.52122,-0.39745
1106.0183,-0.31604,10.64255,0.72547
1106.0403,0.47167,9.45260,0.46449
1106.0581,0.08380,9.87638,-0.32323
1106.0781,-0.27295,9.56752,-1.95133
1106.1028,0.31126,9.17726,2.20992
1106.1294,0.29210,9.68484,-0.79250
1106.1437,0.02873,9.46696,-1.47487
1106.1600,-0.58181,9.43344,1.32403
1106.1775,0.27055,8.36560,1.59938
1106.1979,1.01038,9.05754,0.21788
1106.2202,-0.97208,9.53400,3.42621
1106.2380,1.13489,11.32013,-1.08940
1106.2683,0.35914,10.33608,0.62012
1106.2798,0.21070,9.81892,1.52276
1106.2976,0.83081,8.58587,0.09338
1106.3177,0.35914,8.82290,-0.40224
1106.3396,0.30407,9.18683,0.64167
1106.3575,1.01996,7.92984,0.52913
1106.3798,-0.08380,9.61301,-0.96729
1106.4122,-0.20112,9.38077,-0.13647
1106.4176,0.93856,9.74709,-0.07183
1106.4381,0.60575,9.71118,0.99362
1106.4602,1.03433,9.90033,1.07264
1106.4780,0.52913,9.84526,-0.12929
1106.4980,0.45252,8.83727,1.12770
1106.5204,0.45491,8.86361,1.65684
1106.5490,0.16999,9.90033,0.97926
1106.5579,-0.22985,9.39513,1.84120
1106.5801,0.13408,10.08229,-0.76377
1106.5974,0.36632,10.67128,-1.05588
1106.6194,0.34478,10.19482,1.16601
1106.6417,1.25221,9.83089,0.98405
1106.6736,1.12770,9.30655,-0.74701
1106.6853,0.28971,10.00089,0.90264
1106.7000,1.18517,9.53879,-0.91701
1106.7173,-0.01676,9.91230,0.99123
1106.7393,-0.86433,10.54439,1.72148
1106.7614,0.13408,10.47495,-0.50280
1106.7786,0.16281,10.20201,-0.63448
1106.7985,0.23224,9.90751,2.13090
1106.8212,0.67997,9.79977,-0.19394
1106.8403,0.00718,9.53161,1.31925
1106.8583,-0.23464,11.05437,0.31604
1106.8811,0.03831,9.84047,-0.15323
1106.8982,-0.52674,8.77502,2.21710
1106.9182,-0.25858,8.89713,0.60336
1106.9397,-0.71349,9.51724,1.86275
1106.9609,-0.14126,9.36161,-0.67040
1106.9775,1.35516,8.71756,0.41900
1107.0006,-0.22267,8.75347,1.95852
1107.0178,0.13169,10.91550,0.21309
1107.0383,1.24023,9.45739,0.11732
1107.0615,-0.78772,9.06712,1.35277
1107.0787,-0.27534,10.31214,0.95532
1107.1044,0.56744,8.35602,1.30488
1107.1212,-0.66561,10.29059,0.90504
1107.1401,-0.13647,11.12859,0.09338
1107.1604,0.99602,10.79578,-1.32643
1107.1848,-0.20830,10.07271,0.58420
1107.2026,0.06225,10.51326,0.16520
1107.2208,1.36713,8.74150,-0.29689
1107.2456,-0.80208,9.24908,0.38308
1107.2603,-0.58899,9.89554,1.63768
1107.2804,0.62012,8.55953,0.01437
1107.3010,-0.37830,8.77741,0.77096
1107.3202,-0.26337,10.03680,0.87870
1107.3389,1.46530,9.22754,0.03831
1107.3699,0.02155,9.65372,0.23943
1107.3801,-0.13408,9.88117,1.01757
1107.3988,1.50360,9.13895,-0.41660
1107.4209,0.34478,8.43264,0.47646
1107.4386,-0.18436,10.69523,0.94574
1107.4585,0.97447,10.12778,0.58420
1107.4827,-0.09817,10.39355,-0.38308
1107.5161,-0.66082,11.26027,1.35037
1107.5350,0.54829,10.67847,0.90743
1107.5405,0.56265,11.21478,0.37351
1107.5590,-0.95053,11.48294,0.20591
1107.5786,0.05746,9.31133,1.13728
1107.6021,0.63448,8.02082,-0.67997
1107.6200,-0.53153,9.64174,1.55149
1107.6406,0.17957,9.29936,1.85317
1107.6697,0.29689,8.98332,-0.02873
1107.6787,-0.30647,9.96737,0.01915
1107.6985,0.90982,9.19880,0.35675
1107.7219,1.40544,8.70558,-0.68955
1107.7399,0.22985,9.44302,1.48445
1107.7601,-0.33280,12.04560,3.13171
1107.7826,0.27774,8.85882,1.63290
1107.8002,0.26816,10.72875,2.00640
1107.8187,-0.15563,11.10465,1.28812
1107.8409,1.14446,9.52682,-0.46928
1107.8599,0.02634,10.80536,2.40385
1107.8798,-1.29051,11.08789,3.36156
1107.9021,1.42938,9.99131,0.24900
1107.9200,1.18756,8.87079,-0.19394
1107.9501,0.42858,9.95779,2.50681
1107.9604,1.36953,8.34165,0.73265
1107.9785,0.95053,9.82610,0.77814
1107.9984,-0.47646,10.18046,0.21548
1108.0209,-0.32323,10.08708,-0.77814
1108.0403,0.57463,9.16768,-1.14925
1108.0630,0.02873,9.33049,0.82124
1108.0814,0.43576,9.96976,-0.14126
1108.0985,0.29689,10.06553,0.76138
1108.1184,-0.67758,11.08310,0.06704
1108.1427,0.21548,8.85163,0.17478
1108.1619,-0.28252,11.23873,0.75659
1108.1823,-0.45012,9.42865,1.39347
1108.2021,-0.24900,10.23074,0.37830
1108.2208,0.16520,10.06553,-0.54829
1108.2382,0.12929,11.39435,-0.24182
1108.2610,0.43336,8.25785,0.31604
1108.2784,0.41900,9.62020,-0.00718
1108.2983,1.02714,9.90033,-0.29928
1108.3209,0.09577,8.73431,1.27375
1108.3384,0.74941,9.21796,-0.05507
1108.3658,0.08380,9.45020,-0.51956
1108.3810,-1.12291,9.61541,1.26897
1108.3993,0.17239,8.94022,1.35755
1108.4182,1.37671,8.67206,-0.33041
1108.4408,-0.05986,9.53879,1.96570
1108.4587,-0.45731,9.49809,1.83162
1108.4797,0.42379,9.74470,0.07662
1108.5139,-1.15643,9.49809,2.64089
1108.5211,-0.23224,10.36482,1.39347
1108.5405,1.18517,9.49330,0.96729
1108.5630,-0.72068,10.38397,1.76219
1108.5806,-0.70392,10.10384,1.79810
1108.6011,0.54111,9.99610,0.83800
1108.6442,-0.43336,10.30256,0.53632
1108.6442,-1.37910,10.42946,1.32882
1108.6614,-0.36872,9.77582,3.50522
1108.6804,0.36154,8.77023,1.05588
1108.6980,0.39745,9.66090,0.26816
1108.7180,-0.64406,9.78061,1.89866
1108.7443,0.22746,11.62899,0.65124
1108.7595,-0.17478,9.20838,1.13010
1108.7914,-0.42858,9.46936,0.48125
1108.8010,1.67360,10.50847,-1.09897
1108.8184,0.49561,9.78540,-0.35435
1108.8381,0.12211,8.93304,2.03274
1108.8608,1.45332,9.40711,-0.10535
1108.8781,0.38548,10.08229,-0.84278
1108.9003,-0.36872,9.84286,0.38308
1108.9209,-0.00479,10.39594,0.22985
1108.9381,0.96010,10.75987,0.11732
1108.9578,0.73744,10.44622,0.39027
1108.9806,1.07024,10.43186,1.84599
1108.9998,1.79092,9.77582,0.97686
1109.0197,1.44135,10.26665,0.54829
1109.0417,0.08380,9.63935,0.65124
1109.0724,1.01996,9.58189,0.91461
1109.0782,0.84757,9.56513,0.07183
1109.1010,-0.47167,11.26746,1.38629
1109.1226,-0.35196,9.29936,3.00242
1109.1418,0.46449,10.60185,0.52913
1109.1644,0.10535,9.76864,0.00000
1109.1987,-1.01757,10.61382,1.63768
1109.2144,0.10056,9.12937,1.54191
1109.2203,-0.05267,8.81811,0.45012
1109.2394,-0.73025,10.10863,1.68078
1109.2592,-0.13408,9.09346,1.66642
1109.2823,0.37830,8.71756,0.32562
1109.2991,-0.76377,9.87638,0.86912
1109.3190,-0.97686,9.91230,0.97208
1109.3444,0.82842,8.36560,-0.50998
1109.3585,0.32562,9.66090,-0.11253
1109.3787,-1.26897,10.32651,2.13330
1109.4032,0.46928,9.03120,2.00640
1109.4471,1.21390,9.81892,0.21309
1109.4718,-0.72307,10.75748,1.81247
1109.4719,-0.06943,10.48453,-0.21309
1109.4878,1.76219,10.22834,1.42459
1109.5040,0.15802,9.37598,1.64247
1109.5210,0.14366,10.22834,1.83641
1109.5422,0.94334,9.77582,0.42858
1109.5601,-0.32562,10.63776,0.30407
1109.5851,-0.34238,9.49569,1.84120
1109.6025,0.26098,9.35683,0.95053
1109.6244,-0.39745,9.46936,-1.11573
1109.6436,-0.87870,11.34886,0.42379
1109.6611,-0.06704,10.45819,-1.25699
1109.6830,0.46688,9.14134,-0.78053
1109.7052,-0.96010,9.38316,1.34079
1109.7227,-0.61772,9.28021,1.03912
1109.7430,0.64406,9.04557,2.28414
1109.7644,1.19235,9.32331,0.30886
1109.7813,0.86433,8.20757,0.30886
1109.8013,-0.12690,10.62579,0.12211
1109.8236,2.32245,7.76224,0.02394
1109.8416,1.07503,9.91709,-2.11414
1109.8716,-0.30168,10.12539,1.43656
1109.8855,0.83800,10.20201,-1.32643
1109.9009,-0.27774,9.95061,0.59139
1109.9211,-1.93697,10.83170,1.82444
1109.9432,-0.08380,10.55157,-0.38548
1109.9611,0.70152,9.11740,-0.60096
1109.9808,0.99362,10.63776,-0.38787
1110.0050,0.89067,8.51165,0.71589
1110.0228,2.10936,7.71675,-0.36393
1110.0411,1.12770,9.61062,0.21309
1110.0632,0.53153,9.81174,0.50040
1110.0811,-0.37111,11.00169,0.70152
1110.1016,-0.17957,11.38717,0.99841
1110.1230,1.22587,11.00169,-0.15084
1110.1405,1.62092,9.39992,1.22108
1110.1638,-0.22746,10.77424,2.33681
1110.1829,0.53632,9.65132,-0.46928
1110.2009,0.45731,10.36482,-1.30249
1110.2205,-0.50519,9.63696,1.18038
1110.2429,-0.06943,9.01444,-0.73983
1110.2606,-0.06943,10.90832,0.43336
1110.2805,0.11971,9.05994,-0.24900
1110.3043,0.63209,9.38795,0.11014
1110.3206,1.15643,8.80614,-0.96489
1110.3406,0.16520,9.62977,0.74941
1110.3633,1.27136,9.93863,0.08859
1110.3823,-0.53153,10.15412,-0.04549
1110.4026,-0.33759,10.74072,0.25619
1110.4250,0.24661,11.09028,1.17798
1110.4443,-0.25140,10.64734,0.70392
1110.4620,0.07183,9.01444,-0.78293
1110.4839,0.78772,9.64653,0.18675
1110.5010,-0.31604,8.88515,-0.33999
1110.5210,0.36872,9.62498,1.20911
1110.5436,0.08619,8.49968,0.35196
1110.5841,-0.11014,10.21158,0.54589
1110.5842,0.76856,8.74389,-1.20671
1110.6034,0.37830,9.92906,-0.09098
1110.6208,-0.19633,9.46457,-0.84757
1110.6405,-0.65843,8.85642,2.90904
1110.6633,0.05267,8.73431,-0.13169
1110.6807,-0.23703,9.85723,1.70472
1110.7009,0.47407,8.70558,-0.49322
1110.7235,-0.20112,10.39115,0.34956
1110.7406,0.61533,9.51006,-1.71191
1110.7609,0.22985,7.45338,0.05507
1110.7832,0.15084,11.77265,-1.99204
1110.8009,-0.43097,11.00648,1.78134
1110.8209,-0.19633,9.60104,1.41980
1110.8451,0.11253,11.07352,1.21869
1110.8771,0.56744,10.34087,-0.42858
1110.8810,-0.36393,10.59706,1.47008
1110.9033,0.64167,10.41988,-0.27055
1110.9213,0.44055,9.24908,0.54829
1110.9409,0.45252,10.42707,0.16520
1110.9634,1.10376,8.49489,1.00320
1110.9884,-0.85236,11.82053,0.04549
1111.0236,0.25619,7.70478,-0.06465
1111.0249,0.05267,10.57551,-1.16841
1111.0409,0.39984,9.35204,0.57463
1111.0604,-0.31365,9.16050,0.69434
1111.0839,0.87391,9.94103,-0.73504
1111.1021,-0.13169,9.27303,-1.71430
1111.1223,-0.51477,10.10384,0.89067
1111.1544,-0.05986,11.67927,0.85954
1111.1609,-0.26816,9.42626,2.60258
1111.1825,0.27534,11.48773,-0.28252
1111.2054,0.79011,8.19800,-0.55787
1111.2253,-0.67997,10.90592,0.53632
1111.2428,-0.16999,9.08388,0.03591
1111.2844,0.46928,8.70798,-0.26576
1111.2845,1.17798,8.48770,-2.66243
1111.3035,0.90264,9.14613,-0.08380
1111.3240,0.67279,9.26824,0.13408
1111.3413,-0.32562,9.37837,1.11094
1111.3615,-0.02394,9.77104,1.24742
1111.3839,1.50839,8.16687,-1.79571
1111.4053,0.70152,9.76864,0.11253
1111.4229,0.00479,10.88198,3.10059
1111.4435,1.06545,8.94980,0.22506
1111.4615,-0.47646,12.28263,-0.13408
1111.4816,-0.79011,10.63297,1.63290
1111.5042,-0.12211,9.20120,-0.52913
1111.5217,-0.24182,10.20919,1.31685
1111.5425,1.26897,9.30655,-1.63290
1111.5736,0.37830,9.47175,-0.48604
1111.5815,-0.78053,9.67526,1.01278
1111.6016,-0.24900,9.25866,-1.30249
1111.6235,-0.69195,9.58668,0.72547
1111.6415,-0.08380,9.84047,0.20351
1111.6616,1.15165,8.75347,-0.97447
1111.6838,0.15084,10.68086,1.60895
1111.7142,0.22746,9.24908,-0.53392
1111.7213,1.09658,9.89554,-2.07823
1111.7439,-0.24422,9.76625,1.31925
1111.7614,-0.33759,9.52921,0.87870
1111.7826,0.90982,9.44781,0.37351
1111.8052,-1.37910,10.28341,2.96651
1111.8230,-0.28731,10.75748,0.11253
1111.8533,1.28333,10.08947,-1.15165
1111.8635,-0.45731,10.74790,1.44614
1111.8815,0.80687,9.68245,0.20351
1111.9014,0.92419,9.49809,-0.59857
1111.9250,0.30647,10.56354,0.39984
1111.9429,0.42379,10.66410,0.15563
1111.9631,-0.17957,9.18204,0.10056
1111.9951,0.96968,10.08229,-1.04151
1112.0017,0.25140,10.18046,-0.61533
1112.0214,-0.65843,9.86441,0.73504
1112.0436,0.65843,10.17567,-0.87870
1112.0625,-0.17478,10.07032,-0.39027
1112.0824,-0.96250,9.77822,1.23545
1112.1050,1.10376,9.29218,-0.71828
1112.1271,-0.01437,9.26584,-0.72786
1112.1461,-1.09418,9.93624,1.42699
1112.1642,0.90504,9.23232,-0.90025
1112.1820,-0.32562,9.51964,0.42139
1112.2017,-0.05507,8.74629,0.25379
1112.2242,0.34956,9.08627,-1.16362
1112.2417,0.04549,9.72554,0.52435
1112.2737,-0.33759,10.85325,0.24182
1112.2833,-0.11732,11.04718,0.47646
1112.3014,-0.68476,9.62259,0.56744
1112.3213,0.32802,9.55316,-1.04630
1112.3435,-0.55308,9.72794,2.88031
1112.3616,-0.64167,10.88916,1.65923
1112.3973,1.69275,10.04159,0.22506
1112.4146,-0.29210,9.85962,1.33840
1112.4215,0.29928,8.34405,0.78053
1112.4458,-0.37590,9.74709,0.41421
1112.4648,-1.15643,10.01525,2.35597
1112.4827,-1.04390,8.96416,0.63209
1112.5057,-1.28573,11.26746,0.88588
1112.5233,-0.27055,11.06873,0.78772
1112.5492,1.13010,7.73351,-2.27456
1112.5609,-1.16601,11.30816,-0.61293
1112.5836,0.12929,10.41031,-0.00479
1112.6021,0.87870,9.61780,0.07183
1112.6228,-1.38868,11.24830,0.50998
1112.6455,0.84278,9.75906,-2.05668
1112.6626,0.00718,8.76065,0.26098
1112.6925,-0.97926,8.74150,0.35196
1112.7054,0.22985,8.58826,-0.15084
1112.7231,-0.09338,9.94342,-0.88109
1112.7418,-0.79490,10.73114,-0.40942
1112.7651,0.27534,9.97455,0.46688
1112.7826,-0.49561,9.27781,2.08541
1112.8032,0.06943,8.83966,0.41421
1112.8301,-0.83081,10.63776,0.91940
1112.8453,-0.29450,9.77104,1.42459
1112.8617,0.29450,9.12219,0.94334
1112.8853,-0.06225,10.81733,-0.25140
1112.9016,-0.67519,9.30415,1.93697
1112.9216,-0.39506,9.79019,0.15802
1112.9429,-0.38069,9.32091,1.35277
1112.9669,-0.84039,9.12458,0.68716
1112.9796,-0.23703,9.73033,-0.97447
1113.0060,-0.84278,9.28260,0.90264
1113.0225,-0.66082,8.76065,0.63448
1113.0426,0.65843,9.65372,-0.02873
1113.0652,-0.58181,9.80455,2.04232
1113.0828,-0.01915,9.56513,1.11813
1113.1125,0.66082,9.80216,0.73265
1113.1232,-0.33999,9.63935,1.89148
1113.1415,0.17718,9.52682,1.72627
1113.1619,0.24182,10.00089,-0.46688
1113.1840,-1.02714,10.56354,0.07422
1113.2017,-0.73025,9.07430,1.30249
1113.2216,0.52913,10.13257,1.45332
1113.2520,-0.82363,10.28820,1.65684
1113.2639,0.30647,9.59625,-0.89306
1113.2815,0.21788,10.08469,-2.59061
1113.3037,-1.56825,11.63857,1.18277
1113.3214,-0.20351,9.49569,1.92021
1113.3416,0.20591,10.94902,-0.38787
1113.3662,-0.53632,10.78621,-0.33520
1113.3876,-0.12211,9.75188,1.26897
1113.4053,0.62491,10.84846,-0.04789
1113.4241,0.74941,10.18046,-0.36872
1113.4409,0.77096,9.52203,-0.79250
1113.4609,0.13647,9.39274,-0.74701
1113.4852,-0.07901,9.31133,0.08380
1113.5194,-0.73983,9.52443,0.37351
1113.5342,-0.92658,9.76385,-0.39266
1113.5446,-0.94334,11.66012,-0.16520
1113.5607,-0.31365,9.49569,-0.15802
1113.5806,2.94256,10.16609,2.84919
1113.6033,2.36315,8.26504,1.35516
1113.6208,1.05109,9.70639,1.25699
1113.6429,-0.50519,9.94342,1.50839
1113.6770,0.75420,9.81892,0.65603
1113.6819,-0.40942,10.96578,0.19872
1113.7028,-1.06545,11.19802,2.19794
1113.7253,0.14605,9.36880,1.11334
1113.7411,0.74701,9.87638,0.30407
1113.7612,-1.02236,10.52284,0.95292
1113.7933,1.10376,10.03919,-1.76458
1113.8044,1.40544,8.93543,-1.02236
1113.8208,-0.71110,9.94821,0.44534
1113.8431,0.82842,9.38556,-0.96010
1113.8608,0.71349,7.78858,-0.47167
1113.8824,-0.87630,9.47175,1.18038
1113.9050,0.70871,8.99050,0.78772
1113.9258,-0.05267,10.08708,1.22108
1113.9531,-0.90504,9.85962,1.56346
1113.9697,1.22587,8.33208,0.20351
1113.9828,0.24661,8.64812,0.45970
1114.0021,-1.49882,11.02085,2.00640
1114.0247,0.72068,10.28341,0.96010
1114.0424,-0.42379,10.35763,-2.10457
1114.0735,-0.51237,11.32971,-1.80049
1114.0884,0.89785,10.58270,0.16520
1114.1019,0.34238,9.05036,2.97369
1114.1218,0.97926,10.95141,2.34878
1114.1481,-0.15084,9.46696,1.15883
1114.1659,0.52913,10.50129,0.82363
1114.1833,1.66163,8.68643,-0.58660
1114.2061,-0.26576,10.44143,1.37671
1114.2244,-0.21788,10.24510,-0.13169
1114.2424,-0.31365,9.03599,1.88669
1114.2643,1.08221,11.59787,-2.65286
1114.2833,0.51237,7.29057,0.33520
1114.3032,-0.16042,10.35524,0.30886
1114.3256,0.55787,8.93304,0.07183
1114.3428,-0.18675,11.24830,-0.38308
1114.3723,-0.03591,9.00487,1.51558
1114.3839,0.83081,8.01124,-1.44614
1114.4037,-1.33361,10.24031,1.25699
1114.4218,-0.66082,9.42865,0.33759
1114.4442,-0.13169,10.13496,-0.72786
1114.4634,-0.11014,9.06233,-1.41502
1114.4851,-0.80208,9.82610,-0.47646
1114.5184,0.58899,10.13975,-0.62730
1114.5217,-0.23464,9.62259,0.91940
1114.5417,0.23464,9.32091,-0.27055
1114.5646,1.01038,9.66569,-0.66800
1114.5824,-0.76617,10.60185,0.75420
1114.6023,-0.15084,8.77023,2.54033
1114.6252,0.76377,10.54439,0.54589
1114.6426,0.21309,9.84765,1.49403
1114.6660,-0.09817,10.36721,1.84359
1114.6842,0.40224,10.23313,-0.39027
1114.7020,0.12450,10.25229,0.66800
1114.7219,0.50280,9.85723,1.26657
1114.7443,0.17478,10.35045,-2.12612
1114.7614,-0.12929,10.11102,0.79969
1114.7928,-0.35675,9.38795,0.88349
1114.8036,0.92898,9.63217,-0.58181
1114.8235,-0.15802,10.23313,0.31604
1114.8434,-0.60096,9.81892,2.92820
1114.8640,1.04869,9.78061,-0.50998
1114.8834,0.62251,9.15331,-0.41660
1114.9146,-0.50280,10.45580,0.97686
1114.9321,0.44294,10.15412,0.39266
1114.9438,-0.33280,10.79818,1.73585
1114.9624,-0.66321,10.66171,1.84838
1114.9855,0.27774,10.24031,0.03113
1115.0031,0.01437,10.44143,0.52195
1115.0232,0.08141,9.28021,0.48364
1115.0461,1.32164,9.69921,-1.34558
1115.0679,-0.31365,9.97934,1.36953
1115.0835,-1.32643,9.73033,1.89148
1115.1049,0.64885,9.67048,-0.22985
1115.1227,-0.65603,9.33288,0.69673
1115.1426,-0.73025,9.59625,1.00560
1115.1652,0.09817,10.32890,-0.25140
1115.1824,-0.42379,9.00247,-0.19154
1115.2115,-0.49083,10.70959,0.90025
1115.2286,1.15165,8.63854,-1.88908
1115.2424,-0.04789,9.86920,-0.05507
1115.2626,-0.67040,10.42707,1.86275
1115.2850,1.05109,9.04078,0.09338
1115.3025,0.80687,9.48372,1.20671
1115.3241,-0.19394,10.77903,3.61057
1115.3601,1.26657,8.68882,2.55469
1115.3633,-0.01197,10.04638,1.43178
1115.3831,-0.12690,10.28580,1.01996
1115.4055,0.86912,8.90670,0.28013
1115.4229,-0.25379,10.61143,0.13887
1115.4431,-0.34956,10.43664,1.80049
1115.4655,1.36234,8.68164,-1.52276
1115.4984,0.48125,10.72156,-1.22347
1115.5026,-1.27854,9.69921,1.20432
1115.5250,0.34717,9.45978,1.71430
1115.5421,-0.21070,10.29299,2.32963
1115.5626,-0.51477,10.31454,1.55388
1115.5850,1.16601,9.38795,0.04549
1115.6044,0.44294,9.79977,-1.89148
1115.6433,-0.27295,10.27144,0.62012
1115.6445,0.69434,11.60026,0.71828
1115.6625,0.72547,7.29296,0.31365
1115.6824,-1.03912,11.34407,1.55628
1115.7051,-1.52276,10.60424,0.24422
1115.7224,-0.21070,10.68804,1.07503
1115.7427,0.09817,9.30176,0.67758
1115.7653,-0.55308,9.86441,1.43656
1115.7825,0.53871,9.21556,0.16042
1115.8025,0.28971,9.32331,0.29210
1115.8248,0.13169,10.20440,-0.89785
1115.8424,0.60336,8.56193,-0.32562
1115.8651,1.35516,10.62579,-1.08700
1115.9044,-0.42618,10.57072,0.96250
1115.9161,-0.05507,10.55396,2.32484
1115.9233,1.13010,9.95539,0.99602
1115.9465,-0.00479,9.84286,2.58582
1115.9624,1.43178,8.61699,2.09738
1115.9825,1.55867,8.18363,-1.01278
1116.0052,-0.01437,11.09507,0.96010
1116.0229,-0.25858,11.13817,3.69197
1116.0531,1.24263,9.23951,-1.27854
1116.0657,-0.26337,10.46537,0.84757
1116.0833,0.11253,7.62577,-0.05986
1116.1033,1.57064,8.48770,-1.34798
1116.1254,-0.00239,10.97057,2.04950
1116.1432,0.57702,9.83089,1.72148
1116.1632,2.01119,10.19961,-0.57702
1116.1855,-0.55547,11.15493,0.82842
1116.2030,-0.11253,9.62738,2.65286
1116.2230,1.58740,9.87160,-0.52195
1116.2455,-0.16281,9.18683,-0.09577
1116.2633,-0.45252,10.22834,1.90345
1116.2847,0.24182,9.35683,1.59698
1116.3074,0.29450,10.31454,-0.26098
1116.3256,0.03591,8.53320,0.30647
1116.3442,0.83800,8.61699,0.57463
1116.3660,0.99602,9.22035,0.27295
1116.3837,-1.22826,10.60664,0.96729
1116.4038,-1.05109,10.99930,1.18995
1116.4274,0.65124,10.02722,-0.52674
1116.4484,-0.09577,9.64893,0.48125
1116.4801,0.02394,9.80455,1.86753
1116.4858,1.35995,9.36401,-0.21309
1116.5035,0.25619,10.40312,-0.37830
1116.5250,-0.00718,10.46777,1.99922
1116.5461,1.90584,9.53879,-1.67839
1116.5638,1.29770,8.79417,1.39586
1116.5837,-0.24422,9.79977,2.48047
1116.6182,1.21869,9.01205,1.41023
1116.6237,0.63688,9.67048,0.18675
1116.6469,-0.18675,9.44541,0.94813
1116.6655,0.61293,10.47495,0.40463
1116.6832,1.13010,9.58428,0.85476
1116.7046,0.39984,10.31693,1.35995
1116.7267,0.52913,10.34087,0.54589
1116.7444,1.00560,9.85005,0.68237
1116.7650,0.37111,9.71118,0.97208
1116.7855,0.41660,9.28979,1.61853
1116.8033,1.13728,9.73752,0.71349
1116.8269,1.01517,9.36640,0.07662
1116.8492,-0.09577,10.03441,1.19953
1116.8796,0.00239,10.52284,-0.35196
1116.8950,0.91461,9.96018,-0.50040
1116.9059,-0.41660,10.54439,1.78134
1116.9235,0.41182,10.41031,1.05827
1116.9432,1.07982,8.71037,-0.14366
1116.9669,-0.73504,10.98493,1.05588
1116.9846,-0.33520,10.11102,2.42779
1117.0061,0.68716,10.19722,1.33361
1117.0420,-0.16999,11.13817,0.66561
1117.0431,-0.94574,10.63537,0.35675
1117.0651,0.98644,10.30256,0.40224
1117.0873,0.53153,9.59386,1.57543
1117.1033,-0.26816,8.52122,1.64726
1117.1234,-0.74701,9.81653,1.30009
1117.1545,0.53871,9.07909,0.75420
1117.1660,-0.44534,8.26025,1.91542
1117.1829,-0.14605,10.48692,0.47167
1117.2053,0.88588,7.41028,-1.66163
1117.2231,0.75180,9.22754,-1.22826
1117.2432,-0.08141,11.80856,2.13569
1117.2655,0.52195,8.84685,0.52435
1117.2831,1.57783,10.67607,1.30727
1117.3088,-0.27534,11.36562,1.74782
1117.3256,1.09418,9.79977,0.54350
1117.3445,1.11573,9.36640,2.13809
1117.3650,-0.34478,11.49252,2.20752
1117.3854,-0.23224,10.35045,1.90824
1117.4050,1.07742,9.33767,-1.08700
1117.4385,0.97926,8.55714,-1.32403
1117.4548,-1.05827,9.26584,0.69434
1117.4631,0.12690,9.91709,1.38150
1117.4830,1.02236,8.40869,-1.27854
1117.5054,-0.48364,9.92188,0.86673
1117.5236,0.64885,8.51644,1.06306
1117.5432,1.41980,9.44302,0.40703
1117.5651,-0.59857,10.58509,1.01757
1117.5858,-0.59617,11.48773,1.30727
1117.6030,0.65603,10.85085,0.50280
1117.6252,0.30168,10.35524,1.15643
1117.6433,0.38548,9.97455,1.21869
1117.6636,0.88828,10.51087,1.56825
1117.6859,0.10295,10.55396,0.99362
1117.7081,-0.09098,10.63058,0.61293
1117.7261,-0.49801,9.95539,1.27854
1117.7480,0.46688,8.83966,-0.63448
1117.7632,0.60575,9.92427,-0.29689
1117.7826,0.29928,9.41908,0.85476
1117.8052,0.91222,9.43823,0.15563
1117.8252,1.09897,11.01845,-0.53871
1117.8450,-0.68716,11.32013,1.38389
1117.8793,-0.30407,10.11821,1.95373
1117.8831,0.84757,9.09106,0.94813
1117.9031,0.70631,10.52763,0.03591
1117.9264,-0.42858,9.45260,1.19714
1117.9445,-1.29051,10.53241,0.10535
1117.9646,0.28971,9.09346,-0.53153
1117.9865,-1.07024,9.40711,1.55628
1118.0042,-0.22267,10.27623,0.35435
1118.0226,0.19633,7.52999,-0.02873
1118.0453,-1.19474,11.50688,0.38308
1118.0630,-1.08700,9.91230,1.60656
1118.0831,0.49322,8.25785,0.71828
1118.1057,-0.33041,8.94022,-0.48364
1118.1243,-0.83081,10.36960,-0.06943
1118.1555,-0.67279,9.86920,2.12133
1118.1654,1.56346,8.95459,0.97686
1118.1827,1.73824,7.59464,-1.09179
1118.2028,-0.69434,10.05117,0.93856
1118.2252,1.47727,9.65372,-0.06704
1118.2439,1.18038,9.71836,0.38787
1118.2640,0.04549,10.25947,-0.38548
1118.2931,-0.05267,11.00648,2.26259
1118.3027,0.09338,9.14134,0.38548
1118.3245,0.55547,9.39274,1.33840
1118.3458,-0.06943,10.38397,1.25221
1118.3629,0.24422,8.12377,1.97049
1118.3828,1.13489,9.20120,0.91461
1118.4053,-0.84757,9.66569,2.92341
1118.4226,-1.10855,9.29457,1.84359
1118.4429,0.10774,9.13895,0.42139
1118.4655,0.20351,9.03599,-0.34956
1118.4828,-0.47646,11.91391,0.79729
1118.5031,-0.51477,10.48692,1.13489
1118.5269,0.97686,9.50288,0.24422
1118.5609,-0.05746,11.64336,0.72307
1118.5723,-0.83321,9.60822,1.91303
1118.5848,0.27534,10.13018,1.14446
1118.6041,1.06066,10.14694,-0.44055
1118.6248,0.19872,10.84846,0.19154
1118.6453,0.68476,9.79737,-0.05507
1118.6644,1.10615,9.15092,-0.15563
1118.6846,1.21150,9.14134,1.89148
1118.7206,0.28731,9.65611,1.19474
1118.7227,0.76377,8.72474,1.56825
1118.7424,1.57783,8.43264,0.33041
1118.7649,-0.01437,8.89952,0.15084
1118.7841,0.46688,10.47735,0.51956
1118.8042,0.66321,10.39355,0.07662
1118.8268,0.37351,10.68565,-0.63688
1118.8527,0.77575,8.97853,0.85954
1118.8630,-1.12531,10.41510,2.13569
1118.8849,1.06306,9.94342,-0.37351
1118.9025,0.03591,9.09824,0.01676
1118.9227,-1.16362,10.14694,0.60336
1118.9452,0.11732,9.65850,-0.00718
1118.9626,1.52515,7.97772,-0.33759
1118.9883,1.47248,9.47415,-0.87391
1119.0051,0.16281,9.55795,0.82602
1119.0227,0.83800,9.80695,1.37431
1119.0422,1.30009,10.53002,0.46449
1119.0649,-0.55547,9.77582,1.89866
1119.0828,-1.12291,10.60664,1.08940
1119.1040,0.94574,9.05036,0.54350
1119.1406,0.40224,8.95698,0.02394
1119.1453,-1.36713,12.84289,2.65764
1119.1707,-1.10855,9.69681,3.37832
1119.1859,1.18517,8.36560,1.09897
1119.2041,0.40703,10.19482,-0.10056
1119.2263,-0.05986,10.04398,1.13489
1119.2467,0.58181,8.37757,0.99841
1119.2860,-0.15802,10.77903,0.07183
1119.2860,-0.09338,9.35922,2.08541
1119.3073,-1.01757,9.15571,1.86514
1119.3230,-0.40703,11.48534,0.22267
1119.3441,0.39984,10.17327,1.04869
1119.3668,0.07901,10.61621,0.75420
1119.3843,-0.11014,10.44862,0.33520
1119.4158,-0.16042,10.24750,0.51956
1119.4257,0.86194,8.77023,-0.96968
1119.4429,-0.15802,9.98173,0.79969
1119.4624,-0.25140,10.74311,2.04711
1119.4849,0.10056,10.03680,1.22108
1119.5024,-1.13249,11.64815,0.07183
1119.5228,-0.49322,9.76864,1.57304
1119.5519,0.52195,8.93783,0.08141
1119.5759,1.22108,9.00966,-1.80049
1119.5826,0.49801,8.34884,-0.73025
1119.6049,-0.93137,9.22035,1.04869
1119.6222,0.20830,9.74230,1.32164
1119.6421,0.95292,10.52284,-0.00958
1119.6649,-0.11014,10.38158,0.65603
1119.6864,0.42858,9.72794,0.07422
1119.7025,0.36154,11.09746,0.40463
1119.7252,0.57941,9.01205,1.90105
1119.7455,0.99841,9.37837,1.06545
1119.7629,1.27854,9.08627,0.49561
1119.7854,-0.45491,10.32651,1.78373
1119.8033,1.12770,9.92906,1.08700
1119.8293,1.49882,9.11979,0.99123
1119.8473,0.32083,9.89793,1.11094
1119.8634,1.13967,9.05515,1.11094
1119.8854,1.69994,8.88755,-0.69913
1119.9059,0.28252,10.13736,0.84518
1119.9235,-0.54111,10.08708,1.76458
1119.9460,-0.38787,9.87160,1.93697
1119.9750,0.36872,10.74072,1.26657
1119.9829,-1.03193,10.18046,1.68557
1120.0033,-1.24502,9.83089,2.14048
1120.0254,0.57223,9.79019,1.64008
1120.0435,0.70152,9.77104,1.40544
1120.0637,0.03591,8.87318,-0.84518
1120.1084,-0.23943,9.50048,0.48125
1120.1085,0.74223,8.97135,0.37351
1120.1238,-0.21070,9.54358,-0.62491
1120.1456,-0.70152,9.22275,0.59378
1120.1633,0.07422,9.01444,1.62811
1120.1855,0.51237,9.22514,1.53712
1120.2072,0.20591,9.66090,1.89148
1120.2246,0.54589,10.12299,0.94095
1120.2559,0.50519,7.38873,0.53392
1120.2656,1.47727,9.65372,-0.00958
1120.2831,0.40463,8.87079,-0.55787
1120.3032,-1.51079,9.65850,-0.88109
1120.3257,-1.17559,11.05676,2.64567
1120.3435,-1.42699,9.30655,0.99602
1120.3651,0.29928,9.67287,0.76856
1120.4044,0.96729,8.78459,0.19633
1120.4048,-1.76219,9.90751,2.03992
1120.4232,0.52913,10.25468,1.09418
1120.4459,-0.11971,9.75188,2.05429
1120.4650,0.40463,9.46936,-0.29450
1120.4850,-0.66561,10.31214,1.89627
1120.5073,0.62491,10.76466,0.43576
1120.5249,-0.26816,9.85005,0.17478
1120.5435,-0.56984,11.27464,-2.08541
1120.5653,-0.34478,10.88916,0.61054
1120.5834,-0.40463,8.90431,1.02236
1120.6029,0.25379,10.32890,-0.08619
1120.6255,-0.23943,9.26584,1.46051
1120.6440,0.34238,7.68323,2.16203
1120.6699,0.75899,9.14374,0.45491
1120.6855,0.53871,11.32971,-1.20671
1120.7031,-0.41660,11.62899,-2.77496
1120.7235,-0.67279,8.98571,0.88109
1120.7461,-0.45012,9.25866,-0.24182
1120.7655,1.64008,8.96177,0.44773
1120.7977,1.47248,8.46376,-1.59938
1120.8176,-0.10056,11.90673,2.88989
1120.8232,2.78694,8.19560,-3.96971
1120.8434,5.00403,8.05195,-1.01757
1120.8655,-2.37991,10.29299,3.67521
1120.8833,-3.01200,14.05439,4.16125
1120.9032,3.17241,6.99847,-0.55068
1120.9254,-1.19953,12.58670,5.18121
1120.9572,-0.88828,4.24984,8.58348
1120.9645,0.65124,13.97059,-9.20359
1120.9856,-0.44055,-2.44216,2.31048
1121.0039,-0.44294,12.05757,-19.07519
1121.0242,-0.88828,7.59464,5.82048
1121.0465,1.86753,15.91714,-5.22431
1121.0659,-0.41182,4.28575,2.23625
1121.0994,1.24981,12.69684,-3.23945
1121.1066,1.29051,9.02402,0.71589
1121.1238,0.33520,9.58907,-0.84757
1121.1440,-2.74144,13.14217,2.86595
1121.1664,-3.16763,10.64734,1.92979
1121.1851,-0.84997,10.28341,3.58662
1121.2036,-2.60737,10.23792,1.62811
1121.2280,-0.67279,8.37517,2.60737
1121.2438,-1.69515,11.03761,2.96890
1121.2634,-2.84440,11.31774,1.23066
1121.2863,1.99922,6.81411,3.81647
1121.3058,-0.62251,9.53640,1.30009
1121.3259,-1.84838,8.70319,1.56107
1121.3480,1.82204,8.42545,-1.55628
1121.3715,1.25460,8.03758,3.06946
1121.3855,0.42618,13.97059,-1.50600
1121.4081,-1.11334,9.72554,4.93939
1121.4255,-1.88429,11.90673,1.90824
1121.4453,1.11813,9.61301,1.15883
1121.4673,0.23943,8.17645,1.20193
1121.4849,0.11493,9.01205,0.64645
1121.5046,1.13010,10.51326,0.08619
1121.5272,-0.70392,9.40232,0.22746
1121.5452,-0.90264,10.41510,0.58181
1121.5656,0.02634,10.26426,0.96010
1121.5873,0.51477,9.17247,2.41343
1121.6057,-0.36872,10.74551,2.24583
1121.6256,1.28812,8.26743,0.32802
1121.6548,-0.41421,10.27383,1.01038
1121.6664,-1.69275,10.19961,1.78613
1121.6863,-1.20911,10.44143,1.08700
1121.7091,0.67519,7.86759,0.57463
1121.7272,-0.94334,10.31932,0.32083
1121.7476,-0.63209,10.62819,2.34160
1121.7698,1.06545,9.10782,2.95932
1121.7979,0.91701,9.94582,1.46769
1121.8143,0.67997,9.12698,1.49163
1121.8285,-0.66800,10.38397,2.50681
1121.8462,-0.23943,9.40950,3.44776
1121.8661,0.00718,10.53241,2.01359
1121.8883,-0.31844,9.86202,2.76778
1121.9060,0.53632,10.19003,0.89067
1121.9323,0.24422,9.21078,1.97528
1121.9478,0.36393,10.02722,0.23703
1121.9656,0.81884,9.75428,2.20273
1121.9857,0.43815,10.75508,-0.60096
1122.0081,-0.79729,10.60185,1.40065
1122.0254,-0.34717,9.68484,-0.13169
1122.0455,0.87391,8.80614,0.10774
1122.0685,1.03672,9.27542,-0.73744
1122.0859,-0.00958,9.23232,0.29450
1122.1057,-0.62730,9.47893,0.05267
1122.1282,-0.19154,9.06233,1.01278
1122.1460,0.91222,8.51883,-0.82363
1122.1659,0.32323,9.91709,0.55547
1122.1901,-0.95771,10.07990,1.94415
1122.2224,-0.67040,10.80297,1.97288
1122.2267,0.67519,9.15092,1.08700
1122.2491,0.23943,9.43823,1.07024
1122.2670,-0.42379,10.07750,0.19394
1122.2871,-0.12690,9.18444,0.98405
1122.3093,0.42139,9.73512,1.29770
1122.3427,0.24900,9.25866,1.34079
1122.3608,-0.28013,9.85484,-0.43576
1122.3695,-0.85715,10.33369,1.01038
1122.3871,-0.53392,10.37439,1.43417
1122.4072,-0.55787,10.22595,1.38629
1122.4296,0.42379,10.65931,1.05348
1122.4473,0.11971,10.13975,0.50759
1122.4675,-0.70871,10.19243,1.08221
1122.4924,-0.38308,10.21877,1.28812
1122.5066,0.61293,9.39753,0.16999
1122.5267,0.45491,9.27063,-0.17957
1122.5492,-0.23224,9.62738,0.76856
1122.5669,-0.16999,9.41189,0.05028
1122.5869,-0.30407,9.62259,1.18038
1122.6089,1.13489,9.58428,0.28013
1122.6362,0.28971,9.85005,1.01996
1122.6466,-0.30647,9.99849,2.01837
1122.6693,-0.14366,9.51964,3.61296
1122.6870,-0.08859,10.09426,2.44934
1122.7086,0.71828,9.62738,1.17319
1122.7294,-0.73025,9.77343,1.20671
1122.7467,0.31604,9.53161,1.43178
1122.7668,0.47885,9.45020,1.18995
1122.7894,0.60096,8.76544,0.80208
1122.8066,0.53153,8.75826,1.09658
1122.8262,0.10295,10.04159,-0.16520
1122.8491,0.62251,9.21556,-0.28013
1122.8668,-0.31604,9.45020,0.74941
1122.8885,-0.49322,9.16289,1.14925
1122.9153,-0.02634,8.90910,0.20112
1122.9309,0.34956,8.79657,-1.31685
1122.9476,-0.31604,10.33130,-1.27375
1122.9700,0.39266,9.84526,0.25140
1122.9878,0.35435,8.68164,0.70631
1123.0073,0.81884,8.27461,0.72068
1123.0388,-0.11493,10.04877,1.44135
1123.0520,-0.47885,9.68245,3.06946
1123.0677,-0.23943,10.48213,3.70394
1123.0897,2.25780,10.15891,1.05588
1123.1075,2.19076,10.05595,0.38787
1123.1287,-0.00479,10.18046,1.54910
1123.1516,0.17718,10.05835,1.59219
1123.1692,1.31446,8.47813,0.48604
1123.1935,0.79490,9.06233,1.27375
1123.2095,0.02155,9.33767,0.96489
1123.2277,0.06225,9.25866,0.68716
1123.2476,-0.57702,9.80455,0.42858
1123.2739,-0.05267,9.47415,0.65843
1123.2914,-0.68476,9.77582,1.30009
1123.3263,-1.05827,10.84367,-0.80448
1123.3400,-0.58899,10.92747,-0.13887
1123.3494,-0.62730,10.23792,0.34956
1123.3677,-0.21788,9.30176,1.79810
1123.3899,1.68078,9.22514,-0.26098
1123.4098,1.74303,8.87318,-0.49801
1123.4281,0.65603,10.19722,-0.37111
1123.4514,0.21309,10.13496,1.21869
1123.4868,-0.28492,9.70160,1.48684
1123.4878,0.46449,9.49091,0.94095
1123.5105,-0.16042,10.23313,0.13408
1123.5275,0.01437,10.71438,0.38069
1123.5492,-0.28492,9.49809,1.51079
1123.5713,0.87391,9.06472,0.85715
1123.5891,1.23545,8.78459,0.21548
1123.6085,0.61054,10.03441,1.14686
1123.6317,-0.82124,10.24510,1.86993
1123.6475,-0.39027,9.78780,2.04232
1123.6676,0.00718,9.13176,1.66881
1123.6913,0.31604,10.37439,1.30967
1123.7091,-0.03113,9.73512,0.75180
1123.7290,-0.24661,9.94103,0.55308
1123.7618,-0.60815,10.86761,0.47407
1123.7677,-0.80687,9.65611,1.95852
1123.7894,-0.40224,9.52682,0.72786
1123.8116,-0.25619,9.97934,0.59139
1123.8314,-0.13169,9.76864,0.74701
1123.8513,-0.35196,9.42626,-0.06225
1123.8712,-0.05986,7.70717,0.55547
1123.8890,0.69673,9.85723,2.93778
1123.9078,0.92658,11.30577,2.23865
1123.9316,-1.23066,10.90592,0.62491
1123.9474,-1.46051,11.15971,1.40783
1123.9681,-1.56346,11.21718,0.87391
1123.9921,1.10376,10.76945,0.02394
1124.0338,0.69913,9.71357,-0.16281
1124.0341,0.52435,9.29697,1.82683
1124.0497,0.62969,11.03521,0.66800
1124.0675,0.44294,9.77822,-2.15485
1124.0873,-0.17239,10.11821,-2.16682
1124.1096,1.08700,10.46537,-0.92898
1124.1274,-0.48604,10.67128,2.09738
1124.1492,-0.57941,9.97455,0.60815
1124.1699,-0.67997,11.18605,1.73824
1124.1874,-0.16760,9.19162,1.24263
1124.2075,0.71828,9.03120,-0.01676
1124.2295,-0.26098,10.47495,0.19872
1124.2479,0.36632,9.78301,-1.51318
1124.2689,0.15323,9.97455,-0.55787
1124.2936,-0.22027,9.91230,-0.60575
1124.3121,0.68476,9.35683,1.04151
1124.3282,1.54191,8.47813,0.18675
1124.3501,0.68476,8.85642,0.96729
1124.3696,1.33361,10.17806,-0.13647
1124.3895,0.67519,8.91389,1.38389
1124.4119,0.53392,9.11740,1.91303
1124.4417,0.92180,9.35204,0.19394
1124.4613,0.11971,9.86202,2.26020
1124.4695,-0.37351,11.27943,1.56346
1124.4893,0.08380,10.14454,1.65684
1124.5093,-0.49322,10.38397,-0.12929
1124.5336,0.23943,9.59146,0.11253
1124.5511,0.82842,9.26345,1.62811
1124.5895,0.00958,11.08549,0.12450
1124.6044,-0.92898,9.95779,1.38629
1124.6072,-0.11971,10.79578,0.49561
1124.6293,-0.67758,10.15891,1.90584
1124.6495,-0.36872,9.18444,0.77096
1124.6692,0.16520,10.28341,0.82124
1124.6903,0.17478,9.24669,0.25619
1124.7296,-0.40463,9.30655,0.50998
1124.7297,0.39984,8.39193,0.42858
1124.7489,0.87870,8.94262,1.31446
1124.7695,0.45731,11.14295,0.96250
1124.7872,-0.45970,11.45421,1.67120
1124.8075,-1.02236,11.43985,1.09897
1124.8297,0.27055,9.93863,1.34558
1124.8475,0.08859,8.93543,0.30886
1124.8793,-0.60815,9.81413,1.09418
1124.8896,0.34478,10.03919,0.85236
1124.9073,-0.05267,9.92188,0.52913
1124.9274,-0.69434,10.52523,0.58420
1124.9495,0.88349,11.06873,-0.85476
1124.9672,1.07982,8.94740,-0.04789
1124.9889,0.01676,10.35524,-0.58660
1125.0107,0.15323,10.12778,-0.10774
1125.0278,-0.22746,10.92268,0.68476
1125.0474,-0.43815,9.99610,1.28573
1125.0696,-0.10295,10.98254,1.47008
1125.0875,-0.04549,10.91789,1.00081
1125.1074,0.72068,10.00328,0.29450
1125.1295,0.48364,9.42626,-0.06943
1125.1584,0.68955,10.09666,0.99602
1125.1683,0.81884,9.34246,0.20351
1125.1893,0.05028,10.75269,0.90982
1125.2068,0.47167,9.87399,0.43097
1125.2273,-0.00718,9.45020,-0.56505
1125.2495,-0.23224,10.67607,-1.32643
1125.2677,0.14605,10.33848,0.07422
1125.2988,-0.02634,10.81254,0.38787
1125.3092,-0.33280,10.69762,0.73744
1125.3273,0.18436,9.11740,0.42379
1125.3472,0.40703,9.93145,0.58660
1125.3730,-0.00958,9.06472,0.15323
1125.3909,0.39984,10.25707,-0.26576
1125.4264,-0.12690,10.30256,0.04549
1125.4392,0.62491,8.54038,1.05348
1125.4471,-0.24900,9.88357,0.86673
1125.4672,-0.47407,10.27862,0.57941
1125.4896,0.42139,8.71756,0.61054
1125.5090,-0.62251,9.91469,0.51237
1125.5286,0.25140,8.73431,1.82204
1125.5535,0.77335,8.76305,1.52994
1125.5748,0.25140,9.65611,0.30407
1125.5914,0.81166,10.08947,0.69913
1125.6095,0.60336,8.95698,0.10056
1125.6271,0.74941,9.78061,0.12690
1125.6473,0.64406,9.48851,-0.34478
1125.6697,0.44534,9.86441,0.75899
1125.6875,0.32802,8.94022,2.03992
1125.7252,0.81884,8.74150,0.84757
1125.7310,0.12929,9.10064,1.75500
1125.7471,0.02634,10.72635,0.78532
1125.7670,-0.19394,9.47415,-0.07183
1125.7894,-0.42379,9.86202,0.03591
1125.8069,-0.35914,9.47893,1.79092
1125.8275,0.64885,7.77421,1.05827
1125.8596,0.92898,9.07430,0.18196
1125.8669,0.38787,10.32411,0.33280
1125.8872,0.52435,9.44541,-0.47407
1125.9111,0.57702,9.89793,-0.25619
1125.9288,0.17718,8.81572,0.21070
1125.9487,0.11493,9.59625,2.16921
1125.9869,0.06465,9.40471,1.76937
1126.0018,-0.20351,10.64973,1.20671
1126.0073,0.07901,10.48213,0.52195
1126.0332,-0.06465,10.45101,0.94095
1126.0486,0.36154,9.38316,1.01757
1126.0688,0.39506,10.26186,1.64487
1126.0894,0.50040,9.24669,0.40703
1126.1157,0.11014,10.19482,1.20193
1126.1381,0.53153,9.41668,0.43097
1126.1489,0.48364,10.38876,0.43336
1126.1669,-0.05986,9.81413,1.25221
1126.1870,0.13647,8.71756,1.80768
1126.2112,0.05507,8.82290,1.65923
1126.2284,-0.12929,10.27144,0.78293
1126.2499,-0.03113,10.35524,1.90345
1126.2767,-0.70152,9.87399,0.95292
1126.2948,-0.70392,9.67287,0.76856
1126.3092,-0.50280,10.25229,-0.28252
1126.3308,0.05986,8.40630,1.26657
1126.3484,0.24422,10.02962,1.68796
1126.3688,0.22506,8.94022,1.73345
1126.4071,0.22985,9.08867,0.79969
1126.4086,0.23464,9.63217,-0.49083
1126.4276,-0.59378,9.25148,0.33280
1126.4493,-0.31844,9.69202,2.71032
1126.4668,-0.40703,9.30415,2.84200
1126.4885,-0.27295,10.26665,1.20671
1126.5129,-0.48604,10.10145,0.32083
1126.5459,-0.22985,9.56034,0.32802
1126.5625,-0.62969,10.92268,1.41262
1126.5692,-0.35196,9.71357,1.39586
1126.5868,0.41182,8.98571,1.88190
1126.6068,-0.41900,9.72315,1.76697
1126.6307,0.07183,8.90670,1.18517
1126.6479,0.56984,9.23232,1.69036
1126.6698,-0.14845,10.88437,1.48924
1126.7018,-0.03591,10.14933,0.84757
1126.7072,0.32802,10.99690,0.37111
1126.7268,0.10774,10.63058,1.09179
1126.7490,0.28731,9.32809,1.12531
1126.7667,0.18196,9.81653,1.15165
1126.7866,0.46210,8.20518,-0.12929
1126.8090,-0.25140,9.32331,0.25619
1126.8359,0.03591,9.80216,-1.18995
1126.8462,0.25379,9.25866,0.26816
1126.8687,-0.36393,9.24430,0.91222
1126.8862,0.28731,12.44544,-0.18675
1126.9063,0.09098,10.00328,1.62092
1126.9305,-0.85476,9.71836,1.25460
1126.9485,0.43815,10.32890,-0.51716
1126.9823,1.38868,8.91149,-0.72068
1126.9895,0.54589,8.94740,0.15802
1127.0085,0.34478,9.49091,-0.11014
1127.0289,0.23224,8.81333,0.54111
1127.0494,0.11493,9.54597,0.39266
1127.0671,0.26337,9.34725,0.01676
1127.0876,0.11014,9.56034,0.74701
1127.1230,0.25140,9.81413,-0.16520
1127.1268,-0.00958,9.90512,0.46688
1127.1467,0.25619,10.06314,0.37590
1127.1703,0.25619,10.55157,0.08141
1127.1884,0.31126,10.26426,0.10535
1127.2081,0.01676,9.61062,-0.52195
1127.2308,0.31126,9.56273,0.19872
1127.2483,0.32083,9.17486,0.73265
1127.2681,0.37351,9.86441,1.38868
1127.2889,0.77575,9.48612,0.21548
1127.3064,0.61054,10.27623,0.00000
1127.3268,0.01197,9.84765,-0.59857
1127.3505,-0.35435,10.70480,0.03113
1127.3719,-0.19394,10.59706,1.30249
1127.3986,-0.48125,10.06314,1.41741
1127.4150,0.23224,8.99529,2.23865
1127.4271,0.31126,9.87878,-0.43336
1127.4474,0.65124,8.88755,-0.47885
1127.4697,0.15802,9.42147,-0.15323
1127.4873,-0.04310,9.36401,2.15245
1127.5081,-0.23224,10.03201,1.93457
1127.5393,-0.27055,9.72554,1.12291
1127.5479,-0.46449,10.30735,0.48843
1127.5688,-0.05267,10.71917,1.01278
1127.5906,-0.28013,9.85962,0.95292
1127.6084,0.14366,9.05994,1.13010
1127.6300,0.73265,8.37039,-0.89546
1127.6547,-0.08380,9.10782,0.73744
1127.6741,-1.03433,10.09426,0.62969
1127.6892,-0.15802,8.36081,1.32643
1127.7108,0.13887,9.73033,0.75899
1127.7283,1.25460,8.84206,-0.16760
1127.7509,0.91701,8.75586,-1.39826
1127.7731,0.30407,10.83170,-1.11573
1127.7909,0.39266,9.74949,1.26897
1127.8109,0.70871,9.16528,1.38868
1127.8331,-0.83321,11.12619,0.08141
1127.8497,0.00718,9.75428,1.65684
1127.8699,-0.08141,10.62100,1.15643
1127.8937,0.39984,10.36960,0.94813
1127.9106,0.96010,9.95061,0.67040
1127.9307,-0.32323,9.61301,0.78772
1127.9634,-0.14366,9.41668,1.26178
1127.9696,0.49801,9.56034,-0.56505
1127.9895,-0.11253,11.75110,0.41182
1128.0118,-0.43576,10.30017,0.65843
1128.0293,-0.28971,10.38158,2.38709
1128.0526,0.17239,8.80375,0.83081
1128.0756,0.22985,10.21877,-0.60815
1128.0914,-0.11253,10.36003,0.01915
1128.1107,-0.51716,11.26985,0.86433
1128.1331,0.25858,9.67287,0.44773
1128.1504,0.90025,9.57710,0.67997
1128.1707,0.16999,9.64174,1.54431
1128.1932,1.41980,9.42147,0.04070
1128.2112,0.53632,8.55714,1.22826
1128.2451,0.21788,8.92107,0.25858
1128.2528,0.65843,10.02243,-0.11732
1128.2709,0.38787,9.83329,-0.48364
1128.2919,-0.07183,9.85244,0.21309
1128.3126,0.27774,10.17088,0.51956
1128.3300,0.51956,9.64414,0.10535
1128.3502,-0.03113,8.95459,1.21150
1128.3762,0.14366,8.87797,-0.07901
1128.3900,0.79011,9.47175,-1.11573
1128.4104,0.08380,10.59706,-0.91222
1128.4327,0.32562,9.19641,-0.13169
1128.4502,0.61054,8.61939,1.32164
1128.4714,-0.40703,9.19880,0.73025
1128.4954,0.05507,10.19003,1.30249
1128.5223,0.20591,9.98413,0.55308
1128.5377,0.94813,8.97614,0.70392
1128.5555,0.15323,10.62340,-0.26098
1128.5713,-0.01915,10.92508,-0.43336
1128.5911,-0.26337,9.82850,2.11893
1128.6136,1.02954,9.74709,-0.17957
1128.6311,0.21548,10.30735,0.30647
1128.6622,-0.61054,10.98733,0.85476
1128.6738,0.34478,9.85244,0.38308
1128.6915,0.47885,10.02243,-1.09897
1128.7109,0.24182,9.17726,0.27055
1128.7333,0.16520,10.01765,0.17718
1128.7513,0.00718,8.95698,-0.42139
1128.7711,-0.32802,9.68724,-0.04070
1128.8022,0.96489,10.03441,-0.69195
1128.8116,0.20830,10.09187,-0.31604
1128.8334,-0.99602,9.95300,0.75420
1128.8560,0.41182,9.68484,0.72068
1128.8750,0.44534,9.57949,-1.22108
1128.8950,-0.29450,10.26186,0.41660
1128.9338,1.28333,10.31454,-2.70792
1128.9342,-0.06465,10.27623,-0.43576
1128.9519,0.46210,10.54439,0.52913
1128.9734,0.11493,10.69523,1.13967
1128.9915,0.85954,9.41908,0.72547
1129.0137,0.13647,8.86361,1.05827
1129.0358,1.02954,10.47256,-1.60656
1129.0537,1.21629,8.24109,-0.27774
1129.0895,-0.93616,9.96018,-0.09817
1129.0947,0.97686,8.26025,-0.56505
1129.1125,0.57223,10.07990,-1.04151
1129.1322,0.84757,9.73033,-1.10615
1129.1559,0.29689,9.73752,0.47167
1129.1738,0.67040,10.84367,-1.00799
1129.1958,0.31365,9.51245,0.39745
1129.2256,0.85476,9.69921,-0.54589
1129.2319,0.84039,8.58826,-0.34238
1129.2521,0.96010,9.33288,0.72068
1129.2743,-0.33280,10.06314,-1.18756
1129.2919,0.59139,10.65452,0.19154
1129.3119,-0.36154,10.04877,-0.67040
1129.3359,-0.07422,10.89395,-0.72307
1129.3677,0.56744,10.14215,-1.13728
1129.3719,0.49322,10.65692,-0.83800
1129.3942,0.72068,9.19162,-0.10056
1129.4119,0.49322,11.07352,-0.38548
1129.4336,0.67519,9.58907,-0.68476
1129.4562,0.67279,9.60104,0.00958
1129.4734,0.34238,9.05515,-1.07742
1129.4946,0.16281,10.30017,0.47407
1129.5142,0.46928,9.39753,-0.17957
1129.5317,1.52276,8.84924,-0.66082
1129.5519,0.77096,9.58668,-1.74543
1129.5743,0.57463,9.72076,-1.00081
1129.5936,0.90264,8.73671,-0.18436
1129.6145,0.35196,9.33767,0.60815
1129.6450,0.33999,9.79977,0.00000
1129.6614,0.35914,11.19084,0.78532
1129.6730,-0.11732,9.11022,1.17798
1129.6946,-0.18675,9.01205,0.63448
1129.7120,0.38787,10.09187,-0.89785
1129.7322,0.81645,9.37598,-0.86433
1129.7548,0.45252,10.12299,0.39266
1129.7836,0.20830,10.12299,0.10774
1129.7935,0.01915,9.00487,-0.14845
1129.8146,-0.22985,8.55714,-1.57783
1129.8318,0.79011,10.04398,-0.07183
1129.8521,0.45731,8.81093,-0.75420
1129.8745,0.20351,10.24031,-0.38069
1129.8920,0.64406,8.94022,-0.76617
1129.9218,1.04630,10.12299,0.20591
1129.9337,0.96489,9.07670,1.05827
1129.9521,-0.24900,10.51805,-0.16760
1129.9723,0.23943,9.92427,0.36393
1129.9946,-0.41900,10.11102,0.45970
1130.0137,-0.74701,10.41749,1.14207
1130.0505,0.05507,9.98891,0.85236
1130.0645,-0.47167,10.76466,0.58899
1130.0719,0.03113,9.02881,-0.00718
1130.0920,1.41980,10.44143,-0.87391
1130.1139,0.11971,9.90272,-1.01038
1130.1320,0.44294,10.50608,-0.13887
1130.1520,0.16281,9.84526,-0.17239
1130.1761,-0.63448,9.93145,-0.18196
1130.1946,0.60575,9.62498,-0.69434
1130.2119,0.55787,9.66569,-0.98644
1130.2358,-0.10056,9.43584,-0.00958
1130.2518,-0.18436,10.75029,0.69434
1130.2758,-0.03113,9.48372,1.39826
1130.2981,0.01197,9.54597,-0.54111
1130.3134,0.74462,8.88994,-0.20112
1130.3470,0.55787,8.77741,-0.06704
1130.3539,0.00000,10.05595,0.16999
1130.3722,0.29450,10.00089,1.26657
1130.3917,0.39027,8.82051,0.89546
1130.4147,0.11493,10.02962,-0.85715
1130.4321,0.10535,10.19722,-0.57941
1130.4532,0.52674,11.00648,-1.44854
1130.4850,0.41660,9.90033,0.28492
1130.4919,0.09338,9.61780,0.41421
1130.5117,0.21548,10.06314,-0.09577
1130.5361,0.67758,9.27063,-0.54111
1130.5533,-0.76856,9.12937,0.15323
1130.5735,-0.11493,8.41588,0.37590
1130.5955,0.39745,7.96336,-0.42618
1130.6234,0.36154,9.46696,-0.90743
1130.6324,1.82683,7.83407,-1.98246
1130.6543,0.84757,9.85962,-1.02954
1130.6718,0.31604,10.78621,0.23224
1130.6923,0.88349,10.17327,1.32164
1130.7147,0.26576,10.94184,-0.10535
1130.7332,0.90264,8.01603,-0.28013
1130.7609,0.86194,10.57551,0.03831
1130.7756,0.51956,9.18204,-0.81645
1130.7917,0.80448,8.26264,0.56744
1130.8114,1.23545,9.49091,-0.77814
1130.8353,0.48125,8.57150,1.01278
1130.8530,0.22506,10.86043,0.13169
1130.8732,0.72547,9.51006,-0.60575
1130.9067,0.42858,9.68245,0.04310
1130.9117,-0.24900,12.06236,-0.31126
1130.9316,0.06943,11.88757,-0.18196
1130.9539,1.02714,7.73830,-1.50121
1130.9731,0.39027,10.57791,-1.15404
1130.9932,0.52195,8.97374,0.49322
1131.0153,0.71110,9.90512,-0.57463
1131.0341,0.45731,10.40312,-0.12450
1131.0515,0.77814,9.99131,-0.74223
1131.0737,0.47885,9.96976,-1.43417
1131.0916,0.77096,7.98730,-0.46928
1131.1133,0.78772,8.14293,0.49322
1131.1356,0.51956,10.78860,0.12690
1131.1534,1.13249,8.64812,-0.42618
1131.1859,0.44055,10.58509,-0.81405
1131.1940,-0.29210,12.26348,-0.87630
1131.2118,-0.40224,9.75667,0.73265
1131.2313,0.71828,9.08388,-1.16841
1131.2539,0.75659,9.21556,-0.60815
1131.2732,0.60575,8.24109,-0.65603
1131.2935,0.04549,9.78061,-0.38548
1131.3251,0.62012,8.30095,0.30647
1131.3315,-0.28731,10.86282,-1.02475
1131.3524,0.13887,10.61143,-1.16841
1131.3750,0.23224,10.06074,-0.71589
1131.3928,-0.57223,10.86043,-1.04630
1131.4124,0.14126,9.40471,-0.61054
1131.4380,0.64167,9.01205,-0.73744
1131.4565,0.41660,9.30176,-0.01197
1131.4731,0.01437,8.40630,0.82602
1131.4950,-0.04549,9.24669,-0.13408
1131.5151,0.43815,9.67526,-0.01676
1131.5326,0.65843,10.00807,-0.89785
1131.5577,0.17239,10.17567,-0.54829
1131.5953,-0.40942,9.26345,0.23464
1131.6110,-0.42139,9.99849,0.87630
1131.6145,0.10535,9.16528,0.32083
1131.6323,-0.38069,9.10782,-0.25379
1131.6525,-0.77335,9.96497,0.68955
1131.6746,-0.34717,10.05117,0.62251
1131.6931,0.38787,11.24351,1.18517
1131.7115,0.30407,10.03441,-0.13887
1131.7371,-0.16281,10.37679,0.94095
1131.7513,0.40463,10.08229,-0.23703
1131.7712,0.79490,9.27063,0.71110
1131.7933,0.03113,9.78301,0.60815
1131.8115,0.25140,9.51724,0.71110
1131.8315,1.21390,8.94262,1.28333
1131.8538,0.79729,7.85083,1.12770
1131.8760,-0.11493,9.50767,1.03672
1131.8914,1.15643,8.96416,0.81884
1131.9139,0.45252,9.31612,0.20830
1131.9315,-0.48843,11.31534,1.44854
1131.9510,0.29689,10.13736,1.03912
1131.9734,0.52195,10.49171,1.20911
1131.9910,0.61293,9.95300,1.48445
1132.0112,1.29291,8.73431,1.39107
1132.0334,0.19394,10.20201,0.11732
1132.0529,-0.79969,10.46537,0.73265
1132.0723,0.26816,10.75269,-0.13887
1132.0964,-0.50519,8.61460,1.80528
1132.1123,-0.60336,9.72315,-1.41502
1132.1425,0.59378,8.82290,-3.11735
1132.1593,-0.68955,8.78459,-0.78053
1132.1725,0.79490,10.65213,-1.19474
1132.1923,0.44773,9.24190,-0.09577
1132.2150,0.94813,9.56992,-0.66321
1132.2329,0.51477,10.18764,1.38629
1132.2529,-0.56026,9.87160,1.56346
1132.2751,0.24182,9.60822,1.06066
1132.2928,0.19394,10.33369,-2.74623
1132.3140,-0.20591,10.03680,-1.36234
1132.3351,-0.73504,10.55396,0.36393
1132.3525,0.12450,8.57629,0.70152
1132.3727,1.31925,9.61301,-1.38389
1132.3970,1.28333,9.44063,-1.23545
1132.4321,0.80926,8.77981,0.18675
1132.4473,0.10295,9.99849,0.58899
1132.4545,-0.20591,9.68005,0.55787
1132.4722,-0.19633,9.53879,1.25939
1132.4923,-0.23703,9.12698,1.56825
1132.5165,-0.53871,8.99050,-0.14366
1132.5339,-0.18915,9.93145,-0.37351
1132.5553,-0.06225,8.89952,-0.36632
1132.5868,-0.39745,9.10543,1.75979
1132.5938,0.00479,10.15891,0.86433
1132.6139,0.56265,9.28739,1.31446
1132.6366,0.93616,10.00567,0.15323
1132.6545,0.13887,10.71199,2.01359
1132.6746,0.53871,10.62100,1.19953
1132.7145,0.44055,9.62259,1.99443
1132.7271,0.58899,9.68005,1.02714
1132.7341,0.88349,9.71836,1.83880
1132.7565,1.81965,9.09346,-0.17239
1132.7742,1.72148,10.16130,0.03113
1132.7958,0.63927,10.42228,0.17478
1132.8180,1.01517,9.86441,1.52755
1132.8363,1.01517,8.65051,1.32403
1132.8683,0.68716,9.11022,1.60177
1132.8765,0.73025,9.63696,1.84120
1132.8940,1.07024,9.83089,1.79810
1132.9141,-0.04789,9.17965,0.14845
1132.9377,0.35196,10.34087,-0.00479
1132.9556,1.47008,11.15971,-0.93856
1132.9756,1.14925,9.35443,0.76377
1133.0100,1.89387,10.37918,0.37830
1133.0150,2.02795,10.25707,2.24822
1133.0344,1.69515,9.49809,1.53712
1133.0569,2.33681,9.68484,-0.45731
1133.0745,1.87232,10.57551,-0.97208
1133.0947,1.00799,9.14134,0.96729
1133.1169,0.95053,10.07032,-0.62491
1133.1482,0.61054,8.49968,1.93218
1133.1556,1.36713,9.58907,0.62491
1133.1770,0.56505,8.68164,0.96729
1133.1951,0.46210,9.45739,1.25460
1133.2144,1.67599,9.17486,2.09499
1133.2368,1.27375,10.55157,1.00320
1133.2749,1.51558,9.62977,2.29132
1133.2750,1.75740,8.63375,0.47167
1133.2972,2.00640,10.07271,-0.11732
1133.3185,2.31526,10.55157,1.06066
1133.3344,1.40544,9.74949,3.02397
1133.3573,1.41980,10.46777,1.94655
1133.3752,1.12052,9.91948,2.93538
1133.3954,1.02714,9.74230,0.73025
1133.4280,0.86194,10.36721,-0.16999
1133.4342,0.90743,9.59625,0.01915
1133.4543,0.65124,9.48612,0.94813
1133.4769,1.26897,8.96895,2.50681
1133.4944,1.85077,8.51404,1.71430
1133.5143,2.38949,9.44541,0.26816
1133.5366,1.24263,10.76227,-0.51716
1133.5668,1.37192,9.81653,-0.01915
1133.5750,1.80528,9.09585,1.18517
1133.5967,1.13249,10.28341,0.02873
1133.6143,0.85954,9.92906,1.13489
1133.6343,1.31206,9.77822,0.60815
1133.6575,1.50839,9.13176,1.14446
1133.6755,1.76219,9.45499,0.67279
1133.7108,1.00320,10.40073,0.43576
1133.7169,1.17319,10.23313,0.73504
1133.7350,1.92739,9.44541,-0.20112
1133.7550,1.62092,9.45020,-0.95053
1133.7772,1.62332,10.25468,-1.00560
1133.7943,1.81725,8.46855,0.72307
1133.8157,0.83081,10.29299,0.74701
1133.8453,1.19235,9.72315,-0.61533
1133.8542,0.92419,11.50928,1.24263
1133.8741,1.30727,10.12539,-1.46051
1133.8962,1.18038,9.40950,2.26020
1133.9153,0.17957,12.18207,5.66485
1133.9354,-0.04549,11.62181,-0.60336
1133.9573,2.94496,10.73593,1.15883
1133.9755,3.03594,9.62977,0.48364
1133.9937,1.84359,8.15011,1.71670
1134.0164,1.61135,13.36484,0.75180
1134.0344,0.73744,8.98571,1.09658
1134.0541,-0.05507,10.01765,0.33280
1134.0764,1.18038,11.11422,1.38868
1134.0947,2.01119,8.59784,0.21548
1134.1218,3.00242,9.55316,-0.08380
1134.1368,1.49403,10.48692,-0.93377
1134.1542,0.64645,8.95219,3.85478
1134.1741,2.24583,10.35524,-1.28573
1134.1964,1.53952,10.01765,-0.68237
1134.2142,1.63768,8.67446,1.20671
1134.2346,1.27615,9.02163,1.30727
1134.2571,1.40305,10.12778,-0.76138
1134.2742,1.44375,9.10064,-0.51237
1134.2938,1.14446,9.86681,0.10535
1134.3164,0.97686,9.21078,-0.49801
1134.3342,2.12133,8.93064,-0.03831
1134.3542,1.51558,8.47573,-0.91940
1134.3774,0.87870,8.75586,0.16042
1134.3960,0.54111,10.16370,0.01197
1134.4161,0.54589,10.36482,-1.65444
1134.4360,0.93856,10.13496,-1.13010
1134.4540,0.79250,10.37679,-0.67758
1134.4744,0.73504,9.60344,0.61293
1134.4960,0.80926,9.16768,1.79571
1134.5137,0.66561,9.29218,0.32323
1134.5350,0.73504,9.27063,0.20351
1134.5558,0.24422,9.53879,-0.50759
1134.5734,0.74701,8.45418,0.89546
1134.5935,0.72068,9.48851,0.78053
1134.6166,0.87870,9.52203,-0.33280
1134.6364,-0.51716,10.94184,1.44614
1134.6561,-0.47407,10.73832,0.32083
1134.6882,0.19394,11.93067,0.70631
1134.6964,0.17718,10.28580,1.54670
1134.7235,0.31126,10.70959,0.02394
1134.7369,0.86673,10.15891,0.48125
1134.7545,0.03831,10.23792,0.21070
1134.7747,0.39745,10.07032,0.04310
1134.7998,0.59378,10.69762,-0.50280
1134.8370,0.43336,9.99610,0.96729
1134.8373,0.62012,8.80854,-0.44534
1134.8572,-0.98165,9.11500,1.30249
1134.8746,0.34717,10.23553,-0.67997
1134.8949,-0.56505,9.36161,-0.80208
1134.9175,-0.47407,11.80617,0.80926
1134.9351,1.56825,9.54358,-0.42139
1134.9611,0.98644,10.24510,1.18277
1134.9769,1.52036,9.94582,-0.33520
1134.9944,1.10615,10.46537,-2.34878
1135.0144,0.53632,9.45020,-1.17080
1135.0386,0.58420,11.34647,-1.60895
1135.0565,1.31446,7.88914,0.58420
1135.0929,1.40065,9.91948,-0.28252
1135.1090,1.26897,10.40073,-0.73504
1135.1162,1.29051,10.43186,-1.24502
1135.1345,1.18756,10.02722,0.25379
1135.1566,1.47487,10.62340,-1.14207
1135.1743,0.97447,7.94420,-0.37590
1135.1945,0.01676,9.31373,-1.57543
1135.2184,-2.09978,10.91311,1.53952
1135.2474,-0.36393,11.92588,-2.13090
1135.2604,1.65684,10.53002,-2.22907
1135.2769,0.20591,10.65213,0.63209
1135.2943,0.88349,10.02483,1.32164
1135.3147,2.44455,10.47735,-1.59698
1135.3373,0.94813,9.82610,1.11813
1135.3550,3.06228,10.60664,0.85715
1135.3862,1.87232,9.24908,-2.24822
1135.3964,0.68476,10.53002,-0.71828
1135.4241,1.82444,9.43105,0.32323
1135.4342,1.73345,9.05036,0.61054
1135.4569,1.62571,9.82610,-0.88349
1135.4744,1.70951,8.56193,-0.66321
1135.4945,1.15165,10.33369,-0.29210
1135.5283,1.21869,9.77343,0.27295
1135.5343,1.65684,10.61621,-0.15802
1135.5543,1.57783,8.74389,-0.02873
1135.5770,1.89148,8.92825,0.30168
1135.5961,1.72148,9.29457,-1.03912
1135.6158,0.39506,9.32570,0.18675
1135.6398,1.40544,8.60502,0.10295
1135.6576,2.40625,9.38556,-0.81405
1135.6744,2.25062,8.33447,0.45252
1135.6973,2.27217,7.64492,0.05746
1135.7156,0.57223,9.59625,1.66402
1135.7345,1.16362,7.61858,-0.04310
1135.7577,3.15326,8.31292,-2.97608
1135.7762,3.65127,8.76065,-1.15165
1135.8094,3.68239,5.89710,1.35277
1135.8187,4.07506,10.76705,-2.55469
1135.8354,2.05908,8.97135,-0.37111
1135.8553,2.50920,5.38472,-1.47966
1135.8802,2.84679,7.16367,0.89785
1135.8978,1.03193,9.15092,-1.81725
1135.9181,1.69515,8.45179,1.26418
1135.9514,0.89306,11.43027,0.65843
1135.9572,0.58181,12.86204,-0.57463
1135.9764,1.58262,11.35605,-0.15563
1135.9987,2.14288,10.53481,-1.54431
1136.0165,0.07662,11.19802,0.35196
1136.0374,0.96489,12.19404,-0.05986
1136.0593,1.09418,10.55157,1.41980
1136.0883,0.74462,12.86444,-1.19235
1136.0981,1.19714,10.08469,1.59698
1136.1187,2.71750,11.34886,-1.15643
1136.1373,0.86673,9.80934,-0.05507
1136.1578,1.53712,10.15412,-1.19235
1136.1801,1.47008,9.46457,-0.39266
1136.2185,0.75899,9.62977,-0.52435
1136.2186,0.27534,12.17489,0.27534
1136.2382,0.73983,10.22834,2.71271
1136.2561,0.46688,12.57952,-2.20752
1136.2762,0.16760,11.02085,-0.31604
1136.2999,0.94574,10.93705,-0.35675
1136.3176,0.80926,8.11899,-0.51956
1136.3381,0.49801,8.69601,1.34798
1136.3649,0.91940,9.13655,0.48125
1136.3785,2.22668,9.63217,-0.13647
1136.3966,1.49403,8.67685,-2.30090
1136.4193,1.26418,8.28180,-1.03912
1136.4370,1.01996,7.59225,-0.41660
1136.4575,1.37671,7.50845,0.92658
1136.4801,-0.48125,10.52044,-0.05028
1136.5094,-0.68716,10.55636,0.79969
1136.5173,0.94574,8.64094,-0.05986
1136.5396,1.25939,9.34485,0.54589
1136.5575,1.38150,10.01286,-0.30647
1136.5775,2.28653,10.72635,-0.79011
1136.5999,2.07823,9.63456,0.84039
1136.6211,0.61054,10.23792,2.30329
1136.6411,1.65444,10.39594,2.09978
1136.6595,1.35995,10.63058,2.77736
1136.6775,0.46210,11.26506,1.04869
1136.6975,0.55547,11.98335,0.10535
1136.7196,0.69913,9.83089,-0.05507
1136.7373,0.96968,10.03441,0.82363
1136.7587,-0.00958,11.16211,0.89785
1136.7966,0.74941,9.62498,-0.20351
1136.7969,0.69913,9.25866,0.88588
1136.8185,0.65843,10.08947,-0.17239
1136.8425,0.39745,9.45499,0.36154
1136.8588,0.86433,10.73832,-0.85715
1136.8811,0.16281,10.58509,-1.16362
1136.9224,-0.32802,10.33130,-0.04789
1136.9225,-0.10056,9.94342,0.26576
1136.9382,0.37830,8.33686,0.19154
1136.9603,0.26816,9.51006,0.50759
1136.9781,0.68955,8.27461,2.25301
1136.9994,0.60096,8.99050,0.39266
1137.0220,-0.25140,10.07032,2.02316
1137.0405,0.01437,9.71357,0.74941
1137.0713,0.21309,8.50446,0.61054
1137.0819,0.25379,8.89234,0.46688
1137.0994,1.19953,8.71756,1.41980
1137.1191,1.03193,9.36640,1.12052
1137.1420,0.45731,8.96416,-0.43097
1137.1597,0.25379,9.92427,-0.04310
1137.1798,0.54111,9.60104,1.48684
1137.2061,0.21309,9.92427,0.29928
1137.2189,-0.11971,9.96497,0.64885
1137.2393,-0.40942,10.82691,0.19154
1137.2627,-0.41182,9.87399,1.15883
1137.2804,0.87630,9.08627,1.73585
1137.3004,1.07982,9.76625,0.71110
1137.3232,0.10295,10.55636,0.57223
1137.3414,-0.03352,9.99610,0.90025
1137.3586,0.55547,9.24908,0.98884
1137.3914,-0.02873,10.89874,1.10615
1137.3989,-0.18915,9.20599,0.94334
1137.4191,0.82363,9.04557,0.50040
1137.4413,-0.06704,9.38077,1.15404
1137.4597,0.86912,9.92666,0.43576
1137.4872,0.24661,9.64414,-0.86194
1137.5074,-0.21309,10.14933,-0.00718
1137.5192,-0.09098,9.32809,-0.15802
1137.5391,-0.17239,11.36802,-0.11014
1137.5614,0.01915,9.17007,0.42858
1137.5790,-0.44294,9.92666,0.45012
1137.6003,-0.31604,9.67766,0.51956
1137.6360,0.04310,10.69283,0.51477
1137.6409,-0.81884,10.99212,-0.79011
1137.6609,-0.79969,10.04638,0.40703
1137.6813,1.33361,7.98491,-0.95771
1137.7029,0.35196,9.60583,-0.82363
1137.7229,-0.48843,9.49091,0.33520
1137.7599,0.25379,8.60263,0.05028
1137.7600,0.59139,10.13018,-0.16760
1137.7795,0.79490,9.57231,-0.50998
1137.8011,0.56265,9.49809,0.54111
1137.8192,0.58420,9.85962,0.99123
1137.8394,0.76138,9.94582,1.88669
1137.8617,1.40544,9.46936,-0.35675
1137.8798,0.42858,9.41668,0.19633
1137.9110,-1.25460,10.73593,0.95771
1137.9209,0.44294,9.89075,1.74064
1137.9387,1.06785,8.09265,0.26576
1137.9592,0.64406,8.69840,-0.54350
1137.9816,-0.05746,9.54837,0.01676
1137.9996,-0.96968,9.73273,1.10855
1138.0227,-0.33520,10.30975,1.63290
1138.0560,0.48364,8.75586,0.90982
1138.0587,0.48843,9.10543,0.06225
1138.0792,0.38069,9.95300,0.69673
1138.1011,0.10774,10.20201,0.50519
1138.1205,-0.23943,10.28580,0.31604
1138.1403,0.08380,10.35524,0.62012
1138.1636,0.21070,9.70160,0.39506
1138.1821,-0.17478,10.68086,0.06225
1138.1998,-0.61533,10.58748,-0.17478
1138.2222,-0.53871,10.53481,1.02475
1138.2411,0.00239,10.32411,-0.17957
1138.2614,0.45252,10.19482,-0.04789
1138.2836,-0.18196,9.47175,0.73025
1138.3011,0.05986,10.22355,-0.75899
1138.3341,0.23224,9.54597,0.95292
1138.3418,0.74223,8.99050,0.82363
1138.3595,1.03672,9.79737,0.42618
1138.3799,0.26098,10.53960,-0.12211
1138.4034,-0.10774,10.09187,0.55787
1138.4214,-0.72068,11.47576,1.70233
1138.4432,0.04310,10.14215,2.01359
1138.4637,1.33361,9.56513,1.51079
1138.4801,1.36234,8.96177,-0.57702
1138.5038,0.15563,9.61541,1.27136
1138.5222,-0.01915,10.60185,0.38548
1138.5416,1.07742,8.77023,1.63768
1138.5614,0.34717,9.74709,0.71828
1138.5869,-0.55787,9.99370,0.40703
1138.6125,0.71589,9.51485,-0.19633
1138.6340,1.10376,9.73512,-0.20112
1138.6453,0.49801,9.87638,-0.73265
1138.6630,0.37590,9.50767,1.63290
1138.6825,0.62730,8.66009,0.76138
1138.7053,0.65603,9.31852,-0.43815
1138.7227,0.73025,9.90033,-1.53952
1138.7428,-0.06943,8.78220,0.82602
1138.7656,0.43097,9.97694,0.23943
1138.7845,0.68476,9.92906,0.00479
1138.8048,-0.20591,9.99131,1.09179
1138.8273,0.10056,9.78061,2.21710
1138.8450,0.38069,9.65850,2.08062
1138.8639,0.54111,9.90990,1.08461
1138.8950,-0.94334,10.51565,1.66881
1138.9034,-0.31844,10.51565,1.25221
1138.9249,0.75899,8.86361,0.89306
1138.9474,0.07662,9.71836,1.34319
1138.9652,-0.36154,10.12060,0.80926
1138.9865,-0.63688,10.21877,1.42699
1139.0084,0.36872,11.42309,-0.01437
1139.0259,0.20351,9.01444,-0.44294
1139.0422,-0.79969,10.04159,-0.03113
1139.0674,0.28013,9.69681,-1.05348
1139.0820,0.73025,10.00567,-0.60336
1139.1024,-0.20112,10.11821,1.23305
1139.1249,0.11732,10.68086,2.06147
1139.1423,0.54350,9.45978,0.61772
1139.1632,1.11334,9.08627,-0.64885
1139.1848,0.25379,9.41668,0.50280
1139.2024,0.13647,9.69921,0.26816
1139.2230,1.64487,9.28979,0.44055
1139.2463,-0.21548,9.12458,1.68557
1139.2644,-1.31446,9.81174,2.64807
1139.2850,0.29450,10.55157,1.04390
1139.3175,0.98884,8.95938,0.21070
1139.3230,-0.41900,10.30017,0.16760
1139.3425,-0.71349,9.25148,0.16520
1139.3646,0.90982,9.10543,-0.51237
1139.3827,0.37351,9.01444,0.00479
1139.4027,-0.76377,9.76146,1.92739
1139.4276,0.00958,9.31133,1.32882
1139.4451,0.47407,9.22754,0.42618
1139.4631,0.25140,9.87160,-0.07422
1139.4849,0.13647,9.88357,-0.13647
1139.5021,0.33759,10.19482,1.35755
1139.5239,0.20591,9.79977,1.19953
1139.5460,-0.10774,10.96578,0.40703
1139.5641,-0.09338,9.30894,2.20513
1139.5916,0.39266,9.41429,0.93856
1139.6049,1.54431,8.63615,0.81405
1139.6243,0.36393,9.17007,-0.33520
1139.6444,-0.39027,9.26824,1.69754
1139.6649,0.36872,9.47175,0.36154
1139.6829,0.56984,10.43186,0.76377
1139.7056,-0.53871,10.70241,-1.10615
1139.7363,-1.24263,9.29218,2.57624
1139.7511,-0.25140,10.21637,0.09577
1139.7621,0.79729,8.81572,-0.45012
1139.7845,-0.19872,11.16929,-0.79969
1139.8020,-0.14126,10.28580,1.25221
1139.8224,0.07183,10.70720,1.00799
1139.8451,0.60336,9.81892,0.44773
1139.8809,-0.05507,11.11901,-1.02714
1139.8820,0.16042,8.92346,0.87630
1139.9043,1.24263,8.94022,-0.83800
1139.9221,1.51797,8.81811,-0.75899
1139.9419,-0.01437,9.04078,-0.29689
1139.9646,-0.59857,9.31852,1.43896
1139.9824,-0.12690,10.77424,1.08461
1140.0067,0.81405,9.70400,1.18038
1140.0248,-0.18915,9.82131,1.18517
1140.0422,-0.07901,10.89156,1.44854
1140.0621,1.51797,9.47415,0.52913
1140.0846,0.72068,9.75188,0.14126
1140.1034,0.46210,8.21955,0.12450
1140.1268,-0.53632,11.00888,1.21869
1140.1470,1.05109,8.60502,1.65923
1140.1642,-0.03591,9.52682,2.03753
1140.1821,0.33759,8.92346,0.65364
1140.2059,-0.47167,9.44781,2.52596
1140.2240,1.33361,9.80216,2.31287
1140.2435,1.18995,9.11979,-0.58660
1140.2661,-0.77575,10.61382,-0.33999
1140.2837,-0.60096,10.13018,-0.43815
1140.3048,-1.68318,11.33450,1.75021
1140.3250,-0.04549,10.05356,-0.94813
1140.3423,0.89546,10.16130,0.45252
1140.3640,0.25140,10.26665,1.47727
1140.3861,0.92419,8.91628,2.39667
1140.4041,0.41900,9.45260,0.72547
1140.4379,0.37590,8.71516,-0.14126
1140.4446,0.19633,10.22834,-0.74223
1140.4624,-0.95053,8.94740,3.48846
1140.4816,-1.37671,9.18204,2.08541
1140.5050,0.51237,10.66410,-0.11493
1140.5226,0.28971,8.81333,0.39027
1140.5426,-0.67279,10.59467,0.81884
1140.5786,0.26337,9.69202,0.13169
1140.5835,0.97447,9.49569,-1.38868
1140.6041,-0.04310,10.44622,-0.62251
1140.6261,-0.27774,9.48133,1.54670
1140.6434,0.90743,9.67048,1.32403
1140.6646,1.03912,10.28580,-1.70233
1140.6876,-0.81884,10.92986,-0.09577
1140.7056,-1.44135,10.84367,-0.25140
1140.7231,-1.32164,9.79258,2.98087
1140.7473,0.44773,8.60263,-0.62969
1140.7649,-0.18196,9.11261,0.82842
1140.7848,-0.91940,9.76625,1.83880
1140.8069,0.33759,10.42707,0.22506
1140.8516,1.24263,10.05835,-2.59539
1140.8517,0.83081,8.76544,-0.90743
1140.8667,0.07422,9.01684,0.00718
1140.8860,0.72068,8.20997,1.90105
1140.9031,1.21869,7.94899,0.34478
1140.9257,-0.08619,9.65611,-0.92658
1140.9449,-0.15802,10.19961,0.03352
1140.9651,-1.14686,11.22915,1.49882
1140.9988,0.21788,10.13496,1.38629
1141.0035,0.45012,9.48851,1.07982
1141.0229,0.43576,9.96258,-1.14686
1141.0455,-0.16760,9.89075,1.12531
1141.0635,-0.55068,10.58988,1.87711
1141.0833,-0.01437,9.39035,1.70472
1141.1074,-0.27774,10.24271,0.76617
1141.1283,-0.59139,11.27703,0.64645
1141.1465,-1.86993,10.25229,2.02316
1141.1656,-1.09897,9.63217,2.33921
1141.1846,0.13887,9.11500,-0.95771
1141.2048,0.22506,8.78220,-0.76138
1141.2271,-1.10855,8.70558,1.75261
1141.2643,-0.79011,9.12458,2.41343
1141.2783,0.55787,8.21236,1.36713
1141.2858,-0.26098,9.56992,0.34238
1141.3036,-2.42779,12.04081,0.73504
1141.3245,-1.82683,13.27865,1.20911
1141.3466,-0.08619,9.54358,1.89627
1141.3645,-0.56265,11.31774,1.68318
1141.3840,-0.50759,7.79815,-0.83321
1141.4180,-2.06865,15.49575,5.70795
1141.4258,-2.31048,14.60029,4.57306
1141.4434,-1.10137,14.62663,3.28016
1141.4653,-3.60099,10.36721,1.02475
1141.4846,-0.40703,7.72872,2.38470
1141.5046,-2.42540,11.62899,0.91940
1141.5267,-2.70792,10.83170,-3.09101
1141.5443,2.22189,5.02079,-0.66800
1141.5652,4.29533,12.31376,1.70712
1141.5853,-3.74943,12.76149,1.73345
1141.6028,-0.21309,10.48213,2.98805
1141.6227,-2.34400,8.25067,4.36716
1141.6453,-3.01439,12.97936,-0.91222
1141.6646,-2.01359,11.13817,-1.86035
1141.6970,-1.37431,10.05835,0.33520
1141.7067,-1.48206,6.44060,3.81887
1141.7240,-0.83800,11.20042,-0.80687
1141.7438,-2.01359,8.33926,-0.30168
1141.7676,1.28812,4.25463,-0.05028
1141.7855,-0.47646,7.64731,-1.87232
1141.8058,-2.36075,8.93543,-0.16999
1141.8398,0.77096,5.70077,3.50761
1141.8456,1.40783,9.01205,-0.65603
1141.8640,-1.74782,8.39193,0.19633
1141.8878,-0.80687,8.76065,2.32724
1141.9039,-0.81405,8.50925,4.98488
1141.9259,-1.64247,11.32731,1.46051
1141.9744,0.06943,11.25070,0.26337
1141.9745,0.47407,10.45819,1.05348
1141.9882,-1.20193,9.56273,2.21470
1142.0061,-2.51159,12.54361,-1.32403
1142.0236,0.37111,8.95938,0.31604
1142.0452,0.87152,7.51802,1.28094
1142.0677,-1.57783,11.72716,2.50202
1142.0853,-1.52994,11.23394,0.66800
1142.1229,-0.60575,13.16372,2.98566
1142.1263,0.60336,11.21239,1.77176
1142.1438,3.05509,11.08549,1.12052
1142.1637,-1.75740,13.47737,-1.93697
1142.1897,0.32802,10.33130,-0.22267
1142.2078,0.98165,11.30098,1.31446
1142.2421,-3.07664,9.35922,2.46850
1142.2578,1.25460,6.67763,1.74064
1142.2639,-0.41182,11.04958,-5.05671
1142.2838,-3.03594,7.66168,1.86753
1142.3063,-2.44695,8.23631,1.61853
1142.3239,-2.10696,9.50767,1.99204
1142.3440,-1.63290,9.33528,-0.83560
1142.3672,-0.55547,7.07508,2.20034
1142.4003,0.28492,8.02561,0.11014
1142.4045,-0.89546,8.38475,0.25858
1142.4271,0.48843,10.22595,-0.52674
1142.4437,1.52994,7.86040,0.89546
1142.4635,0.05746,8.76065,-0.02634
1142.4860,-0.32802,8.64573,0.82363
1142.5059,-0.53632,7.34563,1.13249
1142.5443,0.46210,8.09504,0.55308
1142.5463,-0.78293,8.49728,1.15883
1142.5638,-0.15323,8.83248,0.52195
1142.5840,0.15323,8.98332,0.32562
1142.6080,-1.74543,10.19722,1.82204
1142.6237,-0.57941,9.18683,2.36075
1142.6595,1.63290,8.30574,-0.01437
1142.6801,-0.63209,10.00807,0.67519
1142.6835,-2.13809,9.31373,1.30967
1142.7034,-0.62251,9.90990,0.24182
1142.7257,-0.56984,11.32492,0.20112
1142.7437,-2.54990,11.31055,1.83401
1142.7637,0.48125,9.41908,0.62491
1142.7883,-0.12690,10.11342,0.11014
1142.8063,-0.56265,10.67607,1.20671
1142.8242,0.13887,9.92427,3.57226
1142.8457,-0.26576,9.62020,1.98964
1142.8634,-0.46210,10.91311,0.46688
1142.8877,0.04549,9.59146,1.77895
1142.9098,-1.01517,10.05595,3.12932
1142.9424,-1.47487,10.78621,-0.09577
1142.9553,0.70871,10.00567,0.22027
1142.9661,0.50998,10.11102,-1.92021
1142.9874,0.07422,10.21158,-0.60575
1143.0051,0.33520,9.64893,-3.15087
1143.0275,1.61614,10.65213,-1.15643
1143.0449,1.98964,8.46855,1.50600
1143.0651,-0.36154,9.61780,0.69434
1143.0955,1.98485,9.78540,0.06225
1143.1177,1.60177,8.37278,1.34798
1143.1237,-1.49163,9.54358,0.73983
1143.1459,-2.25541,10.26665,-1.62092
1143.1636,0.86194,8.04716,1.23545
1143.1846,0.83800,9.21317,-0.76377
1143.2059,-1.46769,10.70001,-0.93616
1143.2338,2.39906,8.47813,-2.65286
1143.2433,1.52036,9.39513,-0.41900
1143.2657,-0.49083,8.73671,0.47407
1143.2841,-0.28252,9.77104,1.13010
1143.3041,1.24981,9.08388,-0.22985
1143.3264,-0.70152,9.99610,2.11175
1143.3455,-1.64966,10.62340,0.77814
1143.3654,-0.48364,10.95141,2.40864
1143.3857,-0.30647,9.14613,1.47727
1143.4036,-0.83800,10.96099,0.69434
1143.4236,0.24182,9.96258,2.40625
1143.4458,0.77814,8.72474,1.34558
1143.4636,-0.64645,8.43742,2.00640
1143.4850,-1.18277,11.52843,1.34558
1143.5149,-0.19154,8.85642,2.82524
1143.5236,-0.59139,11.04000,0.10056
1143.5431,-1.00320,10.11102,0.23943
1143.5654,-0.38548,9.69202,-0.36872
1143.5840,-0.87152,10.24989,2.30808
1143.6045,-0.68237,9.23472,0.78772
1143.6268,0.35914,10.76705,0.88109
1143.6444,0.53632,10.52763,0.58420
1143.6714,-0.31844,9.08627,0.96489
1143.6855,-0.50519,10.05595,0.70392
1143.7034,-0.39984,10.59227,1.20911
1143.7231,-0.87391,9.07430,1.47008
1143.7454,-0.28492,10.82691,0.39506
1143.7632,0.97926,8.80854,-0.40703
1143.7885,-0.15084,9.79258,-1.26657
1143.8054,-0.75899,10.30496,1.35995
1143.8234,0.10774,10.59706,0.23703
1143.8431,0.73025,8.24588,-0.61533
1143.8657,0.49083,9.83808,-0.40463
1143.8860,0.16042,8.59784,2.03513
1143.9233,-0.30407,10.28580,0.70152
1143.9365,-1.00799,9.48133,1.61135
1143.9441,-1.21150,9.78540,1.76937
1143.9635,-0.50998,8.95938,1.13489
1143.9857,-0.27055,10.26426,-0.41660
1144.0052,0.61533,8.61460,1.83641
1144.0245,1.08940,9.53640,-0.30168
1144.0472,-0.08141,9.32091,1.05588
1144.0891,-0.62251,10.55157,1.56346
1144.0894,-2.32484,9.89793,2.37273
1144.1055,-0.03831,11.15253,0.52435
1144.1232,0.69434,8.45658,0.90025
1144.1442,-0.98644,9.49330,0.65124
1144.1661,-1.83162,11.10704,0.23224
1144.1842,-0.49801,10.38397,0.46688
1144.2080,0.90264,10.03201,0.31365
1144.2261,-0.48843,9.27303,1.59219
1144.2438,0.26576,9.86681,-0.12211
1144.2638,0.74462,9.93385,-0.80687
1144.2863,-1.87232,10.96338,2.44695
1144.3040,-1.17559,9.42865,0.72307
1144.3279,-0.24900,9.72554,1.24981
1144.3506,-0.50998,9.24190,0.43097
1144.3650,-0.36632,9.06712,-0.39506
1144.3840,0.12211,9.35204,0.05507
1144.4063,-1.11573,11.05437,1.46769
1144.4261,-1.90584,9.58428,1.70951
1144.4443,-1.17080,11.82293,0.54589
1144.4673,0.34478,7.68083,0.79011
1144.4877,-0.25619,10.23553,0.57223
1144.5065,-0.66561,10.70241,1.47727
1144.5264,-0.28971,10.00089,0.87391
1144.5442,-0.60096,9.08627,1.65684
1144.5645,-0.92898,10.55636,1.32643
1144.5868,-0.45491,8.52841,2.71990
1144.6050,-0.16760,10.26904,-0.12450
1144.6250,0.41900,7.98730,0.30407
1144.6469,-1.20671,11.34647,-0.93377
1144.6656,-1.18038,9.15331,0.96729
1144.6842,0.08380,9.83808,0.75180
1144.7065,0.12211,8.22912,0.59378
1144.7252,0.12450,8.73192,0.08141
1144.7566,0.16760,9.26345,-0.09817
1144.7816,-0.06465,10.29778,-1.06785
1144.7854,-0.09338,9.58189,1.58740
1144.8044,-0.62251,9.79498,2.31048
1144.8270,0.43576,9.26584,2.13330
1144.8442,-0.42618,9.77582,-0.22506
1144.8657,-1.00560,10.81733,0.44534
1144.8878,0.07662,10.34806,-0.20591
1144.9059,0.41421,9.17007,-0.28252
1144.9254,-0.65364,9.49330,0.64406
1144.9484,0.11493,9.17726,0.09577
1144.9675,1.09897,9.21796,0.40463
1144.9861,-0.56984,9.60104,1.80768
1145.0081,-0.37590,9.88357,1.44375
1145.0256,-0.18675,9.85484,-0.69434
1145.0570,-0.50998,10.74072,-1.56586
1145.0667,0.38787,7.62098,0.13408
1145.0875,0.12690,10.43425,0.02634
1145.1040,-0.22027,9.22035,1.62571
1145.1262,0.94574,9.14613,-0.95532
1145.1443,0.24661,8.92346,1.60895
1145.1791,-1.54431,10.11342,-0.94334
1145.1965,0.19394,7.69999,1.39107
1145.2054,0.32083,10.17806,0.44055
1145.2258,-2.04232,9.69442,3.46930
1145.2494,-0.65843,11.32731,2.46610
1145.2675,0.39266,9.73033,0.68955
1145.2875,-1.56586,10.17088,-0.66561
1145.3123,-1.30488,11.80856,1.22587
1145.3400,2.18118,7.70717,1.38629
1145.3530,0.22985,11.71758,-1.71430
1145.3683,-1.06066,9.36880,0.99841
1145.3857,-0.02634,8.73671,0.39506
1145.4059,-0.03591,11.96419,-0.55308
1145.4299,-1.16362,11.18126,0.17957
1145.4480,2.19555,8.78938,0.93377
1145.4816,1.68318,10.18764,-1.74543
1145.4899,-0.91461,9.27781,0.79729
1145.5056,0.21548,10.13736,-0.71589
1145.5260,-0.33041,9.73033,0.91940
1145.5483,-1.11334,10.91311,0.81884
1145.5662,0.32323,10.12539,0.05507
1145.5890,-1.30009,10.79100,1.10137
1145.6232,-1.02236,10.34806,1.28573
1145.6278,0.10535,9.21317,2.75102
1145.6460,0.14605,10.34087,0.39745
1145.6697,1.03193,9.15810,-0.09098
1145.6893,0.54350,9.34246,0.82124
1145.7096,0.12929,7.05593,-0.06943
1145.7451,-0.27774,9.34485,-0.35675
1145.7495,-0.63688,9.34964,-0.54829
1145.7672,0.49322,10.65452,1.51318
1145.7882,0.69913,9.00966,-0.30407
1145.8058,0.47407,9.39992,1.57304
1145.8259,0.95053,9.57231,0.26816
1145.8499,1.18756,10.54439,-1.78134
1145.8673,-0.27295,8.16927,1.96331
1145.8868,-0.65124,9.89554,0.18436
1145.9080,1.01038,9.93145,2.48526
1145.9257,0.34238,11.05197,-0.75420
1145.9471,-0.03352,8.71277,2.10217
1145.9692,0.54111,10.44383,-0.76138
1145.9886,0.16520,9.04318,1.17559
1146.0167,1.07503,10.08947,-0.59139
1146.0295,0.39266,8.57390,1.57543
1146.0488,-0.04310,9.87878,0.63688
1146.0664,0.61533,9.98652,1.22826
1146.0891,0.10535,10.51326,1.91063
1146.1067,-0.00479,12.16531,2.64567
1146.1284,-0.41660,9.75188,1.67839
1146.1700,0.55068,10.76466,-0.47167
1146.1702,-0.13647,11.29140,0.43815
1146.1868,-0.86673,9.01923,-0.15563
1146.2091,1.92979,9.53879,-0.59139
1146.2285,0.06225,9.14852,-1.02954
1146.2505,-1.21869,10.46537,0.51956
1146.2738,0.77335,10.10623,0.76377
1146.3075,0.52913,8.34165,1.19474
1146.3231,-0.37590,11.46139,0.04310
1146.3318,1.65444,7.34803,0.13169
1146.3477,1.27375,7.74069,0.73504
1146.3676,1.04151,10.35284,0.33280
1146.3914,0.85715,9.12698,0.50040
1146.4114,-0.30886,9.57471,-0.98405
1146.4564,-0.63927,10.48453,2.02556
1146.4568,0.24661,8.38954,1.28094
1146.4724,0.46449,9.61780,0.38548
1146.4878,1.89627,9.08148,-0.94334
1146.5100,-0.26816,8.88755,1.34319
1146.5277,-0.92898,10.79578,-0.68716
1146.5492,1.60177,9.76385,-0.45970
1146.5898,0.79250,9.50767,0.84278
1146.6030,-0.66561,10.59467,-1.49882
1146.6093,0.16999,10.04638,-0.75420
1146.6299,0.95771,10.50368,-1.36474
1146.6481,0.62251,9.71597,-0.22027
1146.6681,0.17718,10.62100,1.45093
1146.6909,1.01757,10.09666,0.32083
1146.7112,1.70233,8.00406,-0.06943
1146.7292,1.17319,8.77262,-1.41741
1146.7501,0.70152,9.25627,-0.10774
1146.7677,0.69195,8.68643,-0.52913
1146.7876,1.04390,10.61382,-0.50040
1146.8113,0.36632,9.47893,-1.20432
1146.8291,0.63688,10.23074,-0.43815
1146.8495,2.03513,9.00726,0.68237
1146.8806,1.56586,9.71118,0.05267
1146.8896,1.11573,9.84286,0.28731
1146.9093,0.36872,9.90990,1.21629
1146.9301,0.63209,10.32890,1.41980
1146.9512,0.87870,10.48932,-0.81645
1146.9712,0.48125,9.49091,0.91461
1147.0111,1.81486,9.76864,0.74941
1147.0115,0.86912,10.60424,0.96729
1147.0280,-0.26816,10.74551,0.38787
1147.0498,0.73983,11.01845,0.03113
1147.0688,0.68716,8.88515,1.34798
1147.0879,0.17478,10.25229,-0.10535
1147.1102,0.32323,9.21796,-0.03591
1147.1292,0.55308,8.87318,0.41900
1147.1493,1.17080,10.30017,-1.07742
1147.1703,-0.15323,8.52362,0.43097
1147.1873,0.17239,11.30816,-1.38150
1147.2074,0.88828,8.65291,1.04630
1147.2299,0.22027,9.83089,-0.26337
1147.2476,-1.76937,9.60104,-0.29450
1147.2759,-0.63688,11.06394,0.89067
1147.2954,1.66163,7.32648,0.24900
1147.3091,1.05827,10.74311,-2.85158
1147.3275,-0.95292,10.95620,-0.31844
1147.3514,0.25140,10.92508,-0.70152
1147.3690,1.13010,8.42785,-0.42139
1147.3877,0.06465,9.21317,0.20112
1147.4114,0.28971,9.64174,1.21869
1147.4307,0.04789,10.52763,-0.85236
1147.4485,-0.19872,10.36482,-0.21788
1147.4701,-0.01437,9.74470,0.86912
1147.4900,0.41900,8.98092,-0.13647
1147.5099,0.61772,9.41908,-1.60895
1147.5323,-0.07422,10.58509,0.02394
1147.5499,-0.97208,9.25387,2.88271
1147.5762,0.52913,9.76385,-0.43336
1147.5931,0.60815,8.20757,0.37830
1147.6084,0.21548,9.77104,-0.09577
1147.6284,0.48125,7.91068,0.56744
1147.6508,0.76138,10.19003,-0.36154
1147.6686,0.65364,9.47415,-0.65843
1147.6895,-0.02873,8.75347,0.95292
1147.7114,-0.17478,9.45260,2.20752
1147.7283,-0.83560,10.61382,0.31126
1147.7494,-0.40463,10.56115,1.58501
1147.7726,0.82363,10.29299,1.33840
1147.7921,0.91461,10.29059,2.07584
1147.8120,0.53632,10.24271,0.90504
1147.8351,0.06704,9.48133,2.63610
1147.8578,0.67997,10.58509,-0.56744
1147.8744,1.44854,9.20838,0.80448
1147.8933,0.62730,8.72953,1.35277
1147.9103,0.77575,9.27303,-0.02394
1147.9305,0.40942,9.05994,-1.08700
1147.9534,-0.62491,10.12060,0.08141
1147.9706,-0.51237,9.39753,1.34319
1147.9941,0.87870,9.59865,0.05746
1148.0144,1.46290,8.39672,-0.81405
1148.0317,0.15084,10.80776,1.14686
1148.0542,0.44773,8.91628,1.30009
1148.0763,1.19953,9.96018,-0.70631
1148.0941,0.70631,9.83808,-0.43336
1148.1298,-0.56744,8.90431,-0.60336
1148.1456,-0.14845,11.65533,1.04390
1148.1503,1.01038,9.11500,1.08461
1148.1703,1.37431,9.64893,2.37512
1148.1929,0.32323,9.40471,0.14126
1148.2124,0.66561,8.90670,0.71828
1148.2328,1.12291,8.49010,0.69195
1148.2540,0.70631,9.02163,1.04869
1148.2720,0.81166,10.42946,1.49642
1148.2908,0.73504,10.06314,0.74941
1148.3129,1.95852,9.01205,1.30727
1148.3304,0.51956,10.18285,0.09817
1148.3521,1.76937,10.12060,-0.14605
1148.3740,2.20513,8.89234,1.07264
1148.3921,-0.77814,9.29457,0.91461
1148.4248,-0.31126,9.07670,2.14288
1148.4325,-0.52913,11.86363,0.71349
1148.4504,-0.74462,11.15014,1.08700
1148.4702,-0.73265,8.65770,1.02954
1148.4928,1.39347,8.72234,-0.38069
1148.5103,0.52435,8.45418,1.38868
1148.5304,0.23464,9.89075,1.38868
1148.5627,0.16999,7.41028,-0.09098
1148.5699,0.67997,9.49809,0.72307
1148.5903,0.66321,8.82290,0.04549
1148.6128,0.51477,9.78780,-1.62811
1148.6306,0.57941,9.78061,0.10535
1148.6521,-0.06225,11.00409,-0.11253
1148.6760,0.49561,10.87958,1.55149
1148.7023,0.00239,10.10623,0.55547
1148.7196,0.76617,7.15409,2.94975
1148.7330,0.94574,10.37439,-3.10059
1148.7500,-1.47487,11.10225,0.07662
1148.7700,-1.47248,8.71516,0.74462
1148.7938,1.90345,8.14053,0.30407
1148.8116,0.18436,10.08947,2.82046
1148.8455,-1.10615,13.05119,2.08541
1148.8545,1.23305,9.45020,3.10298
1148.8717,0.78053,7.43422,-1.38150
1148.8900,-1.15883,7.53957,1.21390
1148.9126,-0.50759,14.77507,-0.75180
1148.9338,0.73025,8.12377,2.71511
1148.9690,-0.36393,14.34649,-0.14605
1148.9856,-0.93616,9.69921,3.21791
1148.9899,-2.17400,10.22116,0.13169
1149.0101,0.13408,10.06553,-0.90025
1149.0342,-0.41182,9.12698,1.49642
1149.0518,0.45491,10.56115,0.94574
1149.0699,2.82046,8.88994,0.65124
1149.0951,0.48364,9.37598,2.91623
1149.1260,-0.78053,10.02483,2.06626
1149.1299,1.55628,11.39435,-0.73983
1149.1525,1.72148,11.31534,2.92580
1149.1699,1.24981,10.99451,3.57705
1149.1897,3.44297,10.69283,1.48924
1149.2124,0.87870,9.68963,0.47646
1149.2300,-0.62012,12.57473,1.41023
1149.2521,-0.55308,10.99930,2.18597
1149.2723,-0.30407,10.74072,2.10217
1149.2897,1.21390,9.62259,1.25221
1149.3102,0.39984,9.71597,1.07024
1149.3324,0.69434,9.97455,-0.47407
1149.3503,1.19235,9.88836,0.28252
1149.3872,0.47167,10.55396,-0.05507
1149.4010,0.32802,9.73752,0.11014
1149.4117,0.85715,9.77822,-0.64167
1149.4335,-0.25619,8.63375,1.00560
1149.4521,-0.32562,9.30894,1.09658
1149.4700,-0.67279,9.69681,0.85236
1149.4895,-0.18675,9.62977,1.09658
1149.5190,-0.18915,9.25148,0.73265
1149.5292,-0.14605,8.46855,0.07662
1149.5511,-0.20830,8.91149,-0.33041
1149.5717,0.23703,9.26345,1.06785
1149.5898,-0.55787,9.22035,1.80528
1149.6095,-0.12690,8.95459,2.05189
1149.6321,0.44534,8.96177,2.38949
1149.6558,-0.20112,9.80695,0.92898
1149.6727,-0.56265,10.59945,1.20911
1149.6921,0.06225,9.17726,1.57783
1149.7113,-0.17239,9.87399,-0.19633
1149.7310,0.38069,10.22116,-0.30886
1149.7549,-0.09338,9.53400,0.24182
1149.7726,-0.56505,10.48932,1.15404
1149.7925,-0.27534,10.34087,0.46210
1149.8206,-0.06704,10.48453,1.33601
1149.8344,0.22027,10.77663,-0.78772
1149.8525,0.11971,9.44781,0.24422
1149.8730,0.13169,9.79737,-0.07662
1149.8916,-0.37830,10.83888,0.59139
1149.9126,-0.06225,10.76705,0.12690
1149.9346,0.46210,9.89554,0.10774
1149.9659,0.23464,9.88357,-0.89785
1149.9706,-0.04549,10.25707,0.11971
1149.9929,-0.10774,8.95459,0.85954
1150.0109,-0.00479,9.89793,0.35675
1150.0315,0.43097,10.68804,1.81486
1150.0536,0.61054,10.24750,1.21869
1150.0713,0.01915,10.53481,0.47885
1150.0951,0.12929,10.88198,1.71430
1150.1132,0.40463,10.54199,1.80289
1150.1329,0.33280,9.66808,2.15964
1150.1522,-1.01038,9.52443,2.06386
1150.1749,-0.22267,9.80455,1.13010
1150.1924,-0.07422,9.62020,0.42618
1150.2233,-0.10535,9.83568,0.27774
1150.2404,0.57463,9.49330,0.58420
1150.2506,0.91461,9.68005,-0.44055
1150.2709,-0.42379,9.54358,0.55787
1150.2931,-0.88588,10.09187,0.01437
1150.3108,-0.22985,10.47495,2.23865
1150.3308,0.18915,10.49650,0.84278
1150.3560,0.38308,10.01286,0.74941
1150.3939,0.61772,10.98733,1.21150
1150.3942,0.35675,10.94423,1.30727
1150.4131,0.18915,8.94501,-0.16999
1150.4323,-0.27534,12.01926,0.52435
1150.4506,0.63209,11.23394,1.17080
1150.4731,1.07024,9.20838,0.89067
1150.4993,-0.19872,10.74072,2.00640
1150.5118,-1.52036,8.76305,1.92979
1150.5389,0.55308,9.19402,-1.76219
1150.5505,-0.26816,7.37197,-0.42858
1150.5732,-1.26657,8.78220,-0.70152
1150.5946,-0.74701,9.67048,-1.12052
1150.6122,2.49962,8.87079,-4.96094
1150.6331,-0.05507,5.82288,2.72468
1150.6620,-1.15165,9.70160,-1.07982
1150.6726,-0.14366,9.68963,3.04552
1150.6923,-0.27534,8.98811,1.62092
1150.7155,-1.52036,10.01046,2.33202
1150.7313,-0.46928,7.48450,2.54751
1150.7528,0.50519,10.28820,0.01197
1150.7915,-0.48125,10.30975,2.62413
1150.8051,-2.65764,9.58668,0.67040
1150.8123,-0.44055,7.20437,2.71990
1150.8333,-0.15563,9.79258,-0.14366
1150.8505,-2.09260,10.32172,0.53392
1150.8706,0.03591,8.88037,2.82524
1150.8940,0.57463,9.09106,0.16520
1150.9362,-1.25221,10.47256,0.31844
1150.9364,-1.16601,11.26985,0.43576
1150.9531,2.33442,7.38634,-0.98884
1150.9716,1.21150,8.81333,0.32083
1150.9915,-2.20992,9.90512,1.37910
1151.0137,0.24182,11.97377,-1.09418
1151.0313,0.69195,10.34806,-0.79729
1151.0513,-0.51956,10.71199,-0.63209
1151.0825,0.14366,8.98811,-0.12929
1151.0931,1.58022,9.54119,0.80687
1151.1117,0.22267,9.08627,0.50280
1151.1354,-1.94894,11.58590,3.68000
1151.1516,0.44294,9.99370,3.30410
1151.1726,0.92898,11.96898,0.29450
1151.2001,1.24263,8.98092,0.62491
1151.2112,1.30727,10.08708,3.04312
1151.2323,1.17080,9.19641,2.78933
1151.2561,-1.52515,12.47417,-1.52036
1151.2717,-0.39506,8.64333,2.15724
1151.2914,1.84599,9.46936,-0.92898
1151.3136,0.75420,10.51805,-1.23066
1151.3387,-0.60096,10.16848,-0.37351
1151.3574,1.00081,9.23472,-0.45970
1151.3743,1.21150,8.66009,0.79011
1151.3922,-1.09658,11.38717,-1.21869
1151.4122,0.11732,7.61858,3.72789
1151.4349,1.67120,8.57150,1.61135
1151.4540,-0.79250,8.79896,2.65764
1151.4802,-0.31844,10.09187,0.31126
1151.4955,0.69195,8.18603,1.45093
1151.5134,0.73744,9.21556,-1.18756
1151.5337,-0.74462,8.09504,2.41822
1151.5552,0.05986,11.80377,0.37111
1151.5735,0.53153,9.20120,2.24104
1151.5962,-0.29928,10.07032,0.83081
1151.6223,-0.72786,8.63854,1.16601
1151.6334,0.19394,9.39274,1.65684
1151.6545,0.14366,9.22514,0.19872
1151.6758,-0.67997,10.56115,1.45572
1151.6931,-0.19872,9.24908,0.70871
1151.7122,1.07024,8.86600,-0.34717
1151.7349,0.09338,9.53161,-0.27774
1151.7522,-1.26657,10.27144,-0.00718
1151.7743,-0.56026,10.34087,1.29530
1151.7955,-0.27534,10.16130,-0.52195
1151.8129,0.30168,9.10543,0.47885
1151.8329,0.35196,9.38556,1.43896
1151.8555,0.02873,10.66410,1.01038
1151.8750,-0.48364,10.42228,1.45572
1151.8949,-1.42699,10.94423,0.68716
1151.9349,-0.29689,10.43904,0.79729
1151.9351,-0.62491,11.35605,-0.68716
1151.9536,-1.74064,10.63537,2.23146
1151.9788,-0.13408,9.06712,1.33840
1151.9948,-0.60336,9.65850,1.71191
1152.0168,-0.64406,9.95779,1.44375
1152.0630,-0.02873,9.74470,1.51558
1152.0631,-0.15563,9.64893,1.23545
1152.0767,-0.29210,10.13018,0.37830
1152.0956,-0.97926,10.12539,1.45093
1152.1130,0.14126,9.85244,0.22027
1152.1333,0.58660,9.80695,-0.33041
1152.1565,-0.09098,9.64653,0.91701
1152.1924,0.22267,9.35683,-1.02714
1152.2081,0.31365,10.43186,0.13408
1152.2190,-0.27055,10.96338,0.36393
1152.2340,0.37590,10.43425,0.87870
1152.2555,0.43576,10.28580,-0.08141
1152.2778,-0.18436,10.79339,-0.60336
1152.2954,-0.41182,11.53562,0.83800
1152.3154,-1.31925,8.82769,0.06943
1152.3503,-1.92979,11.71758,0.55308
1152.3547,-0.84757,10.85325,0.46688
1152.3743,1.13010,9.30415,-1.79092
1152.3964,-1.06306,9.88836,1.58980
1152.4146,-0.26337,9.06472,1.50360
1152.4343,0.26576,9.09346,1.36234
1152.4584,-0.44773,10.69762,0.61054
1152.4907,-0.87630,9.26345,1.26418
1152.4958,-1.33361,7.92744,1.96570
1152.5166,0.12211,10.20440,-0.33041
1152.5341,0.54829,6.79495,0.97686
1152.5540,0.21309,9.17007,-1.80289
1152.5764,0.16042,8.75347,0.39027
1152.5953,0.06225,9.46457,-0.92658
1152.6249,0.11014,7.79815,0.41900
1152.6366,-0.63688,8.90910,1.13249
1152.6543,-0.00239,8.87797,3.78535
1152.6740,1.61614,9.52682,0.49322
1152.6986,0.99123,9.85962,1.04869
1152.7144,-0.43576,9.59386,2.67919
1152.7344,1.02954,8.67206,0.47167
1152.7627,0.91701,9.28021,-0.46210
1152.7739,0.32323,10.16130,0.47167
1152.7959,0.94334,10.15651,1.52515
1152.8177,0.71110,10.30975,-0.24900
1152.8352,-0.60336,9.40471,0.80926
1152.8555,-1.89866,10.45580,0.82124
1152.8804,-1.52515,9.87160,1.16601
1152.8984,-0.61772,11.35365,-0.64406
1152.9159,-0.27055,9.06712,-0.42618
1152.9399,-0.82124,9.88357,2.20034
1152.9569,-0.44534,9.21556,0.00718
1152.9774,-0.50759,10.06553,-0.72307
1152.9978,-1.73585,10.68325,0.01676
1153.0157,-0.81884,9.22035,1.65923
1153.0498,0.03113,9.67526,1.19953
1153.0582,-0.56984,10.10863,-2.23146
1153.0752,-0.50280,9.92906,-1.00320
1153.0953,-0.27295,11.79899,1.03672
1153.1173,-0.38308,9.92906,1.12531
1153.1353,-0.79011,10.58270,0.19633
1153.1560,-1.33361,10.08947,-0.12211
1153.1836,-0.84518,10.33608,0.80687
1153.1969,-0.29450,9.17726,0.82124
1153.2166,-2.34400,11.43985,0.50280
1153.2390,-1.66881,10.62579,2.11654
1153.2579,-0.34717,8.95459,2.49962
1153.2787,0.32083,8.25546,-0.96968
1153.3149,-0.64645,10.39594,-1.65923
1153.3318,0.64645,8.76065,-0.80687
1153.3352,0.24182,9.67048,-0.21548
1153.3573,-0.72786,10.02962,-1.08221
1153.3752,1.09658,7.60901,0.24182
1153.3953,0.94813,8.77262,-0.94574
1153.4175,-1.14686,10.34327,-1.25699
1153.4387,-2.65525,11.34168,1.66402
1153.4719,-0.31126,10.06553,-1.65205
1153.4777,-1.20671,8.69361,-1.29291
1153.4954,-2.53075,8.58587,1.28094
1153.5154,-2.35118,8.47334,1.29770
1153.5383,-2.27696,11.42787,-0.67997
1153.5565,-1.49882,10.62100,1.41741
1153.5763,-0.20112,8.97853,-1.51318
1153.6057,-1.64247,9.19402,2.11654
1153.6150,-2.22189,10.50608,2.11414
1153.6349,-0.38548,10.76227,0.03591
1153.6576,1.51318,9.60344,-0.72786
1153.6753,2.54511,8.60981,1.01278
1153.6959,-2.22668,11.02324,2.61215
1153.7384,1.03433,7.70238,-0.25140
1153.7388,0.88349,10.42707,-2.68638
1153.7570,-1.39586,10.02962,1.01517
1153.7775,-2.84919,10.10863,0.79969
1153.7944,-1.71909,9.14374,1.72148
1153.8149,-1.88429,9.33288,-0.72547
1153.8386,0.36872,8.91628,-1.41502
1153.8579,3.80929,9.02163,0.34717
1153.8931,1.53473,8.52362,1.98725
1153.8976,1.81007,8.25067,2.51159
1153.9175,1.11094,9.03839,2.19794
1153.9357,-0.94334,10.54439,-0.34238
1153.9576,-1.14686,11.72237,2.11175
1153.9752,-0.96010,9.68005,3.07185
1153.9965,0.06225,10.78621,0.36632
1154.0176,-0.59139,10.56354,0.19394
1154.0350,-1.24742,8.84685,0.52195
1154.0553,0.41182,9.97455,-2.47329
1154.0774,-0.40942,10.65692,0.14126
1154.0951,-1.96331,11.48055,2.20752
1154.1151,0.25619,7.85801,-0.19394
1154.1376,-0.92658,10.46777,-0.96489
1154.1708,-0.98165,10.10384,-0.34238
1154.1758,-1.71430,10.24031,1.60895
1154.1987,-1.75500,10.15651,0.53392
1154.2166,-0.57223,9.82371,-1.74543
1154.2378,-1.12531,9.46936,-0.41900
1154.2584,-1.66163,11.05676,-0.43097
1154.2761,-0.96729,8.23391,-0.85954
1154.3025,-1.13728,8.64094,0.80208
1154.3169,-0.66561,10.93705,-0.18915
1154.3353,-0.57702,7.78858,1.05109
1154.3547,-2.19555,10.84367,-1.09179
1154.3771,-1.79571,10.05117,2.76539
1154.3977,-1.99204,9.30415,0.98405
1154.4169,-1.39107,9.09824,2.06147
1154.4487,0.67040,7.87716,-0.51477
1154.4565,-0.69913,8.54756,3.47888
1154.4749,-1.70951,12.01208,0.96010
1154.4966,-0.59378,9.08867,1.01757
1154.5144,0.17957,10.13257,-0.05267
1154.5350,0.87870,8.66249,1.75021
1154.5587,1.66402,9.01205,-0.07422
1154.5763,0.41421,9.50767,1.74064
1154.5944,-1.23305,12.17249,-0.15563
1154.6169,-0.80687,10.25468,1.95133
1154.6348,-0.37590,8.48770,0.51716
1154.6564,-1.04630,9.48133,-0.12211
1154.6785,-1.27854,11.31295,-0.58899
1154.6971,-0.73504,11.29619,1.12052
1154.7170,-0.13169,10.55875,-0.68716
1154.7393,-0.90025,9.40711,0.51477
1154.7562,-2.08541,9.51964,3.00721
1154.7759,-0.68476,11.74152,-0.59378
1154.7982,0.58660,10.24271,0.32802
1154.8160,-2.31766,9.72315,0.58899
1154.8361,-0.79969,10.42946,0.79490
1154.8722,-0.57702,7.79576,1.64008
1154.8759,-1.41502,10.62819,0.19154
1154.8955,-1.72388,9.43823,3.35198
1154.9178,-1.87232,10.96099,0.64406
1154.9355,-0.13887,8.74389,2.59300
1154.9554,-0.52674,8.01603,0.96968
1154.9788,-1.25221,10.02962,0.30407
1154.9984,-0.26816,9.11740,2.28893
1155.0154,0.17957,10.15412,0.33759
1155.0378,-0.36632,10.02722,0.99362
1155.0555,-0.33759,10.68086,2.78694
1155.0771,0.81645,8.95219,2.01119
1155.0995,0.41182,10.59706,1.67839
1155.1199,-0.92419,11.14535,1.41980
1155.1390,-0.82124,10.70001,1.64247
1155.1582,1.92500,9.06233,-2.53075
1155.1755,-0.61054,9.42147,0.83560
1155.1953,-2.01119,9.85723,1.71191
1155.2177,-0.34478,8.71516,-1.53952
1155.2372,2.17879,10.80536,0.12690
1155.2568,0.50519,7.29775,0.33280
1155.2776,1.48924,10.96817,-1.09179
1155.2954,0.74941,9.65372,0.40463
1155.3154,0.05267,9.65132,-0.53632
1155.3396,-0.15802,9.12698,0.86433
1155.3572,-0.42139,8.21476,0.37111
1155.3771,-0.26576,9.11500,-0.71589
1155.3999,-0.59378,9.75428,0.08859
1155.4264,-1.43417,10.23792,-0.16760
1155.4424,0.34717,10.33608,1.79092
1155.4576,0.26576,10.66410,-1.23784
1155.4752,-0.78053,9.77582,1.41023
1155.4954,-0.61533,10.92029,1.03433
1155.5197,0.18675,8.39672,0.12450
1155.5370,0.23943,9.75906,-1.28333
1155.5721,0.01197,9.11979,-0.09577
1155.5802,-1.11573,8.99529,-0.65843
1155.5958,-0.16281,8.60023,0.92658
1155.6179,1.17798,9.41429,-1.12531
1155.6399,1.07264,7.98730,3.01918
1155.6577,-0.56744,11.10225,1.23305
1155.6874,0.27774,9.52921,2.39427
1155.7061,0.39745,8.63854,1.28812
1155.7161,-1.14446,11.39196,2.22428
1155.7373,-2.48526,11.66491,4.03196
1155.7598,-1.41502,10.02722,3.40226
1155.7754,-0.18436,11.27464,-1.08221
1155.7972,0.56026,7.92984,1.55149
1155.8347,-0.34717,10.41031,1.06066
1155.8513,-1.40065,9.58668,3.55310
1155.8556,0.85715,10.06553,0.77096
1155.8777,0.24182,8.44221,4.16125
1155.8955,-0.47167,9.49809,-0.25140
1155.9159,0.68716,9.13176,-0.79250
1155.9379,-0.23224,8.33208,1.66881
1155.9561,-0.82124,9.72315,-0.21548
1155.9899,3.25861,8.58587,1.83162
1155.9998,1.62332,9.44541,-1.35516
1156.0157,-0.30168,11.50928,1.24742
1156.0355,0.66321,11.02564,2.88271
1156.0581,1.16841,11.64096,0.87870
1156.0756,-1.11573,11.90673,2.94735
1156.0970,-2.63370,10.44143,3.66803
1156.1189,-0.72307,10.34566,3.15326
1156.1372,1.87472,10.30017,1.75021
1156.1555,-0.76138,12.52445,1.96091
1156.1793,2.44695,9.93624,0.61533
1156.1971,2.57145,10.59467,-0.16042
1156.2156,2.25541,9.36401,-1.30727
1156.2538,1.52994,10.75987,0.27774
1156.2692,-0.92180,8.41827,4.94657
1156.2777,-0.01197,9.55316,-1.63768
1156.2977,0.31844,9.17007,-0.12929
1156.3154,-0.63448,9.61541,1.09179
1156.3354,-0.30647,9.72794,0.09577
1156.3578,0.60575,8.11659,1.21390
1156.3765,-0.33280,10.02004,2.34160
1156.4089,1.07742,10.52284,-0.11253
1156.4192,-0.16760,9.31133,4.10858
1156.4375,0.57223,12.73036,-0.96489
1156.4551,0.60815,5.96653,1.73106
1156.4819,0.59139,8.75826,-3.49804
1156.4993,0.95053,7.45098,0.40463
1156.5336,0.52913,7.83886,2.08062
1156.5513,0.56026,9.71118,1.19714
1156.5549,1.73824,8.89952,0.44773
1156.5748,-0.71349,8.11420,1.81486
1156.5974,-0.17478,7.97054,0.76617
1156.6152,0.96489,7.53239,0.73265
1156.6354,0.68955,7.96815,1.01517
1156.6653,-0.07901,9.90512,2.06626
1156.6758,1.93697,9.98413,-0.34478
1156.6967,-2.39188,11.32492,-1.06785
1156.7172,-3.07425,10.94662,2.15245
1156.7365,-0.90264,11.28901,3.51958
1156.7565,1.69275,11.50210,3.88830
1156.7789,1.94655,9.61301,1.97528
1156.8033,2.10457,7.94420,2.14048
1156.8164,0.23943,9.23951,1.16122
1156.8390,-0.75420,15.63461,1.02714
1156.8547,-0.62251,12.39756,2.93778
1156.8748,-3.22509,10.73114,-5.39191
1156.8971,-0.50280,6.77580,0.28971
1156.9148,1.49642,9.39753,-0.62730
1156.9358,2.82285,12.37122,2.36554
1156.9579,-1.91781,10.91071,0.73504
1156.9750,-2.16682,6.70397,8.13096
1156.9950,-0.45491,13.24513,-2.88510
1157.0173,2.34639,6.54595,0.34478
1157.0350,2.58582,8.49968,0.28492
1157.0577,-1.51558,13.78623,0.92658
1157.0820,1.67120,11.81335,2.33202
1157.0997,0.76617,7.75984,2.62891
1157.1185,-1.82444,9.10064,-0.79969
1157.1377,-0.56984,6.78537,3.62493
1157.1549,-1.12770,11.20281,3.48606
1157.1755,0.39506,12.62262,-1.57304
1157.1975,1.90824,7.61379,7.73830
1157.2153,-3.22030,12.46699,0.35914
1157.2518,-0.66321,6.73510,8.14772
1157.2605,-1.62571,11.49731,3.40466
1157.2754,-1.00081,12.28263,-2.47568
1157.2953,1.67120,8.39912,2.93778
1157.3175,-0.06943,8.73671,2.91623
1157.3359,1.45572,9.86202,2.80130
1157.3563,3.72549,11.43266,5.07826
1157.3876,5.70795,15.68250,-8.53798
1157.3951,-4.38152,11.16690,1.32403
1157.4170,-3.46212,8.66249,10.96578
1157.4374,4.41983,12.18925,-7.86998
1157.4551,0.16042,8.59305,5.66485
1157.4768,-1.38629,10.81733,-0.72068
1157.4989,5.63852,10.28820,-0.64406
1157.5150,-0.34717,8.96895,-2.86116
1157.5353,-3.83802,7.70717,-4.30251
1157.5579,-1.84359,9.95539,4.06308
1157.5751,2.03274,7.82210,1.81007
1157.5969,0.50280,11.39196,1.01278
1157.6188,0.30886,7.21156,3.48846
1157.6370,2.21231,9.18683,0.23703
1157.6667,0.64167,10.44383,0.03113
1157.6809,1.22587,10.41031,2.11414
1157.6962,-3.17720,8.55235,2.84919
1157.7150,-0.65364,6.64890,3.08143
1157.7389,-0.80926,7.93702,-0.28013
1157.7550,0.15084,5.50204,-5.31768
1157.7845,2.25780,7.83886,-7.95857
1157.7991,-1.31685,8.26743,5.94498
1157.8151,-1.16841,8.14772,0.63927
1157.8351,-2.08781,11.59787,3.08383
1157.8575,-3.14608,10.40073,1.68318
1157.8765,-4.14210,7.57788,2.38470
1157.8964,0.72307,13.40794,-4.01041
1157.9203,-2.43019,7.06311,1.63768
1157.9382,3.75422,13.32893,-2.17640
1157.9565,2.58821,8.48770,8.54038
1157.9773,-4.16843,16.05361,-1.14207
1157.9954,2.75820,13.60427,0.79250
1158.0150,-2.98087,8.88037,0.86194
1158.0383,-2.15485,8.76544,5.58584
1158.0564,2.81567,8.33926,-7.29536
1158.0912,0.52195,9.37119,-5.65528
1158.0991,-0.31604,10.39594,-5.01361
1158.1149,-0.50759,11.01845,-2.71990
1158.1351,1.07982,7.55633,-2.26498
1158.1575,2.51399,10.08708,-10.40791
1158.1765,3.06946,6.51961,-2.55230
1158.1962,4.36237,9.06233,-0.05267
1158.2268,3.56508,9.99370,-0.65843
1158.2369,-2.50681,11.57392,-0.86433
1158.2549,-2.33681,11.20760,-0.42858
1158.2772,-0.24182,12.05517,0.13647
1158.2944,0.13887,9.96018,-0.40463
1158.3163,1.42699,10.92029,-2.10457
1158.3394,1.82683,9.71597,0.11732
1158.3564,-0.33041,7.68802,0.75899
1158.3748,1.05109,8.46855,-1.92739
1158.3973,0.05746,10.68325,0.94095
1158.4148,-0.92898,10.79578,-0.09817
1158.4363,-0.51237,9.90990,1.60177
1158.4587,0.96729,9.23472,-0.41660
1158.4995,1.42699,9.24908,-0.70152
1158.4996,-0.08141,9.55076,0.63209
1158.5168,-1.49882,9.58907,1.54191
1158.5347,0.86912,9.67287,0.38308
1158.5542,0.86433,10.49650,0.71828
1158.5784,-0.90743,9.77822,0.63448
1158.5959,0.84039,8.88755,-1.32403
1158.6160,1.58022,8.45179,-0.57223
1158.6510,0.78532,8.15490,0.47407
1158.6564,1.52515,9.05036,0.18196
1158.6755,1.18995,9.94103,-1.28812
1158.6979,0.37830,9.35683,-0.72547
1158.7172,-0.11732,10.65692,-0.11971
1158.7372,-0.52195,11.59308,0.05507
1158.7861,-0.31126,10.78621,0.53871
1158.7864,1.51797,9.44781,0.15563
1158.8002,1.22587,10.90832,-0.37590
1158.8184,0.81166,10.93705,-1.49642
1158.8357,1.90345,10.49889,-0.90504
1158.8560,1.16841,10.17567,-0.38308
1158.8782,1.49403,9.35683,-1.42938
1158.8959,0.37111,10.30735,0.96968
1158.9188,0.98165,10.07032,1.30009
1158.9418,1.30488,10.28102,-0.48843
1158.9556,1.08700,8.65530,0.61293
1158.9775,1.16122,10.72875,-2.04471
1159.0026,2.06147,8.31532,-0.35435
1159.0172,0.63688,9.46936,-0.50759
1159.0525,-0.73504,12.02644,2.75342
1159.0673,0.93137,8.74629,-1.17319
1159.0756,4.78376,10.41031,-1.77895
1159.0955,6.16765,4.77897,-0.31126
1159.1176,-3.80450,8.45179,-1.11573
1159.1368,0.41900,8.35362,4.42941
1159.1571,-0.75180,4.58504,1.84359
1159.1793,-0.13408,7.19480,2.68877
1159.2000,1.09897,15.59631,-10.56354
1159.2191,7.29057,5.69837,12.01208
1159.2378,-3.89070,13.15415,-3.91225
1159.2554,0.60336,4.99206,6.22033
1159.2762,-4.15407,9.25866,1.79092
1159.2993,-2.58103,11.31774,3.22030
1159.3359,1.43178,9.00008,8.72474
1159.3461,-1.26897,7.40789,0.72786
1159.3574,-0.92898,8.08547,2.83961
1159.3756,3.39029,6.87157,1.44854
1159.3987,0.23943,11.50210,0.46449
1159.4218,0.74223,9.77582,1.87472
1159.4410,0.19633,9.42147,1.62092
1159.4736,1.64487,7.35282,-1.41262
1159.4908,2.91862,10.81973,-1.16841
1159.4989,0.21788,10.32411,2.61694
1159.5170,-2.30329,11.80856,1.91781
1159.5378,-2.06386,10.97536,2.92580
1159.5571,0.04789,8.69122,-0.10295
1159.5752,1.11813,11.98574,-1.91303
1159.6045,1.43896,6.55074,1.83880
1159.6149,0.73983,13.82215,-3.51958
1159.6340,0.81645,7.08945,3.42142
1159.6565,1.02236,12.78543,0.29689
1159.6748,1.76937,8.39672,3.90027
1159.6947,-1.90105,11.10704,-2.59779
1159.7168,-2.73426,9.58428,0.13169
1159.7349,1.46290,7.30014,0.46688
1159.7650,-0.03831,9.70400,-0.21309
1159.7791,0.12450,9.58428,-2.87552
1159.7966,1.39107,9.39035,0.29689
1159.8154,0.88828,9.38556,-0.81166
1159.8394,0.18675,10.35763,-0.68476
1159.8838,-0.03831,11.35605,0.44773
1159.8839,1.00560,8.95219,-0.65603
1159.9039,0.56026,9.06951,0.52195
1159.9153,1.93697,9.05994,0.90982
1159.9346,0.40224,10.26426,0.16999
1159.9570,-0.49322,11.26027,1.74782
1159.9749,-0.16520,9.67766,-0.63448
1159.9949,0.91701,8.96656,-0.94334
1160.0176,1.55149,9.60104,-1.86514
1160.0352,2.07105,8.85163,-1.35037
1160.0549,1.22826,10.24510,2.25301
1160.0778,1.72388,8.58826,-0.87152
1160.0951,0.56984,10.52523,-0.38548
1160.1151,-0.19394,10.98014,-0.07662
1160.1376,0.55547,9.32331,0.31365
1160.1594,-0.06704,9.36161,0.79011
1160.1757,0.56984,9.42626,-0.16999
1160.1992,0.24422,10.30975,-0.84997
1160.2153,2.15006,10.09905,-0.55547
1160.2355,1.31685,9.77582,-2.84440
1160.2593,0.57941,8.85882,-0.03113
1160.2914,0.28013,9.63696,0.58420
1160.3081,-0.05746,11.65054,1.23784
1160.3174,1.23305,7.99688,-0.73265
1160.3395,0.15563,9.43584,-1.54670
1160.3569,0.35196,12.47417,2.64089
1160.3794,-0.60096,10.86522,0.41900
1160.3954,0.26816,8.92346,0.72307
1160.4303,0.52435,10.70959,-0.49561
1160.4469,-0.07422,9.62259,-0.18196
1160.4551,1.88669,9.13895,0.78053
1160.4752,1.84359,9.45020,-1.62092
1160.4984,0.25858,10.40791,0.72786
1160.5164,0.90504,10.15891,0.90264
1160.5372,-0.11971,12.41432,-2.40864
1160.5765,0.16281,9.43344,1.49403
1160.5918,1.48684,8.72713,-0.88349
1160.5955,1.20911,9.17726,-2.26020
1160.6174,0.65364,9.22993,-0.64406
1160.6351,0.79969,10.65452,0.43815
1160.6548,0.54829,10.52523,-0.24900
1160.6776,0.62491,10.24989,1.33122
1160.6963,1.28333,9.58907,-0.67758
1160.7271,0.25379,9.86202,-0.53632
1160.7373,1.03433,8.61221,-0.48604
1160.7551,0.62251,8.60742,0.10295
1160.7749,0.47407,8.50207,0.09338
1160.7981,0.62012,10.20919,-0.78293
1160.8156,0.47885,9.73752,0.07662
1160.8369,-0.02873,10.11342,0.98165
1160.8708,0.70392,9.98652,-0.17239
1160.8752,1.00799,9.18923,-1.19714
1160.8956,-0.12211,11.43745,-0.62012
1160.9175,0.11014,10.24750,0.70631
1160.9353,0.52913,10.42946,0.83321
1160.9552,0.48364,9.37598,1.10137
1161.0034,0.60815,10.70001,-0.46688
1161.0035,1.45093,9.20599,-0.37590
1161.0195,0.67279,11.35605,-0.68237
1161.0391,-0.40703,10.74072,0.61533
1161.0548,0.15563,9.80695,1.02954
1161.0760,0.90982,10.81015,-0.23703
1161.0995,1.06066,10.95141,0.45970
1161.1322,4.19477,9.49569,0.22746
1161.1375,0.88588,9.64174,2.46610
1161.1613,2.86116,9.55316,1.82923
1161.1760,-0.62012,9.94582,2.71511
1161.1960,-2.66004,12.11982,-0.38308
1161.2185,-2.86595,8.37278,4.77658
1161.2362,0.35675,10.04638,0.55787
1161.2571,-0.38308,7.47493,-0.21788
1161.2878,-0.61293,9.98891,-2.19316
1161.2977,0.61533,9.05515,0.94095
1161.3175,0.44294,9.43584,-1.77895
1161.3397,-0.87391,9.88596,4.14928
1161.3562,1.00320,10.51565,0.45252
1161.3757,3.78535,8.19560,0.37830
1161.3977,3.42142,9.31612,-0.22746
1161.4172,0.53392,10.64495,3.08143
1161.4357,-2.93538,8.26743,-1.07742
1161.4579,-2.60497,10.06074,-0.90982
1161.4757,-2.31048,8.38475,4.12055
1161.4968,-0.42139,11.13098,0.68237
1161.5197,0.34478,9.51245,-1.48445
1161.5458,-0.75180,10.24750,-1.99204
1161.5652,1.64966,6.69679,-0.62251
1161.5779,2.37273,11.47336,-2.19794
1161.5956,3.90746,9.70400,-1.69515
1161.6158,2.76539,8.32250,-0.92180
1161.6387,2.32484,8.65291,1.97049
1161.6563,1.37910,11.43266,1.36474
1161.6775,1.18517,11.65533,-0.44773
1161.7098,1.93457,12.21080,2.74144
1161.7175,-1.89627,14.11186,1.68078
1161.7360,-0.55547,7.55154,2.64567
1161.7605,0.70152,11.88757,-2.68877
1161.7795,0.87870,11.48773,0.76377
1161.7998,0.41660,10.47974,3.52677
1161.8407,0.85236,9.63935,2.09020
1161.8409,0.83560,9.85484,-1.55628
1161.8601,1.51797,8.57629,-1.27375
1161.8779,2.10217,8.38954,1.86514
1161.8955,2.61215,8.33447,-2.90426
1161.9158,0.29689,9.60583,3.00960
1161.9382,2.26259,8.73192,-0.41660
1161.9561,1.96570,9.18444,-0.11971
1161.9822,0.87870,9.04557,-0.02155
1161.9979,-0.36393,10.64973,-0.16999
1162.0156,-0.91701,11.67448,0.23464
1162.0358,-0.31126,8.07110,0.98165
1162.0594,-1.17080,11.29858,-1.14686
1162.0771,3.54832,5.61218,1.17080
1162.0983,3.17241,9.49569,-2.68638
1162.1294,1.22347,9.32091,-0.26098
1162.1437,2.87074,10.14933,-0.95053
1162.1588,3.01918,8.64094,0.21070
1162.1779,4.44138,10.77903,0.85954
1162.1974,-0.89546,11.37041,0.70152
1162.2157,1.18517,8.81333,0.60815
1162.2417,3.59860,9.98652,1.77655
1162.2717,0.23464,9.29697,3.72070
1162.2786,-0.91701,9.72315,0.50280
1162.3004,0.10535,8.95459,-0.47407
1162.3170,-0.48125,9.73512,-1.86035
1162.3387,0.47646,8.71037,0.98405
1162.3610,1.00560,10.04638,-1.83880
1162.3949,2.00401,9.60583,-0.52674
1162.4073,2.82046,10.17806,-0.92180
1162.4204,3.09819,8.90431,-1.69754
1162.4420,2.51399,10.81973,2.36075
1162.4570,1.16362,10.56833,3.12692
1162.4792,2.77257,8.65291,0.30647
1162.4969,-1.85556,13.70243,3.81647
1162.5199,-2.37273,8.43264,3.23467
1162.5526,-1.61614,14.99774,1.86275
1162.5571,2.07823,6.68003,2.13809
1162.5767,1.76458,10.66889,-3.69676
1162.5989,3.07904,5.65528,2.27696
1162.6179,2.89947,8.34405,-5.94020
1162.6382,2.83003,9.45260,0.79250
1162.6615,3.22988,9.92906,-1.39586
1162.6803,0.52435,12.61783,2.44216
1162.6971,-0.17957,10.66889,4.48208
1162.7190,-0.84997,10.82452,1.98485
1162.7368,-1.05827,7.96575,6.40229
1162.7565,-2.23625,12.31854,-0.72786
1162.7793,-2.90426,7.92266,2.42061
1162.7969,-0.06225,12.48854,2.13809
1162.8203,2.30090,7.26902,2.42540
1162.8390,1.47248,10.93944,-0.06225
1162.8564,1.16362,10.66889,-1.66402
1162.8765,2.03513,10.58509,-3.24664
1162.9011,3.35438,8.45897,-1.59698
1162.9202,3.82845,9.57949,-1.95133
1162.9590,5.78457,10.09666,2.42301
1162.9719,5.73189,10.39594,6.11258
1162.9792,-3.06228,11.88997,-1.49403
1162.9966,-2.00401,7.96815,3.51480
1163.0209,-2.42779,13.20921,-1.31925
1163.0399,-0.59378,5.53317,1.95373
1163.0604,-1.26418,9.22035,-2.12372
1163.0988,-0.98884,9.72794,-1.86753
1163.0989,-1.06545,11.55238,-1.94415
1163.1210,0.84278,6.72791,-1.08700
1163.1398,2.11654,12.59149,-1.44135
1163.1564,1.99204,5.43979,-6.05991
1163.1779,-1.24981,12.18446,-1.69515
1163.2004,6.13413,5.62176,-1.51318
1163.2183,-2.82046,9.43823,-1.47008
1163.2489,-2.25301,9.39753,-0.72307
1163.2653,-2.37991,11.33929,3.48367
1163.2762,-1.27615,11.23633,1.16841
1163.2968,-0.58660,7.09902,0.61293
1163.3190,0.78293,11.01366,-1.25939
1163.3363,0.55787,7.97772,-0.35914
1163.3564,-0.27295,11.17647,-0.07183
1163.3875,-0.06943,8.00167,2.46850
1163.3962,0.36154,11.83969,-1.97288
1163.4165,-0.38308,9.68005,1.96331
1163.4387,0.74701,10.11102,-0.01197
1163.4579,1.92500,8.60981,-0.60096
1163.4780,1.61374,9.51485,-0.04789
1163.5001,1.56825,8.71756,0.98644
1163.5184,1.51079,9.15092,2.09499
1163.5369,1.02236,10.16609,0.81645
1163.5608,1.14925,9.33288,1.06545
1163.5763,1.94415,10.44862,1.07982
1163.5979,2.21710,9.05515,0.51956
1163.6201,2.04471,10.53241,-0.66561
1163.6376,2.17640,8.55953,-0.07422
1163.6730,1.78852,10.46537,-0.30886
1163.6797,1.15883,10.74551,0.34238
1163.6965,0.74701,9.99610,-0.24661
1163.7197,0.76856,11.28182,-0.73983
1163.7400,0.67758,10.44143,-0.81884
1163.7577,1.40305,9.57949,0.29450
1163.7777,1.37671,9.42626,0.02634
1163.8158,1.07742,8.70558,-0.06465
1163.8160,1.06545,9.65611,0.10056
1163.8362,1.10615,9.38077,-0.11732
1163.8588,0.34238,8.77502,0.55308
1163.8774,1.34319,9.44063,-0.71828
1163.8973,1.19714,9.55555,-0.67279
1163.9199,0.64645,9.26584,-0.52195
1163.9385,1.83162,9.72076,0.02873
1163.9559,1.79810,10.04159,0.55068
1163.9785,1.03433,9.97215,-0.25140
1163.9962,0.93856,10.52284,0.14605
1164.0173,1.74303,9.49091,0.73744
1164.0399,1.45572,10.49411,0.43815
1164.0575,2.71032,7.83407,1.94415
1164.0925,2.01598,8.45897,0.46688
1164.0991,1.27854,9.99849,1.08700
1164.1184,0.49322,10.28580,0.10535
1164.1385,-0.30886,11.66730,0.47167
1164.1610,-0.18436,10.70480,1.46530
1164.1785,0.73983,10.81015,0.16520
1164.2122,0.94334,10.88916,0.66082
1164.2250,1.61614,9.01684,0.97686
1164.2363,1.15404,9.13655,1.66642
1164.2565,0.99123,8.89713,0.68476
1164.2792,0.64406,9.96737,-0.91701
1164.2974,0.99362,10.33369,-0.30886
1164.3177,0.90982,9.45020,0.56984
1164.3401,0.97686,9.33049,1.70951
1164.3661,1.55628,9.22275,0.28731
1164.3812,1.26418,10.19482,0.00718
1164.3986,1.46530,10.43186,-0.17957
1164.4160,-0.03831,10.53720,-0.35196
1164.4360,-0.60575,11.76307,0.89546
1164.4601,0.21070,9.82850,0.56265
1164.4771,0.36632,10.78142,-0.70152
1164.5088,0.71110,8.67685,-0.04549
1164.5182,0.51956,8.23391,-1.03672
1164.5361,0.96729,9.69681,-0.20351
1164.5564,1.14686,9.62977,-0.90982
1164.5801,0.73983,9.30655,-0.01676
1164.5978,1.97528,10.79339,0.00718
1164.6189,2.32724,8.84206,0.50519
1164.6527,0.94095,10.68804,0.55308
1164.6565,1.14207,10.74790,0.71828
1164.6758,1.75261,8.20279,2.08062
1164.6986,1.52515,10.82691,1.40544
1164.7173,1.09658,10.42707,0.79969
1164.7375,1.85077,8.89713,1.52515
1164.7629,1.23066,9.94582,0.72786
1164.7810,0.50040,10.22116,2.33681
1164.7964,1.11094,9.42147,2.41343
1164.8186,1.39586,9.03599,2.07105
1164.8361,1.18517,8.59784,1.83880
1164.8577,0.37590,9.16289,1.01517
1164.8796,-1.07742,11.11662,0.85476
1164.8975,-0.45252,9.60104,-0.34717
1164.9319,2.85876,8.38236,0.86673
1164.9406,3.78774,5.78936,0.33520
1164.9579,4.01759,10.50847,2.85398
1164.9800,3.28734,9.38795,2.73187
1165.0022,4.10379,12.09348,0.11014
1165.0195,3.27776,9.67287,-0.26098
1165.0519,1.64008,8.42785,1.66881
1165.0703,-3.11974,13.44385,3.88351
1165.0778,2.84679,9.15092,-2.15485
1165.0957,2.69356,8.94980,-1.06545
1165.1183,1.82923,11.77265,0.54350
1165.1375,-2.23146,11.49012,-0.55787
1165.1578,-0.76377,12.48614,-1.68796
1165.1798,-0.69913,10.52523,-0.79729
1165.1979,-0.02873,8.54277,1.68557
1165.2179,-0.36154,10.43186,-0.10056
1165.2385,-0.06704,9.87638,-1.64966
1165.2556,2.32724,8.92825,-0.16042
1165.2765,1.72867,8.98332,-0.29450
1165.3003,-0.19872,9.96497,-1.25460
1165.3243,1.77176,9.11261,0.03352
1165.3423,1.93218,9.47175,0.29689
1165.3584,0.46210,8.63136,0.64645
1165.3756,0.19633,10.27862,0.11971
1165.3958,0.47407,10.21398,0.48125
1165.4198,-0.05028,10.80297,-0.38308
1165.4376,0.16520,10.33848,0.03831
1165.4586,-0.52674,10.41270,-0.17478
1165.4873,0.75420,9.81653,1.71670
1165.5007,0.57223,8.30334,0.66321
1165.5176,0.86433,8.37517,0.96968
1165.5381,0.74462,9.15092,1.12291
1165.5562,0.77814,9.67766,0.99362
1165.5763,0.57223,9.70878,0.22506
1165.5997,0.36154,9.56992,0.15084
1165.6173,0.49322,9.88596,0.25140
1165.6368,0.64885,10.57312,1.19235
1165.6594,-0.22506,11.09507,1.85556
1165.6776,0.31126,9.96737,1.07264
1165.6978,0.70631,9.73752,0.59857
1165.7184,0.74223,9.74470,-0.83560
1165.7571,0.80926,9.08627,-1.12052
1165.7700,1.04630,9.44541,-0.43336
1165.7782,0.76377,8.84685,0.46449
1165.7960,0.81884,10.09426,0.52913
1165.8159,0.91940,9.96018,0.23703
1165.8387,0.24182,10.91311,-1.03193
1165.8575,0.77096,10.40791,0.00000
1165.8781,0.39027,10.38397,-0.20112
1165.9142,-0.08380,10.70959,0.47646
1165.9158,0.22267,10.15172,0.77096
1165.9360,0.55547,9.41668,1.55867
1165.9579,0.48843,9.76146,0.23943
1165.9774,0.86673,9.77104,-0.93616
1165.9974,0.66561,9.72076,-1.29770
1166.0197,0.67040,10.30256,-0.79969
1166.0397,0.50040,9.22993,0.56026
1166.0559,-0.16999,9.65611,1.52036
1166.0781,-0.06704,10.33608,1.46530
1166.0958,0.02394,9.90512,0.45731
1166.1158,1.36474,9.30415,-0.62251
1166.1401,0.56984,9.54119,-0.52435
1166.1737,0.12450,9.84526,0.53632
1166.1869,0.91461,9.94342,0.38308
1166.1981,0.50519,9.93145,1.09658
1166.2156,0.60096,9.44063,0.79250
1166.2356,1.25699,9.14134,0.40942
1166.2577,1.46530,8.43982,-0.68476
1166.2755,0.96729,9.43584,0.25858
1166.2952,1.34319,9.24908,1.04151
1166.3171,0.52435,9.76146,0.14366
1166.3346,0.29450,10.80057,0.74223
1166.3549,0.29689,9.57231,1.48206
1166.3772,-0.17718,10.31932,1.45093
1166.3964,0.78772,9.12937,1.50360
1166.4170,0.43336,9.42626,2.02316
1166.4386,0.76377,10.10863,1.81965
1166.4686,1.64966,10.18764,0.77575
1166.4756,0.67997,9.60822,1.75021
1166.4978,0.03831,10.44862,0.91940
1166.5157,0.48843,10.99451,-0.29450
1166.5360,0.69913,9.46217,0.05986
1166.5604,0.49801,10.73832,0.06943
1166.5782,1.01996,7.13973,-0.51956
1166.6104,0.29928,9.24908,-1.10615
1166.6254,-0.17957,10.33608,0.39984
1166.6371,0.12211,9.45020,0.00239
1166.6556,-0.13887,9.60344,0.96729
1166.6798,0.47167,9.61301,0.51477
1166.6956,0.66321,8.55235,1.24263
1166.7339,0.78053,8.21236,1.68557
1166.7512,0.81405,9.09824,-0.04549
1166.7573,1.14446,7.78139,1.72627
1166.7758,0.91940,8.54756,0.46210
1166.7979,0.28971,5.35839,-1.03193
1166.8169,0.39027,9.43823,2.18118
1166.8372,1.12770,10.34566,-1.36234
1166.8594,-0.39266,10.11581,-0.94813
1166.8777,-1.28333,9.80216,-0.22985
1166.8956,-1.02954,9.71118,1.18756
1166.9178,-0.62730,10.68565,-0.57702
1166.9354,0.29928,10.41031,-0.13408
1166.9572,1.96091,5.80851,-1.31685
1166.9800,3.17241,7.25705,3.70394
1167.0052,-1.10376,15.04083,-3.64169
1167.0182,-1.60177,9.78061,4.26899
1167.0382,0.39266,14.16214,-2.06626
1167.0565,1.44375,6.71834,1.40065
1167.0753,-0.09817,12.93387,-0.85715
1167.0968,0.45012,11.24830,-0.60096
1167.1140,0.68476,10.57551,0.67279
1167.1348,-1.12052,9.98173,2.55709
1167.1642,0.75899,13.50610,-2.37991
1167.1757,1.30009,11.98574,2.73187
1167.1967,0.82842,12.26826,-0.46688
1167.2195,0.96729,10.23553,1.51079
1167.2394,0.41182,9.05515,0.80926
1167.2595,0.72786,9.00487,-0.81405
1167.2819,1.21869,9.50527,1.85077
1167.3142,2.27696,8.67446,-1.71670
1167.3163,0.56744,10.82452,-2.22428
1167.3379,1.08461,11.26985,2.54272
1167.3553,0.72547,8.94980,1.94176
1167.3771,1.29530,9.33528,-0.92658
1167.4003,0.75420,9.90751,1.44135
1167.4180,-1.82444,8.93783,2.77496
1167.4374,-0.34238,7.63774,1.62571
1167.4586,0.56505,10.75269,-1.25221
1167.4763,-1.56825,11.02085,1.22826
1167.4962,2.47089,8.63854,-0.32083
1167.5189,1.68318,10.47016,-1.04869
1167.5364,-0.11253,9.75188,0.73504
1167.5752,-0.73504,10.22834,0.29450
1167.5905,0.46210,10.24271,1.23784
1167.5964,0.36393,9.07909,-0.76617
1167.6165,1.20911,9.65372,-2.34400
1167.6385,0.43336,9.93624,0.86673
1167.6580,0.85476,9.91709,1.39107
1167.6780,1.27136,9.38316,0.67997
1167.7019,0.43815,9.77104,1.04630
1167.7307,-0.75180,10.05356,1.67360
1167.7450,-0.07662,10.02962,-0.15084
1167.7604,-0.82124,8.08547,0.17957
1167.7764,-0.14126,9.72076,0.10535
1167.7966,0.79250,9.04318,0.74462
1167.8204,1.01996,10.43904,-0.21548
1167.8527,0.57702,10.88437,-0.69434
1167.8756,0.53632,10.07511,0.02394
1167.8795,1.30009,8.75586,1.02475
1167.8964,0.60096,9.69442,0.14366
1167.9164,-0.47885,10.39594,1.10137
1167.9403,-0.18915,10.05835,0.94095
1167.9580,0.59139,10.59706,1.27375
1167.9794,0.83800,8.61221,0.45252
1168.0004,-0.07901,9.81653,0.32562
1168.0168,0.09338,9.38316,1.71191
1168.0361,0.80448,8.75347,1.63768
1168.0585,1.02714,8.11899,0.19633
1168.0765,-0.25858,9.47654,0.72307
1168.0968,-0.23943,9.39753,0.45970
1168.1206,1.06785,9.68005,-0.08859
1168.1392,0.83800,9.58907,-0.95771
1168.1578,-0.01915,10.01046,1.97528
1168.1792,0.54589,9.60583,0.50040
1168.1963,0.58181,10.34806,-0.30647
1168.2159,-0.35196,9.60344,0.74223
1168.2386,0.23703,10.06553,0.19154
1168.2562,2.14048,10.20919,-0.85476
1168.2900,0.19394,8.39193,0.00718
1168.2987,1.49403,9.98413,-0.28013
1168.3158,0.64406,8.65530,-0.21309
1168.3365,0.53153,10.00089,-1.24981
1168.3585,1.19235,9.17726,-1.29291
1168.3761,-0.26098,9.97455,-2.05189
1168.4141,-0.82602,9.61301,0.34717
1168.4331,0.33041,8.55714,-1.83401
1168.4379,-0.65603,9.35443,-1.67120
1168.4579,-0.11971,9.66808,1.36953
1168.4803,1.05109,9.26584,-1.67360
1168.4961,0.04310,9.92188,-0.52195
1168.5161,0.11732,9.18204,0.50998
1168.5402,-0.47407,10.03441,-0.93377
1168.5785,-0.26337,9.32570,0.56984
1168.5787,0.18915,10.24271,0.36154
1168.5986,-0.07183,9.00247,0.11732
1168.6160,1.44375,8.99050,0.18915
1168.6360,1.91781,9.84765,0.22985
1168.6625,1.48684,10.10863,-0.06943
1168.6989,0.75180,10.49411,1.72388
1168.7175,0.28492,9.15571,-1.09897
1168.7191,0.56744,10.16609,-0.14126
1168.7365,0.53632,7.76463,0.10056
1168.7561,-0.35196,8.95219,-0.50519
1168.7793,-0.22746,9.79019,0.10774
1168.7977,1.83641,8.39433,-1.58980
1168.8175,1.08940,10.35284,0.72786
1168.8448,0.89067,10.04159,-1.59219
1168.8601,1.01038,9.19162,-0.89546
1168.8761,0.32083,11.15732,1.19714
1168.8984,-0.57941,10.70241,-0.29928
1168.9159,-1.01996,10.64734,1.78852
1168.9359,0.06225,9.91469,-0.32083
1168.9768,-0.50759,10.73832,1.86753
1168.9946,0.55547,10.59706,1.05109
1168.9976,0.49083,10.02962,-1.26657
1169.0184,-0.12929,10.02004,1.31206
1169.0366,0.91701,9.09824,0.36632
1169.0604,-0.11971,10.32172,0.81405
1169.0831,2.28653,8.91149,-0.00239
1169.0986,0.92180,10.48453,0.19154
1169.1376,-0.27774,10.31214,1.69036
1169.1434,-0.12929,10.83888,-1.11334
1169.1598,-1.03912,11.14535,-0.39506
1169.1777,-0.44294,11.02564,-1.10855
1169.2007,0.02873,11.54759,0.12211
1169.2183,3.24903,8.01124,-5.37275
1169.2396,3.27297,6.85241,-4.25702
1169.2720,4.59461,7.93702,-3.93379
1169.2780,-3.10059,11.45182,-0.02634
1169.2980,-2.55230,10.07271,0.97686
1169.3220,-2.20273,10.77903,2.31048
1169.3419,0.11253,9.95539,0.78293
1169.3617,-0.20830,9.53879,1.43417
1169.4023,1.26897,11.05916,0.39745
1169.4026,0.09098,8.02800,-1.28812
1169.4186,-1.70472,10.52523,-2.92580
1169.4402,-0.53871,6.91467,8.14772
1169.4589,2.32005,11.15971,-10.16130
1169.4791,1.67360,8.26982,-5.22670
1169.5016,0.13408,12.64177,-2.73426
1169.5192,2.27696,3.98886,-8.21476
1169.5516,3.84042,10.66171,-3.54353
1169.5626,0.89785,1.79092,-8.37517
1169.5780,5.95696,11.05676,-0.62251
1169.5978,0.30168,11.50210,-0.75420
1169.6202,1.98246,10.57312,7.74787
1169.6378,-3.23227,12.76149,0.46210
1169.6575,-1.16841,10.07032,5.01122
1169.6864,-2.73666,10.31214,-1.62332
1169.6978,-1.44135,6.01442,1.30488
1169.7195,2.53554,10.84606,-10.89874
1169.7419,-1.85556,4.04393,-4.41025
1169.7578,1.82204,10.55636,-10.01286
1169.7817,6.04794,7.61140,8.49968
1169.8210,5.88992,13.30020,-7.02241
1169.8213,-1.42459,8.75107,1.67839
1169.8422,-0.08619,10.39594,-1.77416
1169.8623,1.58262,5.05671,-1.74543
1169.8782,-0.43576,11.82053,-3.12932
1169.8997,2.68159,8.60502,-0.62012
1169.9225,1.22826,9.68005,-0.21548
1169.9661,0.80926,9.86681,-0.31126
1169.9663,1.35755,9.12937,-0.10295
1169.9835,1.30727,9.49091,-1.60177
1169.9987,0.87391,9.00487,0.35196
1170.0181,1.18277,9.12937,-0.06704
1170.0399,1.03912,9.63935,-0.86194
1170.0593,0.62730,10.04159,0.79969
1170.0775,0.76856,8.69361,-1.51318
1170.1088,0.92658,11.37281,0.56026
1170.1178,0.66321,9.51485,-0.56505
1170.1381,-0.28492,10.12299,1.32403
1170.1620,0.17239,9.31852,0.67519
1170.1799,-0.45252,9.85244,0.15084
1170.1981,-0.61533,10.23313,0.58660
1170.2417,-0.05267,9.69681,1.20432
1170.2418,0.18915,9.30415,0.86194
1170.2595,0.36632,7.85083,-0.52195
1170.2802,-0.12929,10.89874,-0.12690
1170.2993,1.05827,10.06314,-1.72388
1170.3219,1.56586,10.81254,-2.78933
1170.3440,-0.18915,9.90033,-0.67758
1170.3588,0.30168,10.70720,0.44534
1170.3932,-0.43815,11.11662,1.01038
1170.4005,0.40224,9.40471,-0.61293
1170.4180,0.39027,8.99290,0.97447
1170.4382,1.78852,8.75586,0.46210
1170.4603,2.67440,9.33528,-0.51956
1170.4779,-0.90982,12.75430,1.33840
1170.4993,-1.77416,10.34566,1.98007
1170.5245,0.05507,10.03201,-0.83560
1170.5375,-0.18675,10.13018,-0.96729
1170.5585,0.32323,9.85962,1.57543
1170.5814,0.18915,9.67287,0.73983
1170.5990,-0.77814,9.32809,0.68237
1170.6191,0.78772,9.71357,-0.67279
1170.6422,-0.30886,10.11102,-0.10774
1170.6716,-0.56984,9.72315,1.57783
1170.6803,2.02556,8.81093,1.15404
1170.7009,0.37111,9.87160,0.66561
1170.7184,0.28971,9.78540,0.73744
1170.7388,0.73025,9.94103,-0.12450
1170.7611,-0.77335,11.15493,-0.22027
1170.7794,-0.47407,9.22993,1.73345
1170.7998,0.33280,9.72315,-0.43097
1170.8213,-0.05746,9.48133,-0.66561
1170.8390,-0.99123,9.76625,1.55149
1170.8590,-0.41900,9.61541,1.56586
1170.8828,0.64645,9.80216,-1.18038
1170.9001,0.03113,9.31373,-0.77575
1170.9200,-1.51797,11.03761,0.32562
1170.9537,-0.02394,10.77184,-0.59378
1170.9602,0.73504,9.23711,-0.12929
1170.9803,-0.46688,9.89314,-0.43336
1171.0012,-0.76377,9.95300,0.50519
1171.0204,0.26337,9.71836,1.19714
1171.0403,1.39107,9.36880,-0.38308
1171.0608,-0.38787,10.30496,-0.16281
1171.0890,-0.70631,11.20281,-0.11732
1171.0984,0.16042,9.21078,0.26816
1171.1208,0.49322,9.86920,0.19154
1171.1385,0.99362,9.08388,0.50998
1171.1608,0.43097,10.05356,0.33280
1171.1831,0.13408,10.30256,-0.07901
1171.2202,0.57941,9.97694,1.00560
1171.2205,0.52674,9.48851,2.08062
1171.2426,0.42139,9.51724,0.74462
1171.2587,0.21070,9.55555,0.29450
1171.2789,-0.04549,9.58668,0.16999
1171.3046,1.03912,9.03360,1.32643
1171.3221,0.44534,8.46137,0.59857
1171.3420,0.07662,9.78780,-0.01915
1171.3738,-0.19872,10.11821,-0.19154
1171.3806,-1.13489,10.10623,0.34956
1171.4005,-0.76138,10.04159,0.80687
1171.4257,0.61293,9.37837,0.21548
1171.4467,0.78053,9.21078,0.24661
1171.4641,0.99841,9.22754,0.14366
1171.5022,-0.35196,9.91230,1.47727
1171.5023,0.60575,9.85962,-0.25379
1171.5205,0.87630,9.79977,0.55068
1171.5430,-0.17239,9.15331,-0.00479
1171.5608,-0.07183,9.37119,1.30488
1171.5809,0.88588,10.02722,0.90264
1171.6030,0.18436,9.31373,0.85715
1171.6216,0.30647,9.29457,-0.08619
1171.6561,0.50280,8.82769,0.05986
1171.6627,-0.29689,10.36482,0.62730
1171.6802,0.09338,9.96976,0.61054
1171.7002,-0.21070,11.45421,0.00718
1171.7227,-0.34478,11.27464,-0.26576
1171.7395,0.17239,7.98012,-0.43336
1171.7594,0.36632,9.75188,-1.57064
1171.7823,0.27295,10.29059,0.26576
1171.7994,0.28492,9.22993,0.49561
1171.8195,0.18196,11.27225,0.81645
1171.8424,0.35196,10.79100,-1.87951
1171.8641,-0.39027,9.60104,2.33442
1171.8862,-0.70152,10.03441,-0.17478
1171.9056,0.07183,9.01205,1.19235
1171.9216,0.46928,8.41109,0.65364
1171.9403,0.03352,11.20760,-1.01757
1171.9628,0.05507,10.25707,-0.97208
1171.9810,1.96331,8.84445,-0.84997
1172.0010,0.33759,12.50769,1.79092
1172.0426,0.25140,11.98574,4.24984
1172.0427,-2.32005,11.34886,1.45093
1172.0624,-1.48206,10.39834,2.15485
1172.0825,0.70871,8.18124,-0.58899
1172.1001,2.00401,11.19323,1.02236
1172.1201,2.19794,9.82371,1.08461
1172.1440,1.02236,9.72315,-0.44055
1172.1630,-1.38629,8.70798,1.68796
1172.1902,-0.50998,9.20120,1.54670
1172.2048,0.94095,8.04476,1.91063
1172.2213,0.98644,9.82610,-1.11334
1172.2407,0.90264,9.96497,-2.12612
1172.2634,0.92898,10.46777,-3.11495
1172.2811,1.33601,10.84846,1.04151
1172.3011,-0.05267,8.34165,0.70871
1172.3268,1.67120,8.88755,0.56026
1172.3457,0.52195,10.77424,0.29689
1172.3621,0.37351,8.51404,-0.57941
1172.3854,-0.86912,9.63696,1.11573
1172.4031,0.98884,10.78381,0.03113
1172.4246,0.79011,9.64414,2.65764
1172.4480,-1.03433,10.70959,0.54350
1172.4666,0.01197,11.10704,0.91701
1172.4830,0.19394,8.49249,-0.06704
1172.5055,0.44534,8.18363,0.99602
1172.5248,1.61135,8.64573,-0.73744
1172.5431,-0.07422,9.33528,2.02077
1172.5660,0.34956,8.98332,1.19235
1172.5840,-1.22347,10.24031,2.34639
1172.6107,-0.75180,10.02962,0.81645
1172.6265,-0.51237,11.56674,1.13728
1172.6439,-0.31844,9.47654,-0.11732
1172.6642,-0.66561,9.85962,-0.67997
1172.6892,1.03912,9.57710,-0.55547
1172.7068,0.68955,9.81892,0.52913
1172.7480,-1.05827,10.76227,1.38389
1172.7617,0.54589,9.34007,2.32963
1172.7649,1.24502,8.00406,-0.39745
1172.7845,0.52674,9.27063,1.70712
1172.8073,0.71589,11.04718,0.11732
1172.8250,0.49083,9.75428,0.35675
1172.8466,0.18915,10.53720,-0.75899
1172.8708,0.40942,10.76227,0.28731
1172.8879,0.37111,10.22355,-0.46688
1172.9066,-0.28013,9.85962,2.29850
1172.9276,-0.09577,11.55477,1.54431
1172.9451,-0.91701,10.33130,1.16122
1172.9669,-0.01197,9.82371,-1.13728
1172.9874,-0.51477,11.33450,2.35118
1173.0264,-0.28971,10.29538,1.98485
1173.0393,0.08619,10.19482,1.36474
1173.0474,0.16760,11.21478,0.86912
1173.0648,0.24422,8.14772,0.85715
1173.0851,1.11573,8.60742,0.31126
1173.1093,0.44294,11.54759,-0.05507
1173.1265,2.54990,9.87878,0.03591
1173.1642,2.68638,9.72076,1.10855
1173.1816,0.37111,10.42228,-2.56906
1173.1851,1.71430,7.62577,1.83641
1173.2052,0.25858,9.37598,-0.72307
1173.2291,-0.36632,9.93863,0.61772
1173.2461,-0.19633,8.32250,3.37353
1173.2661,-0.97208,9.05275,-1.13249
1173.2885,-1.85796,8.91628,0.37590
1173.3132,-0.98644,10.56354,1.26418
1173.3274,1.62092,6.27061,-1.47727
1173.3472,0.29210,11.36802,-2.30329
1173.3647,2.05429,7.85322,0.49083
1173.3856,2.61455,8.40390,-0.79729
1173.4078,-0.26816,14.13580,-3.03833
1173.4254,0.93856,6.46215,1.94415
1173.4596,-2.31766,10.73832,-1.17559
1173.4690,-2.68398,9.34964,4.21632
1173.4847,-0.72547,10.99690,-2.07105
1173.5049,-0.64885,9.22275,2.54272
1173.5273,0.35675,8.46855,2.94975
1173.5449,0.89067,7.81731,2.18597
1173.5664,1.28573,10.47016,-0.87630
1173.5884,0.51237,9.52682,0.45252
1173.6049,1.31685,9.56034,-2.43258
1173.6246,0.56984,9.38316,0.14366
1173.6482,0.10535,9.92666,-0.71828
1173.6654,0.05028,9.54597,3.47888
1173.6882,-1.53712,12.17010,1.86035
1173.7268,-0.79011,10.99451,2.77018
1173.7450,0.08859,9.93145,1.27136
1173.7451,-0.45970,10.68086,0.12929
1173.7672,-0.94095,10.54439,-0.79250
1173.7926,0.18675,9.72315,-0.06465
1173.8041,0.59378,10.04159,-0.52195
1173.8278,0.02394,9.03599,0.96250
1173.8525,0.45491,9.65372,2.66004
1173.8739,0.21788,11.29858,0.50280
1173.8883,-0.22985,11.91870,-0.18675
1173.9039,-0.26576,10.65931,1.31206
1173.9240,0.10535,8.88515,-0.69195
1173.9464,-0.47885,11.69124,0.99602
1173.9644,-0.55787,9.25866,-0.87870
1173.9843,-0.45970,9.64653,-1.32403
1174.0067,-1.27136,9.82131,0.37590
1174.0242,-0.01197,9.46457,0.54350
1174.0443,1.81247,9.63217,-2.61215
1174.0669,0.17957,10.39834,-0.33520
1174.0844,0.60336,8.82290,0.27295
1174.1042,-0.70631,10.78860,2.82764
1174.1267,-0.54829,11.02324,1.36474
1174.1477,0.21309,9.55555,3.11016
1174.1642,0.52674,10.82691,2.43737
1174.1866,2.20034,9.70878,2.43977
1174.2053,-0.49801,12.25150,-2.21949
1174.2252,0.66800,9.29457,0.00479
1174.2482,0.38308,9.64174,-0.60575
1174.2664,-0.96010,9.03839,1.41741
1174.3009,0.83800,8.34644,1.20671
1174.3099,0.84757,9.01684,1.73106
1174.3259,1.47966,10.76945,-1.47966
1174.3456,1.63768,7.61858,4.23068
1174.3685,1.39826,10.59706,-3.52198
1174.3862,-0.24900,7.66647,1.68078
1174.4064,-0.42858,9.35922,1.06545
1174.4355,0.78293,8.10462,1.34319
1174.4510,0.06225,9.34246,-0.82602
1174.4653,-1.12531,10.22595,-1.18038
1174.4879,-0.60336,8.79178,0.27295
1174.5054,0.63927,8.49968,1.03193
1174.5254,1.48924,8.91389,0.57941
1174.5502,1.52036,7.19480,-1.41023
1174.5686,1.34558,9.50767,1.79331
1174.5864,-1.61374,11.85645,3.11016
1174.6082,-0.38308,9.05036,0.79729
1174.6254,1.66642,10.76945,-0.71589
1174.6454,0.93856,7.26662,-0.86912
1174.6681,0.47646,12.78303,-0.62969
1174.6858,0.18436,9.00008,0.83560
1174.7183,-0.21309,10.47735,0.72547
1174.7284,-0.18196,9.63935,3.63930
1174.7480,0.80926,7.46056,4.16843
1174.7655,-1.74543,11.38957,-2.42540
1174.7894,-0.86433,9.19162,0.88828
1174.8071,0.96010,8.91389,-1.75740
1174.8271,0.36872,8.93783,0.19633
1174.8567,-0.36393,10.00807,-1.63529
1174.8657,-0.03591,9.36640,0.34478
1174.8855,0.29928,9.66808,1.22347
1174.9078,-0.37830,9.22035,0.57223
1174.9260,0.37111,10.50847,-0.09098
1174.9459,0.93616,10.49411,0.05746
1174.9692,0.27534,10.19722,-1.06066
1174.9867,-0.19154,10.92747,-0.24182
1175.0054,-0.01197,10.26426,0.61054
1175.0278,-0.22027,9.90272,1.08940
1175.0453,0.06704,9.90751,0.79490
1175.0654,0.47646,9.90512,0.98884
1175.0879,0.60336,9.36161,-0.18675
1175.1079,0.41182,10.41510,2.09738
1175.1310,0.32562,9.71836,1.03672
1175.1488,0.15802,9.81653,-0.10295
1175.1669,0.05267,10.35045,-0.12450
1175.1864,0.39745,8.41588,-0.47885
1175.2089,-0.05028,9.19641,0.03113
1175.2281,-0.14126,9.94582,-0.20591
1175.2485,-0.22506,9.12219,0.36872
1175.2799,0.67758,9.17486,1.47966
1175.2863,0.75899,9.55795,0.80448
1175.3062,0.92419,9.04796,1.25939
1175.3290,0.83800,10.60185,0.75899
1175.3466,0.26098,10.15412,0.87870
1175.3676,0.11253,10.40073,1.41262
1175.3889,-0.03831,9.67526,0.27055
1175.4073,0.23224,10.37439,0.03113
1175.4286,0.28492,10.50129,-0.10774
1175.4508,-0.52435,9.56273,-0.87630
1175.4667,0.10535,10.06074,-0.80926
1175.4877,0.50519,9.68963,-0.85236
1175.5104,-0.26816,9.92906,-0.61054
1175.5278,0.76617,9.67526,0.63209
1175.5533,0.26098,9.23472,-0.38308
1175.5706,-0.73744,9.73512,1.13967
1175.5863,0.01197,9.85005,-0.52913
1175.6064,-0.25619,9.89554,0.11493
1175.6302,-0.84997,10.75029,0.64645
1175.6490,-0.83081,10.02962,0.67519
1175.6691,-1.00320,11.10944,0.73744
1175.6978,-0.90504,10.35524,1.52755
1175.7074,0.34717,8.54996,0.84518
1175.7274,1.13010,8.79896,1.83641
1175.7531,1.65205,9.15331,1.00799
1175.7709,1.20193,9.24908,0.01437
1175.7910,0.36872,10.08708,-0.12211
1175.8108,1.63290,9.38556,0.03113
1175.8403,0.77814,8.89952,-0.29928
1175.8473,0.00479,10.62819,1.27375
1175.8713,0.31126,9.65132,0.47167
1175.8875,0.27055,9.46217,-0.28013
1175.9076,-0.28971,8.91628,0.21548
1175.9323,0.30886,9.24908,-0.07183
1175.9673,0.52435,9.39992,1.08221
1175.9849,1.35277,9.01684,0.20351
1175.9901,0.12450,9.24190,1.23784
1176.0077,-0.84518,10.36721,1.24742
1176.0280,-0.50519,9.86202,1.03193
1176.0519,-0.42139,9.34725,1.10615
1176.0695,-0.75899,10.21877,1.49642
1176.0986,0.11732,9.68724,3.14129
1176.1230,0.26816,9.64174,1.95373
1176.1296,0.35196,9.81653,-0.11971
1176.1495,0.45012,9.70878,-0.24661
1176.1716,0.95532,9.43584,-0.89067
1176.1881,0.86433,9.19162,0.23703
1176.2096,-0.31365,9.52203,1.74543
1176.2458,-0.35675,10.11342,0.61293
1176.2629,0.72547,10.03680,0.80208
1176.2673,0.03591,9.96976,-0.86433
1176.2894,0.50759,9.92906,-0.76138
1176.3073,0.55068,9.25387,0.10295
1176.3276,-0.44534,10.53002,0.24900
1176.3513,-0.06225,10.00567,0.84518
1176.3685,0.35435,10.10384,-0.40463
1176.4050,0.76377,10.36721,-0.30886
1176.4116,0.80687,10.24989,-1.24263
1176.4321,0.44294,10.30975,-0.30886
1176.4474,-0.07901,9.67048,0.43815
1176.4698,-0.77335,10.52763,2.04471
1176.4875,-0.14605,10.35284,0.61772
1176.5094,0.98644,8.98811,0.51237
1176.5321,1.17080,8.88755,-0.02873
1176.5476,1.50360,8.91389,0.54350
1176.5669,0.05507,11.71758,0.18436
1176.5895,-0.28731,10.93226,2.16203
1176.6093,-0.55308,12.16292,2.40625
1176.6290,0.17718,9.90272,1.30967
1176.6508,-0.75659,10.02483,2.24583
1176.6788,-0.94813,9.14852,1.18038
1176.6918,-1.04630,9.61780,0.52913
1176.7095,-0.28252,10.00807,-0.93616
1176.7288,0.09817,8.73431,0.57223
1176.7495,0.54589,8.31053,-0.72307
1176.7716,-0.33280,10.76945,-0.32562
1176.8058,-0.50759,9.95300,-1.29530
1176.8083,0.49801,8.04955,0.22506
1176.8304,0.85715,8.19560,-0.21309
1176.8479,0.61054,7.89871,0.64645
1176.8676,-0.60336,11.89715,-0.95771
1176.8896,-0.04789,8.33208,0.48604
1176.9082,0.10295,10.55875,1.15165
1176.9269,0.29689,10.15891,0.29450
1176.9492,0.17239,9.74230,0.18915
1176.9669,-0.96729,10.97536,-0.43576
1176.9913,-0.53871,10.79578,1.19953
1177.0106,0.95532,8.68643,1.02236
1177.0283,-0.65124,10.98254,-3.62972
1177.0498,-0.71110,11.54519,-0.04789
1177.0884,0.42618,9.34007,4.93939
1177.0890,-0.84278,11.90912,-2.49723
1177.1083,-1.70712,10.05595,3.52437
1177.1305,-0.05028,10.37439,2.79172
1177.1500,-0.46928,10.20679,-0.36872
1177.1704,-0.94813,11.26027,0.77096
1177.1912,-0.57702,9.17726,-0.45731
1177.2195,0.39745,9.57710,-1.39586
1177.2375,-0.95532,10.05117,-0.12929
1177.2509,-1.09418,8.96895,0.45491
1177.2679,0.10774,8.95938,-0.25140
1177.2880,0.32562,9.39035,-0.36393
1177.3099,0.39027,10.27144,0.34956
1177.3442,0.84757,10.40791,-0.61533
1177.3528,0.95532,8.83009,-1.23545
1177.3700,0.00479,9.53400,0.24900
1177.3878,0.43576,9.73512,0.61293
1177.4077,0.87391,9.30655,0.29928
1177.4302,0.27774,9.30894,-0.58899
1177.4515,-0.39984,10.07271,0.51477
1177.4700,0.40463,8.98092,0.09098
1177.4918,0.02155,9.70160,-0.10774
1177.5081,-0.35914,9.17486,0.64167
1177.5278,0.06943,8.60023,1.86035
1177.5513,0.79490,9.13416,-0.28731
1177.5692,0.59139,9.79019,-1.04151
1177.5891,-0.41660,9.76625,0.82124
1177.6117,0.37111,9.14613,1.34319
1177.6301,0.81166,9.83808,1.30009
1177.6477,0.66800,9.15092,-0.63448
1177.6700,0.14605,9.33049,0.60336
1177.6879,-0.09098,9.65372,1.87472
1177.7095,0.82124,8.98571,0.98165
1177.7318,0.42379,9.45260,-0.08141
1177.7495,-1.13010,11.01606,0.20591
1177.7778,-0.06225,9.40471,0.42379
1177.7921,0.30886,8.45897,-0.54589
1177.8075,-0.39506,10.22355,-0.97686
1177.8276,-0.03352,8.81333,0.26576
1177.8502,0.90264,9.71597,-1.21869
1177.8676,-0.46210,9.93863,0.88109
1177.8878,-0.45970,10.15891,1.42459
1177.9296,0.72786,10.58988,0.18915
1177.9297,-0.17478,9.79258,1.60656
1177.9476,-0.18675,9.16289,1.18038
1177.9708,1.07982,9.87878,-0.17239
1177.9875,-0.61054,11.49491,0.59617
1178.0092,-1.03433,9.99131,3.24903
1178.0320,0.61054,10.37918,-0.50998
1178.0500,0.31365,11.02324,-1.10376
1178.0680,-0.62491,10.69523,-0.29928
1178.0902,0.60336,9.35443,-0.48364
1178.1077,0.58899,10.28102,-0.48604
1178.1317,-0.60815,9.35922,0.49801
1178.1537,0.94095,9.19641,-1.98007
1178.1885,1.40544,9.36880,-1.59219
1178.1904,0.27774,9.28500,1.32403
1178.2119,1.15643,8.41588,-0.18436
1178.2296,0.32562,8.88755,-0.54350
1178.2476,-1.64966,11.68885,1.06066
1178.2698,0.46210,8.94501,-0.96489
1178.2876,-0.20112,10.84606,0.79969
1178.3168,-0.53392,10.18046,0.87391
1178.3379,0.28731,9.08148,0.05746
1178.3485,-0.66082,10.96817,0.36872
1178.3695,0.67040,8.30095,1.07982
1178.3939,0.23224,8.99768,-1.55867
1178.4114,-0.16042,10.01525,0.63927
1178.4313,0.50759,9.22035,1.24502
1178.4718,0.77096,8.89952,0.50040
1178.4720,0.08619,9.89793,-0.10774
1178.4904,1.01757,8.71037,-0.06704
1178.5120,0.54111,10.75748,0.50040
1178.5272,-0.40463,9.31852,0.74462
1178.5479,0.11253,9.68005,0.56026
1178.5717,-0.98165,10.87480,0.29928
1178.5894,-1.21629,9.49569,1.23545
1178.6090,0.12211,9.24190,-1.42699
1178.6304,-1.50600,10.92986,0.95771
1178.6475,0.24182,8.61221,-0.09098
1178.6678,0.53871,11.11901,-1.82683
1178.6902,-0.20830,10.88198,-0.10295
1178.7081,1.07264,8.97853,-0.51477
1178.7284,0.96729,10.64255,-1.35995
1178.7578,-0.18675,10.13975,0.09098
1178.7678,0.55308,9.51724,0.55787
1178.7876,0.33041,10.57072,-0.20830
1178.8121,0.86194,9.00247,0.25858
1178.8312,0.67997,10.13736,-0.32802
1178.8513,0.19394,10.01765,0.17957
1178.8958,1.12052,8.83248,-0.79490
1178.8959,0.23943,8.69122,-0.56026
1178.9108,0.28252,9.37837,0.92898
1178.9299,1.02236,9.16289,-1.39107
1178.9475,0.83081,8.77741,-0.98165
1178.9675,0.84039,9.06233,-0.21788
1178.9902,1.10855,9.98652,-1.47248
1179.0165,-0.26098,11.58590,2.59300
1179.0342,1.04390,9.20359,1.41262
1179.0507,1.00799,10.33608,-0.12929
1179.0691,-1.45811,11.20281,2.05429
1179.0896,-1.17559,9.25866,0.63927
1179.1121,-1.30967,10.90832,-0.35196
1179.1299,-0.22506,10.34327,-1.03912
1179.1503,0.24661,9.08148,0.59617
1179.1813,0.01197,9.16768,-1.58980
1179.1885,1.22826,8.99768,-1.01278
1179.2083,0.26337,9.26824,-0.51956
1179.2308,-1.58501,10.23074,2.84200
1179.2484,-0.23224,9.33528,0.75180
1179.2699,-0.59139,9.27303,-1.19474
1179.2931,-1.33122,12.18446,1.11813
1179.3102,-1.35277,9.45739,1.52755
1179.3303,-1.97049,11.60505,1.90105
1179.3517,0.72068,10.99451,-0.15323
1179.3702,-0.46688,9.91948,-0.34478
1179.3905,-1.08940,9.41429,-1.32164
1179.4150,0.28492,9.99610,1.29051
1179.4495,1.58022,10.03680,0.52913
1179.4622,2.60258,8.76783,-0.03591
1179.4711,1.15165,8.66488,0.23464
1179.4884,0.91461,10.72156,0.98405
1179.5084,1.09418,8.98811,1.75021
1179.5310,-0.60096,9.85962,-0.46449
1179.5502,-1.37671,11.50449,3.25143
1179.5724,-2.20752,10.34327,0.57223
1179.6086,-1.60416,10.34566,-0.18196
1179.6111,-0.44055,10.33369,1.25221
1179.6307,-0.56026,11.49731,1.46290
1179.6531,1.83162,10.19243,0.72786
1179.6697,1.48924,9.52203,0.77814
1179.6890,-0.47646,10.32651,1.57783
1179.7219,1.30727,9.73991,0.41421
1179.7393,0.77575,8.46616,-1.18756
1179.7485,-1.57543,9.94342,-0.24900
1179.7705,-0.84278,9.27542,-0.10295
1179.7880,-1.13249,12.49333,0.40224
1179.8082,-0.54589,9.58668,3.18199
1179.8307,0.62251,9.03839,0.19633
1179.8484,0.93856,9.49330,-1.98007
1179.8745,1.27375,9.29457,-1.41980
1179.8910,0.30168,11.25788,1.39347
1179.9082,0.46688,7.24268,1.15883
1179.9281,1.59698,7.75506,-2.12612
1179.9510,-0.89546,9.20120,-1.23784
1179.9684,-0.77096,8.35362,0.84278
1179.9897,0.81884,10.27862,1.00799
1180.0177,-1.01278,9.92188,1.03193
1180.0306,-0.29450,10.50129,-0.17957
1180.0485,0.26576,11.07113,0.97447
1180.0721,0.47167,10.30496,1.61853
1180.0881,-0.77096,12.07672,1.98964
1180.1082,-1.94415,12.26348,1.32164
1180.1495,-0.63688,10.26665,-0.09338
1180.1638,-0.34478,12.02165,-0.02155
1180.1686,-1.01038,11.03761,0.41900
1180.1908,-0.18196,11.73674,1.12291
1180.2090,-0.96729,11.18605,-0.52435
1180.2285,-0.92419,10.26186,-0.12690
1180.2506,-1.09418,9.90990,0.72068
1180.2697,-0.84039,9.74709,0.56984
1180.2894,1.27854,8.47573,-0.72786
1180.3104,-0.13887,8.90191,0.57941
1180.3285,1.29530,9.13655,-0.18196
1180.3500,2.45892,8.87318,-0.87870
1180.3723,0.30407,9.66090,0.08141
1180.3926,0.09817,9.28739,0.51956
1180.4263,1.13728,8.49489,-0.99123
1180.4442,-0.08859,9.03599,0.26576
1180.4503,-0.39266,9.90033,0.68237
1180.4705,0.11971,7.96336,-0.02634
1180.4926,0.57463,9.07430,0.53392
1180.5084,-0.49801,10.29299,0.10774
1180.5286,0.41182,10.21158,1.29770
1180.5535,1.06785,9.34485,-1.36234
1180.5699,0.08619,9.51724,1.33601
1180.5912,-0.28971,9.96737,1.25699
1180.6144,0.79969,9.13895,1.43656
1180.6279,-0.58420,11.37999,0.63448
1180.6482,-1.40065,9.99610,1.32643
1180.6718,-0.26337,9.90272,0.78772
1180.6896,0.64167,10.03441,-0.16520
1180.7101,-0.14605,10.13257,0.43576
1180.7322,-0.37590,10.09187,0.17478
1180.7480,0.24900,10.71438,-0.16281
1180.7684,0.21309,8.64094,-0.64406
1180.7921,-0.24900,9.74230,0.86673
1180.8081,0.82363,9.20359,0.99602
1180.8296,1.57304,9.49809,-1.15404
1180.8656,0.42858,9.31133,0.67997
1180.8683,-1.18756,9.74230,-0.37351
1180.8885,-0.66561,8.39912,-0.32083
1180.9104,-0.49083,9.86441,0.47167
1180.9297,-1.33122,9.60344,1.20911
1180.9498,-0.01915,10.21637,-0.71349
1180.9729,-1.05827,10.02483,-0.37590
1180.9915,-1.04151,9.80695,0.03352
1181.0109,-0.23464,8.30574,0.46449
1181.0311,0.67519,8.24588,-0.83800
1181.0502,0.08619,10.39115,0.47646
1181.0697,0.10056,8.94022,1.42938
1181.0942,0.23224,9.43584,-1.46051
1181.1393,0.78293,10.03919,-0.62012
1181.1394,-0.23464,9.73033,1.87711
1181.1542,-0.28731,10.57312,0.35196
1181.1677,0.52674,9.93145,-0.02394
1181.1877,0.05746,9.64893,0.39027
1181.2100,0.41421,10.72635,-1.03433
1181.2297,0.67279,10.23313,-1.22587
1181.2494,-0.58660,9.89075,0.23464
1181.2815,0.01437,10.27862,1.13489
1181.2886,0.97686,9.32091,0.00958
1181.3079,0.34238,10.42946,-0.85476
1181.3304,0.39745,10.59467,0.47646
1181.3529,1.36474,9.91948,-0.34478
1181.3693,1.01757,10.57312,-1.37431
1181.3921,-0.53392,10.35284,0.50280
1181.4221,-0.22506,10.21877,1.79331
1181.4298,0.01676,10.62819,0.05267
1181.4498,-0.52674,10.04398,0.27055
1181.4678,0.42618,11.34407,-0.58660
1181.4879,0.15563,9.51245,-2.42779
1181.5116,-1.01996,10.21158,1.90584
1181.5292,-0.57223,9.28260,1.35277
1181.5601,0.48364,9.08148,-0.20351
1181.5704,-0.39027,11.21957,0.71828
1181.5879,-1.24023,10.86522,1.36953
1181.6079,0.58660,9.19162,1.15404
1181.6339,0.23943,9.95300,-0.05507
1181.6517,0.35435,8.88276,1.45093
1181.6898,0.36154,10.13257,0.74462
1181.6931,-0.21548,10.55636,1.90584
1181.7078,-1.69754,8.70079,0.61054
1181.7284,-1.09897,11.02085,0.01915
1181.7517,-0.56744,8.17884,-3.07664
1181.7689,1.69994,9.68005,-0.56744
1181.7892,1.16841,9.83568,-0.59139
1181.8112,-0.01915,9.40471,-1.14925
1181.8398,0.70152,8.92586,0.82124
1181.8475,-0.47167,8.95698,2.40864
1181.8719,0.91701,7.64013,0.68716
1181.8894,1.00799,9.96976,0.09338
1181.9078,-0.35914,10.22595,0.83081
1181.9315,1.28812,9.56034,-0.57463
1181.9508,0.47167,8.29616,-2.78933
1181.9818,-0.36872,9.90033,-1.37671
1181.9904,-0.63688,9.51724,1.19235
1182.0078,-0.25140,9.29457,0.00239
1182.0280,0.15084,10.21637,-0.72068
1182.0503,-0.52674,10.17806,2.43498
1182.0681,-0.27774,10.87958,2.19316
1182.0892,-0.93377,10.31214,-0.51237
1182.1285,-0.28492,12.25390,1.63290
1182.1285,-0.87152,11.46618,1.87711
1182.1476,-0.29210,8.83009,-0.14605
1182.1715,-0.16999,9.62977,0.12450
1182.1893,-0.50759,10.52523,0.15084
1182.2078,-0.05986,10.61861,4.70954
1182.2314,1.41741,10.52284,-0.45970
1182.2506,-0.67758,11.95222,3.84760
1182.2677,-0.41900,11.06634,6.12695
1182.2902,-2.86355,13.58512,-0.75659
1182.3077,-0.82602,7.89871,4.42223
1182.3279,-2.45653,11.74871,-0.02155
1182.3501,-4.15407,14.01608,5.81330
1182.3678,4.03675,8.22912,-4.10379
1182.3890,-0.43576,3.18917,-2.40864
1182.4099,1.01278,15.89080,-3.55071
1182.4292,-4.03914,10.24510,3.27537
1182.4478,-0.65603,0.60575,4.27857
1182.4706,2.13569,12.28263,0.34717
1182.4878,-4.22350,9.27063,3.73028
1182.5117,0.02873,3.52437,0.75180
1182.5448,0.93616,7.91308,-5.65528
1182.5481,-4.38392,9.31852,-0.69434
1182.5674,1.94655,6.49806,2.57145
1182.5898,-0.25619,10.11102,-3.03115
1182.6075,0.44773,8.30574,-1.89866
1182.6276,2.70792,8.59305,1.97049
1182.6517,1.24023,11.90673,-0.86912
1182.6696,-0.73025,11.61463,1.58980
1182.6882,-1.89387,9.04078,-1.67839
1182.7100,0.76377,11.55956,-0.28252
1182.7272,1.15643,8.45897,1.32164
1182.7491,-1.17559,10.94902,-0.79729
1182.7716,-1.98246,9.19880,2.39188
1182.7892,0.00479,8.85163,-0.16281
1182.8083,-0.29210,8.99768,1.47727
1182.8318,-0.08619,8.61460,0.20351
1182.8478,0.71589,8.75347,0.94334
1182.8674,0.96729,10.48692,-1.29291
1182.8895,0.45012,8.17166,3.15565
1182.9073,-0.61772,10.44622,0.56505
1182.9285,-1.16841,9.95779,2.85876
1182.9510,-0.56984,9.73512,0.28971
1182.9672,-0.29450,10.34087,2.58342
1182.9872,-0.63688,10.26665,0.66321
1183.0093,-0.82363,10.24271,0.86433
1183.0270,-0.67758,10.67607,-0.52913
1183.0514,-0.10295,9.15571,0.68955
1183.0948,-0.30647,9.16528,0.67040
1183.0951,-0.01915,9.52921,-0.21788
1183.1091,0.00718,9.48372,-0.39266
1183.1299,-1.13249,10.42467,0.50759
1183.1475,-0.57702,10.99451,-0.89306
1183.1676,-0.28731,7.83167,-0.62730
1183.1918,0.24422,8.32489,0.94813
1183.2090,0.33759,8.86121,-0.61054
1183.2394,-0.75899,10.95860,0.70871
1183.2498,0.02394,10.15172,1.04390
1183.2672,0.78293,10.19243,1.69036
1183.2875,0.51477,10.15651,1.64487
1183.3114,1.14925,10.95141,-0.29928
1183.3286,0.82602,8.19800,1.43417
1183.3522,0.62969,9.99131,1.08700
1183.3789,1.17798,9.41429,1.32643
1183.3938,1.77416,8.87797,-0.21309
1183.4082,1.16841,9.75428,0.01197
1183.4304,1.15883,10.42946,0.28252
1183.4500,0.83321,8.69840,2.11414
1183.4686,0.41421,9.94342,0.99123
1183.4907,1.87711,8.88037,1.54191
1183.5093,-0.13647,9.73512,-0.95771
1183.5306,-0.39027,10.27623,-0.82363
1183.5546,0.69913,8.56911,-0.02394
1183.5720,-0.31844,8.86600,1.62092
1183.5923,0.00239,9.17726,2.12372
1183.6143,0.88588,10.13975,0.99123
1183.6469,0.51956,8.00646,0.23464
1183.6641,0.78293,10.42228,-0.07422
1183.6711,0.25379,10.10863,1.16601
1183.6886,0.04789,9.65611,2.15485
1183.7083,0.56744,9.77822,1.64487
1183.7311,0.07901,10.49171,1.53952
1183.7499,-0.93856,10.85564,1.40065
1183.7719,0.72307,9.29697,-1.34079
1183.8020,0.06465,10.14215,-1.74064
1183.8104,1.25221,8.77502,-1.01278
1183.8286,0.80687,10.82691,-0.08619
1183.8527,0.20591,10.22595,0.81166
1183.8706,0.13408,10.09905,0.51716
1183.8909,0.73504,9.03120,0.64406
1183.9310,1.15883,9.81653,-1.83641
1183.9312,1.52755,8.91149,0.86673
1183.9491,4.01759,9.28500,-3.16763
1183.9706,2.78215,7.64013,-1.06545
1183.9899,-0.16281,10.50129,-0.59857
1184.0083,0.34478,8.56672,0.04789
1184.0326,0.03113,9.22754,-0.84278
1184.0481,0.39506,8.03040,1.40065
1184.0677,0.65364,11.88997,1.76458
1184.0900,1.93457,9.33288,0.58660
1184.1078,1.73585,9.44063,0.45970
1184.1278,-0.34717,9.92666,0.00479
1184.1503,-0.28971,9.29697,0.32083
1184.1708,-0.40224,10.10623,1.52515
1184.1906,-0.03352,9.75667,2.70792
1184.2230,-0.21788,9.08867,2.66722
1184.2312,-1.74782,10.49650,-1.20911
1184.2506,-1.05348,10.32172,1.25699
1184.2717,-1.01996,9.29218,2.79891
1184.2930,-0.14366,9.55076,-0.32083
1184.3138,0.30407,10.86043,-0.17957
1184.3521,0.76617,9.47175,0.94813
1184.3522,-0.13408,9.08388,0.25379
1184.3698,0.22027,9.25866,1.38150
1184.3916,0.25619,9.11261,1.35755
1184.4092,0.13169,9.31133,0.47167
1184.4297,0.42139,9.96737,0.36872
1184.4537,0.17239,9.31852,1.13249
1184.5005,0.79490,9.51964,1.92500
1184.5006,1.55388,9.37359,1.82444
1184.5173,1.57304,9.78301,2.46131
1184.5288,0.97686,9.93624,0.75180
1184.5492,0.76617,10.66889,0.24422
1184.5713,0.60336,10.93944,1.33840
1184.5891,0.22267,10.77663,1.73824
1184.6093,0.91222,9.59625,0.44773
1184.6410,1.19235,8.38475,-0.47407
1184.6487,0.59139,10.42228,0.29689
1184.6725,1.11813,10.28102,0.75180
1184.6921,0.55547,9.77822,0.45731
1184.7094,0.22985,9.73752,-0.79250
1184.7306,-0.57941,10.07271,-0.24900
1184.7618,-0.50759,10.13496,-0.34478
1184.7734,0.88828,9.16289,0.59139
1184.7908,1.01278,10.30256,-0.73983
1184.8132,0.56026,9.97215,0.54589
1184.8306,0.28492,10.58270,1.38150
1184.8505,0.27774,11.15014,-0.82124
1184.8729,0.46688,10.16609,0.37111
1184.8910,0.23703,10.27862,-0.11732
1184.9250,0.49561,10.23792,1.22108
1184.9321,0.39506,9.92666,1.42938
1184.9498,0.50040,10.34327,0.61772
1184.9698,1.42938,9.87399,-0.55308
1184.9926,0.63688,9.48612,0.62969
1185.0100,0.88828,9.15331,-0.21309
1185.0310,0.67519,10.04877,1.28573
1185.0663,0.25140,9.23472,0.79490
1185.0708,-0.61293,11.01606,1.05348
1185.0903,0.28731,10.55157,1.30249
1185.1138,-0.32562,9.61062,0.39984
1185.1313,-0.20830,10.75508,-0.35675
1185.1514,0.32802,8.46616,0.03831
1185.1737,0.01676,8.21236,1.57304
1185.1919,0.36632,10.03441,-0.06943
1185.2118,0.09817,9.38316,-0.88349
1185.2332,-0.23224,9.43344,-0.04549
1185.2522,-0.27055,10.56115,0.00958
1185.2722,-0.26337,10.52763,0.59857
1185.2948,0.08380,9.54119,0.97686
1185.3126,-0.33280,10.25229,0.65603
1185.3441,0.08380,9.65850,1.09658
1185.3531,0.49083,9.03120,1.67839
1185.3708,0.04789,9.03360,1.34798
1185.3909,-0.10774,9.56273,0.15084
1185.4148,-0.85715,9.35922,1.14686
1185.4329,0.27534,9.55555,-0.09577
1185.4542,-0.09098,9.57231,-0.40703
1185.4856,-1.12770,10.89874,0.33520
1185.4907,-0.19872,10.11581,0.34478
1185.5110,0.46928,9.36401,0.01915
1185.5334,0.00000,9.02881,-1.00081
1185.5531,0.65843,9.94342,-0.24422
1185.5724,0.47885,9.78061,1.46530
1185.5948,-0.12690,9.55076,0.18196
1185.6244,0.00479,8.83487,0.35435
1185.6377,0.42618,9.98173,-0.01676
1185.6561,-0.46449,10.75748,-0.23224
1185.6718,-0.02873,9.62738,0.83560
1185.6917,0.24900,9.79258,0.21070
1185.7151,0.44773,9.68245,0.28971
1185.7335,0.27534,10.84367,0.51477
1185.7682,0.24182,10.91071,0.02634
1185.7758,-0.19154,10.70959,-0.13408
1185.7919,-0.20351,10.86282,-0.11253
1185.8118,-0.03352,9.53400,0.36872
1185.8356,-0.78772,9.71118,-0.18196
1185.8534,1.05827,9.12698,0.13169
1185.8730,0.89785,9.01923,-0.28971
1185.9026,0.46688,9.16528,0.48364
1185.9117,0.42618,9.46457,-0.18196
1185.9318,-0.45012,12.31854,3.38550
1185.9541,-1.57064,11.41351,3.34959
1185.9716,-1.08461,11.36562,2.12851
1185.9917,0.44055,11.99053,1.67120
1186.0153,-0.32323,9.24430,3.80450
1186.0471,0.53871,10.05835,0.89785
1186.0519,1.02954,7.48929,1.30488
1186.0756,1.91542,8.22912,-0.44055
1186.0916,-0.09098,8.18363,2.20273
1186.1116,-0.47407,10.47974,-0.25140
1186.1364,-0.28731,10.29059,0.81884
1186.1516,-1.26657,10.43904,0.62491
1186.1720,-0.02634,8.15490,1.77655
1186.1940,-0.84757,10.60424,-0.43336
1186.2117,-0.48843,11.03521,0.27295
1186.2322,-0.26816,9.43105,0.77096
1186.2551,-0.98405,9.72076,1.68318
1186.2729,0.11014,9.14852,-1.57543
1186.2939,0.05028,9.87878,-0.73504
1186.3276,-0.40703,10.46059,-0.90743
1186.3319,0.26576,9.61062,0.13647
1186.3518,-0.27055,9.74949,2.30329
1186.3759,0.16760,10.36960,-0.09817
1186.3933,1.71430,8.79896,0.86912
1186.4116,0.33041,9.44781,0.85954
1186.4355,0.43336,9.60583,0.25140
1186.4679,0.66082,9.45260,1.39826
1186.4717,0.06225,8.92107,1.08700
1186.4937,0.04789,11.12380,1.65205
1186.5129,-0.49801,10.35524,2.07584
1186.5331,-0.83081,9.88596,1.20193
1186.5552,-1.25699,11.63139,0.66561
1186.5731,-1.35037,11.08549,1.02475
1186.5931,-0.77814,9.23232,-0.20351
1186.6147,-0.76856,10.61861,0.11732
1186.6322,-0.00718,8.44700,1.91542
1186.6520,0.65124,8.57869,0.33999
1186.6742,0.38308,9.67287,-0.49322
1186.6931,0.16281,9.18444,0.65124
1186.7133,0.05746,10.13736,2.04471
1186.7415,0.10774,10.94184,1.79331
1186.7548,0.39027,10.30975,1.36474
1186.7716,0.11971,10.45819,0.23224
1186.7935,-0.06225,11.23633,0.96968
1186.8124,0.42379,9.65850,2.18837
1186.8335,-0.05986,9.89314,0.48125
1186.8555,0.14605,9.26345,1.33840
1186.8735,-0.27774,9.45260,0.00239
1186.8920,0.08619,9.18444,0.06704
1186.9146,-0.59857,9.59625,0.41900
1186.9337,-0.86673,10.05117,0.72786
1186.9539,-0.03352,9.62977,0.46449
1186.9761,0.28731,8.82769,1.09897
1187.0117,-0.11014,9.56273,0.45731
1187.0309,0.57463,9.61541,1.31685
1187.0345,0.34956,10.25229,0.51477
1187.0514,0.23943,10.10863,1.58022
1187.0714,0.87870,9.79498,0.27774
1187.0953,0.67519,9.72076,0.96250
1187.1130,0.07662,9.27303,-0.20351
1187.1329,1.38150,9.49569,1.13489
1187.1621,0.13887,9.13416,0.79011
1187.1719,-0.50519,8.95698,1.23305
1187.1915,0.23943,9.47654,1.70472
1187.2141,0.19394,9.32570,2.69116
1187.2318,0.33999,10.20440,0.54350
1187.2518,0.66561,9.80216,1.98485
1187.2764,0.39506,10.17567,2.09499
1187.2937,0.87391,9.21317,2.39667
1187.3136,1.04630,9.46217,0.72786
1187.3342,0.13408,10.36003,1.62332
1187.3536,-0.05507,9.52682,1.49163
1187.3750,0.21548,9.88596,1.28573
1187.3978,0.20591,9.66808,0.34717
1187.4309,0.55547,9.15810,1.80289
1187.4457,0.40224,9.62738,2.88271
1187.4558,-0.05267,9.11979,2.11654
1187.4730,0.88588,9.23232,1.07264
1187.4944,-0.13408,10.73114,1.33840
1187.5170,-0.61293,10.46537,-0.36632
1187.5348,-0.13169,10.62819,-0.31126
1187.5685,-0.93856,10.73114,0.74223
1187.5851,-0.28731,10.22116,1.55628
1187.5927,0.49322,10.60424,0.44294
1187.6141,-0.81405,11.08549,0.13647
1187.6364,-0.80926,10.25947,-0.04549
1187.6525,1.15643,9.40711,0.85954
1187.6744,0.48843,9.65850,0.70631
1187.7152,0.32323,9.34246,0.36154
1187.7153,0.41900,10.08469,-0.26337
1187.7334,-0.46688,9.72554,-0.07901
1187.7544,-0.10535,9.67766,-1.48206
1187.7722,-0.23464,9.48612,0.63448
1187.7922,-0.66321,9.35922,1.08700
1187.8160,0.16042,9.23472,-0.54589
1187.8341,0.72307,9.97215,0.52913
1187.8627,0.33280,9.62738,-0.33280
1187.8818,0.37351,9.49569,0.37590
1187.8921,-0.35675,9.83808,0.87630
1187.9122,-0.71828,10.97536,0.96968
1187.9374,-1.16601,10.27383,1.89387
1187.9561,-1.10615,10.44862,-0.04070
1187.9896,-0.57702,9.37837,-0.36154
1188.0061,0.10295,9.31852,-0.91701
1188.0121,1.26657,7.95139,0.72307
1188.0325,1.04630,9.08388,0.24661
1188.0544,0.13887,8.46855,-0.12690
1188.0721,0.36872,10.09905,-1.03672
1188.0925,-0.20112,10.08708,-0.64167
1188.1161,-0.12929,10.99930,-0.81166
1188.1479,0.02394,10.24031,-0.00958
1188.1531,0.24900,10.16609,1.30727
1188.1764,0.61533,10.36721,0.71589
1188.1941,0.21070,10.66410,1.63290
1188.2139,0.54589,10.79818,1.43178
1188.2362,0.31844,10.75029,0.96489
1188.2538,-0.00718,9.78061,-0.41660
1188.2831,0.06465,10.50368,-0.23703
1188.2942,0.12929,9.55555,-0.19394
1188.3120,-0.27055,9.39992,-0.53153
1188.3322,-0.21788,9.15810,0.35675
1188.3546,-1.59938,9.62738,-0.24422
1188.3722,0.10056,9.89554,-0.20351
1188.3955,0.40703,9.56513,0.04789
1188.4265,-0.34956,9.39753,-0.34956
1188.4332,0.69434,9.42387,-0.15084
1188.4534,1.06785,8.84445,-0.20830
1188.4773,0.39266,8.48052,-0.53871
1188.4971,0.05986,8.38715,0.65603
1188.5171,-0.60096,9.98891,-0.05986
1188.5579,-1.19953,10.20201,1.31446
1188.5581,-0.39984,10.60664,1.09897
1188.5771,0.00239,9.40711,1.06066
1188.5958,-0.08141,9.96976,1.09658
1188.6134,0.55308,9.36640,0.34478
1188.6335,0.05028,10.10384,-0.17957
1188.6570,0.28731,9.69681,-0.25858
1188.6749,-0.01197,10.15651,-0.23703
1188.6959,-0.54829,9.89793,-0.51237
1188.7163,-0.88828,10.55636,0.19872
1188.7340,-0.04789,9.62259,0.14845
1188.7578,0.42139,8.81811,-0.73504
1188.7803,0.50759,8.40390,-0.03113
1188.7979,0.35196,9.32091,-0.08380
1188.8317,0.17957,9.88357,0.03352
1188.8463,-0.54111,10.04877,-0.40942
1188.8555,-0.19154,10.82930,0.00479
1188.8754,0.13169,10.80536,-0.62491
1188.8986,-0.33041,11.77983,1.62092
1188.9164,-0.12690,10.53481,1.95852
1188.9369,0.24900,10.02962,-0.07901
1188.9596,0.46928,9.92906,0.98884
1188.9872,-0.50040,9.89075,0.50040
1188.9996,-0.60096,11.04958,0.06465
1189.0176,-0.43815,10.31932,1.51558
1189.0348,-0.49801,10.40312,-0.87630
1189.0549,0.51237,10.59706,-0.85476
1189.0795,-0.24182,10.48932,0.57702
1189.0970,0.72786,8.66009,-0.26576
1189.1277,-0.24422,9.96976,1.05109
1189.1382,-1.10855,10.30017,-0.65124
1189.1550,0.19394,8.53798,0.78053
1189.1748,0.51477,8.37757,-0.30168
1189.1975,0.16520,9.09106,-0.39266
1189.2201,-0.32323,9.04078,-0.05746
1189.2529,0.13887,10.85085,-0.57223
1189.2736,0.11971,11.00888,-1.86993
1189.2750,0.57702,8.78220,0.78772
1189.2950,0.88349,9.69202,0.26337
1189.3175,1.56346,8.53798,1.88908
1189.3354,0.83321,9.98891,0.06704
1189.3556,0.30647,9.75906,-0.22985
1189.3785,0.04549,9.86920,-0.47167
1189.3960,-0.25619,9.41908,0.21309
1189.4167,-0.22267,8.79657,1.24981
1189.4374,-0.39027,9.53161,0.08859
1189.4568,0.41900,10.30975,1.00320
1189.4763,0.41182,10.15412,-0.21788
1189.4988,-0.39984,11.09986,0.64406
1189.5161,-0.06943,10.03919,0.16760
1189.5476,0.54829,9.25866,0.21070
1189.5582,0.52195,8.94980,-0.36872
1189.5748,0.16520,9.07670,1.64487
1189.5948,0.33999,9.74709,1.88429
1189.6174,0.25140,9.69202,2.29850
1189.6356,0.10056,9.88117,0.98165
1189.6578,0.05028,9.79019,0.65603
1189.6901,0.06225,9.81174,0.25858
1189.6979,-1.10855,9.10303,0.60336
1189.7177,-0.79969,9.26345,-0.04789
1189.7395,-1.05827,9.77822,2.20513
1189.7557,-1.18277,10.13736,0.26337
1189.7776,0.14845,10.03441,1.26418
1189.7986,0.46928,8.99529,1.36713
1189.8285,-0.03831,9.81174,0.56744
1189.8357,-0.32083,9.39513,0.40463
1189.8582,-0.19633,9.28979,0.99841
1189.8759,-0.94334,9.01444,1.07982
1189.8975,-0.67519,10.11821,1.10137
1189.9197,-0.33520,9.98652,1.51558
1189.9377,0.11971,9.11500,1.00560
1189.9695,1.38868,7.63295,0.35675
1189.9779,0.73504,8.83727,0.65364
1189.9956,-0.11493,10.16609,1.00320
1190.0166,0.15563,10.73353,3.61296
1190.0381,-0.00239,10.43425,3.09580
1190.0559,0.10295,9.78061,3.08622
1190.0760,0.57223,10.32651,3.12453
1190.1096,0.70631,9.33767,2.17640
1190.1157,0.56265,10.23074,1.44375
1190.1359,-0.51237,10.39594,1.63290
1190.1578,-0.34478,9.39992,1.43178
1190.1759,0.40942,10.65452,1.15643
1190.1959,0.61772,8.15969,2.33681
1190.2190,0.89067,9.04796,1.09179
1190.2399,1.01038,8.91389,2.59061
1190.2556,0.46928,8.71037,1.43178
1190.2778,0.38308,9.03599,0.57702
1190.2957,0.18675,9.90272,0.72307
1190.3158,-0.49083,9.75667,2.82524
1190.3380,-0.16042,9.52203,2.75102
1190.3567,-0.40224,10.15651,0.92658
1190.3915,-0.77814,10.00567,0.35675
1190.3983,-0.25858,10.33848,0.17239
1190.4161,0.65364,8.65530,0.37111
1190.4370,0.30407,10.01765,1.49163
1190.4595,0.55547,9.06472,1.13967
1190.4771,0.26098,9.99849,2.33921
1190.4972,0.29210,10.78860,2.97608
1190.5297,0.25140,8.64333,1.31685
1190.5358,0.48604,10.65213,0.88828
1190.5557,0.27295,10.23792,0.68716
1190.5802,-0.39266,10.01286,2.31287
1190.5958,0.26576,10.44383,2.60976
1190.6171,1.04630,9.35683,1.91063
1190.6411,0.14126,8.78699,1.14446
1190.6580,-0.47167,9.73033,2.05668
1190.6765,-0.27534,9.08867,2.95214
1190.6980,-0.22267,9.77343,1.15883
1190.7153,0.17478,9.31373,2.14527
1190.7377,-0.46928,10.03201,1.99204
1190.7598,-0.78532,10.26904,1.71191
1190.7772,-0.46449,11.04718,1.51079
1190.7972,-0.05507,9.88836,2.05429
1190.8180,-0.00718,11.08789,1.20193
1190.8356,0.00000,9.65611,2.65046
1190.8555,0.24661,8.72234,2.09978
1190.8781,0.05746,9.47175,2.43977
1190.8971,0.07662,9.87160,0.87391
1190.9180,-0.00958,9.18204,0.86912
1190.9479,-0.62491,9.61301,0.32802
1190.9574,0.35675,9.57710,1.24502
1190.9755,0.55547,8.88037,1.22587
1190.9983,0.67758,10.07032,-1.29530
1191.0160,0.62251,10.20440,0.74223
1191.0360,-0.52435,10.65213,1.11813
1191.0790,-0.03352,10.03680,0.41421
1191.0792,0.40463,8.49489,1.87232
1191.0956,0.01437,9.68005,1.41502
1191.1179,0.87870,9.92188,0.61533
1191.1373,1.01757,9.37837,0.10535
1191.1573,0.62730,9.04796,1.27375
1191.1780,-0.55547,10.79578,2.91383
1191.1973,0.30647,9.98173,0.62251
1191.2218,0.35914,10.44862,2.08062
1191.2397,-0.56984,10.66889,0.39266
1191.2552,0.44534,9.09824,1.64966
1191.2753,0.15084,8.78220,-1.75261
1191.2977,1.11813,9.19402,2.45174
1191.3153,1.57304,7.39113,0.35196
1191.3364,1.15404,11.03042,0.96010
1191.3663,0.49083,8.80614,0.31126
1191.3754,-0.41900,8.65291,1.67599
1191.3959,-0.96010,10.89156,2.56906
1191.4197,-0.08619,9.35204,2.71032
1191.4358,-0.04549,9.89554,2.40864
1191.4557,-0.16760,9.41668,2.64089
1191.4802,-1.97767,10.86761,3.99365
1191.4984,-0.61054,11.85166,4.73109
1191.5162,1.51558,10.52044,2.75581
1191.5393,0.76856,9.73752,1.19474
1191.5574,1.01278,11.04000,1.83880
1191.5774,1.08221,10.20919,0.45491
1191.6016,0.34956,10.00567,-0.06465
1191.6351,-0.07662,9.35204,1.69754
1191.6490,0.00479,9.93385,1.66642
1191.6575,0.02394,9.16768,0.38069
1191.6755,-0.19154,10.30975,2.42779
1191.6952,-0.77335,9.23951,3.78056
1191.7191,-0.42618,9.66808,2.09738
1191.7371,-0.07901,10.00328,1.95133
1191.7571,-0.35196,9.66090,0.45012
1191.7898,0.05028,8.92346,0.72307
1191.7974,0.66561,10.46777,0.52674
1191.8171,0.79250,8.34884,2.03992
1191.8376,0.63688,8.93783,1.64966
1191.8591,-0.23464,9.61301,0.90743
1191.8770,-0.50998,10.04398,2.05668
1191.8992,-0.96250,11.67448,2.58821
1191.9313,-0.61772,10.44143,1.63768
1191.9351,-0.31604,10.88437,0.85954
1191.9575,-0.17957,10.53481,-0.54111
1191.9751,-0.07183,10.17806,2.14288
1191.9956,0.42618,9.72554,1.43178
1192.0194,0.13408,9.91230,1.80768
1192.0400,-0.70392,10.57072,0.42379
1192.0586,-1.21629,10.41749,0.56744
1192.0780,-0.54350,10.31454,1.34319
1192.0973,-0.70392,10.28102,2.34639
1192.1180,-0.35675,9.49330,0.39506
1192.1390,-0.55547,9.31373,1.59219
1192.1591,-0.43576,10.26665,2.27217
1192.2003,0.20112,9.41908,2.02795
1192.2098,0.24422,9.80216,1.80528
1192.2147,0.09577,9.40471,0.95292
1192.2351,-0.21309,8.25067,0.34956
1192.2573,0.06225,10.00807,3.46691
1192.2753,-0.76856,9.81413,3.50282
1192.2953,0.29450,9.51485,2.18118
1192.3323,-0.09577,9.75428,1.00081
1192.3477,0.49561,10.09426,0.38548
1192.3562,0.72307,8.61460,2.38470
1192.3784,0.56026,10.19482,1.47008
1192.3960,0.61293,10.56115,1.34319
1192.4160,0.60575,10.03919,1.71191
1192.4384,0.21070,9.90272,0.96968
1192.4586,0.00000,10.24750,1.48924
1192.4762,-0.37111,9.86681,1.00560
1192.5027,-0.37830,9.63696,1.36234
1192.5159,0.04789,9.85723,0.53153
1192.5375,-0.30407,8.39672,1.56107
1192.5596,0.46210,8.66249,1.14207
1192.5774,0.58420,9.20599,1.30967
1192.5989,0.15802,9.67287,1.82444
1192.6312,-0.48604,9.50048,2.95693
1192.6364,0.14366,9.20838,1.59938
1192.6560,-0.44773,9.11979,1.61853
1192.6794,-0.09577,9.00487,1.35037
1192.6971,0.01915,9.78780,1.93457
1192.7178,0.04549,9.69442,1.94415
1192.7576,-0.55308,9.80216,3.10537
1192.7577,-0.68716,10.56833,1.59219
1192.7756,-0.06704,9.88357,0.51237
1192.7980,-0.18196,10.34806,0.45252
1192.8159,-0.50280,10.88677,0.62969
1192.8357,0.25858,9.32570,2.19076
1192.8572,-1.04390,9.03599,1.30249
1192.8745,0.06465,9.30415,3.63451
1192.9111,4.34800,8.99768,-5.17642
1192.9215,2.82524,7.26662,-1.55388
1192.9419,-4.67362,11.60984,2.31766
1192.9567,-1.66402,10.58748,6.92185
1192.9863,-0.16999,9.66808,13.03922
1192.9976,2.11654,12.32573,-1.05109
1193.0176,0.14845,8.15011,-3.30889
1193.0453,3.66803,10.13975,1.78134
1193.0585,-3.34241,10.24510,-1.78134
1193.0769,0.83321,10.77903,-0.50040
1193.0994,-1.42459,6.17244,9.20838
1193.1169,1.07982,16.81978,-3.74465
1193.1370,3.00960,2.16921,0.61293
1193.1788,-1.64008,14.26509,-7.03677
1193.1791,-0.95292,5.36078,3.56268
1193.1974,-1.76219,7.97533,2.94017
1193.2194,-2.34400,13.99693,-7.05593
1193.2369,1.28573,8.19800,0.32083
1193.2571,-0.99841,12.65135,0.71828
1193.2794,-0.05507,8.88994,0.31365
1193.2986,1.06306,11.23394,0.07901
1193.3331,2.02316,8.76544,0.19633
1193.3397,0.33041,10.38397,-1.23305
1193.3593,-0.10056,9.15571,0.87152
1193.3792,-0.05746,8.69840,0.89067
1193.4015,0.51956,8.25067,2.22428
1193.4189,0.29450,9.83089,-0.25379
1193.4656,-0.25379,10.08229,-0.06943
1193.4659,-0.04070,9.08627,0.30886
1193.4835,-0.18436,10.59706,0.25379
1193.4983,-0.45012,10.21637,1.04390
1193.5193,-0.52913,10.81254,0.86673
1193.5363,0.25140,10.05835,-0.09817
1193.5564,0.78532,10.56115,-0.35914
1193.5791,0.00479,10.68086,-0.22506
1193.5963,-0.20112,11.21239,0.52674
1193.6163,0.45970,9.62738,1.15404
1193.6389,0.06704,10.53960,0.07662
1193.6564,-0.04310,10.56594,1.65444
1193.6764,0.45491,9.56992,0.61293
1193.6990,0.14366,10.13975,1.24023
1193.7163,0.15323,9.77822,1.39586
1193.7382,0.24900,9.24908,1.88669
1193.7589,0.51956,9.21556,1.25221
1193.7765,0.51956,8.80135,2.55709
1193.7966,0.36872,9.50048,2.08302
1193.8213,0.29210,8.75107,1.41980
1193.8408,0.16520,9.73991,1.68318
1193.8751,0.25619,9.54597,1.76458
1193.8889,-0.09817,9.85723,2.80130
1193.8969,-0.16042,10.03441,2.12133
1193.9182,0.50040,9.82610,2.06865
1193.9391,-0.53392,9.79977,3.01679
1193.9584,-0.54350,10.09426,0.84518
1193.9769,0.17957,9.68484,-0.97686
1194.0166,-0.26098,10.45819,1.62811
1194.0342,0.95771,9.54597,0.78293
1194.0391,-0.22746,10.42707,1.60416
1194.0614,0.34717,10.00807,-0.77814
1194.0790,-0.34238,10.22355,2.10457
1194.0991,-0.00239,8.87318,0.12211
1194.1216,0.13169,9.37359,1.32882
1194.1479,0.99602,9.78061,0.55308
1194.1608,0.79250,10.20919,1.99443
1194.1797,0.90982,10.14454,1.54191
1194.1971,0.03113,9.22275,1.81486
1194.2189,0.29450,8.96416,1.53473
1194.2430,0.12690,8.81572,2.50920
1194.2603,0.33520,9.31612,0.29928
1194.2955,0.40942,9.54119,0.80926
1194.3099,-0.88588,11.11901,1.78852
1194.3167,-0.57223,5.00164,-0.62251
1194.3368,2.62652,9.00726,4.47490
1194.3594,5.07347,10.57551,-3.05031
1194.3773,-4.32885,11.77026,5.82288
1194.3970,-2.57145,13.41033,5.95456
1194.4211,-0.90504,5.48289,3.69197
1194.4530,3.00721,8.80854,1.83401
1194.4586,3.05749,10.05117,0.66082
1194.4794,-2.71032,10.98493,5.83485
1194.4978,-2.11175,12.68726,7.36239
1194.5179,-1.62571,6.98649,1.99683
1194.5409,0.53392,8.44940,3.29452
1194.5582,1.04390,11.75350,2.82046
1194.5850,0.51237,10.59945,1.04390
1194.5992,-0.08859,7.86040,0.84039
1194.6256,-1.08940,9.99131,-1.96570
1194.6365,2.02077,6.82129,1.83401
1194.6587,-0.68716,10.83170,1.02954
1194.6785,-0.11014,7.29775,-2.60976
1194.7048,0.57463,6.31370,1.84599
1194.7234,0.88828,12.04560,-2.24822
1194.7368,2.40864,8.53080,7.43901
1194.7581,1.85077,12.15094,0.62491
1194.7804,0.86433,6.36159,-0.86194
1194.7982,0.49561,8.76544,0.39506
1194.8181,2.09499,11.51646,-0.10056
1194.8564,2.29611,7.50366,1.19474
1194.8735,1.36474,9.07430,2.21470
1194.8766,1.02954,9.20359,0.72307
1194.8994,0.36393,9.43584,1.13728
1194.9169,0.65603,8.20997,4.05351
1194.9362,0.42618,9.84286,2.79412
1194.9589,1.30009,9.01923,1.40544
1194.9952,-0.51956,10.13257,2.14766
1194.9982,0.04549,10.93226,1.86035
1195.0187,0.46688,10.70959,0.64167
1195.0367,-0.24422,9.69921,2.92102
1195.0564,0.15084,9.35443,3.09340
1195.0789,-0.13647,10.02962,2.86116
1195.0964,0.03591,10.42946,1.31446
1195.1252,0.55547,8.63854,0.33520
1195.1434,-0.41660,9.31373,1.63768
1195.1582,-0.38548,10.20201,1.68796
1195.1765,0.48125,8.78220,3.18917
1195.2026,0.20591,9.53161,1.39347
1195.2179,0.39027,10.17806,1.88429
1195.2412,-0.26337,10.36003,0.92898
1195.2695,-0.58660,9.82131,1.65923
1195.2762,-0.38548,10.79818,1.67599
1195.2968,-0.74701,10.40552,2.20034
1195.3198,0.34956,9.43584,1.52755
1195.3380,0.73983,8.72713,2.85158
1195.3579,-0.22985,9.40950,2.33681
1195.3799,-0.47167,9.72076,1.55867
1195.3979,0.07422,9.94582,1.28812
1195.4165,-0.31844,9.22754,2.28893
1195.4403,-0.35914,9.72554,1.76219
1195.4597,0.50998,9.78540,0.68476
1195.4762,0.26337,9.82371,0.80687
1195.5027,0.29210,10.02962,1.79092
1195.5181,0.02155,9.22993,1.74543
1195.5515,-0.51237,10.22595,1.39586
1195.5609,-0.57223,10.70720,1.31446
1195.5782,-0.66561,9.77822,1.13010
1195.5963,-0.58181,9.05515,1.05827
1195.6211,-1.12291,9.98652,1.61135
1195.6378,-0.63448,9.43344,0.87391
1195.6582,-0.88349,9.77104,1.97528
1195.6835,-1.02714,10.13018,1.81965
1195.6965,-0.50040,9.38316,1.23066
1195.7164,-0.46210,10.06074,0.33041
1195.7384,-0.97447,10.05835,1.59219
1195.7562,-0.53153,9.23472,2.87313
1195.7762,0.15563,9.82371,2.02077
1195.8004,-0.47167,10.10145,1.29051
1195.8291,-0.39984,10.24271,2.42301
1195.8369,-0.19872,8.96656,1.78373
1195.8588,-0.55308,9.79258,2.01598
1195.8776,-1.35277,9.93863,2.09978
1195.8981,-0.31844,9.15571,1.52036
1195.9202,-0.72547,8.62657,1.41741
1195.9443,-1.26418,9.30655,3.13411
1195.9570,-0.59857,8.95459,2.06386
1195.9785,-0.63209,9.13895,1.97049
1195.9962,-0.26337,10.00567,0.67040
1196.0160,-0.45731,9.26105,2.08541
1196.0386,-0.32562,9.81174,2.20752
1196.0580,-1.59938,9.56273,1.92260
1196.0784,-0.75180,10.20440,2.21710
1196.1106,-1.28094,9.95779,2.46850
1196.1158,-1.35995,9.94821,1.67839
1196.1362,-1.58501,9.26584,1.44375
1196.1583,-1.40783,10.77184,2.06626
1196.1763,-1.89627,9.16050,2.47329
1196.1963,-1.89148,9.46936,2.54272
1196.2358,0.20112,7.43422,1.16122
1196.2523,-0.31126,8.66249,0.18196
1196.2576,-0.80687,9.36161,1.54670
1196.2783,-2.17879,9.71357,0.46928
1196.2979,-1.52036,9.48612,0.39506
1196.3179,-1.49403,9.79977,1.07024
1196.3405,-0.84278,11.83490,-1.11334
1196.3676,-2.67919,10.89156,0.49322
1196.3850,-2.96890,9.41668,2.63370
1196.3983,-2.73426,9.97694,1.64966
1196.4159,-2.18597,9.92666,1.44135
1196.4364,-0.60336,9.89075,1.09897
1196.4609,-1.58980,10.98972,0.86433
1196.4781,-0.77335,10.10863,1.88908
1196.5132,-0.94813,9.90512,1.95612
1196.5292,-0.31126,9.63456,2.14288
1196.5363,-0.22506,9.33528,1.19474
1196.5563,-0.39745,9.18444,-0.08619
1196.5786,-0.99123,10.72156,1.77416
1196.5962,-1.72388,6.50764,2.46371
1196.6191,1.08461,12.65853,-3.82126
1196.6404,0.04310,6.13892,3.60578
1196.6593,-1.10615,13.35766,-0.94095
1196.6769,-3.87873,8.08068,5.71992
1196.7002,-2.24583,13.30020,-3.01200
1196.7164,-1.10137,7.54915,2.35118
1196.7369,-1.15883,10.99690,0.99841
1196.7604,-2.92102,9.16050,3.93858
1196.8005,-1.54670,9.67048,1.83162
1196.8005,-1.20193,9.39992,-0.03591
1196.8181,-1.90105,10.74790,-0.31604
1196.8357,0.47407,9.74470,0.92898
1196.8561,-2.27935,10.73353,0.48364
1196.8794,-2.66722,9.27542,-0.66082
1196.8972,-0.75420,9.58189,2.82285
1196.9259,-1.55149,9.32570,1.39347
1196.9404,-2.95693,10.17567,0.10295
1196.9579,-2.09738,9.39513,3.20354
1196.9795,-2.11175,10.71677,1.22826
1197.0023,-3.29452,10.15651,1.93936
1197.0189,-1.59219,10.18524,-0.06225
1197.0394,-2.36554,9.38556,0.69673
1197.0630,-2.57145,9.49569,1.26418
1197.0962,-1.51797,9.34725,-0.35675
1197.0989,-2.47568,9.91709,-0.23703
1197.1216,-2.63610,9.18923,-0.26576
1197.1392,-0.38308,8.40869,-2.56187
1197.1605,-2.04471,8.17405,0.69434
1197.1813,-2.43498,9.01205,-2.54751
1197.1991,-2.27217,9.91230,0.62969
1197.2241,-2.58103,11.02324,0.56505
1197.2427,-2.63131,9.51964,0.76377
1197.2585,-1.09418,9.40950,-0.27295
1197.2813,-1.95852,9.25866,-0.50280
1197.3033,-2.03034,10.58988,0.06465
1197.3202,-2.45892,8.62897,0.67519
1197.3564,-2.63131,10.80057,-1.02475
1197.3721,-2.49723,10.60185,0.60096
1197.3802,-3.00960,10.79818,0.30886
1197.3990,-2.56666,11.15971,0.05986
1197.4246,-2.27935,10.14933,0.44294
1197.4409,-2.61455,9.96258,0.36393
1197.4611,-2.17400,9.55555,-0.47646
1197.4960,-2.77496,9.97694,0.65603
1197.5117,-0.19394,8.48770,-0.21070
1197.5186,-3.60099,9.56513,-0.18436
1197.5414,-2.40385,10.38158,0.67040
1197.5586,-2.19794,9.75667,1.13489
1197.5814,-3.45973,8.99768,1.72148
1197.6018,-2.40385,9.90751,2.71032
1197.6189,-2.86595,10.28820,1.97049
1197.6462,-1.93218,10.40791,0.86194
1197.6619,-1.93457,8.88994,0.61293
1197.6786,-1.57064,10.12060,-1.91063
1197.6991,-3.29692,10.83170,-0.66561
1197.7229,-1.85796,9.48133,1.86035
1197.7428,-2.90426,11.68885,0.84518
1197.7755,-0.06225,9.89554,0.19154
1197.7897,-1.88908,10.90113,-0.75180
1197.7999,-2.28653,9.16289,0.90982
1197.8203,-1.54191,9.99849,-2.14288
1197.8414,-1.80289,9.41429,-0.22506
1197.8586,-1.76937,10.06553,-0.44294
1197.8827,-1.94894,9.70639,-0.17478
1197.9260,-2.11414,9.91230,0.78053
1197.9260,-2.38470,9.84286,1.12291
1197.9451,-1.97767,9.05036,0.95532
1197.9609,-2.27935,9.73033,1.46769
1197.9789,-2.39906,9.94103,1.24742
1198.0005,-3.28495,9.41189,0.75659
1198.0214,-1.94894,10.05117,1.15165
1198.0389,-1.85077,9.15571,1.79092
1198.0621,-2.51878,10.32172,0.43097
1198.0806,-1.78134,9.58907,1.75500
1198.0989,-2.42061,11.49012,-0.16520
1198.1206,-2.22428,9.36401,1.62092
1198.1417,-2.83003,10.43186,0.37590
1198.1605,-2.29372,9.75188,1.87232
1198.1791,-1.82683,9.95779,-0.08380
1198.2102,-1.61853,9.29936,0.92898
1198.2192,-2.58342,10.97775,1.23784
1198.2391,-2.44455,9.88117,1.27615
1198.2629,-2.06147,10.64495,-0.24661
1198.2811,-2.56187,9.98891,2.54990
1198.3007,-1.97049,10.35524,0.81166
1198.3210,-2.46610,10.31454,0.97208
1198.3469,-2.10457,9.19641,2.19555
1198.3601,-1.91542,9.62738,0.61772
1198.3824,-1.11813,8.66488,2.30090
1198.3976,-2.93299,10.22595,-0.56744
1198.4188,-1.80049,10.27862,1.78134
1198.4420,-1.85556,10.36960,1.28094
1198.4608,-0.51956,9.59386,-0.99362
1198.4850,-3.22030,10.06793,0.01676
1198.5009,-1.84599,9.35922,0.67758
1198.5184,-2.28653,9.96258,1.12531
1198.5386,-2.98805,9.86681,1.35516
1198.5609,-1.28094,8.87797,0.14845
1198.5785,-2.77736,10.47256,-0.32083
1198.5986,-2.03992,9.13655,-0.42139
1198.6284,-2.08062,9.95779,-0.43815
1198.6401,-1.71430,9.00966,-0.34956
1198.6600,-1.61135,10.12539,-0.96010
1198.6813,-2.03274,9.30655,-0.00239
1198.6982,-1.28094,10.11821,-0.76138
1198.7190,-2.58342,9.85005,0.79250
1198.7531,-1.49403,10.58509,0.59617
1198.7700,-2.67919,9.95539,2.25301
1198.7792,-1.77416,10.88198,-0.40463
1198.8003,-2.09020,10.45819,-0.35914
1198.8185,-0.77335,9.35922,-1.93697
1198.8389,-2.93778,9.98652,0.38069
1198.8623,-1.67120,9.86920,-1.41741
1198.8799,-2.58582,10.10384,1.18995
1198.9122,-1.10137,9.48133,-0.84757
1198.9215,-2.69356,10.08947,0.14126
1198.9396,-2.05908,8.82051,1.29530
1198.9595,-1.94176,9.89314,1.51558
1198.9833,-2.71990,9.99370,2.00401
1199.0016,-2.06626,10.07990,0.62491
1199.0403,-2.35118,9.91230,0.91940
1199.0536,-2.48286,10.13257,1.06785
1199.0613,-2.30569,10.32890,0.39266
1199.0793,-2.17640,9.78061,-0.03591
1199.1014,-1.93457,10.41031,-2.72708
1199.1210,-1.05827,9.50527,-2.32245
1199.1396,-2.47568,10.05117,-1.19474
1199.1620,-1.73345,9.36161,-0.72068
1199.1802,-2.03034,10.43904,-0.46928
1199.2013,-1.40065,8.63854,2.13569
1199.2233,-1.73345,9.81413,0.82363
1199.2393,-0.92419,9.62020,-0.39027
1199.2616,-1.15165,10.03919,-0.45970
1199.2876,-0.64406,10.60424,0.27774
1199.3037,0.03591,10.33130,0.74223
1199.3198,-1.89866,9.65132,1.22826
1199.3416,1.75021,9.66808,-0.67758
1199.3591,-1.23784,10.72635,2.82764
1199.3794,-2.70074,12.06954,-0.02394
1199.4016,-4.07984,9.78301,-0.05267
1199.4194,-0.09338,9.15571,5.06629
1199.4435,-2.51638,10.88198,-0.37590
1199.4618,-5.28656,10.78860,-0.68237
1199.4805,4.16843,8.82051,0.11253
1199.5006,-3.28016,10.61861,-0.23943
1199.5281,-3.94576,9.80455,-1.75261
1199.5411,-3.25382,9.64174,1.50121
1199.5619,-2.68638,10.57072,2.29132
1199.5826,-4.36716,9.70160,0.85954
1199.5999,-3.05031,10.40312,-1.71191
1199.6194,-0.43336,8.33686,-0.75180
1199.6421,-2.30569,10.39594,1.58740
1199.6591,-3.78056,11.27464,0.71828
1199.6793,-2.23146,11.92349,-1.23066
1199.7014,-3.43578,10.39594,-0.20112
1199.7251,-2.52596,9.56513,0.41421
1199.7393,-1.91303,8.96895,2.06147
1199.7631,-3.93619,13.87003,-1.06066
1199.7788,-2.91144,10.47974,1.17798
1199.7990,-1.22587,10.19961,2.84440
1199.8214,-1.83641,9.28260,0.79011
1199.8391,-2.12851,10.58509,-2.46610
1199.8629,-0.53871,9.96018,-0.03591
1199.8816,-2.28893,10.07990,1.74543
1199.8990,-1.90824,7.15888,0.92658
1199.9181,-0.90504,11.83729,-2.72708
1199.9402,-2.69595,10.34566,3.03355
1199.9595,-3.47888,12.59149,-1.78134
1199.9799,-3.27537,9.73033,0.39027
1200.0184,-2.35118,10.83170,-1.36713
1200.0206,-3.96971,9.88117,-0.53871
1200.0392,-3.56268,10.50129,-0.30886
1200.0615,-3.17720,8.88276,0.12211
1200.0792,-2.35118,9.07909,-1.33840
1200.0994,-3.57705,9.57231,0.01197
1200.1371,-4.69757,9.82850,-1.12052
1200.1555,0.53153,7.53478,3.03594
1200.1599,-2.65525,8.50207,-1.00081
1200.1827,-3.73986,8.24828,-0.94334
1200.2001,-0.81884,7.82688,-0.49322
1200.2223,-0.35914,7.77421,-0.49561
1200.2449,-0.82363,8.93304,-2.04471
1200.2604,0.19872,8.88755,1.21869
1200.2943,0.11253,10.52763,-0.61772
1200.3049,-0.89306,8.96656,2.05189
1200.3206,-1.54191,10.06793,-0.04070
1200.3420,-1.12770,10.64973,0.76377
1200.3643,-2.69356,10.64734,-0.46449
1200.3818,-2.29611,11.00648,0.30647
1200.4016,-1.58740,10.03680,1.28812
1200.4370,-3.27058,10.79578,1.52036
1200.4410,-4.31209,13.22358,0.44055
1200.4601,0.18436,10.91550,0.89067
1200.4829,-4.34082,10.86522,0.16520
1200.5023,-3.11495,11.49252,-1.16122
1200.5225,-1.61614,10.45340,-1.57304
1200.5604,-3.53395,10.98014,-1.01757
1200.5623,-2.11175,9.84526,-0.67997
1200.5815,-1.72867,8.58826,-0.13647
1200.6025,-2.23625,8.97614,0.21548
1200.6200,-0.45252,8.96177,-0.95292
1200.6400,0.73025,8.52362,-0.02634
1200.6625,-0.38069,9.38795,-1.84838
1200.6923,-2.23865,9.37119,-1.24263
1200.7163,-1.30009,8.88755,0.87630
1200.7244,-2.18597,9.36161,-0.34956
1200.7399,-1.58980,9.54597,0.81405
1200.7617,-1.46290,9.39035,-0.38308
1200.7822,-1.56825,9.13416,-0.25140
1200.8016,-1.57543,10.00089,-1.94176
1200.8214,-1.77176,10.97536,-0.59617
1200.8575,-2.28414,11.52604,0.53153
1200.8644,-2.05189,10.56354,0.44055
1200.8802,-2.21470,9.85244,0.17239
1200.9036,-1.41502,10.05356,-1.26178
1200.9216,-2.40146,10.47735,-0.77335
1200.9419,-2.20752,9.66569,-0.14366
1200.9850,-3.25382,10.21398,0.96010
1200.9850,-0.07183,10.14694,-0.89785
1201.0004,-2.64328,10.19482,1.02954
1201.0223,-2.39667,9.42147,-1.82923
1201.0400,-0.89067,9.98173,-2.84440
1201.0599,-0.38308,9.38795,-0.00718
1201.0823,-2.31766,10.01046,-0.04549
1201.1179,-1.52036,9.53161,1.13010
1201.1339,-1.65684,9.23951,0.05746
1201.1445,-1.41023,9.90751,-0.45012
1201.1600,-0.36154,9.67766,-1.83401
1201.1815,-1.75500,9.14852,0.06943
1201.2037,-2.50202,9.84526,0.25140
1201.2236,-1.85077,9.25387,0.88588
1201.2733,-2.00401,10.32172,-0.15323
1201.2733,-1.56825,9.43823,-0.98884
1201.2880,-1.50360,9.55555,-1.24263
1201.3004,-1.56825,9.81174,-1.70472
1201.3220,-1.59459,9.34007,-0.43815
1201.3408,-1.62811,10.22355,-0.37590
1201.3608,-1.46051,10.10384,0.62251
1201.3862,-0.59139,10.03680,-2.03753
1201.4030,0.28971,9.97694,-0.84757
1201.4213,-1.12770,10.64255,-2.15724
1201.4434,-0.35675,9.15810,-1.81247
1201.4626,-0.83560,9.82371,-0.45491
1201.4810,-1.07264,9.31612,-0.06704
1201.5033,-0.35196,9.46936,-0.36872
1201.5229,0.00718,9.17965,-1.57064
1201.5450,-1.10855,9.62738,-1.99204
1201.5648,-1.52515,9.63456,-1.47487
1201.5806,-1.37192,10.11821,-2.49005
1201.6010,-1.49163,9.92427,-0.38787
1201.6249,-2.86595,10.74551,1.25699
1201.6410,-1.20671,10.05356,-0.03831
1201.6696,-2.91623,10.47495,-0.45012
1201.6880,-0.61054,8.60023,-1.95373
1201.7006,-1.49403,9.53640,-1.47008
1201.7207,-2.03274,9.39035,-1.21869
1201.7432,-1.83162,10.44862,-0.06704
1201.7609,-2.09260,10.19003,1.02714
1201.7809,-2.08541,10.39355,-0.20830
1201.8181,-1.38868,10.26426,-1.41023
1201.8330,0.79490,9.50288,-1.86514
1201.8409,-0.17239,9.14134,-0.92419
1201.8646,-1.76458,9.42147,1.05827
1201.8809,-1.78373,9.61541,0.51956
1201.9010,-1.79092,10.24510,-0.72307
1201.9268,-1.41023,9.94103,-0.47885
1201.9618,-1.84838,9.37598,-0.93616
1201.9739,-1.16841,9.20359,-2.33681
1201.9852,-1.25699,10.36003,-1.63768
1202.0017,-2.07105,10.31214,0.09577
1202.0228,-2.44934,10.05835,0.78532
1202.0477,-1.70233,10.30017,0.78293
1202.0653,-2.11414,10.31693,0.62969
1202.0996,-2.42301,10.22116,-0.98884
1202.1121,0.40942,9.98652,-0.53153
1202.1228,-2.71271,10.14933,-0.82363
1202.1420,-1.47008,9.77343,-0.16520
1202.1643,-2.33202,9.71357,0.26098
1202.1823,-1.95852,9.58668,1.11094
1202.2023,-0.83321,9.36401,-2.30569
1202.2285,-1.78373,9.93145,-0.94574
1202.2468,-1.40065,9.42387,-0.28971
1202.2670,-1.73106,9.27063,-0.58660
1202.2852,-1.59459,9.94821,-0.56505
1202.3020,-1.77655,10.31932,-0.03113
1202.3218,-2.45892,10.62340,-0.67279
1202.3455,-1.35516,9.60583,-1.77895
1202.3633,-1.31446,10.10863,-0.89306
1202.3912,-2.66722,10.36960,-1.91781
1202.4054,-2.07584,10.63297,0.56265
1202.4215,-1.47008,10.42946,1.18038
1202.4417,-2.97130,10.47016,0.12211
1202.4639,-1.43656,9.92906,-0.19872
1202.4834,-0.25858,9.36401,-2.83243
1202.5028,-1.82683,9.85962,-1.16841
1202.5309,-2.77018,9.95539,-1.73106
1202.5413,0.37111,8.66249,-1.76937
1202.5618,0.11014,8.26743,1.35755
1202.5841,0.07422,7.89392,-0.99841
1202.6021,0.11253,8.53320,-1.71191
1202.6249,-0.88109,8.94262,-0.93856
1202.6652,-1.84120,10.20919,-0.49083
1202.6891,-2.54033,10.10384,0.31365
1202.6892,-2.02316,10.01046,1.46051
1202.7050,-2.05908,9.56034,-0.99841
1202.7225,-1.24981,9.89793,-1.87232
1202.7428,-0.62491,9.67526,-0.65843
1202.7654,-2.52596,10.09666,-0.04549
1202.7828,0.54589,9.33288,0.01437
1202.8090,-2.31048,9.96737,1.98964
1202.8248,-2.02556,10.23792,1.08940
1202.8425,-1.56586,10.49650,-0.64167
1202.8621,-1.07024,10.43664,-1.64247
1202.8854,-1.34558,10.58270,-0.13408
1202.9028,-0.14605,10.09426,-3.04552
1202.9225,-0.90025,9.63217,0.27774
1202.9510,-1.51079,9.73991,-0.00239
1202.9622,-0.88109,9.42865,0.37590
1202.9825,-0.74941,9.10782,-0.37590
1203.0051,-1.19953,9.85962,-1.31685
1203.0222,-1.63529,10.00807,-0.75420
1203.0426,-1.75261,9.56273,-1.32403
1203.0668,-0.98165,8.73192,0.72547
1203.0825,-1.19714,9.25627,-1.10137
1203.1022,-1.52515,9.35204,0.20112
1203.1249,-0.86194,9.32091,-0.16042
1203.1422,-2.11893,9.25866,0.68237
1203.1622,-2.28414,9.65132,-0.08380
1203.1849,-1.88908,9.44063,1.41980
1203.2037,-3.09580,9.77582,1.88429
1203.2362,-2.01837,10.01046,3.11016
1203.2448,-0.53871,8.85403,1.46051
1203.2639,-2.53075,9.63456,1.55867
1203.2847,-2.57385,9.29218,1.01996
1203.3069,-2.76539,11.07592,1.81965
1203.3228,-1.59698,10.43186,0.19394
1203.3612,-2.78694,10.64973,-0.90743
1203.3763,-1.97049,9.07909,2.44934
1203.3834,-1.75740,10.68565,1.12770
1203.4027,-1.40544,10.12060,0.28492
1203.4250,-2.73666,11.55956,0.83081
1203.4427,-2.01598,10.41749,2.12372
1203.4629,-2.79412,10.70720,2.09020
1203.4861,-2.95214,10.59945,1.60416
1203.5129,-1.94415,10.97775,-0.60815
1203.5267,-0.64406,10.68325,-0.09338
1203.5448,-2.35836,9.83808,0.63448
1203.5623,-2.10457,9.80695,-0.32083
1203.5828,-2.37273,9.68963,-0.29928
1203.6052,-2.03753,9.25148,-0.19872
1203.6412,-2.40385,9.47175,-0.37111
1203.6542,-1.84120,9.02642,0.06225
1203.6649,-1.76219,7.83167,0.06704
1203.6823,-1.58740,7.69759,-0.07183
1203.7025,-1.92979,9.36401,-0.71110
1203.7246,-0.53392,8.59545,-0.57702
1203.7441,-0.57941,8.31053,-0.36872
1203.7640,-2.24104,8.92346,1.01757
1203.7969,-2.20992,8.75107,0.15563
1203.8019,-0.88109,9.35922,1.74543
1203.8223,-3.00242,10.43904,-0.94574
1203.8441,-2.12851,10.11342,0.01676
1203.8635,-0.31604,9.63696,-1.08221
1203.8837,-1.13728,8.68403,0.07422
1203.9238,-2.06865,11.02324,0.52913
1203.9391,-2.83722,10.63297,0.03352
1203.9418,-1.52276,9.86202,-0.32323
1203.9645,-0.58899,8.50446,0.29210
1203.9819,-0.33759,8.51644,-0.12690
1204.0018,-1.19714,8.73910,1.10615
1204.0245,-2.81327,9.31373,-0.16999
1204.0443,-1.70951,9.94821,-1.48924
1204.0641,-0.64885,8.30334,-0.10056
1204.0845,-3.12692,9.49330,0.82602
1204.1025,-2.98805,9.84286,0.69195
1204.1216,-2.61934,9.11500,0.75420
1204.1440,-2.98087,9.00966,1.34798
1204.1615,-2.74144,8.45179,1.82683
1204.1818,-2.74623,8.98571,0.66561
1204.2070,-2.25780,8.95698,1.26418
1204.2217,-3.00242,9.51245,0.80687
1204.2418,-2.85158,9.54837,1.92739
1204.2640,-2.98805,10.18524,0.66321
1204.2817,-3.06467,9.72794,1.55388
1204.3019,-2.35836,10.49650,-0.16999
1204.3259,-2.65764,9.84047,0.60096
1204.3446,-2.03753,9.63696,0.31844
1204.3619,-3.47649,9.73273,0.48843
1204.3843,-2.04232,8.67206,2.17400
1204.4017,-1.74782,8.83248,-0.07662
1204.4220,-2.91383,10.24271,0.16760
1204.4449,-1.33601,8.82051,-1.28094
1204.4641,-1.73824,9.64174,0.08859
1204.4836,-3.52437,9.69921,-0.48604
1204.5051,0.04310,9.41668,-0.11493
1204.5223,-3.35198,10.01525,-0.38548
1204.5424,-3.30649,10.10384,0.15323
1204.5658,-1.56825,9.88836,-0.44294
1204.5834,-3.30649,9.71357,1.53712
1204.6044,-3.75422,10.26186,1.98246
1204.6318,-3.06707,10.42707,2.09738
1204.6451,-3.14368,10.34806,-1.31685
1204.6619,-2.93059,9.98173,-0.23943
1204.6848,-2.98087,9.90272,0.21070
1204.7058,-4.20195,10.38158,0.74941
1204.7235,-1.30967,9.45260,0.32323
1204.7620,-3.95055,10.11102,0.16999
1204.7662,-2.82046,10.66171,-0.44055
1204.7842,-2.84200,10.31214,0.91461
1204.8051,-3.15087,10.26426,1.34319
1204.8242,-2.60497,10.77184,1.59459
1204.8448,-3.47409,10.52284,1.89387
1204.8658,-2.47807,10.58509,-1.01996
1204.8993,-3.51240,9.81892,2.01598
1204.9148,-2.21231,9.15571,-0.84757
1204.9243,-2.96172,9.28260,-0.13408
1204.9417,-2.07344,9.55795,0.10295
1204.9635,-2.62891,10.24750,0.31604
1204.9860,-3.51001,10.51565,0.91461
1205.0059,-2.04950,9.83329,1.20432
1205.0406,-3.72789,10.13975,1.95852
1205.0542,-3.85957,9.89554,1.35755
1205.0623,-1.97528,9.31133,0.95771
1205.0820,-3.07904,9.32091,0.79250
1205.1041,-3.07664,9.67766,-0.25140
1205.1223,-3.04791,9.56992,-0.76377
1205.1423,-2.90426,9.57471,-0.81645
1205.1813,-2.71750,9.99370,-1.96570
1205.1968,-2.52835,9.98891,-1.28094
1205.2018,-3.31846,9.27542,-1.13010
1205.2242,-2.98327,9.53879,-1.34798
1205.2451,-2.33681,9.49330,-0.17957
1205.2634,-3.55310,9.66329,0.30168
1205.2842,-2.90186,10.62100,-1.11813
1205.3103,-2.94256,9.23951,-0.08141
1205.3298,-3.06467,10.20440,-0.38308
1205.3441,-3.32804,9.89314,-0.79490
1205.3617,-0.99841,10.34087,-2.25780
1205.3816,-3.24185,9.59386,-1.94894
1205.4041,-2.77496,10.41988,-0.74701
1205.4214,-2.14048,9.92906,-0.70631
1205.4482,-3.22030,8.56432,-0.40942
1205.4645,-1.67360,10.34327,-1.29291
1205.4811,-5.12854,10.51087,-1.27375
1205.5011,-5.73189,10.63537,0.47167
1205.5237,-1.67599,9.80216,-1.81486
1205.5408,-4.96812,9.48851,-2.17161
1205.5616,-5.42543,9.95779,-0.25140
1205.5848,-3.87394,9.32091,1.23305
1205.6140,-3.86197,9.87638,1.56346
1205.6222,-3.05031,7.94660,0.35914
1205.6440,-1.93936,8.60023,-0.45491
1205.6630,-3.50043,9.43344,0.49801
1205.6833,-2.42779,9.69442,-0.51477
1205.7067,-2.66004,10.44862,-0.93377
1205.7249,-4.65208,10.61861,2.33442
1205.7493,-2.72947,10.80297,1.11094
1205.7665,-3.44536,9.03360,1.59219
1205.7826,-1.21390,11.31055,-0.83800
1205.8024,-4.87953,7.00565,3.34241
1205.8256,-0.74223,9.16528,-3.61536
1205.8433,-1.65684,7.29536,-2.28653
1205.8634,-3.25143,10.10623,-4.24505
1205.8917,-0.43097,8.08307,-2.81806
1205.9041,-1.86035,9.82131,-0.15323
1205.9226,-3.55789,9.72315,-1.19235
1205.9474,0.35196,9.82371,-2.17161
1205.9640,-3.95774,11.08789,-0.51956
1205.9845,-3.84999,9.98652,0.01437
1206.0077,-1.31206,8.48770,2.26498
1206.0377,-1.26897,10.57312,-1.84838
1206.0428,-3.76141,9.62259,-2.20034
1206.0652,-2.36794,10.06553,0.59617
1206.0826,-2.49483,9.90990,-1.57304
1206.1060,-1.89627,9.12937,0.15563
1206.1285,-2.19555,10.36003,-1.87232
1206.1610,-3.03115,9.09346,0.86194
1206.1763,-1.88669,9.39274,-0.41660
1206.1858,-1.85556,10.30256,-0.77575
1206.2028,-1.64726,8.99529,-0.07662
1206.2233,-2.80370,9.54837,-1.08700
1206.2454,0.84997,9.30894,-0.22267
1206.2627,-2.35597,10.49650,-0.21548
1206.2844,-2.12851,10.97296,-0.68237
1206.3153,-1.88429,10.42707,1.01757
1206.3226,-2.10936,8.89234,-0.02155
1206.3428,-2.48286,11.16450,-1.60656
1206.3665,-2.16921,10.30496,1.07503
1206.3840,-1.39107,9.62020,0.60815
1206.4044,-2.08541,10.97296,-3.26819
1206.4281,-2.19076,9.73752,-1.18756
1206.4465,-2.57145,11.56674,-2.87552
1206.4626,-1.34558,9.32331,2.15245
1206.4854,-1.83880,9.45260,1.33361
1206.5043,-1.91303,9.76146,-2.97369
1206.5249,-1.30967,9.88357,-0.47885
1206.5471,0.48843,7.40789,-3.10777
1206.5815,0.14126,9.01923,-1.38389
1206.5844,-0.39266,9.14852,-1.45811
1206.6045,0.57463,9.78061,-0.44534
1206.6227,1.30967,10.07750,-2.44934
1206.6433,0.40224,8.99768,-1.18038
1206.6689,0.18196,9.32331,-1.75500
1206.6864,0.65603,10.18285,-0.12690
1206.7218,0.02394,10.88198,-2.25780
1206.7327,-0.45491,9.81653,-0.47885
1206.7427,-0.69434,10.04398,-1.73106
1206.7625,-0.98884,8.63375,0.86673
1206.7859,1.52276,13.46780,-3.78056
1206.8040,0.73265,7.21156,6.01681
1206.8251,-2.63131,12.06236,-4.15407
1206.8474,-1.23545,10.35524,2.46850
1206.8717,-1.77655,11.72716,-1.55388
1206.8861,-1.38868,9.29697,1.09897
1206.9073,0.68955,9.11979,-2.16682
1206.9242,-0.11014,8.94740,-1.17798
1206.9445,0.25379,9.47175,-1.12531
1206.9684,0.47646,9.35922,0.27295
1206.9862,1.11334,10.16609,-0.96250
1207.0172,0.42858,9.67287,1.11094
1207.0273,-0.03113,9.48851,-0.31604
1207.0449,0.00000,9.92906,-0.25858
1207.0652,0.12211,9.74709,0.58660
1207.0874,0.66561,10.87480,-0.24422
1207.1050,1.22826,9.00008,-0.53632
1207.1265,0.25858,9.69442,-1.41502
1207.1541,0.31604,9.51964,-0.41660
1207.1649,-0.09338,10.50847,-0.69673
1207.1841,-0.74462,9.15331,-0.81645
1207.2069,0.48125,9.78061,-1.74303
1207.2242,0.58181,9.00726,-1.01996
1207.2443,-0.33041,10.03201,-1.00799
1207.2666,-0.32802,10.04638,-1.46051
1207.2913,0.71110,9.45260,0.40703
1207.3042,0.62491,9.75428,-1.11573
1207.3264,1.39586,10.40552,-0.21309
1207.3441,-1.32882,9.41668,-1.36953
1207.3644,0.18915,9.51964,0.19394
1207.3871,0.06225,10.11581,-0.22267
1207.4143,-0.76617,9.45499,-1.03193
1207.4333,-0.10535,10.01046,-0.46688
1207.4462,0.06465,10.79100,-2.26259
1207.4661,1.15165,10.22834,-1.04390
1207.4841,1.18517,9.97694,-1.56346
1207.5070,0.99602,10.51805,-0.28492
1207.5261,0.97447,9.37837,-0.87870
1207.5476,0.33520,10.28102,1.26897
1207.5685,0.91940,9.58428,-0.60096
1207.5867,0.04549,9.76625,0.41900
1207.6049,-1.24981,10.90832,-0.61054
1207.6267,-0.85954,9.24190,-1.85796
1207.6449,0.95292,8.81572,-1.54191
1207.6649,0.54589,9.88117,-1.81007
1207.7065,-0.16520,10.26904,-1.47008
1207.7188,-0.01197,9.85005,-0.82124
1207.7242,-0.48604,10.76227,-0.15802
1207.7483,-0.63688,9.71357,-0.95532
1207.7659,-0.07183,9.91709,-2.78215
1207.7853,0.24182,10.09187,-0.49083
1207.8083,-0.10774,9.39035,-1.64247
1207.8278,0.18675,9.09346,-1.62332
1207.8580,0.94813,9.66090,-1.29530
1207.8667,1.05827,9.96976,-0.69195
1207.8842,0.74462,9.59386,-1.73585
1207.9064,0.78053,10.42707,0.04310
1207.9271,0.85715,9.53879,-0.16760
1207.9446,0.55308,11.06155,-1.35516
1207.9659,-0.43336,8.84685,0.34238
1207.9928,0.17478,10.35524,-2.20513
1208.0054,-1.14207,10.62100,0.79490
1208.0239,0.66082,10.07990,-0.04549
1208.0465,0.22506,8.92586,2.37273
1208.0641,0.62730,10.30017,-1.16841
1208.0880,0.98165,8.92825,0.43336
1208.1079,0.26816,8.47813,-1.17559
1208.1255,-0.02634,11.33929,-0.91222
1208.1439,0.59139,9.63935,-0.10295
1208.1666,0.80448,9.74470,-1.22347
1208.1843,1.84359,9.31373,0.23703
1208.2045,-0.02873,8.87318,-0.69434
1208.2272,-0.41660,9.84526,-1.86993
1208.2449,0.45970,8.76544,1.43178
1208.2773,1.07264,10.04159,-2.09020
1208.2885,0.93856,9.43823,0.29689
1208.3048,0.99362,8.85163,-2.55469
1208.3242,1.83162,10.32890,-1.12052
1208.3462,-0.55308,10.51087,-1.64726
1208.3640,-0.43336,9.86441,-0.90025
1208.3849,0.84518,9.84047,-0.60096
1208.4172,-0.40224,9.09585,-0.26337
1208.4261,-0.44534,9.54837,-1.61135
1208.4448,-0.27055,10.20201,-0.47407
1208.4689,0.76138,10.09187,-2.76778
1208.4860,-0.82602,10.18524,0.55068
1208.5044,0.73025,10.02722,-1.11573
1208.5411,1.57304,9.41189,-1.40065
1208.5605,0.15323,10.77184,-2.04232
1208.5664,-1.69994,10.11102,1.14207
1208.5929,0.60575,9.72076,-0.92898
1208.6045,0.55068,9.14852,-0.83800
1208.6241,-0.65603,8.98092,-1.70233
1208.6467,0.92180,8.44221,0.13887
1208.6646,1.43178,9.16528,-1.77895
1208.6958,-0.04789,8.85163,-0.88349
1208.7085,-0.31126,10.37679,0.56744
1208.7257,-0.86673,9.85244,-0.07662
1208.7440,0.26816,10.10145,-2.19316
1208.7690,0.44773,11.25788,-0.57702
1208.7863,2.04471,9.56513,-0.23464
1208.8181,1.22587,9.89793,-1.47966
1208.8353,0.01915,8.72713,0.76138
1208.8448,0.34717,9.73512,-0.02634
1208.8641,-0.10535,9.18204,0.22506
1208.8865,0.08859,9.83089,-1.20671
1208.9039,1.80289,9.57471,-1.81247
1208.9240,1.20193,9.89075,-1.61853
1208.9479,1.40783,9.92906,-0.30407
1208.9666,0.73265,10.36482,1.18038
1208.9883,-0.39984,10.76227,0.06704
1209.0071,-0.75180,9.65132,0.54350
1209.0240,0.97447,9.20599,-0.27534
1209.0441,0.70392,8.27222,-0.99123
1209.0669,-0.60096,9.16528,-0.43097
1209.0858,0.50998,10.53241,0.45491
1209.1146,-1.36953,10.60424,-0.42379
1209.1270,0.10535,9.46217,-0.81645
1209.1442,0.21548,10.33130,-0.94334
1209.1641,-0.33999,8.76783,0.15563
1209.1862,-0.73265,10.34566,0.05986
1209.2040,0.13647,11.16690,1.00560
1209.2258,-0.09577,10.02483,0.17478
1209.2550,0.83081,10.25947,-1.25221
1209.2657,1.07264,10.10384,-0.06943
1209.2838,-0.28731,9.38316,-0.41900
1209.3063,-1.00081,10.19722,-1.44375
1209.3257,-0.45731,9.18204,-0.21548
1209.3457,-0.75899,8.96895,-0.80448
1209.3680,-0.46928,9.07191,-0.67997
1209.3862,0.24900,9.84526,-1.73345
1209.4049,-0.09817,8.90191,-0.08380
1209.4274,-0.16760,9.59625,-2.00880
1209.4464,0.69434,9.68724,-2.69116
1209.4664,1.13967,10.28102,-1.75500
1209.4885,1.36713,8.78459,-0.98405
1209.5063,0.54111,11.02085,0.05267
1209.5389,-1.24502,10.71199,0.76138
1209.5471,-0.58181,10.27383,1.27615
1209.5648,0.39745,9.64653,-0.37351
1209.5853,-0.67997,9.71357,-1.07742
1209.6077,0.82363,8.93783,-0.25379
1209.6255,0.43097,10.17806,-0.69434
1209.6470,-0.03352,9.96497,-1.93218
1209.6805,0.91940,10.27383,-2.47089
1209.6849,1.46769,10.23553,-2.06626
1209.7053,0.69434,9.07670,1.96570
1209.7274,2.26738,8.18603,-0.17478
1209.7452,1.70472,10.07750,-0.14126
1209.7653,-0.16520,9.51245,0.29210
1209.8059,-0.75420,9.36401,-0.30647
1209.8156,-1.40544,9.83329,-0.08380
1209.8267,-1.18995,9.59865,0.38787
1209.8473,-0.28013,9.25866,0.00239
1209.8649,0.08141,8.85882,-0.70871
1209.8861,0.51477,8.88755,-1.18995
1209.9093,1.30727,9.39035,-0.97208
1209.9277,1.06066,10.38876,-2.15724
1209.9626,1.41262,9.05994,1.06306
1209.9678,1.84359,10.35763,-0.14845
1209.9858,-0.11253,9.21796,0.89546
1210.0056,0.99602,9.87399,0.74223
1210.0281,0.70392,10.76945,-0.24422
1210.0457,0.03113,9.13655,-0.02873
1210.0657,0.70631,9.55076,0.10535
1210.0980,-0.35435,9.11740,0.77096
1210.1075,-0.09098,9.89075,-1.72148
1210.1259,0.01197,9.88836,-0.70392
1210.1481,-1.07024,11.46139,-1.93218
1210.1672,-0.54111,11.15732,-1.15165
1210.1871,1.40783,10.76227,-2.02077
1210.2119,1.18517,10.23553,-1.80289
1210.2396,1.38150,9.00726,-0.55068
1210.2524,1.55388,9.09824,-1.30967
1210.2679,0.40942,9.65611,-0.61293
1210.2855,0.57702,9.53879,-0.28252
1210.3060,0.83800,9.64414,-1.53952
1210.3301,-0.18915,9.75188,0.77575
1210.3656,1.00799,9.51006,-1.61135
1210.3809,-0.07183,10.02722,0.59617
1210.3881,1.11334,10.17327,-0.36632
1210.4055,0.15323,9.37598,1.50839
1210.4254,-1.08700,9.49330,1.17798
1210.4490,-0.30647,9.98413,1.41262
1210.4695,0.07422,10.04877,-0.62251
1210.5059,-0.90743,9.82371,-1.83162
1210.5245,0.08859,10.45340,0.38069
1210.5267,1.45811,9.30894,-1.32164
1210.5477,0.73265,9.04557,-0.13647
1210.5720,1.70233,10.29538,0.52435
1210.5869,0.94334,9.54358,-1.15404
1210.6068,0.29928,9.89075,-0.57463
1210.6438,1.29530,9.57471,-0.06704
1210.6576,0.61772,9.30655,-0.39506
1210.6654,-0.33520,9.16528,0.25619
1210.6876,0.20351,10.62819,-0.14126
1210.7057,0.03113,9.48372,-0.67040
1210.7257,-0.09338,10.34327,0.13169
1210.7480,1.05109,10.09905,-0.62012
1210.7672,-0.17718,10.60185,-1.40305
1210.7865,-0.14126,10.87719,1.46290
1210.8077,0.39027,8.52841,-1.18995
1210.8256,-0.90504,10.62340,0.08859
1210.8477,-0.65843,10.04398,0.28492
1210.8699,-0.17478,9.10303,0.12450
1210.8859,0.37111,9.52203,-0.01676
1210.9165,0.99123,10.38636,-1.01757
1210.9355,0.58660,9.01684,-1.58980
1210.9474,0.82842,10.50368,-1.40783
1210.9655,1.37910,8.65530,-0.64645
1210.9884,0.41182,9.50767,-0.50998
1211.0066,0.32562,9.52682,-0.15802
1211.0272,0.79011,8.72234,-1.23066
1211.0509,1.07024,8.54996,0.80448
1211.0721,0.89067,8.76065,-1.42459
1211.0867,0.19394,9.14613,0.47646
1211.1079,1.01996,9.10303,-0.98165
1211.1255,-0.56265,10.19961,-0.23703
1211.1492,0.16999,10.64495,0.50759
1211.1713,0.58899,10.24031,-0.25140
1211.2080,-0.81405,10.23553,0.44294
1211.2080,0.77814,10.40312,-1.13010
1211.2284,0.43097,10.72156,0.61533
1211.2451,0.35675,10.16609,-0.31365
1211.2655,0.64885,9.18204,-0.95292
1211.2877,1.30249,10.00567,-1.36234
1211.3055,0.98884,8.84445,-0.63688
1211.3268,0.06943,10.46777,-1.59219
1211.3580,0.61772,9.41189,-1.64726
1211.3651,0.54829,9.76146,-0.39266
1211.3855,0.92658,8.94980,0.02873
1211.4076,0.43576,8.58826,0.27055
1211.4254,0.97926,10.06314,-0.19154
1211.4465,0.39266,8.48052,0.54829
1211.4691,0.98884,9.44302,0.46210
1211.4862,-0.17239,9.82131,-1.86275
1211.5057,-0.77814,10.60424,-0.83081
1211.5282,0.25379,8.91389,-0.52913
1211.5490,-0.85954,9.99610,-0.20591
1211.5690,-0.32083,10.24510,-0.49322
1211.5913,0.65843,10.47016,-1.18995
1211.6259,0.88588,10.88198,-0.54111
1211.6403,1.01278,9.52682,-1.13489
1211.6477,1.25221,9.74949,-1.34079
1211.6654,1.30009,9.34964,-1.68318
1211.6854,0.98884,9.13895,1.28812
1211.7078,0.41421,9.56273,-1.30009
1211.7255,0.41182,10.33608,0.17239
1211.7468,0.48125,10.82212,-0.20830
1211.7747,0.13887,10.63537,-0.76138
1211.7852,0.88349,10.34087,-2.11654
1211.8053,0.11253,9.58668,-0.10295
1211.8278,0.40942,10.03201,-1.93697
1211.8457,-0.01676,9.49809,-1.34079
1211.8672,0.96010,9.94342,-2.77257
1211.9089,0.72786,8.83009,-1.05109
1211.9092,0.20591,9.79498,-0.25858
1211.9275,-0.79250,9.55795,0.56984
1211.9478,-0.80448,11.07831,-0.09098
1211.9655,0.17718,9.35683,-1.37910
1211.9869,0.05746,10.57072,0.06704
1212.0094,-0.05507,9.05036,-0.74941
1212.0267,0.43576,10.25468,0.91701
1212.0576,1.48684,9.25627,-0.54111
1212.0674,1.32882,9.91469,0.27295
1212.0854,0.67040,9.78780,-0.70392
1212.1057,0.01437,10.54918,-0.96968
1212.1281,-0.00958,9.53640,-1.55149
1212.1465,-0.56744,9.94342,0.29450
1212.1682,0.67040,10.20919,-1.55388
1212.1990,0.32323,9.97455,-0.93377
1212.2051,0.35675,10.47256,-1.58022
1212.2255,0.04789,9.65372,-1.27854
1212.2474,0.30886,10.31454,-2.26020
1212.2666,0.15563,9.52443,-0.56984
1212.2867,0.91222,10.24989,-0.90743
1212.3119,-0.26098,10.08708,0.61772
1212.3307,0.73983,10.17327,0.05507
1212.3495,0.62969,9.56034,-1.19474
1212.3680,0.45731,10.32172,-0.62251
1212.3866,0.63209,9.78780,-0.65603
1212.4066,1.02714,10.54918,-0.02155
1212.4292,0.65124,9.86202,-1.46051
1212.4467,0.76138,10.37918,0.73744
1212.4733,0.93137,8.29137,-0.75659
1212.4875,1.31685,9.03120,-0.75899
1212.5050,-0.47646,8.81333,-1.61374
1212.5251,-0.54111,9.73752,-0.18915
1212.5475,-0.04789,8.47813,0.55308
1212.5651,0.31126,9.70639,-0.00479
1212.6045,0.12450,10.21398,-1.77895
1212.6182,0.30647,11.13817,-1.43896
1212.6270,0.61054,9.85962,-1.37431
1212.6450,0.43336,10.51087,-0.45012
1212.6688,-0.12450,10.29538,-0.49083
1212.6864,0.05986,10.41749,0.83560
1212.7062,0.18915,9.02642,-0.30886
1212.7291,-0.08380,10.68325,0.13887
1212.7456,-0.05746,10.47016,-0.08859
1212.7656,0.16520,10.87001,1.07024
1212.7875,-0.50040,9.60344,-1.48684
1212.8059,0.20351,9.76864,-0.03591
1212.8262,0.60096,8.92107,-1.20193
1212.8508,0.42139,9.75428,-0.92658
1212.8812,0.35435,9.05994,-0.78053
1212.8868,0.42858,8.96656,0.16760
1212.9081,0.27295,8.78459,-0.75180
1212.9253,0.45252,9.31612,0.63209
1212.9451,0.66800,10.25468,-1.00560
1212.9675,0.35196,10.87958,-0.15563
1212.9851,0.65364,10.49650,-1.17080
1213.0062,0.38069,9.52682,0.65603
1213.0428,0.52435,8.48052,-1.26418
1213.0485,0.50998,9.27542,0.33759
1213.0656,0.09338,9.04796,-0.71349
1213.0896,0.58660,9.54597,0.51716
1213.1072,-0.04310,8.92825,-0.97208
1213.1287,-0.62969,10.23074,1.50360
1213.1658,0.84039,9.24908,-0.00718
1213.1691,0.20351,10.49889,0.96250
1213.1849,0.63209,10.25229,-0.79729
1213.2074,0.63688,10.70959,0.24661
1213.2262,-0.19394,9.49569,-0.58181
1213.2462,-0.58899,10.78621,1.26657
1213.2692,0.05746,8.95698,0.36154
1213.2861,0.21548,9.85723,0.67519
1213.3219,-0.34717,9.59386,-1.20193
1213.3278,0.21788,9.40471,0.88349
1213.3475,0.60575,8.84206,-1.05348
1213.3656,0.08380,9.68005,0.57702
1213.3881,-0.08859,9.60822,0.28492
1213.4078,0.27534,10.28341,0.60815
1213.4255,0.05028,10.39834,-0.29210
1213.4478,-0.31604,10.89874,-0.52435
1213.4674,0.28971,9.35922,0.00239
1213.4854,-0.50280,10.98733,0.42618
1213.5076,-0.31126,9.54358,0.65603
1213.5251,-0.84997,9.56992,0.38308
1213.5455,0.19872,9.05994,0.37590
1213.5796,-0.35196,9.35922,0.59617
1213.5854,-0.56984,9.83808,-0.19872
1213.6057,-0.23703,9.68245,0.43097
1213.6282,-0.29928,9.19402,0.33280
1213.6455,-0.08859,9.08627,0.49561
1213.6658,0.64885,8.12377,-0.18436
1213.6881,-0.18196,10.33130,0.89306
1213.7078,0.89546,10.06793,0.38308
1213.7426,0.73025,10.64973,-0.39984
1213.7460,1.85077,10.00089,0.99841
1213.7650,0.84039,9.63217,-0.16760
1213.7875,0.44294,10.29059,1.62092
1213.8104,-0.08380,9.97215,-1.77895
1213.8275,-0.93137,9.59146,0.93616
1213.8491,-0.47646,8.72713,-0.93616
1213.8712,-0.54111,9.41429,-0.20591
1213.8896,-0.44534,9.32091,-1.00320
1213.9077,-0.50040,9.86441,0.61533
1213.9299,0.34956,8.34644,-0.05986
1213.9482,0.27055,9.93145,-1.15643
1213.9681,1.33601,9.18923,-1.19714
1213.9899,0.14366,10.32411,-0.71110
1214.0205,-0.83321,10.09187,1.82923
1214.0280,-0.18915,9.24430,0.10535
1214.0514,-0.18196,9.96976,1.07024
1214.0690,0.14366,9.41189,0.08619
1214.0902,-0.07662,9.13416,0.17957
1214.1149,0.43097,8.82051,0.39984
1214.1499,-0.40703,10.71677,-0.78293
1214.1642,0.18915,10.50368,-0.16520
1214.1696,0.53632,9.65850,-1.20193
1214.1875,-0.98884,10.48453,1.12770
1214.2109,-0.14605,9.63456,-1.44614
1214.2329,-1.26178,10.48932,1.16601
1214.2507,-0.52674,9.65850,-0.03352
1214.2836,-0.73265,8.80614,-0.06465
1214.3040,0.09098,10.87001,0.03352
1214.3075,0.02634,9.03839,-0.50040
1214.3280,-0.18915,9.97934,-0.35914
1214.3492,0.84757,9.25627,-1.66642
1214.3684,-0.07422,8.13814,-0.11493
1214.3907,0.20591,9.24669,-1.10376
1214.4270,-0.28731,8.52362,0.23464
1214.4419,0.10295,9.25627,0.18915
1214.4476,1.20432,9.77104,-0.76377
1214.4730,-0.52435,10.07032,-0.19154
1214.4904,-0.32562,10.64495,-0.11732
1214.5096,-0.13887,9.76864,1.07742
1214.5334,0.04789,8.76544,1.73345
1214.5497,-0.86912,9.70400,-2.32005
1214.5701,-0.00479,9.15571,1.01757
1214.5920,-0.79969,9.05036,-0.27534
1214.6095,0.31604,9.87399,-0.70631
1214.6313,1.17559,9.23711,0.51716
1214.6536,-0.37590,10.29059,-0.20830
1214.6714,0.66082,9.41189,0.57702
1214.6931,0.39745,9.55555,0.23224
1214.7206,-1.67599,10.58270,1.47487
1214.7386,-0.56984,10.37918,-0.87152
1214.7518,-1.72388,10.90353,1.11573
1214.7734,-0.18196,9.08148,-0.78772
1214.7916,-0.80687,8.43503,-0.36632
1214.8116,-0.61772,8.90431,0.14845
1214.8358,0.14366,8.94022,-1.34079
1214.8596,0.93616,9.94582,-0.32562
1214.8713,1.58980,8.88037,-1.50600
1214.8956,0.23224,9.91709,0.16760
1214.9133,-0.41182,10.58030,0.56505
1214.9310,-0.41421,9.97215,0.24422
1214.9580,-0.41900,11.13338,0.22985
1214.9913,0.22267,10.08947,-0.07901
1215.0038,-0.32083,10.59467,0.99362
1215.0137,-0.19633,9.72315,-0.28971
1215.0332,0.14605,10.37200,0.69434
1215.0519,0.51956,10.86522,0.83560
1215.0743,0.28013,10.05595,-1.49163
1215.0922,0.15802,9.56034,0.98165
1215.1282,0.11253,10.45101,0.19394
1215.1434,-0.22027,9.57949,0.04310
1215.1520,-1.42220,10.07032,1.65684
1215.1705,0.33999,9.99610,0.58660
1215.1938,0.67997,9.75906,-2.41822
1215.2118,-1.29291,10.58030,-0.48364
1215.2318,-1.21390,10.70720,1.27615
1215.2711,1.54670,9.13655,-0.26576
1215.2712,4.17562,9.62259,0.14126
1215.2926,-1.72388,12.98655,0.97447
1215.3112,3.18678,5.74626,-6.92185
1215.3300,-2.72468,11.01845,-2.22668
1215.3503,-2.72229,9.93863,1.70472
1215.3716,-1.78134,9.58428,2.70074
1215.3939,-1.53712,10.45819,3.28973
1215.4327,-1.12770,10.31454,3.10298
1215.4349,-1.39826,8.00167,2.61934
1215.4521,-1.17559,10.55157,-1.58022
1215.4719,1.06066,9.68245,0.48604
1215.4939,0.22985,7.30493,-2.09260
1215.5135,0.04789,7.38394,0.31126
1215.5320,1.93697,11.63139,0.59617
1215.5643,2.00640,8.17645,3.56029
1215.5715,0.06943,11.84927,-0.34956
1215.5912,0.97926,9.84765,-0.11014
1215.6135,-0.24422,10.16370,0.34478
1215.6312,-0.35196,10.51087,1.16362
1215.6515,0.17239,10.38876,0.13647
1215.6738,-0.08380,9.53879,-0.51716
1215.6990,1.39347,9.55316,-0.49083
1215.7115,0.71828,9.67048,-0.18196
1215.7341,0.34238,10.47495,-0.70871
1215.7515,0.57463,9.34964,-0.36393
1215.7725,-0.43815,11.99292,0.06943
1215.7947,-1.30727,3.81169,-4.57785
1215.8314,1.95852,8.93304,-1.15404
1215.8315,2.01837,9.48372,-2.27456
1215.8545,-2.37033,10.19722,3.16523
1215.8710,-2.19076,9.84765,4.68320
1215.8909,0.41421,6.64411,-0.53153
1215.9142,2.24104,7.66647,-3.70394
1215.9324,-2.22668,12.74233,3.00481
1215.9670,-3.22269,6.25145,-5.33923
1215.9885,-1.36234,5.54514,-4.49884
1215.9930,5.82048,13.17091,-3.06228
1216.0126,-2.92580,10.45580,16.73837
1216.0348,-5.53556,14.56198,2.67201
1216.0529,1.39586,6.64411,3.59860
1216.0740,-0.60336,10.62819,3.83084
1216.0961,0.21309,12.11742,2.64089
1216.1261,0.71828,11.92109,4.01041
1216.1323,0.08619,8.52601,-0.56265
1216.1523,2.50681,10.39115,2.05429
1216.1707,0.47407,9.31852,8.11180
1216.1915,-3.29692,13.44864,2.14527
1216.2142,-1.94894,9.62498,5.65288
1216.2330,-2.38949,10.40552,2.32724
1216.2522,-1.86753,9.50048,2.84200
1216.2742,-0.67519,10.26426,1.17798
1216.2920,-0.45970,9.21078,1.91542
1216.3119,-0.46688,9.73273,0.79969
1216.3326,-0.19633,10.46298,0.56505
1216.3523,0.29210,9.85244,1.27136
1216.3721,0.11971,9.18204,0.82602
1216.4037,0.79729,9.41429,0.21788
1216.4100,0.17718,10.42228,-0.32802
1216.4304,0.28013,9.68245,-1.10376
1216.4561,0.28252,9.41668,-1.25699
1216.4779,0.03352,9.26584,0.26337
1216.4969,0.21309,9.54837,0.63927
1216.5171,-0.07662,9.87399,0.54589
1216.5336,0.72068,9.42626,0.43576
1216.5564,0.39984,9.75667,0.92658
1216.5791,0.11971,10.71677,0.14366
1216.5967,0.61054,9.85962,0.81884
1216.6163,0.22985,10.07750,0.79011
1216.6388,-0.01197,10.22595,0.41182
1216.6709,0.68716,8.69122,0.62969
1216.6907,-0.40703,10.48453,-0.57702
1216.6960,-0.80208,9.93863,-0.60815
1216.7131,0.32562,9.27542,-1.47727
1216.7329,1.05109,9.72315,-0.39745
1216.7551,0.31126,10.11102,0.32083
1216.7731,-0.15323,10.93705,0.28013
1216.7930,1.09179,9.62020,-0.31126
1216.8197,0.20591,10.84606,-0.53153
1216.8339,-0.24422,11.21957,0.31126
1216.8538,0.17478,9.93385,0.37590
1216.8761,-0.51237,10.69523,0.15084
1216.8956,-0.10295,9.40232,0.22267
1216.9165,1.48684,8.94022,1.44614
1216.9390,0.79969,9.48851,0.32562
1216.9652,0.25140,9.93385,0.25858
1216.9785,0.18675,10.09426,-0.25379
1216.9963,-0.10535,10.18764,0.16760
1217.0138,0.07183,9.50767,-0.28731
1217.0338,-0.36632,9.34007,0.42139
1217.0564,-0.18436,9.45978,0.17478
1217.0739,0.37351,9.44781,0.24900
1217.0986,0.62012,9.31133,0.09577
1217.1163,0.69195,9.53400,-0.02394
1217.1339,1.11094,9.04318,-0.13169
1217.1539,0.66800,9.95779,0.55308
1217.1763,0.42379,9.70639,-0.44534
1217.1938,0.12450,9.47893,0.05267
1217.2336,0.07901,10.04877,0.00000
1217.2474,-0.01437,9.99131,0.55547
1217.2539,0.34956,10.23553,1.03672
1217.2740,0.34238,9.52443,0.41900
1217.2965,-0.52195,9.01205,2.20513
1217.3141,-0.51477,9.80455,1.36474
1217.3339,0.41421,8.79896,1.59698
1217.3572,-1.24263,12.24432,1.32164
1217.3752,-0.72307,10.21398,0.71110
1217.3951,0.06465,9.49569,-0.09098
1217.4176,-0.54350,10.17806,0.03352
1217.4374,0.65364,9.73512,-1.06785
1217.4581,0.73025,10.25229,-0.44773
1217.4811,1.80528,8.25546,-0.12690
1217.5135,0.23224,8.00646,-2.44695
1217.5288,-1.50600,11.63139,1.40065
1217.5400,-1.44375,11.91631,0.57941
1217.5557,0.49322,8.72234,-0.06465
1217.5757,0.33759,8.73671,-0.83800
1217.5986,0.48364,10.23074,-0.71828
1217.6162,1.22587,9.66569,-1.26418
1217.6525,-0.00239,11.23873,-0.99602
1217.6664,-1.33361,10.40552,-0.95771
1217.6775,0.69673,5.85640,-1.00560
1217.6953,-0.44055,12.29700,2.81567
1217.7180,-0.92898,9.64414,0.12690
1217.7372,-0.60336,11.05437,0.65843
1217.7574,0.48125,8.30574,1.75021
1217.7820,0.29928,8.95938,-1.24263
1217.8027,0.39027,8.95698,-0.27055
1217.8165,1.11573,9.32331,1.90584
1217.8380,-0.59139,12.34009,-1.58980
1217.8574,0.11253,9.33767,0.53632
1217.8774,1.88429,10.06074,0.30407
1217.8981,1.64487,9.87399,0.20830
1217.9172,0.35675,10.58030,-0.03591
1217.9487,-0.24900,10.80297,1.42220
1217.9576,-0.49322,11.36083,-0.22506
1217.9766,-0.12450,11.10704,0.98884
1217.9956,0.40224,8.03519,1.36474
1218.0179,-0.48125,9.64653,-1.02236
1218.0375,0.41900,9.61541,-1.73585
1218.0848,0.62730,9.87878,-1.63290
1218.0850,0.98165,8.03998,-0.73983
1218.0992,0.37351,8.90191,-0.51477
1218.1157,0.49801,8.49249,0.68716
1218.1377,0.11732,10.20919,0.76138
1218.1561,-0.72068,10.24989,0.59139
1218.1763,-1.36713,10.07271,0.47885
1218.1989,-0.90982,8.79896,0.76138
1218.2247,-0.86194,10.57072,-0.40463
1218.2352,-0.88828,9.19162,-0.51237
1218.2577,-0.99362,12.04799,0.67279
1218.2760,0.67997,8.93783,1.45332
1218.2979,0.76856,9.29697,0.87391
1218.3223,0.33999,9.60583,1.16362
1218.3606,-0.09577,10.51087,-0.25858
1218.3606,0.66321,10.06314,-0.90504
1218.3795,1.13489,9.88117,-1.94176
1218.3956,0.31844,9.10782,0.18436
1218.4158,0.87152,8.07110,0.05746
1218.4382,0.02394,8.42306,-0.79011
1218.4556,-0.71589,10.55875,-1.05827
1218.4758,-1.13249,10.65452,0.70631
1218.5067,-1.01038,10.98254,0.74223
1218.5162,-0.38308,10.55157,0.68237
1218.5375,0.84997,8.27461,0.69434
1218.5596,1.13249,8.29137,-1.14207
1218.5773,0.02394,11.70322,1.61853
1218.5973,-0.07422,10.57791,0.60575
1218.6337,-0.67279,11.06394,0.68716
1218.6492,-0.01915,8.77262,-0.71828
1218.6555,0.08619,11.49491,0.76377
1218.6781,0.14366,11.53083,0.65364
1218.6952,-0.39745,9.36880,0.10774
1218.7156,-0.18436,11.18366,0.50040
1218.7383,0.05507,9.21078,1.79571
1218.7559,0.43097,10.90832,0.88109
1218.7845,0.42379,11.14774,-0.81405
1218.7976,-0.62730,10.31932,-0.94334
1218.8158,-0.36872,9.98891,-1.98964
1218.8359,-0.25379,8.99290,-0.44055
1218.8583,0.98405,10.43186,-0.45491
1218.8761,-1.30488,9.62020,-1.55388
1218.8961,-1.23784,10.24510,-1.21150
1218.9226,-0.77814,9.39274,0.97926
1218.9360,-0.45970,10.21877,0.56744
1218.9552,-0.07662,9.53161,-0.14605
1218.9775,0.29450,9.38556,-0.28731
1218.9955,1.11334,9.29218,-0.09098
1219.0170,0.98884,8.51644,0.71828
1219.0559,0.16520,8.85163,1.27136
1219.0718,0.57702,11.09746,-1.26657
1219.0754,0.41421,7.52999,-1.26178
1219.0978,-0.04789,10.14215,-0.65603
1219.1166,0.11971,9.51006,-0.90025
1219.1354,-0.15084,9.63217,-0.55068
1219.1575,0.62251,9.04557,0.01915
1219.1757,0.54350,9.26345,-1.53473
1219.2010,0.66082,9.22514,-0.25858
1219.2170,0.44055,10.46298,0.55787
1219.2350,0.62730,11.14774,0.78532
1219.2552,0.25140,9.62498,-0.69913
1219.2775,0.01197,9.70878,-0.52195
1219.2952,-0.38787,10.93705,0.31365
1219.3156,-0.54111,10.25468,0.12450
1219.3381,-0.46688,8.89234,0.35914
1219.3550,-0.22746,10.26426,0.20112
1219.3749,0.54589,8.08547,0.17718
1219.3975,-0.38787,9.12219,0.75180
1219.4149,0.83560,9.47415,1.35277
1219.4374,1.52036,8.89713,1.41741
1219.4614,0.62491,10.65213,0.79011
1219.4812,1.08700,11.30337,0.76138
1219.4962,1.16362,10.69044,0.13887
1219.5175,1.26897,10.14454,-0.16760
1219.5355,0.79011,10.46059,0.99362
1219.5552,0.34238,9.79498,1.17080
1219.5773,0.75420,8.81811,0.97208
1219.5948,0.14126,9.75188,-1.20671
1219.6146,-0.51237,10.00567,1.09897
1219.6362,-0.31844,9.36161,1.82923
1219.6549,-0.10774,9.86441,0.92898
1219.6754,-0.11732,9.33528,2.21470
1219.6985,-0.27055,9.94342,1.40783
1219.7163,-0.45491,10.63776,-0.21070
1219.7493,-0.73744,11.24351,-0.19633
1219.7699,-1.08461,10.52044,-0.51956
1219.7756,0.28013,9.25627,-0.83560
1219.7963,0.15084,10.09905,-0.27774
1219.8188,-0.47646,8.96656,-0.83560
1219.8368,1.07982,11.04958,-0.97686
1219.8575,0.39984,9.51006,0.58420
1219.8790,1.10376,10.32890,-0.40463
1219.9012,1.33840,8.24588,0.73504
1219.9163,0.03113,8.80854,1.26657
1219.9380,0.39984,8.98811,0.51237
1219.9558,-0.04070,9.06472,0.29689
1219.9761,-0.10535,8.85642,0.37830
1219.9987,-0.27055,9.56273,-0.44773
1220.0179,-0.40463,9.78780,0.66561
1220.0372,-0.24900,10.95620,-0.01197
1220.0583,-0.49083,10.78860,0.20351
1220.0763,-0.78293,11.14535,-0.03352
1220.0977,-0.06465,9.89793,0.26576
1220.1201,-0.07662,10.42467,0.31844
1220.1400,-0.28252,10.06314,0.83560
1220.1764,0.46688,9.66329,0.88349
1220.1949,0.26337,9.02402,0.11971
1220.1980,0.88828,9.04796,-0.31844
1220.2164,1.12291,9.05275,0.28492
1220.2385,-0.16999,10.17088,-0.93616
1220.2579,0.10056,10.52523,-0.03591
1220.2761,-0.06704,9.38316,-0.04789
1220.3135,-0.27774,8.34165,0.33999
1220.3251,-0.27534,9.23951,-0.34478
1220.3361,-0.21070,8.98332,1.08461
1220.3580,-0.75899,8.87079,1.55149
1220.3759,-0.15802,10.12539,-0.06465
1220.3976,0.14366,9.36401,0.22027
1220.4207,-0.06704,10.22116,-0.78053
1220.4386,0.98884,8.94980,1.64247
1220.4712,1.05827,10.42707,0.53871
1220.4795,0.34478,10.05356,0.14605
1220.4968,0.60815,10.71677,0.05507
1220.5170,0.49801,9.53161,1.41502
1220.5396,0.56984,9.14134,0.14126
1220.5573,-0.02634,10.47256,2.10217
1220.5792,0.92898,9.64893,0.49322
1220.6154,-0.43576,10.10384,1.52276
1220.6169,0.11971,10.50129,-0.73744
1220.6370,1.55149,8.33447,1.11334
1220.6593,2.32005,8.79657,-0.15084
1220.6783,0.84278,9.39753,1.44135
1220.6978,-0.16760,9.47175,0.98165
1220.7198,-1.61374,10.72156,-1.53952
1220.7385,-1.66163,10.47016,1.75021
1220.7600,-0.55787,10.76466,-0.26816
1220.7805,-0.96968,9.85723,1.33122
1220.7993,0.58899,9.44781,-3.44057
1220.8195,1.28094,9.06472,-1.32403
1220.8441,0.75659,10.43186,0.47167
1220.8593,-0.28492,9.21796,0.44773
1220.8937,-0.83321,11.97856,1.46290
1220.9027,-1.54910,11.16929,0.49561
1220.9175,-0.82124,10.86522,-1.11573
1220.9379,-0.56026,9.95300,0.01915
1220.9603,-0.17478,7.90590,0.03831
1220.9780,0.18196,8.77262,-2.57624
1220.9979,0.39506,8.56911,-0.03831
1221.0204,0.35914,8.74150,-0.66561
1221.0378,0.60815,10.13736,1.21390
1221.0576,1.19714,8.87558,-0.70152
1221.0801,0.81166,9.45499,-0.47167
1221.0979,0.20830,9.75667,-0.06704
1221.1218,-0.18196,9.00247,1.61135
1221.1588,-1.20671,11.46618,1.84599
1221.1736,-0.82363,8.61699,-0.55787
1221.1824,-0.69673,9.60104,-2.52357
1221.2000,-0.74701,10.40073,-1.77416
1221.2178,1.56825,10.20440,-0.23224
1221.2374,3.25861,10.88677,-3.39508
1221.2599,0.00718,10.15412,2.18597
1221.2793,0.66561,8.24828,-0.68237
1221.3068,1.91303,7.54436,-1.17319
1221.3202,0.88349,9.44063,-0.45491
1221.3374,0.16281,10.77663,1.00799
1221.3585,-0.33280,10.13496,0.21788
1221.3809,-0.09098,8.82290,-1.11094
1221.3983,-0.75899,6.89312,0.42379
1221.4303,-0.90982,11.67688,-1.71909
1221.4431,-0.79011,11.37759,0.72307
1221.4628,-2.10217,11.52364,2.14048
1221.4784,-2.03034,10.55875,1.14446
1221.5013,-1.87472,9.19641,1.64966
1221.5188,-0.34956,11.93067,-0.57702
1221.5392,0.21788,10.16130,0.04070
1221.5610,0.21548,9.98173,-0.63448
1221.5815,0.42379,9.36880,-0.56505
1221.5986,-0.70631,9.71836,-1.04869
1221.6207,-0.35914,9.42626,-0.17478
1221.6384,1.20671,9.59146,0.29689
1221.6583,2.76539,8.50686,1.20671
1221.6826,1.55149,8.53320,2.12612
1221.7014,-0.49801,10.34806,1.63768
1221.7339,-1.44375,10.92268,1.00799
1221.7408,0.17718,9.95779,1.98485
1221.7609,-0.34717,9.65850,1.18756
1221.7791,-0.27534,9.78540,0.79011
1221.8015,1.23784,8.47334,0.20351
1221.8212,-0.27295,11.09507,0.72786
1221.8615,0.07662,9.86202,2.49723
1221.8615,2.35836,10.03201,-0.49322
1221.8789,-0.28013,10.50129,-0.21070
1221.8989,-0.73025,7.58985,-1.12531
1221.9221,-0.44294,9.99610,1.52276
1221.9399,-0.51956,9.79737,-0.41900
1221.9600,-0.14605,10.24031,-1.11094
1221.9854,0.07901,10.11342,-1.08700
1222.0034,1.29051,7.69759,0.40942
1222.0200,0.60815,10.15651,-0.16760
1222.0515,0.62491,9.13895,0.47646
1222.0594,1.21390,8.80614,-1.85796
1222.0808,-0.92658,8.75586,1.04151
1222.1036,-0.67040,9.85484,1.43417
1222.1219,0.37351,13.68567,3.37114
1222.1549,1.20193,10.60424,-0.39984
1222.1628,1.55628,9.37359,0.18196
1222.1808,-0.31365,8.80135,1.41980
1222.2030,-2.15964,10.81015,2.78454
1222.2235,-0.95292,10.82212,2.16682
1222.2443,0.46449,8.87558,-0.17478
1222.2621,-0.77335,9.22275,-1.18038
1222.3004,-0.00479,8.99050,0.52435
1222.3007,0.79490,11.35126,-0.53632
1222.3204,0.03113,9.08388,-0.27774
1222.3441,-0.45252,11.15014,1.57304
1222.3605,-0.89067,8.98332,0.91222
1222.3809,0.09098,8.62418,1.41502
1222.4034,1.02954,10.68086,0.16760
1222.4220,1.74064,9.04557,0.86194
1222.4408,0.42618,10.08229,0.28971
1222.4628,-0.32323,10.53241,0.72068
1222.4823,-0.16520,9.60822,1.01517
1222.5006,-0.87630,10.41749,0.00239
1222.5233,-1.15404,10.40312,0.92658
1222.5424,-0.16042,9.68005,-0.75180
1222.5701,-0.10295,10.07032,-0.43576
1222.5867,-1.46290,11.02085,0.12211
1222.6000,-0.02155,8.36320,-0.37111
1222.6205,-0.06704,9.88117,-1.50121
1222.6445,-0.43815,8.96895,0.07422
1222.6622,0.73025,9.50048,0.56265
1222.6823,0.47407,9.71118,0.13887
1222.7136,0.61772,9.40471,0.75659
1222.7206,-0.05986,9.20120,0.24661
1222.7405,-0.08859,9.57471,1.19474
1222.7648,0.34717,8.85163,3.13411
1222.7820,0.90504,10.29538,0.37351
1222.8019,0.90504,9.58189,0.60096
1222.8243,0.04549,10.48453,2.22189
1222.8424,-1.91781,11.35844,1.16601
1222.8613,-1.12770,11.72476,0.52195
1222.8827,-0.11493,9.14852,2.41103
1222.9003,0.12211,9.68005,-0.50759
1222.9225,0.21788,9.07670,-1.60656
1222.9449,1.18995,10.30735,-0.05267
1222.9790,0.85715,8.72234,-1.15883
1222.9910,0.06225,11.21957,0.49561
1223.0024,-0.14126,10.23792,1.18277
1223.0205,1.18756,10.23792,-1.05588
1223.0421,3.79493,10.45101,1.37431
1223.0627,2.13330,9.30655,1.05588
1223.0803,-0.79729,10.81733,0.06943
1223.1096,0.40224,10.91071,-0.86673
1223.1235,0.26098,10.98254,1.62092
1223.1405,-0.35914,11.57153,-0.32802
1223.1604,0.03831,8.70079,-0.98644
1223.1829,-1.38629,12.98176,0.80926
1223.2020,-1.44614,8.28898,1.54670
1223.2203,0.60096,7.88435,-1.13967
1223.2426,0.03831,9.60344,0.87870
1223.2701,-0.78772,9.96258,-0.65364
1223.2809,-0.54589,10.05356,-0.87391
1223.3027,1.21629,9.59625,-1.13728
1223.3203,1.11813,11.36802,0.22267
1223.3440,-0.63448,10.48213,1.26418
1223.3665,-1.86275,11.04718,1.15883
1223.3997,-1.67839,10.92986,0.70392
1223.4159,0.14845,8.65291,-0.15802
1223.4224,-0.77096,8.53320,1.24981
1223.4406,1.03912,11.43985,-0.32083
1223.4618,1.94655,9.20359,-0.34238
1223.4841,0.92898,9.66808,-0.75659
1223.5020,0.10535,9.01684,0.66800
1223.5217,0.27774,9.29936,0.10056
1223.5543,0.25619,9.94342,1.64726
1223.5621,-0.28971,10.56354,0.54829
1223.5801,0.52674,9.67048,-0.37830
1223.6046,0.89546,9.42387,-0.89785
1223.6224,0.56984,8.98571,1.12052
1223.6407,1.04151,8.38475,1.62811
1223.6641,0.85476,8.22194,1.02714
1223.6895,-0.22746,9.20599,-0.56744
1223.7035,0.47407,9.37119,-0.80448
1223.7227,-0.00239,9.73512,0.19872
1223.7402,-0.36393,9.69442,0.76856
1223.7603,-0.05507,10.59706,0.61054
1223.7827,-0.17239,9.25387,-0.47167
1223.8002,0.28971,9.11979,-1.12531
1223.8304,1.47008,10.64255,-0.84039
1223.8434,1.32643,9.12219,-0.33041
1223.8627,0.37830,10.97296,0.67279
1223.8835,-0.28492,9.22514,1.52036
1223.9073,0.89067,9.18444,-0.32323
1223.9252,-0.05507,10.85564,0.49561
1223.9613,0.47167,9.81892,1.68318
1223.9781,1.53473,8.00167,-0.22746
1223.9821,0.19872,11.62660,2.59779
1224.0031,0.34238,9.97215,-0.12929
1224.0259,-0.70631,9.90751,0.11493
1224.0437,-1.17798,10.47974,-0.85954
1224.0638,-0.51956,8.20039,1.01278
1224.1050,-0.20830,9.27781,-1.40065
1224.1211,-0.04789,10.58509,1.53712
1224.1235,0.74462,12.13179,0.13408
1224.1456,0.89546,9.41429,1.45811
1224.1632,-0.44773,8.80614,-0.67279
1224.1830,-0.20351,9.66329,1.54910
1224.2056,0.10295,9.61062,1.46530
1224.2319,0.98405,9.26105,0.89306
1224.2502,0.82602,9.43105,-1.20911
1224.2672,0.77096,9.08148,0.21788
1224.2833,0.47885,9.34246,1.87472
1224.3033,1.28333,8.64812,1.40305
1224.3582,0.90025,9.77582,1.30249
1224.3746,0.75180,9.71836,1.50839
1224.3748,0.52913,8.94501,0.98644
1224.3915,0.25140,9.81892,0.10295
1224.4025,-0.31126,9.97215,1.75021
1224.4258,0.27295,9.79019,1.35995
1224.4454,-0.06465,10.15891,0.03352
1224.4631,0.01437,9.93385,-0.07901
1224.4830,0.20112,9.65132,0.96010
1224.5056,-0.11014,11.57632,1.76697
1224.5238,-0.23464,11.36562,1.11573
1224.5425,0.65364,9.32091,0.25619
1224.5654,0.97926,8.52601,0.64406
1224.5833,0.66321,8.34884,-0.94095
1224.6030,1.26657,8.63615,-0.21548
1224.6254,1.20671,9.35922,-1.43656
1224.6584,0.21309,8.74150,-0.40703
1224.6718,0.74223,10.37439,0.84518
1224.6854,0.76138,10.17806,0.00239
1224.7031,-0.81645,9.94103,0.06943
1224.7231,0.23464,9.69442,0.22027
1224.7474,0.13647,8.40630,-0.05746
1224.7670,-0.35196,9.16528,1.22826
1224.8104,-0.07662,9.19880,-0.96489
1224.8104,-0.84997,10.69283,0.47885
1224.8237,-0.37830,10.55875,-1.72388
1224.8431,-0.34717,10.21398,1.50600
1224.8651,-0.18196,9.23232,2.66483
1224.8828,-0.73504,10.06793,1.60416
1224.9045,-0.87630,10.04638,1.27854
1224.9265,0.22506,10.40552,-0.60575
1224.9609,0.19154,9.20838,0.95771
1224.9639,0.73265,10.47016,0.28492
1224.9862,1.18995,10.39355,1.12291
1225.0033,-1.24023,10.94902,0.96968
1225.0237,-0.65843,11.62181,-0.45012
1225.0463,0.62730,8.19560,0.22985
1225.0636,-0.87391,10.31454,-1.14446
1225.0836,-0.08380,9.17247,0.00718
1225.1067,-0.49322,9.05994,2.21949
1225.1234,-0.39984,10.18764,-0.02634
1225.1434,0.43576,7.79097,-0.82124
1225.1656,-0.50519,10.12060,-1.75979
1225.1836,0.56984,9.07191,-2.64567
1225.2036,0.71110,10.75508,-1.87711
1225.2257,-0.08141,9.48372,0.39266
1225.2434,0.09098,11.83969,0.30168
1225.2634,-0.62491,10.11102,-0.20351
1225.2856,0.45731,11.74152,-1.56107
1225.3035,2.26498,7.99209,1.07264
1225.3236,0.14605,7.82449,3.34480
1225.3459,-1.74782,12.43108,2.77018
1225.3654,-0.79490,10.03441,3.63211
1225.3834,-1.12291,12.04320,-1.18995
1225.4056,-1.35516,10.17088,2.53793
1225.4237,1.82444,8.25785,1.96331
1225.4440,1.09418,10.96338,-0.18196
1225.4684,-0.95292,9.54119,-0.57702
1225.5027,0.53632,9.47175,1.17080
1225.5066,0.91940,10.63297,-0.07662
1225.5267,-0.42139,12.24672,-0.52913
1225.5439,-0.35675,9.81653,-0.18436
1225.5637,0.11014,10.64016,-2.68398
1225.5861,1.75021,8.56432,0.65124
1225.6038,1.80768,7.39592,0.85954
1225.6444,1.14686,10.89634,-1.35755
1225.6584,-0.39027,9.63217,2.10696
1225.6641,-0.76617,10.39594,-0.39506
1225.6840,1.68078,7.01283,-2.86834
1225.7062,0.75899,6.86678,-3.52198
1225.7256,3.34001,11.16929,-2.44455
1225.7451,-2.23146,10.64734,7.80534
1225.7681,-3.79971,12.74712,-0.34717
1225.7865,1.16362,5.74147,0.40703
1225.8037,0.27534,8.25546,-0.30168
1225.8260,0.62012,10.92747,0.72547
1225.8446,1.23305,8.49968,1.88429
1225.8656,1.30488,11.52364,-1.30249
1225.8877,-0.97208,9.99370,1.60177
1225.9314,-1.78373,10.04398,1.43417
1225.9315,2.34160,8.63136,-2.60976
1225.9462,1.19714,9.37598,-0.22267
1225.9634,1.82204,12.50530,1.49642
1225.9836,1.39826,9.67048,0.48604
1226.0062,0.16760,9.74230,-2.35118
1226.0237,0.50998,9.42626,2.08062
1226.0438,-0.15084,9.92906,1.88190
1226.0680,0.85954,9.87160,0.84997
1226.0836,2.05429,9.81653,1.31685
1226.1053,-2.94735,11.26267,0.73504
1226.1283,-2.54511,9.73752,0.29928
1226.1438,-0.27295,11.61942,5.76302
1226.1638,0.62730,8.61939,2.07823
1226.2017,0.59617,9.04318,-0.22746
1226.2174,2.04232,11.09507,-1.91063
1226.2234,-0.50280,10.50368,0.96968
1226.2456,0.33280,10.04159,4.44138
1226.2633,-1.29770,6.85481,-2.27696
1226.2830,0.37111,8.74150,-0.44294
1226.3058,-0.92658,6.70158,-7.31930
1226.3232,2.94735,9.65850,-4.82925
1226.3495,3.72789,11.48534,5.25783
1226.3657,-3.09101,11.92349,-0.43815
1226.3834,-1.43417,10.68565,3.94337
1226.4033,-2.05668,6.18202,-3.16523
1226.4255,-1.50360,10.02722,1.70233
1226.4431,0.58420,9.18923,1.83401
1226.4633,0.12690,10.70001,0.95292
1226.4854,2.12133,11.40633,-1.65205
1226.5039,-2.52835,7.70478,-0.20112
1226.5234,-1.63529,7.94181,-0.76377
1226.5455,-2.06865,8.35841,-0.13887
1226.5631,-1.24742,10.33369,2.01359
1226.5831,1.76458,10.05835,-2.31766
1226.6127,1.32882,9.43344,-1.39826
1226.6230,1.73585,8.88994,-0.45970
1226.6432,1.23784,8.55474,1.98007
1226.6653,0.86912,10.00089,0.46210
1226.6852,1.41262,9.38077,0.82602
1226.7050,1.48445,9.26824,1.48445
1226.7285,0.59378,8.47573,1.13489
1226.7460,-0.25379,10.18285,1.39107
1226.7783,0.61533,10.54678,1.18517
1226.7859,0.02873,10.81733,1.83641
1226.8033,-0.62969,10.53720,1.23784
1226.8236,-0.97926,10.11821,1.01996
1226.8457,-1.26418,12.11024,1.21390
1226.8635,-1.56586,9.69202,-4.15646
1226.8879,0.62969,10.81254,0.19633
1226.9064,1.85077,7.54197,-6.71594
1226.9255,3.28016,8.83727,-2.80609
1226.9436,-3.09580,10.96578,3.52437
1226.9673,-3.56029,10.06074,-1.76458
1226.9851,0.30647,9.36401,3.77577
1227.0051,0.58660,9.39274,0.28252
1227.0272,0.09577,8.85642,2.88271
1227.0525,4.25223,11.25549,3.64648
1227.0651,-3.47649,12.36643,3.20115
1227.0856,-2.49244,12.01208,-2.38709
1227.1035,-1.87711,5.83724,2.96172
1227.1254,-0.61293,10.65692,-0.60096
1227.1456,0.64406,8.27940,0.99841
1227.1823,1.05348,10.10145,-1.26418
1227.1969,1.35995,9.68724,-1.90105
1227.2059,0.91701,10.30256,-2.74863
1227.2250,1.51079,8.74629,-0.88828
1227.2451,1.62571,9.29697,-0.93377
1227.2656,1.34798,9.06951,0.22027
1227.2837,0.03591,8.45658,0.46688
1227.3226,-1.14686,9.95300,0.10056
1227.3386,-0.42618,9.16289,-0.17718
1227.3430,-0.49801,9.09106,-0.58660
1227.3634,0.42858,9.20599,-1.28812
1227.3856,0.05507,9.05515,-0.33041
1227.4037,0.37111,10.83888,0.05267
1227.4237,-0.31604,8.33208,-2.71990
1227.4474,-1.02954,8.94022,1.02954
1227.4764,-0.15563,8.96656,-0.29450
1227.4872,1.47727,8.47813,1.17080
1227.5078,3.88112,8.25546,-2.60018
1227.5254,0.16999,9.59865,1.54670
1227.5476,-3.31368,9.77822,-1.04151
1227.5679,-2.17161,8.71756,2.43737
1227.6021,0.52435,9.91230,-0.15084
1227.6177,1.30727,9.99849,1.07024
1227.6274,1.02954,11.50449,0.75420
1227.6455,-2.67201,10.28341,1.03912
1227.6653,-1.70712,12.38080,1.52994
1227.6893,-1.65444,6.74467,4.09900
1227.7053,-0.90504,9.47893,-3.38790
1227.7415,0.33041,8.59784,0.89546
1227.7576,1.46530,10.41988,2.29850
1227.7653,2.01359,10.32890,1.46051
1227.7855,-0.80208,13.98496,0.68237
1227.8077,-0.68237,8.43982,3.20833
1227.8257,1.69275,12.20841,-2.18118
1227.8491,0.30407,10.67368,0.37351
1227.8867,0.33280,9.32570,1.40065
1227.9005,0.55787,9.27781,-0.50519
1227.9070,-0.58899,12.87402,0.65603
1227.9277,-0.40942,6.46454,0.60575
1227.9457,-0.27055,10.86043,-0.79250
1227.9648,2.71271,8.73192,-2.69835
1227.9874,3.70155,9.11022,-1.81725
1228.0054,-4.01280,11.18605,0.94095
1228.0253,-0.79969,10.14454,6.31610
1228.0471,1.35037,9.53640,0.64885
1228.0642,-1.56107,9.51006,1.38389
1228.0839,0.87391,6.06230,-1.47727
1228.1074,2.05189,6.79016,-8.29137
1228.1251,-3.84521,11.75350,4.63771
1228.1444,-3.28255,10.61621,1.33601
1228.1720,-1.15883,11.54519,4.69517
1228.1884,-2.87552,6.28737,4.11097
1228.2041,1.13249,7.77900,-6.53398
1228.2271,5.24825,8.30813,-10.00328
1228.2449,6.78537,10.76945,-4.45575
1228.2660,2.84440,10.98733,6.86199
1228.2875,-2.01598,13.96102,1.68078
1228.3055,1.12291,7.01762,6.28737
1228.3259,-2.99045,12.81655,-2.79172
1228.3481,-5.45895,5.07347,2.46371
1228.3658,2.17640,11.78701,-8.73192
1228.3870,-1.26178,3.25382,-2.95932
1228.4119,-0.74701,11.11901,-2.58103
1228.4291,-1.73345,8.28898,3.12692
1228.4657,-0.10535,11.21239,-0.12929
1228.4722,-1.69515,7.62098,0.41660
1228.4889,-1.18038,10.69044,-0.10774
1228.5079,-0.20830,10.08229,-0.50280
1228.5306,-0.80687,11.61463,0.66800
1228.5483,0.43336,10.11102,1.27854
1228.5686,0.63448,10.51087,2.97848
1228.5995,-1.35037,11.98813,3.11735
1228.6083,-1.89866,11.25070,2.17161
1228.6316,-0.93856,8.42306,1.21869
1228.6501,-1.01996,11.29619,2.20273
1228.6681,1.38150,10.97296,2.92580
1228.6880,1.78134,7.85801,0.53153
1228.7104,0.54829,11.49252,-2.71750
1228.7452,0.73265,4.80292,-4.99925
1228.7507,1.38150,6.83805,-0.10535
1228.7708,2.14288,5.02319,-3.26340
1228.7883,0.22746,12.22038,2.81327
1228.8083,2.52835,11.04718,0.08859
1228.8323,-2.47807,9.48133,2.09260
1228.8495,-2.22189,8.45179,1.00081
1228.8812,3.71113,7.91308,-1.28333
1228.8923,0.01676,9.48372,2.77496
1228.9080,-1.51797,8.95459,5.70316
1228.9292,-3.66803,10.81015,1.50600
1228.9519,-1.25460,9.58428,7.82688
1228.9697,6.48609,11.47097,-7.19719
1228.9916,0.66800,7.96336,-0.28731
1229.0259,0.33280,13.10387,-4.60180
1229.0304,3.37832,10.88916,3.27776
1229.0482,1.57064,12.75430,-2.96890
1229.0704,0.78772,4.86996,-1.65444
1229.0901,2.05429,9.03360,-4.50124
1229.1083,-0.20591,8.80854,-0.55787
1229.1423,-0.01437,8.93064,-0.51956
1229.1564,0.44294,9.20599,1.53473
1229.1677,1.04630,8.00167,1.39347
1229.1902,1.41980,8.92346,0.22985
1229.2091,0.19633,11.69364,-0.31126
1229.2296,-1.06306,10.22595,0.89785
1229.2517,0.87152,8.92586,1.79571
1229.2726,0.54111,8.99768,2.08302
1229.2983,-0.95292,11.99053,-0.27295
1229.3129,-1.35037,10.64255,-0.79729
1229.3273,0.93137,9.32091,0.31365
1229.3477,1.98725,10.07271,-1.28094
1229.3699,0.80208,9.82371,-0.52674
1229.3876,-0.37830,11.08310,0.81405
1229.4161,-0.68237,10.95381,-0.78772
1229.4335,-0.63688,9.85244,0.09817
1229.4493,-0.72307,10.89156,-0.79969
1229.4675,-0.11253,8.29137,0.72547
1229.4899,0.46928,9.09346,0.90504
1229.5078,2.30329,10.71677,0.76377
1229.5278,-0.72068,11.18366,1.45093
1229.5540,0.78532,9.67526,-0.13408
1229.5708,-0.24900,9.36161,1.34798
1229.5889,-0.80208,9.79977,1.73824
1229.6118,0.36632,9.50527,2.13330
1229.6276,-0.33520,10.81254,-0.50759
1229.6494,0.56744,10.13257,-0.82363
1229.6722,0.26337,10.34087,-0.78293
1229.7058,0.01676,9.97455,-0.65843
1229.7234,-0.22267,10.57791,0.90982
1229.7306,0.19633,12.05757,2.19316
1229.7496,-0.05507,4.37195,-6.49806
1229.7673,2.19794,10.24271,0.05028
1229.7898,2.62891,8.19560,-3.08143
1229.8077,-1.21629,11.72476,6.64172
1229.8276,-2.86595,11.01845,2.20034
1229.8590,-1.98246,11.41351,6.41905
1229.8680,-2.01359,11.45421,0.13887
1229.8876,0.51716,7.60182,2.45653
1229.9099,-1.03193,6.61538,-1.37192
1229.9277,4.97051,8.69122,-8.07349
1229.9480,-2.37512,10.42707,5.07107
1229.9716,-3.57226,14.34889,2.15006
1229.9926,-1.06306,8.29616,4.58743
1230.0074,-2.19076,6.63693,0.82602
1230.0299,-0.04549,9.20838,-0.65603
1230.0475,2.19794,7.98012,-4.08463
1230.0697,3.74465,10.18764,-3.51001
1230.0902,3.80690,10.54918,-5.43500
1230.1263,-3.58902,10.77663,0.21548
1230.1409,-1.68318,9.70878,2.54033
1230.1499,0.43576,9.07430,2.02077
1230.1676,-2.63849,10.40552,0.73744
1230.1886,0.08859,9.57949,2.17879
1230.2125,1.38868,9.95779,-1.03193
1230.2303,0.42139,10.05356,-0.26098
1230.2515,0.50998,10.13018,1.37671
1230.2838,1.14686,10.59945,-0.06704
1230.2894,0.59617,9.95061,1.26897
1230.3093,0.04070,9.02642,0.41900
1230.3315,1.05827,8.17166,-0.92898
1230.3501,-0.14366,8.26264,-0.11014
1230.3704,-0.08141,10.15891,2.39427
1230.3928,2.00161,9.24908,-0.40224
1230.4180,1.10376,10.52523,2.87552
1230.4329,0.35675,11.69843,4.26181
1230.4525,-2.20513,10.98733,1.40544
1230.4718,-1.83880,10.41031,0.67758
1230.4906,-1.58740,8.10223,-2.87792
1230.5145,-1.16122,11.45421,-0.29450
1230.5470,-0.58899,11.56914,-1.01278
1230.5636,-0.10295,11.81096,-0.55547
1230.5731,0.91940,9.10782,-0.81884
1230.5929,-1.43417,9.36880,-1.50839
1230.6127,-1.18038,9.99131,-1.94894
1230.6344,-1.22587,9.06712,-0.37590
1230.6522,0.48125,9.00008,1.32643
1230.6747,2.89468,8.81093,-1.93936
1230.7073,2.23865,9.28500,-3.30170
1230.7102,2.47329,11.56195,3.61296
1230.7307,-2.85876,10.81494,3.16523
1230.7528,-3.13889,12.43347,0.33999
1230.7717,0.56026,7.37197,1.54431
1230.7920,0.46928,8.53559,2.20513
1230.8151,1.37910,9.29697,-2.51638
1230.8337,0.89306,9.13655,0.92898
1230.8533,-0.22985,11.04479,-0.89067
1230.8733,0.32323,6.75904,2.29611
1230.8907,-0.79729,10.91311,-2.94256
1230.9106,-0.67279,9.42626,-0.58899
1230.9335,0.46928,10.26904,-0.64885
1230.9509,0.80208,9.25866,1.56586
1230.9778,3.05749,8.14772,-0.16999
1230.9926,3.56986,8.13814,-0.01915
1231.0104,0.55787,9.70400,0.51716
1231.0323,0.01437,10.89634,0.89067
1231.0551,1.35037,9.45739,-0.13408
1231.0720,0.12929,10.11342,1.46769
1231.1101,-0.19872,8.86121,1.22587
1231.1221,0.24661,10.92029,-0.77814
1231.1300,0.37351,9.87638,0.24661
1231.1504,0.17957,10.09666,-0.31604
1231.1747,0.36154,10.57791,-0.55068
1231.1942,0.01437,11.32731,0.92419
1231.2141,-0.06465,9.84765,-0.60575
1231.2340,-0.09098,9.49091,1.18517
1231.2499,0.17478,9.06472,0.28492
1231.2703,0.78532,9.42865,-0.24182
1231.2924,-0.13169,10.66410,0.60096
1231.3121,0.38308,10.31693,-1.06306
1231.3319,0.98405,9.08148,0.31844
1231.3525,0.01437,10.04638,-0.50998
1231.3883,-0.73744,9.02163,0.72547
1231.3945,-0.28252,9.16528,0.68237
1231.4149,0.24661,9.02881,0.79490
1231.4305,0.06704,9.61541,0.65364
1231.4504,-0.04310,10.30735,0.20351
1231.4742,0.25858,10.97296,-0.93616
1231.4939,-0.07422,9.58189,0.89785
1231.5140,-0.30886,9.19880,0.85715
1231.5416,0.66321,8.09983,1.26178
1231.5579,1.04390,9.03839,1.94894
1231.5699,0.29210,9.31373,1.75261
1231.5929,0.47167,10.70480,-0.05986
1231.6102,-0.00239,11.25788,0.20112
1231.6305,-0.85476,10.59227,0.68716
1231.6541,-0.91940,9.59865,0.47167
1231.6857,-0.40703,10.53960,0.73025
1231.6903,0.93856,9.25627,-0.28731
1231.7146,0.77575,7.93702,-0.26098
1231.7299,1.36713,10.52523,-1.65923
1231.7498,1.50121,10.73832,-0.49801
1231.7736,-0.82842,11.44703,-1.97767
1231.7894,0.31844,7.53239,-1.01996
1231.8097,0.46449,8.13096,-0.76617
1231.8319,-0.20830,10.33130,0.18196
1231.8496,-0.39506,10.64016,-0.76617
1231.8696,-0.76138,9.98891,-1.27615
1231.8922,-1.07264,10.01046,-1.04869
1231.9105,-0.11732,9.89793,-0.59617
1231.9288,-0.54589,10.63297,0.75180
1231.9514,1.72148,8.49010,0.87630
1231.9698,0.76377,8.16448,1.62811
1231.9912,-0.83081,9.00008,2.21710
1232.0142,-0.55308,9.84765,0.81166
1232.0322,-0.08141,9.12698,2.20752
1232.0522,-0.61293,8.97853,0.19154
1232.0897,0.51477,8.47094,1.43417
1232.0940,0.62969,8.43264,1.50839
1232.1100,-0.29450,10.17567,1.18995
1232.1326,-0.13169,10.44622,0.04549
1232.1503,-0.88109,10.16370,1.13010
1232.1704,-0.63448,10.76705,0.50040
1232.1929,-0.25619,9.42626,1.59938
1232.2115,-0.95771,10.04877,-1.12531
1232.2426,-1.35995,10.55396,0.42379
1232.2524,-0.74223,9.81892,-0.29450
1232.2701,0.05028,8.16927,-0.52195
1232.2931,-0.05746,10.29778,-0.08619
1232.3136,-1.07264,10.30735,-0.92419
1232.3301,0.75420,9.91709,0.35914
1232.3630,0.38308,10.06553,-0.15323
1232.3774,-0.51716,10.06074,-0.31604
1232.3896,-0.05746,9.29697,0.50759
1232.4105,-0.06225,10.08708,1.01278
1232.4320,-0.32562,9.49091,0.27774
1232.4497,0.25858,9.81413,-0.17478
1232.4695,0.45970,9.19162,-0.64645
1232.4921,-0.30647,9.04078,-0.45252
1232.5095,-0.66800,11.15253,1.28333
1232.5294,0.22985,10.05595,1.51079
1232.5520,0.45252,9.31852,0.97208
1232.5696,-0.19872,10.66649,0.22027
1232.5896,-0.32323,10.53720,1.01996
1232.6121,-0.04549,10.36242,1.13728
1232.6564,0.00718,10.05356,2.03753
1232.6566,0.53632,9.00726,0.97208
1232.6735,0.75420,9.49569,1.27375
1232.6901,0.26576,10.10145,-0.00718
1232.7098,0.13887,9.68963,-0.48843
1232.7329,0.52674,7.66407,0.25379
1232.7504,-0.86194,9.37837,-0.52195
1232.7830,0.41421,9.13416,0.55787
1232.8029,-0.10535,10.69523,1.02475
1232.8098,-0.54111,10.58270,0.46928
1232.8298,-0.68716,10.19961,-0.57702
1232.8521,-1.48206,10.35524,-0.67040
1232.8698,-0.43815,7.77421,-0.19394
1232.8899,-0.01197,8.83966,-0.18196
1232.9139,-0.11493,9.66329,1.41262
1232.9478,1.20911,8.02082,0.40942
1232.9524,0.85476,9.74230,0.13169
1232.9730,0.11253,11.08070,-1.86993
1232.9913,-0.57223,11.08310,-0.78293
1233.0110,-1.41262,11.18366,0.46928
1233.0338,-1.09418,9.29936,0.52435
1233.0513,-0.16520,9.27542,0.59857
1233.0828,0.10295,10.08229,0.66561
1233.0933,-0.50519,10.62819,-0.87870
1233.1110,0.25379,9.18204,0.57702
1233.1307,-0.55547,9.73991,0.13647
1233.1532,0.13887,10.42228,0.09098
1233.1727,-0.18436,9.68724,0.72547
1233.2096,-0.74941,10.06793,1.46530
1233.2245,0.41660,9.29697,-0.20112
1233.2324,0.23943,9.07909,1.27375
1233.2510,0.28731,10.21158,-0.73744
1233.2731,-0.19394,9.41429,0.98165
1233.2913,-0.75659,10.10145,0.23464
1233.3138,-0.22985,10.22834,0.90982
1233.3534,0.01676,10.11581,-1.07024
1233.3677,0.36393,10.38876,-0.61054
1233.3729,-0.22506,8.88755,-0.44294
1233.3939,-1.41502,9.76385,0.69673
1233.4125,-0.52195,9.74470,0.42379
1233.4346,-0.17718,10.12539,0.09098
1233.4579,-0.47167,11.34407,0.45012
1233.4911,0.55068,10.62819,-0.02634
1233.5056,0.71349,10.11342,-0.12450
1233.5142,0.63209,6.60102,-2.79412
1233.5319,-0.69195,12.84050,3.93858
1233.5519,-0.52913,11.73195,5.07107
1233.5756,-0.32562,11.06873,3.16523
1233.5931,-0.33999,10.99930,1.14686
1233.6136,-0.86433,10.97775,0.23943
1233.6440,0.31844,10.34566,-2.85876
1233.6519,1.03433,8.34884,-1.47727
1233.6719,0.17239,8.95698,0.11014
1233.6941,1.35755,7.68323,3.10059
1233.7118,-0.15802,12.02644,-1.60416
1233.7336,-2.29850,9.69442,1.90584
1233.7582,-1.87711,11.29379,-2.60018
1233.7854,-1.44375,8.26025,2.70553
1233.8002,-1.56107,10.50368,-1.60656
1233.8141,-1.21150,9.48133,1.55867
1233.8315,-0.19154,9.55076,-0.49561
1233.8516,-0.18436,7.46535,-0.10056
1233.8739,-0.12211,8.02800,-0.48843
1233.9105,-0.37830,9.32809,0.00958
1233.9244,-1.44854,10.93705,1.21869
1233.9340,-1.74064,10.02004,2.51638
1233.9534,-0.71589,8.70798,1.62811
1233.9735,-0.72547,9.98652,2.00401
1233.9958,0.14845,10.13496,1.76937
1234.0135,0.12450,9.62259,1.71909
1234.0334,0.98644,7.88674,1.24502
1234.0660,0.87630,8.15490,-0.22506
1234.0713,-0.04070,9.49330,0.43576
1234.0916,-0.46210,11.25309,1.76219
1234.1136,-0.47407,9.90751,1.58501
1234.1313,0.72068,9.79737,0.20830
1234.1515,0.04789,10.60185,-0.51716
1234.1742,-0.51237,12.08630,-0.52195
1234.1932,-0.13169,11.14056,0.98405
1234.2114,-0.90504,10.80057,0.57463
1234.2339,-0.45731,9.91948,0.74701
1234.2516,-1.33840,13.09190,1.93457
1234.2731,-1.40305,12.20601,2.14048
1234.2955,-0.04070,11.09268,1.33840
1234.3314,-0.80926,11.22436,0.77814
1234.3475,-0.56026,8.76065,-0.55547
1234.3538,-0.19154,9.45499,0.76138
1234.3716,-0.93616,10.14215,0.42858
1234.3917,-1.57543,9.47415,-0.51956
1234.4141,-0.46688,9.13176,-0.32802
1234.4315,0.64167,8.90431,-0.49801
1234.4534,-2.03753,11.42548,4.21153
1234.4844,-0.89785,9.81413,1.78852
1234.4934,0.50998,8.11659,0.31844
1234.5115,0.88349,7.58985,1.73345
1234.5339,0.22267,10.03201,0.18436
1234.5516,0.55547,10.72875,1.61374
1234.5714,0.80926,9.42147,2.81567
1234.6141,1.00081,9.73512,-0.19633
1234.6143,0.82602,7.70478,4.20195
1234.6315,0.37111,13.08232,-2.49005
1234.6541,-0.25858,7.96575,4.05351
1234.6713,-0.30886,9.49809,-0.06704
1234.6913,0.22267,7.86040,2.58582
1234.7153,-0.19633,9.28979,1.02475
1234.7407,-0.50998,9.67526,-0.02155
1234.7522,-0.22746,10.59945,-0.71589
1234.7738,-0.40463,9.85723,-0.28492
1234.7914,-1.14446,10.67607,0.99602
1234.8115,-0.42618,10.03441,0.71110
1234.8339,-0.07662,10.28341,1.93936
1234.8513,-1.61374,10.29538,-0.82363
1234.9012,-1.03672,9.82850,1.04869
1234.9014,-0.21548,8.86121,1.17559
1234.9155,-0.25140,9.51964,0.46449
1234.9333,0.12211,9.62498,0.43576
1234.9553,0.24182,10.24271,0.13408
1234.9718,0.12450,10.74551,1.10376
1234.9911,0.31844,10.65452,0.90264
1235.0322,0.80208,9.40471,0.69195
1235.0486,0.47407,8.78938,0.86912
1235.0516,-0.06465,8.33926,0.05746
1235.0758,0.41660,8.58587,1.04630
1235.0916,-0.21788,8.94740,1.99204
1235.1121,-0.05028,10.48692,-0.00718
1235.1342,-0.80687,10.98493,0.41421
1235.1677,-1.01996,11.42309,-0.67040
1235.1840,0.00239,10.66410,-0.40703
1235.1957,-0.13169,10.46777,0.09098
1235.2130,0.57702,8.46137,0.93377
1235.2335,0.63688,9.38316,0.73744
1235.2539,0.00718,9.03839,-0.36632
1235.2719,0.18915,9.94582,0.21070
1235.3096,0.12929,8.82290,1.24502
1235.3245,0.39745,9.45499,0.29210
1235.3333,0.45970,9.77104,-0.41182
1235.3513,-1.01038,10.80057,-1.41262
1235.3737,-1.48924,10.67607,-0.44534
1235.3951,-0.67997,10.08229,-0.10295
1235.4150,-0.28492,9.55076,0.99841
1235.4545,0.28492,8.70798,1.37671
1235.4547,0.96489,8.40869,0.59139
1235.4713,0.73025,8.30574,0.33041
1235.4935,0.05746,9.84286,-0.19154
1235.5131,-0.83800,10.52523,-0.63927
1235.5315,-1.23545,11.09986,-0.31365
1235.5540,-1.01757,10.07511,-1.15404
1235.5734,-0.82602,9.04318,1.22826
1235.5920,-0.33520,9.78301,-0.09338
1235.6138,-0.72547,9.75667,-0.73025
1235.6349,-0.44294,10.44383,-0.16760
1235.6514,0.56744,8.86361,0.96250
1235.6735,0.02873,10.36482,0.79490
1235.6914,0.19154,9.75906,1.86514
1235.7115,0.76377,10.06074,0.92180
1235.7419,0.95292,9.02163,2.82764
1235.7512,1.10615,10.30017,2.42540
1235.7716,0.08859,10.70480,0.02394
1235.7933,-0.13887,12.15573,3.16284
1235.8112,0.82363,9.81174,0.37590
1235.8329,0.65364,11.84448,2.62173
1235.8625,1.86993,10.07750,-1.53473
1235.8741,-1.94894,14.45424,6.09343
1235.8917,-2.21710,9.79737,-0.93137
1235.9139,-1.06545,9.59386,1.16122
1235.9335,-0.36393,10.34566,-1.17559
1235.9517,1.16601,8.72713,2.20513
1235.9772,0.84278,10.45340,-2.67680
1236.0211,0.76856,9.45260,2.22907
1236.0212,0.62491,8.43982,-2.00161
1236.0352,-0.81166,10.69762,-1.82923
1236.0514,0.94574,4.64729,-0.42858
1236.0715,0.80687,9.08627,-1.28812
1236.0948,0.51956,10.70241,0.28492
1236.1116,0.80448,10.11821,3.36156
1236.1316,-0.16281,11.33450,-0.00239
1236.1589,-0.45252,9.00726,0.08619
1236.1710,1.14207,8.78699,2.67919
1236.1912,1.02954,11.01366,1.68318
1236.2137,-0.13169,10.33608,1.32164
1236.2314,1.06785,9.93624,1.45811
1236.2529,0.37830,8.42545,0.67279
1236.2775,-0.26816,8.92346,2.54272
1236.2949,-0.38548,12.12700,-1.36713
1236.3116,-1.61374,11.87800,2.18358
1236.3342,-0.49322,10.76705,0.83560
1236.3522,-0.50519,9.50288,1.93697
1236.3723,-0.84518,10.95381,-1.23066
1236.3949,0.43815,10.69523,1.47966
1236.4136,0.34478,9.73512,-0.63209
1236.4360,-0.58181,8.53320,1.04151
1236.4548,0.30407,9.11500,-0.56984
1236.4723,0.38548,8.81572,0.57463
1236.4918,-0.47407,10.13018,0.29450
1236.5144,0.00958,9.48372,2.14288
1236.5320,-0.51716,9.56273,-0.22027
1236.5540,-0.23703,9.81174,-0.45491
1236.5750,-0.36154,9.69921,-0.04549
1236.5922,-0.99362,9.57710,1.51797
1236.6125,-0.78293,10.63297,1.22347
1236.6349,-1.26418,9.78780,2.44216
1236.6523,-0.21788,10.82930,0.77096
1236.6722,0.65124,9.32570,1.32164
1236.6968,0.10295,9.75188,1.44854
1236.7122,1.34079,9.25627,2.19316
1236.7324,0.93856,9.48851,1.98485
1236.7570,0.00479,9.52682,2.37273
1236.7756,-0.58660,8.68643,0.40224
1236.7932,-0.43815,9.07909,1.50839
1236.8179,-0.78532,9.53161,0.69673
1236.8496,-0.69913,9.42147,0.94574
1236.8662,-0.04310,9.61301,0.29450
1236.8745,-0.83800,10.07271,-0.14605
1236.8920,-0.17718,9.01205,0.38308
1236.9130,-0.43815,9.77104,0.76138
1236.9343,-0.96250,9.55555,0.66321
1236.9519,0.39027,10.57791,-0.25379
1236.9733,0.22506,10.60424,-0.59378
1237.0068,-0.30886,9.73991,0.48843
1237.0121,-0.50040,10.21877,1.21150
1237.0334,-0.28731,10.05835,1.30727
1237.0553,-0.47646,9.12937,0.96729
1237.0729,0.40942,10.71677,0.09338
1237.0930,1.61135,9.36880,-2.55230
1237.1422,-0.22027,10.50847,-0.43815
1237.1422,0.30886,11.79420,1.10615
1237.1582,1.24023,8.90910,0.32323
1237.1750,0.20112,8.99290,-1.07264
1237.1929,-0.41660,10.79100,0.65124
1237.2129,0.10535,9.01923,1.62571
1237.2352,0.21548,10.02004,-0.74462
1237.2542,-0.04549,8.93543,0.47167
1237.2865,-0.24661,9.18923,-0.80687
1237.2954,0.00958,10.32890,-0.53871
1237.3129,-0.34956,10.60664,-0.53392
1237.3328,0.26098,9.05994,0.15563
1237.3590,0.02394,9.58907,0.41182
1237.3743,-0.83560,10.82691,-0.01676
1237.4119,-0.18196,10.39355,1.49642
1237.4253,0.61293,9.51485,1.66163
1237.4344,0.27534,8.75107,1.34079
1237.4592,-0.06465,9.10303,1.97528
1237.4775,0.76377,8.81572,1.03672
1237.4974,0.78293,8.54277,1.98725
1237.5154,-0.46449,10.15412,1.59459
1237.5396,0.18915,9.52443,-0.49322
1237.5569,0.19872,9.54597,0.42379
1237.5747,-0.47407,10.98014,1.35516
1237.5969,-0.28252,9.00008,1.12052
1237.6151,0.43097,9.58907,-0.77096
1237.6354,0.66561,9.88117,-0.26816
1237.6575,0.72068,9.89075,-0.15323
1237.6754,0.98884,8.83487,0.20591
1237.7083,0.25858,10.44383,1.72148
1237.7177,0.53392,10.61861,0.23224
1237.7339,0.66561,9.86681,0.14845
1237.7554,-0.19394,9.63935,1.41741
1237.7798,0.18436,9.29218,0.18915
1237.7972,0.46449,9.89554,0.37111
1237.8309,-0.04549,9.90751,1.20193
1237.8444,1.09418,9.17486,0.98884
1237.8556,0.78293,9.90990,0.31126
1237.8735,0.18436,9.08867,-0.10295
1237.8966,-0.42379,9.67287,0.22985
1237.9149,-0.13647,10.08947,0.55547
1237.9373,0.16999,10.19243,0.71349
1237.9730,-0.44773,10.51565,0.38069
1237.9924,-0.46688,10.73114,0.29450
1237.9940,0.32562,9.70160,0.66800
1238.0251,-0.15084,9.38795,1.50600
1238.0334,0.49561,10.31932,0.89306
1238.0538,1.53952,8.19321,-0.38787
1238.0781,0.66800,8.93543,1.61135
1238.1057,0.14845,8.36320,1.13249
1238.1270,-0.35196,9.46457,-0.13408
1238.1373,-0.78053,9.62498,1.68557
1238.1552,-0.92898,10.46298,-0.32083
1238.1754,-0.41660,10.18524,-0.81166
1238.1975,-1.12291,8.35362,0.39506
1238.2155,-0.71828,8.65770,0.80687
1238.2377,0.11493,8.94262,1.68557
1238.2659,1.91063,10.70001,0.28971
1238.2795,3.57944,10.82212,-0.75180
1238.2935,2.68638,9.57949,-0.40942
1238.3158,1.59938,10.60903,-0.00479
1238.3336,0.96010,10.04638,0.46449
1238.3536,0.28252,12.32094,1.34558
1238.3759,-1.54910,10.62100,0.34717
1238.3966,-0.58420,9.80216,1.65205
1238.4139,0.35675,9.27063,0.42858
1238.4354,-0.08141,8.98332,1.01757
1238.4537,1.63290,8.38715,-0.88349
1238.4750,1.86753,9.40950,-1.30488
1238.4973,0.62969,8.93543,-0.33280
1238.5259,0.20112,9.84526,-1.02714
1238.5461,-0.22746,10.66889,0.90025
1238.5562,-0.34478,11.26746,-0.16760
1238.5736,-0.73025,10.79578,-0.23943
1238.5939,-0.50519,8.49489,2.89707
1238.6180,1.21390,8.15011,2.00401
1238.6356,0.71589,11.54998,0.41421
1238.6714,0.30407,9.83329,3.04791
1238.6881,0.23943,10.57312,0.49561
1238.6936,-1.11094,11.26985,0.89546
1238.7137,1.09179,8.77502,-0.13647
1238.7373,-0.15323,10.01046,2.52117
1238.7552,-0.94095,11.10704,0.35435
1238.7749,0.68955,7.71435,0.39984
1238.7975,-0.14605,8.12138,1.57064
1238.8165,-0.39027,10.13975,-0.08619
1238.8381,1.31446,9.53640,-1.62811
1238.8558,0.32802,9.94342,-0.85954
1238.8735,-0.38787,11.04479,-1.13967
1238.8938,-0.24422,9.96018,0.28731
1238.9161,-0.79729,11.77744,0.86194
1238.9518,0.11732,9.75188,1.38150
1238.9685,0.61533,9.48372,2.19316
1238.9788,1.47966,9.45020,0.57463
1238.9935,0.98884,10.23553,0.78772
1239.0133,-0.74941,11.32013,0.19394
1239.0394,0.43336,9.97694,1.95373
1239.0571,0.31126,9.87878,1.68557
1239.0916,0.15802,8.85403,2.29611
1239.1088,0.60336,8.28898,1.16122
1239.1135,0.24422,8.14532,0.86433
1239.1351,0.69434,7.32888,0.05507
1239.1575,0.68476,8.25307,1.77895
1239.1732,1.12770,8.23870,-2.76060
1239.1952,1.52755,8.77981,-2.81567
1239.2239,1.37192,9.14613,-1.95133
1239.2384,1.56825,10.28102,0.67040
1239.2550,0.85715,9.87399,3.71352
1239.2756,-0.14126,10.90592,1.50121
1239.2933,-0.23703,10.30256,2.15724
1239.3151,0.20591,9.12219,0.43815
1239.3387,-0.43097,9.18204,0.23464
1239.3822,0.22746,8.86121,1.80049
1239.3823,-1.05827,9.81413,-0.07662
1239.3969,-1.20911,11.26746,0.16042
1239.4135,2.40385,10.73114,0.50040
1239.4332,3.53395,11.00648,0.13408
1239.4578,1.65444,6.85241,0.00958
1239.4747,1.81965,10.24271,-2.14766
1239.5153,0.35435,10.26426,-1.02475
1239.5271,-0.37111,8.96416,-0.44534
1239.5352,0.15084,8.51883,1.22347
1239.5532,0.00479,11.01845,1.07982
1239.5756,-0.53392,10.03201,1.10376
1239.5940,0.67040,10.28341,-0.58420
1239.6171,0.25379,10.55157,-1.38389
1239.6553,0.73025,9.81892,0.64645
1239.6555,-0.28731,9.00966,0.56265
1239.6748,-0.62969,8.85642,-0.46688
1239.6954,-0.06465,9.96737,-0.72786
1239.7134,1.03433,9.21556,2.52357
1239.7347,0.81884,11.12859,0.28013
1239.7571,0.75659,9.46457,0.45012
1239.7771,0.56026,8.71756,0.14126
1239.7959,-0.12690,8.39193,0.67279
1239.8154,-0.15563,10.60903,0.82842
1239.8335,-0.35914,10.41988,0.46449
1239.8596,0.34717,10.19003,0.13408
1239.8765,0.30886,10.13975,1.25221
1239.8937,1.03672,9.21796,1.39826
1239.9137,1.15404,8.20279,1.57064
1239.9438,2.00880,8.61460,0.42858
1239.9606,-0.98165,8.39672,2.48765
1239.9740,-0.48843,8.54277,1.34319
1239.9968,0.72307,6.90269,1.52276
1240.0165,0.20591,10.98493,2.84679
1240.0337,0.77335,11.72476,2.92820
1240.0565,1.43656,11.71758,1.70951
1240.0752,-0.04070,9.87160,1.74782
1240.0938,-1.60895,11.19802,1.63529
1240.1162,-0.11971,9.27542,0.56984
1240.1335,0.96489,10.47495,1.55867
1240.1536,0.17239,11.06634,1.10615
1240.1760,1.40783,9.13895,0.74701
1240.1993,1.31206,9.43344,0.17957
1240.2131,-1.04869,12.48854,-0.23464
1240.2350,-2.98566,10.64255,0.72307
1240.2524,-0.77575,11.32492,1.87472
1240.2733,-0.08619,9.14852,1.51318
1240.2959,-2.22907,9.28260,1.81486
1240.3154,-1.00081,8.92586,2.02316
1240.3356,0.71828,9.76385,0.85236
1240.3668,1.12291,8.75826,1.41741
1240.3740,1.12052,9.46936,0.84278
1240.3938,1.79331,8.85642,-0.11971
1240.4161,1.08940,9.08148,0.36154
1240.4342,-0.50280,8.79178,0.30886
1240.4542,-0.46210,10.53241,-0.05746
1240.4764,0.90982,11.76547,2.63131
1240.5050,0.14605,11.38238,4.26181
1240.5139,-0.61533,10.16370,3.75662
1240.5363,1.20911,8.09504,1.86993
1240.5555,0.57702,8.56911,1.69515
1240.5739,1.66881,8.34405,1.01996
1240.6002,1.27615,9.03599,0.56744
1240.6140,-1.06306,8.77023,2.11175
1240.6423,0.57941,9.15571,0.00718
1240.6563,2.88271,6.19638,2.91144
1240.6733,-0.42618,10.15891,-0.24900
1240.6935,-2.25541,9.07430,2.00401
1240.7159,-1.30727,10.25468,-0.06465
1240.7334,-1.63768,8.42066,0.50519
1240.7600,1.15883,9.17007,0.42858
1240.7760,0.89306,9.30176,3.25143
1240.7936,-0.86912,13.36484,1.71430
1240.8138,-1.16122,11.64336,0.85476
1240.8362,0.13647,9.27063,1.10615
1240.8539,0.48604,8.29616,2.19076
1240.8757,-0.18675,11.51407,-0.38069
1240.8979,0.17957,10.75029,-1.03672
1240.9298,1.08461,11.27464,1.68557
1240.9338,0.96250,8.99529,0.28252
1240.9563,0.27295,9.66090,1.18277
1240.9753,0.31126,10.08947,-0.21070
1240.9944,0.15563,10.36960,-1.28094
1241.0161,-0.84278,10.63297,-0.30407
1241.0514,-0.44055,9.96737,0.61054
1241.0675,0.18915,10.17327,2.35597
1241.0763,1.06545,11.18605,-0.64885
1241.0939,1.29051,10.39594,0.59857
1241.1155,0.54829,11.44224,-0.00718
1241.1378,0.55547,9.45260,1.21869
1241.1537,1.04869,9.36640,1.15643
1241.1873,1.79331,8.39433,2.51878
1241.2036,1.86035,8.76783,2.64328
1241.2139,1.29051,9.47415,1.81247
1241.2340,1.01517,11.35605,0.33759
1241.2560,1.27375,8.97374,1.53712
1241.2754,-0.63209,9.97694,0.83081
1241.2955,-1.02714,9.27781,0.91222
1241.3177,-0.26816,9.55316,0.43576
1241.3531,0.78053,8.27701,0.28252
1241.3544,0.18436,10.23792,0.24182
1241.3757,0.03352,9.78061,-0.38069
1241.3953,1.46051,10.05117,-0.12211
1241.4137,1.42699,9.89075,0.56744
1241.4364,0.29450,8.91867,2.90665
1241.4601,0.90025,9.07191,-0.44294
1241.4734,-0.39745,11.17647,-0.47167
1241.4954,-0.54589,9.85962,1.34798
1241.5125,0.46688,8.98332,0.74941
1241.5336,0.78293,8.79896,0.01437
1241.5558,0.98405,9.30415,-0.03831
1241.5763,1.77655,8.68403,0.16281
1241.6238,0.72307,10.99451,1.18277
1241.6239,0.56984,9.48372,1.73824
1241.6412,0.45012,8.80614,0.47407
1241.6541,-0.19872,8.98571,-0.40703
1241.6760,-0.20351,10.45580,-0.20351
1241.6935,-0.50519,10.84846,0.83081
1241.7139,-0.07901,11.52125,0.55787
1241.7373,2.21470,7.23789,-3.33762
1241.7649,0.89546,7.61140,1.53234
1241.7755,-1.80289,10.20679,0.30168
1241.7965,-1.07264,10.95381,1.34558
1241.8138,0.18436,10.65452,-0.16281
1241.8339,0.29689,11.38478,1.52276
1241.8578,0.17718,9.76625,0.20830
1241.8766,-0.24900,9.45499,0.71110
1241.8984,0.49561,10.62579,0.91222
1241.9220,-0.08380,9.07191,-0.76377
1241.9347,1.21390,8.34884,2.54511
1241.9570,2.44455,8.50207,1.48924
1241.9792,0.01676,11.81096,2.77018
1241.9971,0.77335,11.76547,0.18915
1242.0293,1.14686,11.26027,1.03193
1242.0422,0.84039,11.07831,0.61772
1242.0533,1.25460,9.81174,0.82124
1242.0737,0.40942,10.24031,-0.10056
1242.0961,0.81166,9.42865,0.80208
1242.1143,0.36393,9.18683,0.50280
1242.1338,0.75420,8.71995,-0.35196
1242.1569,1.40544,8.81333,1.53712
1242.1816,0.66082,9.99131,0.47407
1242.1940,0.28731,11.73674,-0.01676
1242.2170,0.82124,9.75667,-0.09338
1242.2343,0.50519,8.70798,-0.20112
1242.2537,-0.09338,9.15571,1.58501
1242.2762,0.45012,9.77582,1.46530
1242.2950,0.47407,10.20919,2.83961
1242.3282,0.64406,9.94103,-0.39027
1242.3373,1.26418,9.25866,0.67279
1242.3552,0.28013,9.08148,-0.05028
1242.3754,-0.27774,10.12060,0.95292
1242.3973,0.02634,9.07191,1.00799
1242.4153,1.36713,9.19880,0.55308
1242.4369,1.02954,7.80773,0.24182
1242.4702,0.87152,9.50288,-0.17957
1242.4745,0.80208,9.15810,1.24023
1242.4945,0.67758,10.27383,1.36953
1242.5168,0.30407,10.22355,0.87870
1242.5360,0.13887,10.36721,0.65603
1242.5569,0.06704,10.97057,0.89306
1242.5797,-0.24661,10.85804,0.82363
1242.5981,0.64885,8.52362,-0.34478
1242.6154,0.86433,9.66090,1.21390
1242.6378,-0.23224,10.00089,0.37351
1242.6554,1.06545,9.60104,0.17718
1242.6755,2.16921,9.99849,-0.31365
1242.6990,0.64885,9.21317,-0.03591
1242.7177,-0.15802,9.75667,0.46210
1242.7448,1.00320,9.73512,-0.66800
1242.7593,0.74941,10.26426,1.75021
1242.7754,0.17478,10.83888,-1.22587
1242.7953,-0.39745,10.09426,0.28731
1242.8177,-0.77335,8.68403,0.29210
1242.8359,-0.71110,9.94103,2.70074
1242.8641,1.36474,9.10303,0.14366
1242.8807,0.14845,8.84445,2.46610
1242.8953,-0.54589,11.03521,-1.06785
1242.9153,1.11334,9.28979,0.79729
1242.9377,0.75659,9.19880,0.68716
1242.9553,0.88109,9.22754,1.97767
1242.9771,1.21869,10.09666,1.24742
1242.9998,1.71909,8.48770,0.00239
1243.0179,0.49083,9.31852,-0.31365
1243.0370,-0.74701,8.20518,1.96091
1243.0576,-0.26816,9.31852,1.64726
1243.0770,0.88588,9.93863,1.13010
1243.0958,-0.03352,10.21398,0.06465
1243.1213,0.19633,9.08388,0.24900
1243.1545,0.19872,9.48612,1.30967
1243.1700,-0.44534,9.50527,1.95373
1243.1775,-0.06704,9.31852,0.53871
1243.1954,0.70392,9.36401,0.01915
1243.2153,0.22506,9.18444,0.28731
1243.2395,0.41182,9.44781,0.05986
1243.2572,0.12211,9.99370,1.80049
1243.2952,0.32562,10.04159,1.15883
1243.3124,0.06225,10.19482,1.32164
1243.3152,-0.13887,10.13018,0.16042
1243.3356,-0.24182,10.06314,0.06465
1243.3593,-0.91940,10.59467,1.70712
1243.3754,-0.90743,10.93226,0.34478
1243.3953,0.04310,8.88037,1.50600
1243.4340,-0.66082,9.66090,-0.64645
1243.4482,-1.08700,9.93145,1.49882
1243.4563,0.28731,9.57471,0.90982
1243.4774,0.81884,9.03839,1.83401
1243.4984,-0.03352,10.28102,0.82363
1243.5189,-0.43336,10.09666,0.59378
1243.5414,0.05267,9.68963,0.19394
1243.5754,-0.56984,9.98652,1.30488
1243.5927,-0.35675,10.37439,2.20034
1243.5978,-0.35675,9.67766,1.55628
1243.6155,0.21788,9.99370,0.35675
1243.6370,0.39506,9.71597,0.20112
1243.6576,0.03831,10.31932,-0.86194
1243.6769,0.21788,9.39513,2.34400
1243.7141,0.28013,9.22993,1.39586
1243.7269,0.37111,9.58668,0.91701
1243.7356,0.22746,9.64893,-0.31844
1243.7551,0.29928,9.38316,0.31844
1243.7777,0.15563,9.91948,0.49322
1243.7955,-0.29928,10.16130,0.33999
1243.8158,0.43097,10.18285,0.77575
1243.8666,0.23703,9.67287,0.39266
1243.8667,-0.05986,10.05356,0.26816
1243.8816,0.71828,9.33767,0.40224
1243.8981,0.97686,8.88994,1.33601
1243.9164,0.73504,9.56034,1.29291
1243.9354,0.22746,10.27862,0.62969
1243.9576,0.54589,10.28580,0.43576
1243.9769,0.41421,10.88437,0.97686
1243.9973,0.20351,10.55636,1.49163
1244.0173,-0.36632,10.80536,1.63050
1244.0371,-0.57223,11.40872,0.74223
1244.0569,-0.26816,9.75906,0.15563
1244.0811,0.64645,9.23951,0.16520
1244.0989,0.69434,8.65770,1.75740
1244.1344,0.60336,8.66488,1.79810
1244.1503,0.36154,9.15092,1.09418
1244.1566,0.34717,10.65213,-1.02236
1244.1750,0.61054,10.60903,-0.50280
1244.1975,0.36632,10.62340,0.93377
1244.2169,0.08859,10.26186,1.31685
1244.2365,0.02394,9.75188,1.64008
1244.2611,0.19633,9.19880,0.17239
1244.2777,0.22267,9.94821,-0.00479
1244.2959,-0.31604,10.20440,-0.05986
1244.3174,-0.75899,10.53002,2.13569
1244.3379,-0.23464,9.90272,1.39586
1244.3588,0.85954,8.77981,-0.28492
1244.3794,0.46210,9.30176,0.88828
1244.4136,0.28252,10.50847,0.64885
1244.4331,0.00718,9.56034,1.85796
1244.4382,-0.63927,9.96018,2.32484
1244.4558,0.22746,9.31373,1.57064
1244.4774,1.27136,8.39672,1.86514
1244.4995,-0.44294,10.38158,1.61853
1244.5175,-1.61135,9.95061,1.24263
1244.5472,1.07742,9.46696,-0.87152
1244.5609,0.58660,9.41189,1.32164
1244.5752,-1.10376,9.55076,-0.44773
1244.5957,0.21070,9.86441,0.80448
1244.6179,-0.28731,9.80455,2.06865
1244.6365,-0.56265,8.29137,2.03034
1244.6564,1.12291,8.60981,-0.41182
1244.6794,0.94334,9.54837,0.50280
1244.7111,-0.02873,9.09585,1.17559
1244.7150,0.33520,10.94662,1.93218
1244.7372,0.66082,9.14134,2.33681
1244.7571,0.10774,9.24190,1.15404
1244.7769,0.20112,9.91230,0.76138
1244.7987,-0.00718,9.50288,1.93936
1244.8160,0.12929,11.68646,0.14126
1244.8434,-0.33041,8.80135,2.00401
1244.8573,-1.22108,8.57150,0.32802
1244.8766,-0.40942,9.58668,0.59617
1244.8964,0.66321,9.81413,0.56026
1244.9171,0.89546,10.24031,1.48684
1244.9366,1.11813,9.68005,0.39266
1244.9835,1.28333,8.58108,0.45491
1244.9836,0.27774,8.50207,0.39745
1245.0002,-1.01996,10.17567,0.13647
1245.0144,-0.18915,9.78540,2.23386
1245.0370,0.60336,10.03441,1.78373
1245.0549,0.75180,9.11979,2.89947
1245.0748,-0.18675,9.34007,0.31844
1245.0959,0.04789,10.09187,-0.55547
1245.1146,0.43097,10.59467,0.46688
1245.1337,0.89306,10.31693,0.72068
1245.1563,1.58980,9.32091,0.52435
1245.1738,0.60815,9.24669,0.16760
1245.1940,-0.06465,9.98891,-0.18915
1245.2163,0.99841,8.71037,1.41023
1245.2354,1.40783,8.11659,0.98644
1245.2688,-0.33520,10.88437,1.40544
1245.2762,-0.25858,11.92588,0.38787
1245.2939,0.23224,10.20919,1.34319
1245.3137,0.26337,10.20919,1.43896
1245.3363,-0.20351,10.68804,2.16682
1245.3539,-0.06225,10.70959,1.05827
1245.3777,0.97686,9.75906,-1.03912
1245.3975,1.75979,9.77822,1.06306
1245.4141,0.99362,9.33049,2.33202
1245.4341,0.92419,9.26105,1.79331
1245.4565,1.30727,9.89075,0.01437
1245.4740,-0.25619,9.28021,0.15802
1245.4940,-0.09338,9.93863,0.66321
1245.5175,0.07901,10.41270,1.54191
1245.5350,0.17239,9.34485,-0.39745
1245.5570,-0.26816,9.51245,-1.26657
1245.5768,0.79011,8.97135,-1.84359
1245.5941,0.82363,7.60901,0.71349
1245.6143,0.31365,9.15810,0.87391
1245.6383,0.84039,9.35204,1.78852
1245.6549,0.14126,10.01286,0.12929
1245.6815,0.21309,9.78540,1.30009
1245.6960,0.24900,9.75188,1.64247
1245.7139,-0.06943,8.75347,1.93457
1245.7336,0.77096,10.20201,0.53632
1245.7577,0.75420,9.66329,0.22506
1245.7737,0.36393,10.18764,0.86673
1245.8031,0.45252,9.71836,2.06865
1245.8184,0.23224,10.00567,0.76138
1245.8335,1.26657,8.40390,0.95771
1245.8535,0.36393,9.91230,0.75180
1245.8761,-0.03831,10.58748,0.01197
1245.8950,0.54111,9.50527,0.92180
1245.9159,0.96250,8.87318,-0.09338
1245.9393,-0.01437,9.73033,-0.58181
1245.9598,1.06545,10.60664,-0.29928
1245.9760,0.49083,9.36401,1.36474
1245.9960,0.64645,9.48851,0.52913
1246.0135,0.94574,9.06712,0.68955
1246.0334,0.56744,10.00089,0.13887
1246.0560,1.55867,9.55795,0.07183
1246.0735,-0.00958,10.55875,1.47487
1246.0992,-0.32802,11.58111,0.04549
1246.1154,0.37351,10.98014,-0.11971
1246.1332,-0.11971,10.33369,0.47167
1246.1553,-0.67997,9.59625,0.26576
1246.1757,0.26816,9.35443,0.48843
1246.1949,0.22985,9.36161,0.24422
1246.2318,0.31126,8.20039,0.58899
1246.2445,0.31365,9.83808,0.41182
1246.2538,0.31126,9.31852,1.10615
1246.2734,-0.39506,10.80776,1.15165
1246.2996,-0.62491,10.50368,0.93856
1246.3174,-0.43815,10.90832,0.93137
1246.3370,-0.08619,10.20201,2.38230
1246.3754,-0.68716,10.82212,1.69036
1246.3962,-0.07662,9.38077,1.03672
1246.3964,0.51477,9.32809,1.25221
1246.4159,0.04549,9.43823,1.43656
1246.4336,0.07183,9.45020,1.63050
1246.4539,0.25140,9.59625,0.47167
1246.4766,0.60336,9.00966,0.11493
1246.4950,0.00000,8.80135,1.65923
1246.5278,-0.94574,8.27701,0.45731
1246.5365,-0.86194,8.99529,1.58262
1246.5590,-1.08221,13.16133,-0.19872
1246.5735,0.03591,11.78941,-0.60815
1246.5961,3.06707,5.72232,-1.84120
1246.6136,2.47568,11.14295,-0.67279
1246.6356,-1.28333,11.21718,2.29611
1246.6722,-0.04549,11.51167,3.26579
1246.6755,-0.38548,10.65452,0.50519
1246.6935,1.13728,9.11500,-0.06704
1246.7157,1.27136,7.75984,-0.50040
1246.7347,1.07024,10.77663,0.81405
1246.7554,0.97208,11.02324,3.37114
1246.7783,-2.60976,11.45660,3.73986
1246.7959,0.39266,12.52924,0.58899
1246.8145,0.93137,7.04635,2.03034
1246.8368,-2.41582,10.69044,0.77575
1246.8568,0.85236,8.81093,-0.71828
1246.8779,-0.18436,8.66967,2.37273
1246.8984,-0.08141,8.03040,0.69913
1246.9351,1.14925,9.84047,-0.31604
1246.9458,0.43097,8.84445,-0.06704
1246.9586,0.67519,8.90191,0.48843
1246.9744,0.10535,10.24750,-0.57941
1246.9944,0.32083,10.55157,-0.60096
1247.0179,1.75261,7.60901,0.33999
1247.0363,0.70871,9.45978,0.70392
1247.0579,-0.94095,10.02004,2.33681
1247.0885,1.02475,9.79977,1.90584
1247.0966,0.32083,10.25947,1.28573
1247.1145,-0.10295,9.85723,0.15323
1247.1368,-0.26098,10.34806,-0.90504
1247.1544,0.48843,8.58826,1.01517
1247.1741,1.35995,7.13494,0.18675
1247.1970,0.44773,7.88435,0.96968
1247.2162,-0.36872,11.98813,-0.49322
1247.2343,0.36393,9.88836,0.57223
1247.2579,-0.02155,9.54597,2.07344
1247.2745,0.58899,9.64893,0.94334
1247.2944,0.91461,10.77663,1.29770
1247.3169,0.31365,10.54918,0.56265
1247.3347,0.58181,9.09106,1.58022
1247.3652,-0.08619,9.47415,1.44135
1247.3763,0.31126,8.80375,0.91701
1247.3939,0.05746,9.73033,-1.21390
1247.4142,-0.04310,9.14852,0.47167
1247.4369,0.80687,9.03839,0.82363
1247.4559,0.73025,10.90353,0.25140
1247.4780,0.52674,10.01525,-0.20830
1247.5133,0.87152,10.72635,0.03591
1247.5144,-0.32562,8.89473,1.09179
1247.5345,-0.48843,9.40232,0.33041
1247.5565,0.24661,10.22834,1.04869
1247.5742,0.42858,9.62020,0.14366
1247.5945,2.38470,8.74868,0.61772
1247.6166,1.74303,9.35443,-1.05109
1247.6422,1.75979,8.84924,0.14126
1247.6539,-0.26816,10.59467,2.18837
1247.6765,-0.19154,10.94662,-0.60575
1247.6941,0.45012,10.22595,-0.96489
1247.7140,-0.31126,10.49171,1.94894
1247.7402,-0.58420,8.81811,-0.40224
1247.7733,1.16362,8.14772,2.43977
1247.7888,1.29530,8.94501,-0.42139
1247.7981,0.14605,9.76146,0.81166
1247.8142,1.16362,8.70798,-0.60336
1247.8372,1.24742,9.69681,-1.60416
1247.8577,0.50998,11.67448,1.40065
1247.8743,0.07662,11.43027,1.30009
1247.8958,0.66321,9.24430,1.54910
1247.9281,-0.20830,10.71677,0.32562
1247.9344,-0.67279,10.91789,1.51318
1247.9541,1.00320,9.01923,1.44614
1247.9771,1.12770,9.35443,3.65127
1247.9944,-0.71349,9.45739,0.15802
1248.0162,-0.16281,9.02402,1.08700
1248.0377,0.71110,9.42865,1.10137
1248.0551,2.14288,7.39831,0.81645
1248.0747,0.87391,11.25788,-1.80289
1248.0966,-0.56026,11.50688,2.83722
1248.1141,3.42621,8.89713,-0.96968
1248.1343,2.54990,8.97374,0.43336
1248.1566,-0.82602,11.96898,0.85236
1248.1755,-0.22027,10.46059,2.65764
1248.2081,0.95053,10.12060,1.80289
1248.2164,-0.47885,9.39992,-1.34798
1248.2356,0.34238,5.94498,-0.77096
1248.2556,-0.87391,8.56911,1.02954
1248.2802,-0.11253,9.74470,-0.09817
1248.2979,0.01915,11.74871,-2.87313
1248.3153,-0.08619,3.51480,3.46691
1248.3542,-0.19394,11.04958,-5.23628
1248.3544,-0.05986,7.06790,-0.45252
1248.3739,0.96250,10.38636,-1.79092
1248.3958,-0.10535,5.81809,1.11094
1248.4153,0.24900,11.42787,-1.95133
1248.4337,0.49322,9.19402,2.66722
1248.4573,1.13249,6.74228,-1.08940
1248.4761,-0.33520,10.15651,2.30569
1248.4949,0.09338,11.26506,0.20351
1248.5159,0.94334,10.29059,3.10298
1248.5359,0.78532,10.34327,3.40466
1248.5540,1.54431,11.83490,-0.37830
1248.5769,0.87630,9.84526,2.54033
1248.5946,0.87870,12.36164,-2.04471
1248.6204,0.02394,8.23870,2.39667
1248.6362,1.29530,9.10303,-2.06626
1248.6554,-0.47167,8.95938,0.66800
1248.6759,0.37351,11.75828,1.94655
1248.6980,2.56906,9.44302,2.43737
1248.7178,2.84200,9.56034,-2.27217
1248.7523,0.96968,10.62340,-0.74462
1248.7681,0.02873,11.54040,0.15563
1248.7755,1.92500,8.45418,-0.52913
1248.7939,0.68955,10.03201,0.30407
1248.8163,-0.77575,9.24190,2.00161
1248.8353,0.34238,8.91867,0.97926
1248.8540,-0.04549,9.57949,2.47568
1248.8774,-0.57702,8.17884,0.26576
1248.9108,1.09418,8.70319,2.03034
1248.9137,-2.05429,11.77983,2.88989
1248.9362,-1.68318,12.48135,1.78852
1248.9537,1.89387,10.67607,3.12213
1248.9739,1.75979,7.33127,2.28893
1248.9963,-0.93616,12.55318,0.02155
1249.0302,-0.03591,9.37119,4.08703
1249.0502,1.41502,11.97616,-1.78613
1249.0563,-0.04789,7.64253,2.80370
1249.0754,3.18917,9.89554,-3.00721
1249.0953,3.09340,6.99607,2.75581
1249.1163,-2.79412,12.11503,-3.82126
1249.1340,-1.64247,7.98012,6.40229
1249.1544,-2.34400,8.14293,1.79092
1249.1829,-3.43100,9.19162,0.85715
1249.1956,0.07662,8.97374,-0.10774
1249.2142,1.26178,7.50126,2.64807
1249.2397,-1.01038,10.27623,1.25221
1249.2574,1.53712,9.25627,1.51558
1249.2762,2.31287,8.94022,1.23784
1249.3137,2.22907,8.85403,-0.53632
1249.3151,3.62972,9.70639,1.88669
1249.3340,1.29530,11.60026,1.48445
1249.3562,0.76377,11.47815,2.11893
1249.3751,0.68716,9.99370,0.24661
1249.3955,-1.10855,10.53720,1.01517
1249.4177,0.07422,8.56911,-0.43336
1249.4355,1.13010,9.07430,-0.43815
1249.4626,-0.39984,10.22116,2.50920
1249.4774,0.77096,7.47971,0.33759
1249.4963,0.60815,9.84526,1.26897
1249.5165,0.79969,10.09905,2.15006
1249.5383,1.69036,11.29619,-1.12052
1249.5582,1.05109,10.39594,1.64966
1249.5939,0.22506,10.84367,-0.99123
1249.6078,0.42618,5.70316,3.04312
1249.6152,-0.60815,14.26988,-0.03591
1249.6350,-0.23703,9.50767,1.35755
1249.6575,0.33759,8.30334,2.00640
1249.6753,0.73504,8.25067,3.16523
1249.6953,0.01197,9.92427,-1.11573
1249.7183,-1.36474,11.49970,-1.72867
1249.7410,2.80370,6.50046,0.93616
1249.7596,1.96809,8.45658,-0.72786
1249.7771,0.74701,10.70959,-0.11014
1249.7965,2.25541,9.32570,-0.03591
1249.8164,0.07901,11.31055,2.30808
1249.8385,0.43336,10.39834,0.21070
1249.8739,-0.03113,9.12219,2.06147
1249.8865,-0.42858,10.58748,1.37431
1249.8990,1.06545,8.09025,0.74223
1249.9164,2.08062,7.29057,2.29372
1249.9366,1.16122,10.10384,0.91222
1249.9573,1.11813,11.63618,-0.74701
1249.9769,1.61853,11.45900,0.63209
1250.0131,0.51956,10.70480,1.93218
1250.0275,1.85317,10.28820,0.13887
1250.0353,0.97447,11.87081,2.21231
1250.0563,0.39266,9.38316,0.06943
1250.0770,0.67279,9.70878,-0.10295
1250.0952,1.26178,8.80614,0.24422
1250.1178,0.81884,9.72076,1.03672
1250.1560,0.94574,10.31693,0.98165
1250.1732,1.49882,9.11500,-0.10535
1250.1742,2.21710,8.06152,0.32802
1250.1970,2.26498,8.77741,-1.49403
1250.2155,1.42459,9.68245,0.62730
1250.2352,1.47966,9.60344,0.26337
1250.2565,1.72148,9.76146,-0.41421
1250.2749,1.28094,7.82688,-0.13408
1250.2999,2.83482,8.71037,0.37111
1250.3162,2.27935,8.43503,1.16601
1250.3356,1.56346,9.15092,2.05908
1250.3538,1.70712,10.29538,0.56984
1250.3766,1.93457,10.32411,-2.80609
1250.3944,-0.35435,11.51886,1.11573
1250.4141,-0.41660,8.90670,2.56906
1250.4373,1.65923,7.98730,0.40463
1250.4540,0.89785,9.20359,0.46210
1250.4741,0.79011,10.20201,-2.38709
1250.4965,-0.16760,11.95461,0.45012
1250.5140,-0.38308,9.96737,-1.32882
1250.5341,-0.14605,10.23553,-0.11253
1250.5676,-1.28573,8.02082,1.18995
1250.5765,1.46290,8.48292,0.36154
1250.5939,1.42699,8.99529,0.57702
1250.6166,1.21390,10.04398,0.39745
1250.6339,0.77335,8.10701,0.69195
1250.6541,-0.51716,9.87638,-0.19154
1250.6783,-0.23703,10.33608,0.66321
1250.6962,-0.98644,9.45739,1.08461
1250.7156,-0.08380,10.47735,-0.59139
1250.7367,0.47407,9.28500,2.97608
1250.7561,0.07662,9.54597,-1.10615
1250.7759,1.01278,10.02722,1.13249
1250.7983,1.79571,9.84765,-0.39027
1250.8158,-0.18196,10.42946,0.90504
1250.8361,0.40942,9.61301,0.45252
1250.8580,-0.82363,10.02483,2.88031
1250.8743,0.93377,11.81575,0.32802
1250.8959,1.74543,11.27703,-0.12450
1250.9185,0.87152,10.99930,0.47167
1250.9362,1.34079,9.57231,0.26098
1250.9547,1.33840,8.45418,2.50441
1250.9951,1.03433,8.61699,0.84997
1250.9952,1.64247,8.70558,3.53634
1251.0140,2.73666,9.66569,0.46449
1251.0369,2.60258,8.37517,-1.00560
1251.0541,0.93377,9.30415,-0.14845
1251.0745,1.13489,7.00804,0.84518
1251.0967,2.57385,9.64653,-0.64645
1251.1145,0.88349,8.92346,2.94735
1251.1436,0.96250,11.54998,0.65603
1251.1575,-1.49642,10.74551,1.91542
1251.1754,-1.63050,8.67685,-0.26337
1251.1953,-0.01915,9.85484,-1.11813
1251.2185,-1.13010,8.30095,-0.92180
1251.2356,2.87792,11.19802,0.74941
1251.2733,2.57385,9.28021,2.56427
1251.2867,2.71750,10.76227,0.04310
1251.2955,0.01676,11.78223,0.12690
1251.3154,-0.72068,9.33288,1.24981
1251.3378,1.25939,8.85642,-1.07264
1251.3596,1.03912,8.19321,1.30727
1251.3790,2.40864,8.99290,-0.24900
1251.3987,1.88190,7.16128,2.42301
1251.4161,0.61054,8.49249,-0.86194
1251.4357,1.54670,9.37119,0.42618
1251.4576,-0.98405,11.35126,2.09020
1251.4757,-0.24422,13.96820,1.29291
1251.4956,-0.28971,14.72240,0.91940
1251.5178,1.66642,9.75188,0.92180
1251.5363,1.54191,10.69044,-0.80208
1251.5658,-0.89067,10.60903,0.18196
1251.5775,1.07024,8.89473,1.06066
1251.5955,1.39107,9.63935,0.79969
1251.6163,-0.02394,8.98811,0.43815
1251.6395,0.66800,9.64414,0.81645
1251.6569,1.54910,10.09187,-1.07742
1251.6780,2.08541,7.37437,0.74701
1251.7052,2.15245,9.11979,0.21070
1251.7192,1.33122,10.21158,-0.69913
1251.7371,0.09338,11.11183,1.08940
1251.7592,-0.39745,11.48534,-0.44055
1251.7771,1.05348,9.38316,1.26897
1251.7953,1.82204,8.32489,0.78772
1251.8176,0.62491,9.32331,-0.72547
1251.8435,0.10295,11.86363,0.60815
1251.8549,0.54350,9.45978,1.17559
1251.8812,-0.07183,11.09986,1.28094
1251.9000,0.15323,12.75909,1.35995
1251.9198,-0.00958,10.44143,-0.36872
1251.9420,1.05109,8.66727,2.06865
1251.9574,1.75261,9.17965,0.39027
1251.9889,1.97049,7.73590,0.17957
1251.9994,2.60018,9.85723,1.44375
1252.0173,1.04630,9.11740,0.95053
1252.0370,0.83800,9.59386,0.70631
1252.0601,1.85317,9.40711,1.26418
1252.0790,2.14048,8.82290,0.72068
1252.1021,1.13967,11.15014,1.38629
1252.1204,1.59938,11.25070,0.06225
1252.1376,0.40942,11.04240,1.28573
1252.1571,0.25619,11.13338,0.74223
1252.1793,0.96010,10.89156,1.35755
1252.2006,0.83081,10.79578,-0.85954
1252.2183,0.49083,8.72474,-0.17957
1252.2417,2.28414,8.09983,0.36632
1252.2596,2.50681,8.75826,0.39745
1252.2793,1.89387,9.11261,-0.10774
1252.2994,1.74543,8.48292,-0.40942
1252.3184,1.42699,7.64971,-0.30886
1252.3372,0.86673,9.23232,0.27295
1252.3594,1.04151,10.05356,-0.72307
1252.3855,2.20752,7.94181,-0.51477
1252.4041,1.35516,9.99370,0.97926
1252.4198,1.15404,8.39433,1.69994
1252.4369,0.74701,11.63139,0.62251
1252.4589,0.32562,11.44463,-0.53153
1252.4794,0.89067,9.75667,0.62730
1252.4969,2.94017,8.33447,2.07344
1252.5187,2.27696,9.89314,1.64726
1252.5568,1.61374,10.59467,2.43977
1252.5576,1.85317,10.99690,0.87391
1252.5775,1.44375,9.55076,0.34956
1252.6011,1.93936,8.41588,1.71430
1252.6183,2.44216,8.14772,2.27696
1252.6383,2.33921,8.49249,2.75820
1252.6609,1.33840,9.50048,1.91063
1252.6909,0.84997,8.86600,1.59698
1252.6974,2.41822,8.60981,1.13489
1252.7202,2.12372,8.54517,1.30488
1252.7384,1.73345,10.67368,1.45093
1252.7582,2.04232,9.59386,-0.01197
1252.7810,2.00401,8.90431,0.15802
1252.7987,1.41023,9.31852,-1.07742
1252.8253,1.62092,9.64893,1.18277
1252.8402,1.47008,11.81575,1.85077
1252.8569,1.57064,9.82850,1.96091
1252.8770,1.91303,9.79258,-1.20911
1252.8993,1.65684,8.39912,0.66082
1252.9170,1.21629,10.92747,0.91461
1252.9371,2.33921,9.73752,1.82923
1252.9672,2.57624,9.25866,0.92419
1252.9769,2.72708,8.34884,0.19394
1252.9971,2.94735,8.24349,-0.11732
1253.0192,3.68718,8.83009,1.01517
1253.0366,2.84200,8.60502,2.12612
1253.0570,3.09101,9.62977,1.33601
1253.0793,2.16442,8.92586,1.14925
1253.1008,1.82683,11.75110,-1.08461
1253.1169,2.66962,10.75987,-0.19633
1253.1405,1.69275,11.69843,2.21710
1253.1566,2.09020,10.94423,1.35516
1253.1810,2.78694,9.71118,2.13090
1253.2030,2.94496,10.24750,0.04789
1253.2357,2.03753,11.41590,0.16042
1253.2537,2.57863,10.36242,1.35516
1253.2594,3.09580,9.19162,1.73345
1253.2770,3.20833,8.68164,1.35277
1253.2971,3.50522,9.45978,0.91701
1253.3192,3.91225,9.39035,0.20351
1253.3369,2.59539,9.96737,1.98246
1253.3584,2.35836,10.65213,1.67839
1253.3810,2.71511,9.49809,0.58899
1253.3972,1.55149,8.81333,1.94894
1253.4171,1.98246,10.41270,0.24422
1253.4415,2.31287,9.90751,-0.42139
1253.4590,2.24822,9.45020,0.84997
1253.4790,2.26977,9.03360,0.73504
1253.5144,2.49723,8.72713,-0.05986
1253.5298,3.22748,9.55076,-0.25858
1253.5372,3.37832,9.81892,1.19235
1253.5591,2.66483,9.75188,2.10696
1253.5776,3.11256,9.75667,0.95532
1253.5992,2.78215,8.77741,0.64167
1253.6217,2.99045,9.65132,-0.31365
1253.6405,3.08861,9.53400,0.85476
1253.6726,2.39427,9.64174,2.43498
1253.6808,2.85158,9.68963,1.38150
1253.6975,2.41822,9.79019,0.14845
1253.7180,1.30967,11.06155,-0.42618
1253.7406,2.20273,9.92906,0.32083
1253.7582,1.93457,8.87797,1.69275
1253.7795,2.18837,8.20039,1.64247
1253.8015,2.80130,8.07589,0.53871
1253.8175,2.98327,8.96895,-0.25858
1253.8376,2.83961,9.34725,0.82124
1253.8604,2.47329,9.81413,0.44055
1253.8781,2.37751,9.57231,1.69275
1253.8981,2.60258,8.85882,0.84278
1253.9216,2.54990,9.58668,-0.45012
1253.9490,2.87313,9.88836,2.20273
1253.9609,2.43977,10.02962,-0.31126
1253.9799,3.11256,8.79417,1.60416
1253.9974,2.82046,10.06074,0.09577
1254.0177,1.33601,11.09986,1.01517
1254.0405,1.83162,11.13817,0.93377
1254.0677,1.83880,9.07430,1.95373
1254.0851,2.04471,9.57471,-0.11014
1254.1000,3.39029,8.40390,0.94095
1254.1176,3.16284,8.86121,0.11971
1254.1376,2.94496,8.84924,0.34956
1254.1620,2.57863,10.71917,2.13569
1254.1781,2.09260,9.66090,0.51477
1254.2131,1.76458,10.40552,-0.33999
1254.2430,2.21231,10.54678,0.13887
1254.2432,2.11414,9.93385,1.79331
1254.2576,2.81088,9.73512,1.35037
1254.2798,2.92102,9.62259,1.83162
1254.2975,2.22907,11.06155,0.10535
1254.3197,1.60895,10.28102,0.66321
1254.3516,2.41582,9.67048,1.13728
1254.3658,2.12612,10.09426,0.86194
1254.3768,2.10457,10.69044,-0.53153
1254.3998,2.26498,10.32890,-0.15802
1254.4174,1.93457,9.79498,0.44534
1254.4402,2.86595,10.51087,0.68476
1254.4641,2.39427,10.34806,0.88828
1254.4803,2.31287,9.00487,0.40463
1254.4998,2.37273,11.17647,0.59378
1254.5233,1.58740,11.25070,0.01676
1254.5381,2.03753,11.51167,1.79092
1254.5585,2.42779,10.92747,0.76377
1254.5809,2.91862,9.18204,-0.84039
1254.5986,2.82046,8.28419,0.39745
1254.6202,2.40146,8.53798,-1.06306
1254.6483,2.52596,8.47094,2.13330
1254.6589,3.10777,8.80854,0.96729
1254.6786,3.03594,7.92744,0.78772
1254.7019,3.59860,6.72312,0.67279
1254.7202,4.98249,6.96016,0.34717
1254.7412,4.72390,7.98491,0.00958
1254.7659,3.40466,9.59146,1.02475
1254.7848,3.35677,10.32172,-0.14845
1254.8032,2.19555,10.80297,1.75261
1254.8253,1.70472,12.58191,0.11014
1254.8419,1.34079,12.72318,0.83560
1254.8608,0.73504,11.84927,-0.01676
1254.8849,1.83401,8.89952,0.46928
1254.9131,2.13809,9.13416,0.93856
1254.9321,2.68159,8.41109,0.59617
1254.9426,3.58423,9.31133,0.55308
1254.9604,3.20354,10.41031,2.52357
1254.9802,2.77257,9.33049,0.98165
1255.0043,3.38311,8.03279,1.89148
1255.0217,3.08861,10.56354,3.07425
1255.0419,4.41744,9.83808,1.10137
1255.0693,3.62733,9.67526,3.47409
1255.0822,2.80130,10.99212,0.98165
1255.1005,2.50681,10.63776,-1.55867
1255.1227,1.43417,9.04557,2.59300
1255.1403,1.92739,11.73434,-0.90025
1255.1605,0.82842,11.24591,2.07344
1255.1909,1.65923,9.54358,0.25379
1255.2036,3.38311,8.31771,0.68237
1255.2211,4.18280,8.22673,0.01915
1255.2438,3.46452,8.25785,0.41182
1255.2614,2.70553,10.43904,0.96489
1255.2845,2.60497,9.31852,1.78852
1255.3052,2.86834,10.36003,0.61054
1255.3322,3.29213,9.95061,1.90105
1255.3479,3.37832,9.81892,1.67360
1255.3645,2.79891,11.25788,1.32403
1255.3840,2.15724,8.97853,1.17080
1255.4043,1.79810,8.95219,1.42459
1255.4269,3.18199,7.47014,0.79729
1255.4459,4.01041,5.68640,1.01757
1255.4827,4.54433,5.74387,0.18675
1255.5010,3.28255,4.75982,0.30407
1255.5026,3.04791,10.59467,1.11094
1255.5266,1.36713,12.84289,2.81088
1255.5454,1.18517,12.04320,0.90504
1255.5626,2.15964,9.40950,1.75261
1255.5837,1.63768,10.88677,-0.03591
1255.6078,0.34238,10.94423,0.39984
1255.6252,2.68877,9.91469,2.09499
1255.6434,2.98805,10.61382,0.35196
1255.6652,1.06785,8.61699,-0.02634
1255.6821,0.73983,9.45739,0.87630
1255.7021,2.80609,9.66808,-0.68476
1255.7251,2.89947,7.41746,0.06465
1255.7427,4.38152,6.82847,0.46928
1255.7670,4.18040,7.48450,1.78852
1255.7844,2.37033,10.78860,-0.74223
1255.8022,1.40065,11.05916,1.06545
1255.8239,0.78053,10.95141,-1.70233
1255.8457,0.82124,10.17806,0.18196
1255.8669,-0.22267,9.17486,-0.05986
1255.9036,-0.26098,8.88994,-0.25619
1255.9181,2.07823,10.17567,-0.60575
1255.9250,0.75420,10.79339,-0.72068
1255.9432,-0.09338,10.49650,0.33041
1255.9656,1.54670,10.28341,-0.61293
1255.9833,2.58342,7.77900,-0.01197
1256.0049,1.01757,8.76544,1.11334
1256.0435,2.40864,11.26746,0.05986
1256.0559,1.62092,10.05356,2.30329
1256.0638,1.95133,9.27303,2.28893
1256.0853,2.46131,9.23711,1.79571
1256.1033,1.44135,11.21718,0.72068
1256.1244,0.68476,10.52284,1.34079
1256.1470,0.70152,8.93783,1.58262
1256.1661,0.67279,9.77343,1.87472
1256.1959,0.90743,9.94342,0.03591
1256.2117,1.25221,10.00089,-2.59300
1256.2234,0.51237,7.90829,1.65444
1256.2429,-0.54111,11.12380,-1.78852
1256.2655,0.22506,8.95698,2.38230
1256.2831,3.06228,11.93067,-3.82605
1256.3031,2.03753,9.79258,2.26259
1256.3406,1.64487,11.58590,0.07422
1256.3450,1.28094,8.73910,-2.49962
1256.3630,2.69595,8.03998,1.92021
1256.3855,2.62652,10.63058,-0.81405
1256.4049,1.37910,8.73910,-1.05348
1256.4247,1.90824,9.58907,-0.72307
1256.4501,4.25941,6.09822,-1.34798
1256.4696,2.06626,10.60424,-1.94415
1256.4861,1.57064,11.07831,2.05668
1256.5054,2.22907,9.84765,0.09577
1256.5231,1.12531,8.12377,-0.09817
1256.5447,1.65684,7.87477,1.11094
1256.5654,1.24502,10.77903,-1.24263
1256.5970,3.07904,10.19482,0.01197
1256.6200,3.31846,10.06314,-0.50519
1256.6266,2.84919,8.32968,-0.95532
1256.6449,3.56986,10.02722,0.78293
1256.6648,4.15407,9.62259,-0.12211
1256.6890,2.88271,9.70160,0.45970
1256.7068,2.81567,9.99610,1.56346
1256.7429,2.18837,8.68643,1.88669
1256.7574,2.47329,10.20201,1.80768
1256.7632,3.29692,12.13418,1.30727
1256.7860,1.87472,7.91068,1.75740
1256.8052,3.79253,9.25627,-0.86673
1256.8252,3.58662,10.02722,2.13090
1256.8431,2.53793,11.95222,-1.97288
1256.8695,4.42941,9.92427,1.21869
1256.8870,2.35357,9.85005,-0.65843
1256.9039,1.91781,9.13655,-0.21548
1256.9277,2.73426,10.69523,1.58980
1256.9473,1.13967,10.68086,-0.37830
1256.9672,1.63050,8.85403,0.34717
1256.9880,2.08062,11.03042,-2.59061
1257.0239,2.20034,9.79258,2.19794
1257.0352,2.51159,9.58189,0.64167
1257.0479,3.42621,10.55396,-0.15802
1257.0638,1.61614,8.83248,2.11893
1257.0839,1.51797,10.15651,1.81965
1257.1063,2.11893,10.81494,-0.46449
1257.1240,1.89627,9.35204,0.29210
1257.1454,2.37273,9.04318,-0.22746
1257.1663,2.12612,9.24190,1.05827
1257.1838,2.10696,9.90990,-0.10774
1257.2039,2.14048,8.41588,1.12052
1257.2272,1.43896,11.42069,0.72307
1257.2456,1.18277,8.42066,-0.12929
1257.2657,1.96570,8.67925,1.32164
1257.2874,1.22826,12.89078,0.30886
1257.3160,1.44135,11.68406,0.40703
1257.3302,1.88669,10.73353,0.56026
1257.3458,2.74863,8.76783,-0.29928
1257.3635,2.49723,9.40471,-0.12450
1257.3840,2.67201,9.68963,0.41900
1257.4061,1.59938,9.45499,0.03352
1257.4237,2.35836,10.32172,-1.14207
1257.4471,3.14368,8.93783,-0.46449
1257.4661,2.59300,10.23553,-0.36154
1257.4835,2.92820,8.97614,1.30249
1257.5074,2.18118,10.63058,0.54829
1257.5275,2.72708,10.41988,-1.02236
1257.5452,2.35836,10.43425,-0.50759
1257.5828,1.82923,10.70001,-1.59698
1257.5878,1.54431,11.86603,-0.81884
1257.6097,1.56346,10.29059,1.02475
1257.6237,2.71990,8.30095,0.57463
1257.6476,3.49085,8.29377,0.11732
1257.6670,3.44776,8.54517,0.13647
1257.6873,2.44695,9.79977,-0.64167
1257.7073,3.39987,9.17486,0.38787
1257.7406,2.79172,9.66329,0.04549
1257.7440,1.85077,9.52682,0.41182
1257.7676,3.42381,9.07909,-0.12690
1257.7841,2.68398,8.31771,-0.85236
1257.8052,2.45413,9.22993,-1.15643
1257.8273,2.77496,9.17007,-0.56744
1257.8464,1.26897,10.74072,-1.05827
1257.8792,0.84039,10.83409,-0.18915
1257.8861,3.69676,8.48292,-0.52674
1257.9038,2.84679,8.88037,0.71828
1257.9236,1.98964,10.63297,-0.39266
1257.9462,3.22269,9.18444,0.42379
1257.9637,2.05668,9.39992,0.60096
1257.9839,2.20273,10.80297,1.13010
1258.0165,3.61775,9.80455,1.48206
1258.0233,2.17879,10.72635,0.08859
1258.0435,1.81965,10.11581,0.46928
1258.0660,2.43498,8.73192,0.45012
1258.0836,2.28653,9.41429,-0.48843
1258.1051,2.16442,9.18923,0.03352
1258.1296,3.27776,8.75826,1.04390
1258.1517,3.65606,9.22275,-0.93377
1258.1648,1.26418,10.88916,0.22027
1258.1860,1.94415,10.43664,-0.69673
1258.2053,3.26100,9.76864,-0.18915
1258.2235,1.87711,10.33369,-0.34478
1258.2485,2.44695,9.66569,-0.48604
1258.2762,4.18040,9.62738,-0.74701
1258.2975,2.33681,10.90353,-1.12052
1258.3060,3.04552,9.46936,-0.33041
1258.3254,2.83243,9.65850,-0.42379
1258.3453,1.38868,9.26824,0.47167
1258.3673,2.52117,7.77421,-0.61772
1258.3834,3.52677,8.82530,-0.25619
1258.4246,1.73824,11.00648,0.52913
1258.4403,2.64567,9.39513,0.67279
1258.4434,3.65606,10.90832,-0.37590
1258.4636,1.53234,11.50688,-0.62251
1258.4857,1.39347,11.05916,0.45491
1258.5035,3.87633,7.40070,-1.64008
1258.5244,2.27696,11.23394,-0.49561
1258.5555,3.26819,7.86519,-1.69275
1258.5659,4.17322,9.57949,-1.05348
1258.5844,2.08541,9.51485,0.98644
1258.6084,4.06787,8.62657,-0.96729
1258.6244,3.96252,9.46696,-2.02077
1258.6483,0.95532,9.05994,1.69275
1258.6707,3.03833,9.33288,-1.06066
1258.7053,3.19157,9.21796,-0.14845
1258.7231,1.69275,9.69202,0.05028
1258.7275,2.93299,9.95779,0.29450
1258.7443,1.81965,10.16609,0.23703
1258.7643,1.14446,10.81973,0.49801
1258.7866,3.21312,8.59545,-0.12211
1258.8043,1.90105,8.82051,-2.35836
1258.8270,0.58899,10.36003,1.03433
1258.8489,2.24344,9.80934,-1.96331
1258.8643,2.45413,9.18923,-2.43498
1258.8843,2.25541,9.62020,0.31604
1258.9104,3.98647,8.48052,-1.29291
1258.9281,2.02077,10.24510,0.89067
1258.9482,1.92021,9.51006,0.23943
1258.9875,2.45174,8.12138,0.10056
1258.9879,1.82923,8.40390,0.24182
1259.0055,1.28812,9.56992,-1.30488
1259.0315,2.32245,9.05515,0.62012
1259.0460,2.66962,9.79977,-0.35675
1259.0657,1.75979,9.18444,-0.71110
1259.0880,2.74384,9.53161,-0.27295
1259.1063,2.81088,10.76705,-1.46769
1259.1378,1.73345,10.28341,-0.82124
1259.1471,2.87552,10.47735,-0.45252
1259.1644,0.97208,9.06233,-0.48364
1259.1843,1.03193,9.09824,1.22347
1259.2090,1.45811,9.79977,0.60815
1259.2246,-0.29689,10.29538,-1.10137
1259.2635,0.65364,11.06394,-0.96250
1259.2775,0.06943,10.40791,-0.63209
1259.2844,-0.68716,10.67128,-0.31365
1259.3042,1.46769,10.56594,-1.06545
1259.3280,0.06704,9.79019,0.59857
1259.3478,1.24742,9.71836,-0.41182
1259.3678,1.70712,9.27781,0.01197
1259.4045,0.93377,9.91469,-0.25619
1259.4171,1.83162,10.37918,-0.92180
1259.4244,0.85715,10.26426,-0.02873
1259.4467,0.97686,9.50767,-0.87152
1259.4644,1.26178,10.34566,-1.13728
1259.4858,1.22108,11.26746,-0.73025
1259.5082,0.39745,9.69442,-1.18756
1259.5258,1.14207,10.60903,-0.26098
1259.5560,1.32403,9.71118,-1.59219
1259.5682,-0.15802,9.99849,-0.45970
1259.5844,0.13169,10.38158,-0.15802
1259.6042,-0.39984,9.66090,-0.66561
1259.6265,0.50998,9.59146,-0.35435
1259.6443,1.02236,9.35922,-1.03912
1259.6660,0.58899,10.44622,-0.76856
1259.6996,1.10137,8.45179,-1.39107
1259.7043,1.03193,9.49091,-0.68716
1259.7260,1.36234,9.32331,-1.45572
1259.7465,0.79250,9.09346,-0.40463
1259.7653,1.68318,9.15571,-0.72547
1259.7852,1.34798,8.42306,-1.13728
1259.8073,2.15964,9.33767,-0.33520
1259.8301,1.63290,10.31693,-1.12770
1259.8467,0.87152,9.98413,1.15643
1259.8673,1.79092,9.49091,-0.52195
1259.8851,0.93856,9.91230,-0.04070
1259.9037,0.46928,10.21158,0.42379
1259.9263,0.55787,10.53720,0.68955
1259.9586,0.75659,8.86839,-0.29210
1259.9774,0.83560,10.17567,-1.33601
1259.9878,1.11813,10.99212,-0.92658
1260.0042,0.33520,9.39753,-0.85236
1260.0248,0.72307,9.66090,-1.07264
1260.0476,1.44614,9.75906,-1.42699
1260.0656,-0.18915,9.91230,0.57223
1260.0857,1.07982,10.56833,-2.47089
1260.1207,3.15326,7.18043,-3.81887
1260.1277,2.21231,8.10462,-2.61934
1260.1450,0.30168,10.76466,0.59378
1260.1671,0.73504,10.33608,0.10295
1260.1841,0.26337,10.37439,-0.36872
1260.2041,0.04310,9.61780,-0.09577
1260.2264,-0.14366,10.29778,-0.56026
1260.2534,0.24900,10.72156,0.28252
1260.2637,-0.14605,9.90033,0.43336
1260.2866,0.86433,10.03919,-0.75899
1260.3040,1.79331,11.29858,-4.07266
1260.3246,2.09260,5.36557,2.96651
1260.3468,4.98727,7.73111,-5.39909
1260.3641,2.77496,5.53796,-0.88349
1260.3936,1.41502,8.25067,-2.80848
1260.4073,0.75899,10.43904,2.44695
1260.4252,-0.09338,9.96737,-0.54829
1260.4449,-0.50759,10.40312,-0.95292
1260.4670,0.22506,9.98891,-2.33921
1260.4846,-0.22746,11.69364,0.11732
1260.5049,0.57702,11.89715,0.11493
1260.5288,-0.50519,10.70720,0.64645
1260.5448,0.38787,8.54038,-1.28094
1260.5645,2.29372,9.38316,-1.70233
1260.5869,1.25221,9.42865,-0.25619
1260.6045,1.48206,10.70959,0.94574
1260.6245,0.91940,8.66488,1.86275
1260.6722,-1.98007,14.42072,0.04070
1260.6724,-1.44375,10.42707,1.03672
1260.6851,-0.80926,9.82850,-0.62730
1260.7074,-0.79969,10.24031,2.37512
1260.7250,0.59139,10.78381,-2.10696
1260.7456,1.03193,9.94103,-3.01918
1260.7690,0.43815,10.60903,-2.34639
1260.7865,1.56825,8.59066,0.46688
1260.8176,1.85556,9.59386,-2.43019
1260.8273,2.86355,9.16289,-1.12052
1260.8452,-0.83560,11.75110,0.47167
1260.8654,-2.31048,11.64096,0.14845
1260.8876,-2.52835,10.68325,1.15643
1260.9064,-1.58980,9.88596,-0.92180
1260.9264,0.78532,8.46855,-0.38548
1260.9580,-0.09338,9.70639,-1.19714
1260.9650,0.75899,10.85564,-0.12690
1260.9849,0.83560,10.89395,-3.32086
1261.0073,-1.09418,11.01366,-1.22108
1261.0249,-0.82602,9.92906,0.13647
1261.0449,1.53952,7.87477,-0.59617
1261.0674,0.29450,8.52841,0.17957
1261.0856,1.65923,9.93624,-0.77575
1261.1050,2.77736,9.87638,-1.26178
1261.1276,1.71430,10.33130,0.66321
1261.1469,1.30009,10.52523,-0.10056
1261.1669,1.59698,9.50288,-1.08700
1261.1895,-2.02795,10.65452,0.83321
1261.2224,-1.32164,7.83407,-0.01197
1261.2357,0.68955,9.17726,-1.92021
1261.2472,-0.26337,11.33210,-0.12690
1261.2650,1.49163,7.75506,-2.76778
1261.2845,0.69434,8.98571,-0.18196
1261.3090,-1.37671,11.68406,-0.48364
1261.3263,0.70871,9.90512,0.86912
1261.3462,0.54111,11.22675,-1.13728
1261.3806,0.50280,10.85085,-0.46210
1261.3843,0.74223,10.20919,-0.04789
1261.4049,1.14446,9.53400,-1.57543
1261.4270,1.90345,10.00089,0.14126
1261.4481,-0.06943,9.11740,-0.58899
1261.4680,1.90105,10.89156,-0.90025
1261.5059,1.02714,8.91867,0.26337
1261.5208,-1.45572,9.58428,-0.36632
1261.5267,0.96010,10.27623,-0.59378
1261.5490,1.86514,11.00648,0.13408
1261.5649,0.15802,10.40073,0.13887
1261.5862,0.10774,10.93705,-0.40942
1261.6085,0.55547,9.95539,-0.04070
1261.6405,-0.66561,10.20919,0.41421
1261.6566,-0.17239,10.07990,-0.43576
1261.6672,0.64406,10.80057,-0.56744
1261.6846,0.58660,9.97934,-0.10535
1261.7046,0.38548,9.15092,-0.76138
1261.7269,1.75979,8.74629,-2.00880
1261.7462,0.21788,9.20120,-0.25140
1261.7675,1.56586,8.87079,-0.39506
1261.7969,0.65124,9.96018,1.36953
1261.8109,0.01915,9.40471,1.52036
1261.8273,0.00958,9.05754,0.39506
1261.8477,0.31604,10.49889,-0.42618
1261.8657,0.24900,8.92107,-1.14686
1261.8871,0.29689,10.33130,-0.05746
1261.9097,0.18436,9.15092,-0.69673
1261.9271,0.16999,10.38158,1.88429
1261.9468,1.47248,9.13655,-0.07422
1261.9679,0.43576,10.29299,1.11573
1261.9856,0.79729,9.58189,0.12211
1262.0060,0.92419,8.94501,-0.43576
1262.0284,1.85796,10.24750,-1.53712
1262.0659,0.65603,9.20120,0.42858
1262.0797,1.15404,10.16370,0.67758
1262.0880,1.13010,10.33848,0.04789
1262.1057,0.15323,9.85962,1.45572
1262.1256,0.33999,10.15412,0.48604
1262.1497,-0.17718,10.76466,-0.14845
1262.1664,-0.08859,10.63776,0.95292
1262.2039,0.78772,8.64573,-1.18756
1262.2189,-0.13887,8.97853,-0.25140
1262.2278,2.29611,8.36799,-0.11253
1262.2462,1.41502,8.80614,-1.27375
1262.2692,0.12211,11.77265,-0.00958
1262.2867,0.84997,9.73991,-1.16122
1262.3091,0.33041,10.25707,0.40463
1262.3290,0.71110,10.95141,-1.65923
1262.3571,0.62251,9.23951,-0.17239
1262.3657,0.24661,9.97934,-0.45012
1262.3894,0.56026,10.21398,0.33520
1262.4072,0.21070,9.36880,0.04310
1262.4255,0.73744,9.29218,0.85715
1262.4476,0.82124,9.51245,-0.24900
1262.4656,0.06943,9.90990,0.17478
1262.4960,1.27854,10.69523,-0.62969
1262.5074,0.18436,9.87638,0.92898
1262.5255,-0.50040,10.28341,0.60336
1262.5455,0.25140,9.78061,0.43576
1262.5677,-0.23224,9.60344,0.11253
1262.5854,0.12690,9.76146,-0.16760
1262.6073,0.84757,10.62579,-0.60096
1262.6376,0.00479,10.17327,0.99602
1262.6459,0.95532,9.87399,1.31446
1262.6655,0.96729,10.01286,-1.58501
1262.6880,0.09098,10.47495,0.30886
1262.7058,0.96729,10.19003,-0.09338
1262.7256,0.37111,9.69442,-0.66082
1262.7504,0.32562,10.17327,-0.33999
1262.7692,1.64487,8.98811,-1.17319
1262.7872,1.31206,9.85005,-1.36713
1262.8075,0.54350,10.47256,0.34717
1262.8254,1.40305,9.59146,-0.63927
1262.8456,0.83321,11.34647,-0.73744
1262.8716,1.02954,10.67368,-1.25939
1262.8868,0.86912,9.44063,-1.36713
1262.9052,0.54589,10.51326,1.74303
1262.9325,1.44135,9.50288,0.99841
1262.9480,0.73504,9.31133,-1.07742
1262.9662,-0.37590,9.50767,-0.04070
1262.9885,0.94813,9.19402,-1.51079
1263.0062,0.30886,9.14852,-0.30168
1263.0313,-0.14845,10.13496,0.08380
1263.0615,0.83800,9.40232,-0.39266
1263.0662,0.60336,9.60583,0.40463
1263.0861,1.07264,9.16768,0.48364
1263.1085,0.48604,10.22355,-0.08141
1263.1260,0.11253,10.50368,0.30168
1263.1464,0.82124,10.44622,-0.71828
1263.1687,-0.31365,10.81254,-0.09338
1263.1857,0.82363,10.30735,1.27136
1263.2058,1.93697,9.56992,-0.65124
1263.2283,-0.22985,10.00807,1.08221
1263.2458,0.56505,9.48612,0.17957
1263.2661,0.73983,8.89234,0.41900
1263.2883,1.18517,10.17567,-0.17718
1263.3058,1.61614,8.37039,-0.59378
1263.3297,1.05348,10.05835,-0.01676
1263.3483,1.19714,9.49569,-0.24900
1263.3661,-0.13408,10.77903,0.34478
1263.3862,0.34238,10.69283,0.99362
1263.4086,-0.51956,10.67607,0.97447
1263.4277,0.71828,9.42387,1.06306
1263.4489,0.84757,9.73033,-0.89306
1263.4802,0.67279,8.82769,0.71589
1263.4861,0.94574,9.36640,-0.63688
1263.5065,0.11732,9.52203,0.62251
1263.5287,-0.12211,10.43186,-0.80208
1263.5475,0.02155,10.51805,1.18756
1263.5674,0.98644,9.81413,-0.65124
1263.6051,0.82124,9.84765,0.90504
1263.6201,0.46688,10.03441,-0.31604
1263.6292,-0.51956,9.60822,1.24023
1263.6494,0.85954,9.70400,-0.13408
1263.6689,0.67519,9.40711,0.00000
1263.6870,1.50121,9.43105,0.80687
1263.7096,0.37830,10.54199,0.70152
1263.7366,1.58262,9.48133,0.37830
1263.7484,0.31126,9.97934,-1.27375
1263.7695,0.91701,9.91230,-1.15883
1263.7878,0.31844,8.75826,0.11971
1263.8074,0.48604,9.87160,-0.09338
1263.8313,1.50839,9.19402,0.42379
1263.8470,1.48206,9.42387,0.06465
1263.8759,0.24900,10.49411,0.32323
1263.8926,0.50280,10.14694,-0.61533
1263.9071,0.45731,8.62178,-0.12929
1263.9271,0.38308,10.69044,-0.53632
1263.9509,0.10535,10.56115,-0.20830
1263.9691,1.47248,10.26904,-0.01676
1263.9893,-0.14845,10.39594,-1.35277
1264.0121,0.57223,9.63217,-1.51318
1264.0372,-0.27295,9.84047,-0.14845
1264.0519,0.46210,9.71836,0.33280
1264.0693,0.05028,9.26824,-0.11971
1264.0870,0.73265,8.75347,-0.96968
1264.1063,0.47407,10.30256,-1.33601
1264.1288,0.20351,9.04078,0.11971
1264.1493,0.90982,9.68724,-2.05668
1264.1664,1.54431,9.52203,-1.30009
1264.1888,0.66321,11.15971,0.27774
1264.2065,0.60575,10.21877,-0.15802
1264.2279,-0.08380,10.78142,0.74223
1264.2490,0.18436,9.88357,0.04310
1264.2683,-0.53871,10.30735,-0.42618
1264.2947,-0.84278,9.45260,-0.92658
1264.3124,0.01437,9.79019,-1.02475
1264.3271,1.27615,8.77981,-0.47167
1264.3470,0.84757,9.14374,1.35516
1264.3694,1.28333,8.54996,0.01197
1264.3907,-0.03591,10.05117,0.01437
1264.4091,1.35995,8.80375,-0.48364
1264.4313,0.28492,10.55875,0.73744
1264.4646,0.03352,10.02483,0.65603
1264.4678,-0.70631,9.95061,0.76617
1264.4895,0.39506,9.65611,-0.56744
1264.5104,0.19154,9.97455,0.56744
1264.5286,1.40783,9.79737,-0.59139
1264.5530,0.43336,10.72396,-0.01676
1264.5836,-1.37431,10.44862,0.26337
1264.5891,0.26816,4.31448,-1.64726
1264.6095,5.66246,8.13814,-13.56117
1264.6273,-3.60578,12.69444,-4.03435
1264.6472,-0.49561,2.62413,4.48448
1264.6698,1.34558,12.83571,1.24023
1264.6875,-0.74223,7.25465,-5.93301
1264.7078,1.97288,10.63537,5.49247
1264.7361,1.03912,12.70881,-3.51480
1264.7469,-2.84919,8.60263,1.47487
1264.7667,-0.31844,5.72232,-3.61296
1264.7894,4.93221,21.02173,-6.47651
1264.8081,-2.70074,5.58345,21.61312
1264.8284,1.19235,10.70959,3.57944
1264.8756,5.17163,10.56594,-0.09577
1264.8760,5.28656,6.75664,10.35284
1264.8906,-2.23625,6.74228,-8.35602
1264.9097,3.83084,4.12534,5.08783
1264.9291,2.06147,13.41991,-3.31607
1264.9490,-1.58501,9.76146,2.07344
1264.9711,3.11974,11.09028,-1.22587
1265.0040,-1.09179,8.31053,2.19316
1265.0187,-0.89785,11.77026,-2.87792
1265.0293,0.20351,9.06712,0.69673
1265.0464,-1.45093,9.39274,0.26337
1265.0671,-0.59378,9.28260,0.90264
1265.0914,-0.61772,9.37837,0.68476
1265.1071,0.92180,9.69202,-1.04390
1265.1307,-0.03352,10.98254,0.16281
1265.1594,-0.03352,10.39355,-0.22985
1265.1738,1.78373,10.68565,0.82363
1265.1865,1.63050,9.94821,-1.46290
1265.2092,0.11014,11.11901,-0.58899
1265.2268,1.15883,9.60583,-0.74462
1265.2487,1.33361,8.24349,1.68318
1265.2712,1.93457,8.68403,-0.34238
1265.2904,0.42139,9.33049,1.42220
1265.3068,-0.84997,9.21317,-0.02873
1265.3289,-0.89067,9.51724,1.42459
1265.3484,-0.04070,10.57551,-1.04151
1265.3695,-0.33759,9.97934,-0.22027
1265.3904,-0.45970,10.24989,-1.07742
1265.4102,0.28013,8.93543,-0.36393
1265.4392,0.41660,8.77502,-2.13569
1265.4501,0.53632,10.67368,-0.80926
1265.4678,0.17239,9.75906,-0.86673
1265.4885,1.07264,9.86681,0.47646
1265.5117,0.58420,8.95219,1.41741
1265.5310,0.78532,9.94582,0.45012
1265.5667,1.08940,9.74470,0.37111
1265.5845,0.47407,9.93385,0.96968
1265.5883,-0.05507,9.51964,0.34956
1265.6079,0.33759,10.64255,0.78772
1265.6315,0.05028,9.07670,0.63209
1265.6492,0.50040,10.60424,-0.64406
1265.6693,-0.00239,9.12219,0.43097
1265.7133,0.44773,9.16768,-0.55787
1265.7133,0.61054,9.92906,-0.06225
1265.7278,0.56026,10.52523,-0.38308
1265.7496,0.16520,10.01286,-0.80208
1265.7675,1.05588,9.62977,0.30886
1265.7875,0.45731,8.70319,0.35435
1265.8099,0.97208,9.52443,-0.37351
1265.8292,1.04390,9.61062,-0.02394
1265.8602,1.35277,8.82290,0.03113
1265.8707,0.73744,9.03120,0.54829
1265.8879,0.41900,9.28979,0.77814
1265.9076,-0.93137,10.50608,0.60336
1265.9316,0.15084,10.00328,-0.19154
1265.9476,-0.86433,10.45340,0.51477
1265.9678,-0.03831,9.66329,-0.13169
1265.9929,0.62491,9.64174,-0.04310
1266.0076,0.22985,9.25866,-0.52674
1266.0294,0.49801,11.48534,0.32083
1266.0515,5.62176,7.47971,-3.18439
1266.0713,-3.12453,9.58668,-2.97369
1266.0894,-2.29372,7.51323,0.83560
1266.1298,-0.67519,5.06868,1.32643
1266.1299,10.76945,11.39196,-9.54119
1266.1478,-3.83563,12.28742,-2.75342
1266.1699,-4.41983,10.26665,3.88591
1266.1877,-0.55787,12.05278,9.71118
1266.2075,-1.07264,8.88276,8.77981
1266.2299,-3.34959,6.10061,1.12291
1266.2479,4.39828,21.67298,-12.07193
1266.2756,9.78780,8.26025,27.89570
1266.2894,-4.27618,12.02884,-11.72476
1266.3073,0.84997,0.92180,-3.38550
1266.3274,4.13731,12.24193,7.72154
1266.3538,-5.61218,12.62262,10.29059
1266.3693,2.76778,8.69601,6.31370
1266.4060,5.24825,10.74311,7.16606
1266.4222,1.12052,9.84047,-0.51477
1266.4274,2.42779,7.70478,-1.74782
1266.4474,2.22668,9.01684,-1.62571
1266.4696,1.38150,9.59625,1.09658
1266.4878,-1.70472,12.34488,-1.37671
1266.5077,-0.26576,12.27545,0.75899
1266.5300,2.04471,7.74069,-1.15165
1266.5647,-0.10056,11.15014,-2.10696
1266.5675,0.19633,8.92346,0.33759
1266.5916,-0.27055,8.95698,1.49163
1266.6073,0.14605,9.22993,0.35914
1266.6293,0.94095,8.22433,-0.54589
1266.6505,1.51079,10.08708,-0.28252
1266.6692,0.40703,9.99610,-0.51716
1266.6884,0.46928,10.22116,-0.22506
1266.7101,-0.04070,9.15092,0.88588
1266.7274,-0.29210,10.24989,-0.23224
1266.7476,-0.60575,9.71357,-0.43815
1266.7714,-0.34478,10.64495,0.23464
1266.7914,-0.31126,9.92427,-1.46290
1266.8306,-0.45970,10.09905,1.09179
1266.8309,0.53153,10.69044,-1.15404
1266.8472,0.59617,10.31454,-1.16362
1266.8693,0.21788,9.43584,-0.01197
1266.8914,0.64885,9.36880,-0.71589
1266.9075,0.08859,9.92906,-0.00239
1266.9318,0.98405,9.71836,-0.73025
1266.9686,0.16042,10.05356,-0.41182
1266.9823,-0.25379,10.31693,-0.54111
1266.9877,0.34956,9.63217,-0.59139
1267.0096,0.16520,10.29059,-0.95532
1267.0272,-0.38548,10.15412,-0.04549
1267.0479,0.43336,9.25387,0.25858
1267.0702,0.72786,9.51485,-2.08541
1267.0881,0.07422,10.34327,-1.24981
1267.1238,-0.60575,9.29697,1.98246
1267.1295,0.99362,8.67206,-1.03672
1267.1489,0.82363,10.44862,-0.28492
1267.1693,-0.58660,10.73593,1.21629
1267.1917,1.19235,9.76864,-0.43576
1267.2095,0.75420,10.06553,-0.82124
1267.2283,-0.54829,10.08229,-0.02394
1267.2603,-0.11732,11.01606,0.86194
1267.2670,1.52515,9.91469,-0.65124
1267.2874,0.84997,9.38795,-0.75180
1267.3096,0.92419,9.30894,0.10535
1267.3290,0.72307,9.47415,-1.01038
1267.3473,0.21548,9.97215,-0.74223
1267.3918,-0.96250,9.53400,1.19714
1267.3922,-0.58899,10.05356,2.12133
1267.4089,-2.19076,8.64333,1.65684
1267.4294,-1.81007,7.44619,-0.89306
1267.4474,2.64089,8.77262,-7.26184
1267.4674,-3.97210,12.66332,5.59542
1267.4895,-0.46210,10.40552,21.93156
1267.5177,-0.40224,11.83251,4.70475
1267.5334,-3.99604,10.69762,-8.38715
1267.5496,4.51081,7.66647,-4.20195
1267.5674,2.46850,10.59945,-2.52596
1267.5875,-2.05429,13.21161,1.48206
1267.6101,-3.15805,5.63852,5.71513
1267.6278,0.26337,8.90670,-8.91389
1267.6499,1.77416,8.47813,-4.83404
1267.6819,11.10944,19.66418,-3.27776
1267.6873,-7.11100,6.00245,3.12213
1267.7075,0.05507,13.52526,-1.87232
1267.7305,1.13249,4.49405,0.62969
1267.7515,-1.50839,10.67607,-0.08619
1267.7708,-1.28333,10.57791,3.68239
1267.8082,-1.16362,10.68325,-0.27055
1267.8083,-1.39586,9.70160,0.65364
1267.8281,-0.35675,10.66649,0.40703
1267.8495,0.47885,9.61301,-1.61135
1267.8674,1.09418,9.79019,-1.34319
1267.8893,0.46210,10.58988,-1.24502
1267.9115,0.99362,10.18046,-0.36393
1267.9468,1.52276,9.38795,-0.85236
1267.9667,0.32562,10.07511,-1.38150
1267.9702,-0.02873,10.13496,-0.17239
1267.9868,0.76138,10.74072,0.25858
1268.0071,0.07901,11.45660,-1.13489
1268.0294,-0.04070,10.75987,1.15165
1268.0488,1.19714,9.11979,-0.30407
1268.0670,0.27055,10.70959,-0.13887
1268.0939,-0.57702,10.80776,0.90025
1268.1077,0.23703,9.42147,1.66163
1268.1289,1.48924,9.43584,-0.35914
1268.1511,0.57702,9.93385,-0.16281
1268.1688,-0.10056,9.94821,1.65684
1268.1886,-1.66642,10.75987,0.38787
1268.2096,0.94334,9.14374,-0.73744
1268.2373,-0.68237,8.67446,0.61772
1268.2471,-0.57223,8.79896,-0.01437
1268.2694,-0.89785,11.19563,1.62332
1268.2871,-0.20112,8.72953,1.22826
1268.3090,-0.21788,7.83167,1.69515
1268.3312,-0.28492,10.50847,0.77575
1268.3519,-1.59938,9.15331,0.10774
1268.3691,-0.55787,9.83089,1.78613
1268.3934,0.08141,10.34806,0.27055
1268.4066,-0.38548,9.55555,-0.18436
1268.4268,-0.99362,9.65850,1.89866
1268.4495,-0.08380,10.53960,-0.57941
1268.4689,0.15323,8.75826,-0.52195
1268.5021,0.44294,8.66009,1.07742
1268.5193,-0.75899,11.58590,-1.51079
1268.5276,0.95292,9.30415,0.24182
1268.5470,0.13408,8.78699,-0.11493
1268.5710,0.03591,10.09187,-1.09418
1268.5907,0.75420,10.28102,-2.24104
1268.6108,0.29928,10.03919,0.28013
1268.6482,0.87391,10.26426,-1.82444
1268.6599,1.27854,10.14215,-1.82923
1268.6667,0.17239,10.34087,-1.17798
1268.6890,0.27534,10.14694,0.65603
1268.7067,0.62730,10.11102,-1.57304
1268.7284,-0.41660,9.64653,-0.05028
1268.7505,0.74941,9.67766,-0.46688
1268.7706,-0.26337,9.36640,-0.71110
1268.7885,-0.72547,10.06074,0.20830
1268.8096,-0.16281,9.77582,1.15643
1268.8267,0.79490,9.76864,-0.96968
1268.8469,0.12929,10.35763,-1.34558
1268.8695,-0.19872,9.69442,-0.51477
1268.8887,0.99841,9.85723,-1.28333
1268.9084,0.05507,10.56354,-0.69673
1268.9376,-0.13887,10.08469,-0.65843
1268.9465,0.43097,9.70878,-0.80208
1268.9667,0.54111,3.87873,-2.58821
1268.9891,-1.30967,15.22759,3.82126
1269.0118,-0.99841,12.36643,0.35675
1269.0306,3.78774,8.28658,-0.75180
1269.0682,4.55630,8.52122,-1.67839
1269.0825,1.07982,10.01286,-1.75979
1269.0873,-0.65364,11.25309,0.26816
1269.1134,-0.26816,10.26186,-1.86035
1269.1304,-1.28094,10.62579,-1.71430
1269.1482,-1.10855,9.88357,0.51477
1269.1707,-0.26816,15.06238,-3.21312
1269.1885,-0.78532,11.95461,-3.36874
1269.2190,1.12770,5.36078,2.63849
1269.2294,1.49163,9.99849,0.42379
1269.2469,0.63448,9.26584,-0.70152
1269.2684,1.78613,11.89715,-1.34079
1269.2909,0.94574,9.51006,-0.82842
1269.3088,-1.29530,11.27464,-1.22347
1269.3297,-0.09817,10.68565,-0.66800
1269.3639,0.66321,9.39035,-1.32164
1269.3672,0.70871,8.64094,-0.92180
1269.3866,-0.00239,9.74709,1.37192
1269.4091,1.36713,8.09025,-0.90264
1269.4285,1.15883,9.53400,-0.57702
1269.4489,-0.18915,9.95300,1.20432
1269.4706,0.90264,9.51964,-0.57223
1269.4882,0.46449,9.38077,-1.60656
1269.5071,-0.88828,9.12937,1.43417
1269.5292,0.88828,8.93064,-0.43336
1269.5483,0.53392,9.33528,-0.35435
1269.5690,-0.22985,9.60583,1.01517
1269.5895,2.15964,8.81093,-0.86912
1269.6390,1.01757,8.77023,0.06465
1269.6390,-1.06545,9.97934,2.80848
1269.6523,0.84039,9.85005,0.27295
1269.6664,0.27534,7.78858,-1.18517
1269.6865,-0.45491,9.66329,0.93616
1269.7091,1.02954,9.73273,-1.87711
1269.7281,0.46928,9.15331,0.09577
1269.7494,0.33280,9.03360,0.99841
1269.7826,1.17559,8.32968,-1.35277
1269.7893,0.05028,8.95459,0.56505
1269.8076,0.22746,9.66569,0.92658
1269.8298,0.60575,9.66090,-0.32562
1269.8514,0.53153,9.25148,1.70233
1269.8712,0.95292,9.79977,-0.21070
1269.9139,0.43336,10.38636,0.32562
1269.9141,0.41900,10.01765,1.69754
1269.9364,1.09179,10.18046,0.90504
1269.9501,1.36953,8.73192,0.49801
1269.9677,0.43815,8.95698,1.00799
1269.9884,0.11493,9.49330,-0.69673
1270.0115,0.31844,10.41749,-1.13489
1270.0292,-0.08619,9.44063,1.91063
1270.0615,-0.46688,9.99131,0.13408
1270.0698,0.16999,9.22275,-0.13887
1270.0892,-0.75180,11.45660,0.87870
1270.1093,0.56505,10.46537,-1.13010
1270.1299,0.03113,10.02483,-0.26816
1270.1476,-0.26816,10.44383,1.23066
1270.1830,-0.15802,10.46777,0.83081
1270.2018,0.94574,9.43584,-1.50121
1270.2076,-1.16841,11.95940,2.65525
1270.2277,-1.51558,9.65611,2.00880
1270.2531,0.09577,8.66009,0.55068
1270.2712,0.10056,9.65611,0.41660
1270.2913,-0.11253,9.86920,-0.86673
1270.3121,-0.12211,9.92906,0.17718
1270.3292,-0.90982,9.96976,0.93616
1270.3478,-0.49801,8.76783,0.45491
1270.3701,-0.84997,9.75188,-0.17957
1270.3875,0.17718,10.25229,0.48125
1270.4073,0.50998,9.53161,-0.35675
1270.4297,0.32083,9.66569,-0.29450
1270.4565,-0.24182,10.16130,0.68476
1270.4700,0.38548,10.39115,1.23545
1270.4896,0.54829,9.92906,-0.63448
1270.5093,-0.19394,10.15651,1.49163
1270.5288,-0.38787,9.51006,0.11253
1270.5511,0.81166,10.37679,-1.86275
1270.5691,-0.56984,9.68484,0.37351
1270.5902,-1.03672,10.62100,1.40783
1270.6226,0.34717,9.99370,-0.58660
1270.6277,-0.71110,10.59227,-0.07901
1270.6473,-0.35435,9.12219,0.94574
1270.6709,0.57463,9.58907,-0.96250
1270.6888,0.22746,9.34246,-0.58660
1270.7108,-0.60575,9.63456,0.86673
1270.7573,0.24182,9.91709,-0.08619
1270.7576,0.70631,9.40471,-0.72786
1270.7749,0.50280,9.46217,-1.07024
1270.7898,0.85715,10.87958,0.05746
1270.8075,1.03433,9.71118,-0.44294
1270.8273,0.31365,10.39594,-0.11253
1270.8496,0.22985,10.15412,0.88588
1270.8673,0.76617,9.29457,-0.69913
1270.8879,1.17798,10.58030,-1.92021
1270.9095,-0.57223,10.27862,0.20351
1270.9271,-0.52674,10.31454,1.18277
1270.9476,0.52435,10.07750,0.26816
1270.9717,-0.33041,9.64653,0.71349
1270.9877,-0.09338,8.96895,-0.47167
1271.0265,0.46688,9.78780,0.16760
1271.0391,0.54589,10.07990,-1.51318
1271.0475,-0.24182,8.59545,1.26418
1271.0676,-0.69673,9.63696,1.57543
1271.0896,1.19714,9.36640,0.15323
1271.1091,0.57223,10.65213,-0.25379
1271.1289,-0.76377,9.70878,1.13967
1271.1526,-0.60575,9.72315,1.00081
1271.1700,0.51237,9.60344,0.84039
1271.1901,-0.19872,10.33369,-0.18915
1271.2123,-1.57064,10.57791,2.02077
1271.2299,-0.09338,9.41908,2.33681
1271.2504,1.56586,9.27542,-1.07503
1271.2710,-0.31126,9.90272,-0.25379
1271.2889,-0.36632,9.87638,-0.00958
1271.3239,0.03113,9.05754,0.84518
1271.3307,0.11971,9.66090,-1.37910
1271.3484,-0.06704,9.36640,0.07901
1271.3684,-0.49083,11.33210,1.68557
1271.3909,0.51477,9.67287,-0.14366
1271.4097,-0.04789,9.96497,-0.47167
1271.4297,-0.40942,9.64414,0.67997
1271.4667,0.88588,9.79977,-0.70631
1271.4689,1.52036,9.56513,-1.15165
1271.4899,0.53871,9.14852,-0.58181
1271.5118,-0.33520,9.54837,1.12052
1271.5295,0.94813,9.19402,1.58740
1271.5519,1.96570,9.45499,-0.91940
1271.5876,-0.74462,9.05994,0.71589
1271.6075,-0.26098,9.94342,1.24023
1271.6100,-0.09098,9.29697,0.98644
1271.6305,0.00718,10.16609,-0.39745
1271.6482,0.99602,8.63375,-0.40463
1271.6699,0.60336,8.77023,0.28252
1271.6941,2.56427,9.38316,-1.56346
1271.7097,1.24981,9.65611,0.87630
1271.7421,0.25379,9.69202,1.32164
1271.7511,-0.44294,10.80297,1.63768
1271.7686,-0.33041,11.30577,0.40463
1271.7888,0.48604,9.78061,-1.14925
1271.8112,-1.28573,9.39992,0.17957
1271.8302,-1.24263,9.88357,0.45491
1271.8663,0.44294,9.25627,-0.46928
1271.8812,-0.47885,9.99610,-0.77575
1271.8885,-0.81884,9.49569,1.29530
1271.9080,0.05746,9.83089,0.61054
1271.9302,0.99362,9.46936,-1.62571
1271.9480,0.07901,10.64016,-1.30249
1271.9680,-1.00081,9.95061,2.32005
1272.0106,-0.10535,10.80297,-1.19474
1272.0262,0.00958,10.13975,-1.27136
1272.0286,-0.97926,10.71199,0.39745
1272.0504,-1.11094,10.39355,2.28174
1272.0693,0.24900,10.15891,0.44773
1272.0891,0.25140,9.01684,-1.83641
1272.1139,-0.73983,9.52921,1.13489
1272.1460,-0.03113,9.94342,0.61293
1272.1594,0.67040,9.76146,-1.12531
1272.1710,-0.34478,9.13655,0.68955
1272.1884,-0.79729,10.64016,2.79172
1272.2089,0.63688,9.32809,0.92898
1272.2322,0.78532,10.30017,-1.24742
1272.2496,-0.02394,10.23553,-1.49403
1272.2705,0.12211,9.11261,1.58980
1272.3010,0.97926,10.76945,-0.32802
1272.3077,0.25619,10.40073,-0.91461
1272.3281,-0.76377,9.93863,1.18038
1272.3521,0.31844,10.09905,1.05109
1272.3717,0.25858,10.01286,-0.25379
1272.3918,0.50519,10.11581,-2.30808
1272.4291,-0.56744,10.91071,0.60815
1272.4451,-0.55068,9.12219,0.67519
1272.4480,0.59857,9.36640,-0.51237
1272.4705,0.24182,10.16609,-1.47487
1272.4880,-0.17239,9.04796,-0.28013
1272.5082,-0.28971,9.48612,1.08940
1272.5344,0.47646,9.17726,-0.72786
1272.5493,0.07662,9.37837,-0.28492
1272.5846,-1.29051,9.89075,1.01278
1272.5902,-0.15323,11.07113,0.49561
1272.6078,-0.00479,8.21236,0.70392
1272.6290,0.59378,10.08229,-1.30727
1272.6506,-0.97926,9.79498,0.44055
1272.6680,-0.40703,10.32651,1.35037
1272.6880,0.23943,9.73273,-0.47407
1272.7195,-0.24422,8.87079,-0.74701
1272.7302,0.31365,8.88037,0.15084
1272.7482,-0.52435,9.65611,0.90264
1272.7717,1.64487,9.40711,-1.73824
1272.7896,1.81247,9.20359,-2.66483
1272.8079,0.68716,10.12778,-1.13728
1272.8319,-0.37351,10.48453,0.77575
1272.8497,0.71110,9.47654,-0.33759
1272.8690,0.70392,8.99529,-0.42858
1272.8918,-0.33999,10.33608,1.13728
1272.9080,-0.10056,9.39274,0.79011
1272.9285,0.89785,10.41988,-0.70631
1272.9509,-0.40224,9.53400,-0.94574
1272.9713,-0.47646,10.99212,0.84278
1272.9980,0.17718,8.14532,0.26337
1273.0129,1.72627,7.72393,-2.18358
1273.0273,2.53314,8.81093,-1.42699
1273.0476,0.93856,9.81174,-0.77335
1273.0714,1.62092,11.32492,-0.06704
1273.0914,0.57702,11.03282,1.72388
1273.1244,1.22347,10.40791,-0.14845
1273.1388,-0.30168,11.02803,0.99602
1273.1486,-0.62012,10.18764,-0.60336
1273.1674,0.16281,8.76065,-0.03113
1273.1899,-0.75899,10.29059,0.13169
1273.2085,1.38389,7.51563,-1.12531
1273.2316,0.96010,8.85642,0.00958
1273.2725,0.21548,8.91389,-2.92102
1273.2842,3.99365,9.01205,-0.93377
1273.2877,2.25301,9.92188,-0.67519
1273.3140,0.55787,9.43344,-0.15563
1273.3276,1.71909,9.99370,0.08859
1273.3479,0.87870,11.65772,0.46928
1273.3702,0.06225,10.69523,1.05588
1273.3895,-0.17239,10.27862,0.77096
1273.4091,0.33041,9.22275,-0.43576
1273.4302,-0.07901,9.86441,0.87870
1273.4473,0.06943,10.47735,0.83081
1273.4678,0.38308,10.25707,-1.01996
1273.4905,0.29928,9.83568,-0.51237
1273.5100,0.41421,9.77822,0.79011
1273.5472,0.32802,9.52682,0.84278
1273.5653,0.99841,8.87797,-0.78293
1273.5706,-0.29928,9.25627,-0.39027
1273.5878,-1.32164,10.89874,0.12690
1273.6125,1.21629,10.26665,-2.19076
1273.6288,-0.29450,10.04398,-0.32802
1273.6504,-0.86194,10.66889,1.25460
1273.6796,0.58420,9.78061,0.00718
1273.6896,0.78532,10.09666,-0.28971
1273.7102,-0.06465,10.43425,1.54670
1273.7321,0.13408,9.93145,-0.08380
1273.7500,-0.58181,9.79258,0.48843
1273.7699,-0.04789,10.67368,0.02394
1273.7925,0.52913,8.08547,-0.73983
1273.8098,-0.05986,9.74470,-0.56026
1273.8403,-0.40224,9.94821,-0.85236
1273.8508,-0.22985,9.62259,-2.08062
1273.8685,0.38548,9.70400,0.12929
1273.8888,0.48364,9.34007,-1.58740
1273.9115,0.38787,9.44063,-0.41421
1273.9292,0.40463,9.97455,-0.06225
1273.9502,1.05588,10.19961,-1.40065
1273.9829,-0.40703,10.12778,0.10774
1273.9888,0.04549,8.83966,0.20830
1274.0087,0.79250,8.55235,-1.00560
1274.0309,-1.22826,11.21478,1.07742
1274.0486,-0.08859,9.53161,0.33280
1274.0690,1.14925,9.46936,-2.20513
1274.0927,-0.15084,9.64653,0.48604
1274.1183,0.82602,11.20999,-1.88429
1274.1335,0.79729,9.81174,-0.95053
1274.1541,-0.17718,10.69762,-0.88588
1274.1686,1.15404,9.67048,0.00239
1274.1884,0.10295,10.52523,-0.23464
1274.2108,0.09817,10.24750,-0.34956
1274.2285,0.84039,9.49091,-0.99362
1274.2494,0.87630,8.04476,0.51956
1274.2722,0.29689,9.83089,-1.82204
1274.2904,0.66561,9.34007,0.44773
1274.3083,0.35196,9.68484,0.23464
1274.3346,-0.02634,10.49171,-0.48364
1274.3539,-0.46688,10.39594,-1.05109
1274.3718,0.31365,10.07271,0.31365
1274.3910,-0.31604,10.92747,-0.46928
1274.4088,-0.07662,10.27383,0.33999
1274.4286,0.52913,10.05595,-0.86433
1274.4514,-0.35435,11.53083,-0.08380
1274.4684,0.63688,10.48213,-1.02236
1274.4900,0.89785,9.86441,-2.82524
1274.5242,0.55068,10.26426,-0.87630
1274.5281,0.59857,9.91709,-2.16921
1274.5482,0.32083,10.05356,0.79969
1274.5713,-0.33520,10.59467,0.60096
1274.5906,0.06465,8.42545,-0.56984
1274.6108,0.11253,9.81892,-0.58660
1274.6506,-0.33520,10.60664,-0.24900
1274.6508,-0.81166,9.83089,1.40065
1274.6713,0.44055,9.61780,-0.06704
1274.6907,0.00958,9.09585,-0.27774
1274.7086,0.37590,9.92666,0.46449
1274.7300,0.97208,9.45260,-0.87152
1274.7524,0.50759,9.25866,-0.52674
1274.7703,0.47407,9.65132,-0.28492
1274.7897,0.04070,9.72794,0.99841
1274.8112,0.44055,9.35922,1.13489
1274.8285,0.39745,9.89314,-1.05827
1274.8485,0.28013,9.31373,1.42220
1274.8721,0.59378,9.02163,-0.28492
1274.8898,0.73025,9.56034,0.17478
1274.9098,1.16362,9.11979,-0.38787
1274.9417,0.19154,9.11740,-0.25619
1274.9485,0.28971,10.17567,1.51558
1274.9686,1.19235,10.03201,-1.08700
1274.9906,-0.58899,10.81973,0.94574
1275.0099,0.80926,11.01606,0.03352
1275.0298,1.33601,8.71756,0.04789
1275.0520,1.55149,8.91149,-0.52435
1275.0684,0.96968,10.09187,-1.43417
1275.0883,0.20351,9.57231,-0.01437
1275.1105,1.08940,10.29538,-1.07503
1275.1299,-0.78053,9.32091,1.72148
1275.1503,0.13408,9.20838,0.62012
1275.1722,-0.34238,8.23631,0.30407
1275.2034,-0.40703,10.49889,-0.00479
1275.2083,0.34238,9.81413,-0.53392
1275.2300,0.02873,8.71277,0.12929
1275.2490,1.36234,8.83727,-0.46688
1275.2682,1.35755,8.29856,-0.62012
1275.2905,0.51237,10.63537,0.84518
1275.3099,0.63209,9.86681,0.59617
1275.3467,0.66082,10.64016,-0.41182
1275.3635,-0.26576,10.23553,1.20193
1275.3685,0.43815,8.68643,-0.43336
1275.3883,-0.58181,9.75428,0.64406
1275.4105,0.45012,9.77822,-0.69673
1275.4288,0.95771,9.81174,-0.59378
1275.4489,0.10774,10.57551,0.89785
1275.4707,0.23703,9.36640,-0.43336
1275.4955,0.83081,8.98571,0.17718
1275.5084,1.13489,10.81494,0.47407
1275.5321,0.86912,9.32091,-0.26576
1275.5481,0.97926,10.19243,1.23784
1275.5698,0.93856,9.55076,0.57463
1275.5906,0.75899,10.26665,1.20911
1275.6082,0.01915,10.21637,1.72627
1275.6379,1.02954,9.28500,-0.69673
1275.6503,0.13169,9.71118,1.37910
1275.6681,0.68237,10.20679,-0.26098
1275.6880,0.51237,10.67128,-1.31206
1275.7120,-0.75659,11.04958,0.54589
1275.7299,0.40463,9.08627,-0.67279
1275.7678,0.24182,9.16050,-0.16520
1275.7744,0.73025,9.13176,-0.85236
1275.7888,0.48125,8.94740,-2.31766
1275.8082,-0.12690,9.23951,-0.29689
1275.8303,0.69195,9.77104,-1.31446
1275.8497,0.94574,9.42626,-0.80687
1275.8726,0.26576,8.99529,0.85236
1275.9117,0.80448,9.98173,-1.37910
1275.9119,-0.11014,10.04877,0.54350
1275.9309,-0.47407,10.21877,0.88588
1275.9510,-0.02873,9.61062,0.14366
1275.9691,-0.45012,10.18764,0.02394
1275.9890,-0.58899,10.63776,0.66800
1276.0114,0.39266,10.12778,-1.41262
1276.0431,0.29928,10.35045,-0.25619
1276.0581,-0.41900,10.04398,1.19235
1276.0717,1.13489,9.96497,-1.41262
1276.0907,0.88109,9.89793,0.27534
1276.1094,0.25619,8.72953,-0.12690
1276.1349,1.90345,8.62178,-2.95214
1276.1506,1.13249,9.58907,-1.73824
1276.1740,-0.15084,9.41908,0.83560
1276.1937,1.06066,9.44541,-0.19633
1276.2151,0.30168,10.22834,-1.45093
1276.2286,-0.69913,11.00169,0.53392
1276.2512,0.56984,9.98891,-0.15323
1276.2689,0.16042,10.69762,-1.42938
1276.2905,-1.13010,11.30816,-1.23545
1276.3131,-0.43576,7.86759,0.79969
1276.3403,-0.26576,9.67526,-1.44614
1276.3549,0.15802,10.27144,-0.86673
1276.3713,0.56265,10.67847,0.59617
1276.3889,0.57702,9.96497,0.86433
1276.4086,1.12052,10.51326,-1.53712
1276.4314,0.63209,9.42387,0.92180
1276.4492,0.67758,9.92906,0.36872
1276.4758,1.59459,8.75347,0.44773
1276.4913,-0.22027,11.33450,-0.24422
1276.5107,-0.30407,7.55394,-1.36234
1276.5293,0.89306,9.32331,0.57702
1276.5514,-1.16601,10.46777,0.89546
1276.5706,-0.52674,9.04557,0.84997
1276.5922,0.44055,9.77343,-0.74701
1276.6266,0.28971,9.89793,-1.99443
1276.6309,0.38308,10.50847,0.13408
1276.6489,0.58899,10.75748,1.05827
1276.6714,0.97686,10.52284,-1.31446
1276.6904,0.86194,8.44700,0.32802
1276.7126,0.19872,10.87958,0.60096
1276.7502,1.03193,8.98092,-0.47167
1276.7642,0.72547,10.23313,-0.90982
1276.7694,-0.94334,10.28102,0.42379
1276.7915,0.44534,10.16370,0.33999
1276.8091,0.45252,9.75667,0.13169
1276.8291,0.25858,9.67048,0.36632
1276.8516,0.59617,9.46457,1.01038
1276.8693,0.28492,8.22912,0.48843
1276.9005,-0.19154,9.58668,-0.20351
1276.9109,-0.15084,9.73752,0.68716
1276.9288,0.24661,9.12219,0.30168
1276.9500,0.33041,9.73512,-1.34319
1276.9731,-0.14605,10.48692,0.61054
1276.9913,-0.33041,10.59467,1.35037
1277.0104,0.63688,10.42467,-0.84039
1277.0430,-0.32802,9.88596,-0.62251
1277.0492,-0.77814,9.99370,0.99362
1277.0690,1.07024,9.01684,0.03831
1277.0912,-0.12450,9.57471,0.14366
1277.1088,-0.20830,9.39992,0.27055
1277.1289,0.59378,9.89793,0.71349
1277.1539,0.61054,9.67287,-0.62251
1277.1746,0.63448,10.26186,-0.68476
1277.1886,0.77814,10.42707,0.15084
1277.2124,0.74941,10.30975,-1.95133
1277.2307,0.73744,9.13416,-1.82683
1277.2490,-0.36632,9.77582,1.25221
1277.2717,0.54350,9.61301,-1.66642
1277.3077,1.01996,9.46457,0.27534
1277.3237,-0.98405,9.97694,-0.61054
1277.3313,-0.62012,10.03680,1.26897
1277.3485,0.17478,10.00089,-0.66082
1277.3702,-0.49561,10.48453,0.15802
1277.3948,0.56026,10.04398,-0.95532
1277.4122,0.95053,9.01923,-0.52913
1277.4603,0.59617,10.14215,-2.24822
1277.4604,-0.82842,9.19402,1.42699
1277.4736,0.55787,10.16609,-0.78772
1277.4883,0.22027,8.88037,-1.07742
1277.5125,0.11493,9.73033,0.39506
1277.5303,-0.13647,9.17726,2.48765
1277.5486,0.75180,8.02561,1.08461
1277.5795,1.01757,8.97853,-0.40463
1277.5916,0.12929,9.61301,0.33520
1277.6085,0.07901,9.73991,-0.19872
1277.6326,-0.28731,9.39513,1.01517
1277.6493,0.36872,9.79498,2.03274
1277.6686,1.35037,10.19722,0.35196
1277.6936,0.81884,10.52523,-0.51237
1277.7273,-0.05267,9.41189,2.06147
1277.7418,-0.17718,10.79578,1.20671
1277.7532,1.46051,10.65213,-0.67997
1277.7688,-0.22267,9.40711,0.67997
1277.7905,0.09577,9.35443,2.06865
1277.8125,0.95053,8.79896,-0.81166
1277.8303,1.35037,8.99290,-0.63448
1277.8579,-0.13408,9.81653,1.24023
1277.8708,1.00081,10.35045,-0.50759
1277.8892,0.41421,9.47893,-0.10056
1277.9098,-0.79969,9.59865,0.59857
1277.9346,1.13489,9.05754,0.32323
1277.9521,1.39586,9.53879,-0.78532
1277.9719,-0.00479,9.75667,-0.62969
1278.0117,0.79011,8.83248,-1.06785
1278.0260,1.23305,10.75269,-0.38069
1278.0284,0.69195,9.45260,-0.79011
1278.0508,0.95532,10.27862,0.54829
1278.0702,1.29291,10.60185,-0.32083
1278.0920,0.61054,10.12060,-0.90982
1278.1124,0.27534,10.36960,0.48843
1278.1467,0.07901,10.92508,-0.92419
1278.1619,0.82842,9.25866,-1.43896
1278.1718,-0.44773,9.37598,-0.26337
1278.1884,0.88828,9.20838,0.68955
1278.2085,1.21390,9.20120,-0.21309
1278.2329,-0.04070,9.86202,0.28731
1278.2507,0.54589,9.72794,1.87232
1278.2711,0.12450,10.59227,0.99841
1278.2932,0.75180,9.58428,-0.77575
1278.3109,-0.41900,9.89075,1.32403
1278.3289,0.39266,10.41031,0.98165
1278.3524,0.62251,8.98811,-0.23943
1278.3685,-0.76138,10.80536,1.12052
1278.3883,-0.51477,10.90592,1.60177
1278.4346,0.58181,10.49650,-0.40224
1278.4346,0.01676,10.87480,-0.80926
1278.4497,-0.02155,10.71917,1.11334
1278.4707,1.48445,9.38795,-0.91222
1278.4884,-0.17718,10.12299,-0.82124
1278.5079,-0.63688,10.41510,2.12133
1278.5299,0.42858,9.89554,-0.65603
1278.5482,0.55787,9.21317,-1.81725
1278.5743,-0.53871,10.09905,0.31126
1278.5923,0.80926,10.31693,-0.46928
1278.6083,1.03672,9.10782,-1.23305
1278.6288,-0.17239,9.66090,0.52435
1278.6512,1.12291,9.85484,0.36632
1278.6689,1.46051,9.06951,-1.23066
1278.6899,0.82602,8.96416,0.31365
1278.7222,1.00560,9.17726,0.77575
1278.7283,1.44614,8.63615,-0.01676
1278.7484,0.73265,9.31373,-0.64645
1278.7705,0.17957,10.62579,-0.43336
1278.7885,0.23224,8.54517,0.39506
1278.8085,0.16760,9.95779,-0.58660
1278.8329,0.74223,9.63456,0.83560
1278.8508,0.93137,8.98092,-0.20591
1278.8683,0.15323,9.93385,0.19872
1278.8904,0.60575,9.98413,0.23943
1278.9082,0.43336,10.65452,0.37351
1278.9285,-0.23703,10.04638,-0.66082
1278.9508,-0.14366,9.14374,1.54431
1278.9700,0.18196,9.16768,-0.86673
1279.0011,-0.99602,9.92427,-0.08619
1279.0118,1.14446,10.63537,0.50040
1279.0292,0.29928,9.08627,0.41900
1279.0491,-0.53392,10.84846,2.55230
1279.0715,0.21070,11.83490,-1.26178
1279.0894,1.19474,10.47256,-2.77975
1279.1108,0.44294,6.82608,2.82764
1279.1439,-0.40224,10.79100,2.45413
1279.1495,0.64885,10.20679,-0.56505
1279.1694,0.68955,10.33848,-0.57941
1279.1917,1.25939,8.65530,-0.35914
1279.2095,0.38787,7.76942,-1.24981
1279.2294,-0.81166,11.09986,-0.68955
1279.2531,0.42139,11.50928,-1.83641
1279.2815,-0.01676,3.73986,2.88031
1279.2893,-0.15563,10.46298,-2.83243
1279.3116,-0.26098,7.64492,-1.00560
1279.3311,-0.01197,10.44622,0.06943
1279.3511,0.33759,9.24908,-0.77096
1279.3717,-0.90264,10.57312,-0.49561
1279.3995,-0.15563,10.91550,1.47248
1279.4183,1.02714,7.31690,-0.94334
1279.4315,0.82842,8.42066,-0.17718
1279.4493,0.96729,10.03680,-1.23545
1279.4691,0.38069,9.34246,-0.83081
1279.4913,-0.16042,10.64973,-0.55068
1279.5144,0.26816,9.56273,-1.18517
1279.5365,-0.55308,9.61062,0.59617
1279.5514,0.12450,10.28580,-2.60018
1279.5686,0.25858,9.68245,0.14126
1279.5886,-0.62012,10.18285,0.86433
1279.6106,0.37111,10.19003,-0.31604
1279.6279,-0.29450,9.71836,0.52435
1279.6481,-0.16042,9.20120,2.02795
1279.6757,0.22506,9.93145,0.65843
1279.6884,0.68955,10.12778,1.57064
1279.7081,0.12690,9.20120,0.64167
1279.7306,-0.88349,11.31774,0.75420
1279.7483,0.09338,9.01444,0.69673
1279.7681,-0.18915,9.80216,0.29928
1279.8031,0.09338,10.29538,1.46051
1279.8202,0.66561,9.59625,0.35435
1279.8281,0.69195,10.01525,-0.84039
1279.8516,1.10615,10.32651,-0.12450
1279.8689,0.62012,9.98413,-0.21788
1279.8889,-0.03591,10.55636,0.34956
1279.9111,0.33280,10.26904,-1.22347
1279.9348,-0.54589,8.84685,-0.91940
1279.9504,-0.90504,9.75188,-0.87630
1279.9711,0.16760,8.60263,-0.78532
1279.9889,-0.82842,10.25707,-0.58660
1280.0101,-0.10535,10.99690,1.14686
1280.0331,1.56346,9.62738,-0.10774
1280.0505,-0.93137,10.96817,-0.55547
1280.0718,-0.24422,9.79737,0.26576
1280.1014,-0.35675,10.02962,1.15165
1280.1101,-0.28013,9.26824,-0.24182
1280.1306,-0.69913,10.63537,1.31206
1280.1522,-0.57463,8.61460,1.84838
1280.1716,0.44773,10.91071,-1.85317
1280.1918,0.87391,10.62819,0.61293
1280.2393,0.16999,9.56273,0.03591
1280.2393,0.32802,9.47175,0.13408
1280.2498,0.93616,10.32411,1.01996
1280.2723,0.53632,9.86920,0.01197
1280.2915,-0.11253,10.94662,-0.42139
1280.3099,1.07264,9.73512,-1.13010
1280.3358,0.53153,8.93543,-0.37111
1280.3694,0.25858,9.24190,0.41182
1280.3816,0.71110,8.40630,-1.19714
1280.3922,0.07422,9.61780,0.12929
1280.4116,-0.80208,10.56594,0.25619
1280.4299,0.38308,9.76146,-0.46928
1280.4539,0.19633,9.81174,0.82363
1280.4714,0.41900,10.24510,-0.66082
1280.4917,1.30249,10.26186,-0.05746
1280.5291,-0.03591,8.91149,2.36075
1280.5304,0.97447,8.94022,-0.12211
1280.5502,0.23703,10.58988,-0.18436
1280.5726,-0.20351,11.19323,0.50759
1280.5903,0.64885,10.24271,-0.22267
1280.6101,0.51477,7.11100,-1.45332
1280.6328,0.98644,8.76544,-0.19633
1280.6636,-0.25619,11.93546,1.60656
1280.6696,-0.69195,10.67368,1.88669
1280.6924,0.22746,10.59706,2.15485
1280.7098,0.33999,10.54439,-1.89627
1280.7296,-0.10535,11.41111,-1.29530
1280.7522,0.98405,9.20359,-1.12531
1280.7700,0.15323,11.89476,0.27055
1280.7941,-1.78852,9.52921,1.25699
1280.8125,-0.79011,11.75110,0.06225
1280.8296,-0.72786,9.52443,0.28492
1280.8497,-0.78053,9.70639,0.28971
1280.8721,0.26576,9.83089,-0.31365
1280.8915,1.42459,10.27623,-1.86993
1280.9108,0.61772,8.36320,1.03672
1280.9403,1.11573,8.93783,-0.73744
1280.9496,1.68318,8.62657,-2.02556
1280.9695,-0.24661,9.97694,-0.90025
1280.9930,0.32083,10.15891,0.67279
1281.0101,0.42139,9.74230,-0.56984
1281.0302,-0.67997,9.44302,0.94095
1281.0537,0.38548,9.47893,0.89546
1281.0713,0.92898,9.90990,-0.50998
1281.0906,-0.13408,9.39513,0.45970
1281.1121,0.30886,9.27781,0.99602
1281.1295,0.86673,9.94582,-1.29770
1281.1497,-0.20351,9.19402,-0.80926
1281.1721,-1.00081,9.69921,0.05746
1281.2036,0.42379,10.96099,-0.77575
1281.2271,-0.53392,9.98413,-0.59857
1281.2339,-0.58420,10.70720,-0.27295
1281.2521,0.16520,9.90512,-0.41421
1281.2701,0.27774,9.35922,-0.62251
1281.2926,0.89306,9.21796,-0.50280
1281.3102,1.10137,8.77981,-0.59378
1281.3301,0.61054,9.89554,-0.32562
1281.3633,0.36632,10.08469,-1.12770
1281.3701,0.94095,8.74389,-0.10774
1281.3900,-0.47646,9.70878,-0.32802
1281.4122,-0.21788,11.30098,0.19872
1281.4308,0.59617,10.28820,-0.78293
1281.4508,0.18915,10.59945,-0.24900
1281.4742,0.45012,9.74230,0.94574
1281.5042,1.35995,10.43425,-1.48684
1281.5103,0.98644,9.57949,-0.05267
1281.5319,0.23703,9.57949,0.58899
1281.5494,0.77096,10.04638,-1.02954
1281.5714,-0.52913,9.46217,-0.45012
1281.5940,-0.15802,10.40312,-0.81405
1281.6113,0.28731,9.68963,-0.88349
1281.6429,-0.74462,9.51964,-0.79250
1281.6528,0.58899,9.68963,-0.27295
1281.6697,0.26816,11.11422,-0.43815
1281.6897,-0.09098,8.23152,-0.92658
1281.7129,0.75180,8.28898,-1.44614
1281.7297,-0.36154,10.37679,-0.18196
1281.7493,-0.16042,8.95938,1.15165
1281.7717,1.11094,9.71118,-1.14446
1281.7911,0.38548,9.42865,-0.64885
1281.8114,-0.18196,8.89234,-0.48364
1281.8322,1.28812,10.23792,-2.22189
1281.8492,0.99602,9.56752,-0.06704
1281.8693,-0.47885,9.78061,2.07344
1281.8928,2.25301,10.12778,1.48445
1281.9182,-0.56744,9.30655,-0.88828
1281.9333,-0.71589,9.73752,0.77096
1281.9525,-1.65923,10.73353,0.83800
1281.9695,-0.16760,10.06553,0.13887
1281.9897,0.69913,10.21877,-0.28013
1282.0117,-0.90025,10.20919,-0.45252
1282.0294,-0.36393,9.42865,1.12770
1282.0575,-0.26576,9.25627,0.52913
1282.0723,0.20591,8.66488,0.02873
1282.0911,0.15084,12.44305,0.62012
1282.1110,-0.33041,9.28021,2.93538
1282.1332,0.53632,8.65770,0.50519
1282.1533,-0.02873,10.41270,-1.01757
1282.1748,1.90105,9.54597,-1.81725
1282.1945,0.60575,9.68484,-0.62491
1282.2113,0.57223,10.30975,0.53153
1282.2303,1.40065,9.22275,-0.55547
1282.2533,-0.17478,10.52044,0.06704
1282.2721,-0.40703,9.74470,3.10298
1282.2921,1.33601,10.81015,-0.23703
1282.3140,0.76856,10.33848,2.22428
1282.3451,0.54829,9.62977,0.12211
1282.3497,1.06066,11.30816,-2.04232
1282.3726,0.36154,10.16370,0.18915
1282.3904,0.36393,10.07511,-0.13647
1282.4113,0.56744,8.55235,-0.40942
1282.4343,0.77096,9.38316,-0.62491
1282.4524,0.99841,8.79178,-0.03591
1282.4904,-0.21788,9.92188,-0.55068
1282.4939,-0.75180,10.06793,0.21548
1282.5122,0.67997,9.02402,-1.58262
1282.5299,-0.20591,9.46696,-0.77096
1282.5541,-0.03352,8.78699,0.49561
1282.5715,1.34558,9.36880,-0.10295
1282.5919,0.08619,10.11102,-0.32802
1282.6237,-0.20112,10.19722,0.14366
1282.6315,0.48364,9.98891,-0.29450
1282.6501,-1.10855,9.80695,1.07024
1282.6726,-0.10774,10.10623,0.50040
1282.6904,1.01278,10.37679,-0.88588
1282.7123,-0.13647,9.54597,-0.45970
1282.7363,0.56505,9.18444,0.31604
1282.7556,0.69913,10.00328,-0.47646
1282.7737,-0.50519,9.28500,-0.05746
1282.7928,0.35914,9.66808,0.54829
1282.8101,0.54350,10.38158,-1.09179
1282.8315,-0.39506,9.73273,0.67997
1282.8535,0.63209,10.71677,-0.24182
1282.8733,0.56984,9.24430,-1.49642
1282.8926,-0.81884,9.19162,0.66082
1282.9136,0.86912,9.98173,-1.94894
1282.9348,0.56744,9.39274,-0.70871
1282.9513,-0.87630,10.82212,1.07024
1282.9752,1.64487,8.48052,-1.00560
1282.9929,1.14207,10.14933,-1.92979
1283.0129,0.34238,10.45340,1.12531
1283.0422,1.71909,8.65530,-1.58022
1283.0574,1.27615,9.38795,-1.47248
1283.0709,0.18915,9.72554,1.56107
1283.0933,1.24023,8.79896,-2.23146
1283.1117,2.15724,9.73033,-1.94415
1283.1320,-0.13887,9.83329,-0.45252
1283.1549,1.27615,8.75347,-0.76617
1283.1737,1.23784,10.96817,-1.20193
1283.1971,-0.13887,10.48932,0.73265
1283.2168,0.35435,10.44862,0.29928
1283.2321,-0.17478,9.49809,-0.63688
1283.2518,-0.13647,9.92427,1.41262
1283.2747,1.35516,9.35922,-1.48924
1283.2920,1.11094,9.83568,-3.38550
1283.3201,0.30647,8.18603,1.20432
1283.3344,0.67997,10.04877,-1.80528
1283.3517,1.52994,10.04398,-1.63529
1283.3737,0.13408,10.52044,1.20193
1283.3960,0.50998,9.84286,-0.04549
1283.4135,0.51477,9.15331,-0.54589
1283.4338,-0.41182,10.81015,0.93137
1283.4642,0.51956,9.52443,0.61772
1283.4722,0.62251,9.70878,-0.95532
1283.4923,0.31126,9.32091,0.99123
1283.5142,0.81645,9.72315,0.02394
1283.5322,0.05267,10.91071,-0.91940
1283.5524,-0.37111,9.97694,1.00320
1283.5768,0.78532,9.61780,-1.55867
1283.5938,-0.45731,9.70639,-1.04151
1283.6121,-0.96010,10.53960,0.70392
1283.6344,0.73504,9.64414,-0.64885
1283.6520,0.24900,10.45101,-2.32245
1283.6738,-0.13169,9.43105,1.06066
1283.6946,0.04070,9.94582,-0.92419
1283.7212,0.28971,9.87399,-0.69673
1283.7418,0.54589,10.15651,1.71909
1283.7548,0.60336,9.29697,-0.38787
1283.7721,0.46928,10.01046,0.15323
1283.7924,0.64406,10.26186,0.67758
1283.8169,1.13967,8.88515,-0.79011
1283.8344,0.01915,10.43664,0.81166
1283.8549,0.39984,9.09824,1.42459
1283.8904,0.54111,8.67685,0.10295
1283.8933,0.25858,10.00089,-0.77814
1283.9132,0.10056,9.32809,0.15563
1283.9354,-0.11971,9.97694,-0.33280
1283.9543,-0.36632,9.76864,-1.30488
1283.9746,0.61772,9.43823,-0.09338
1283.9968,-0.03113,9.86681,-0.66082
1284.0138,-0.90025,10.45101,0.71110
1284.0328,-0.33999,9.74949,0.23703
1284.0553,-0.70152,10.26904,-0.54350
1284.0730,-0.90982,10.01525,-0.74462
1284.0946,0.09577,8.92586,-0.69913
1284.1191,0.17478,8.91867,-0.00718
1284.1633,-0.71828,10.24271,0.66800
1284.1635,-0.00958,10.69762,1.68078
1284.1796,-0.50040,10.32411,-0.48843
1284.1929,-0.23703,9.80695,1.05109
1284.2129,-0.05746,11.11662,0.74941
1284.2352,0.10295,9.81653,-0.56744
1284.2543,-0.35675,10.23792,0.97686
1284.2745,0.38548,8.87797,-0.46210
1284.3060,0.15802,9.28979,-0.37111
1284.3129,-0.59857,11.59068,1.41980
1284.3330,0.21070,8.78938,0.30168
1284.3553,0.76377,9.23232,-1.02236
1284.3748,-0.42858,10.09666,1.05109
1284.3943,0.81645,9.41668,1.21390
1284.4182,1.20193,8.76305,-0.71349
1284.4363,-0.21070,9.59386,3.17481
1284.4534,0.53632,10.11821,1.12052
1284.4752,0.74941,10.38397,0.10535
1284.4941,0.51237,9.67526,-0.36393
1284.5144,0.34717,9.88117,-0.02873
1284.5370,-0.48843,10.28580,0.11253
1284.5542,-0.35435,11.23154,1.02475
1284.5875,0.61533,10.57791,-1.77655
1284.5975,0.28013,9.01923,0.73265
1284.6135,-1.24981,8.81572,1.12052
1284.6331,0.98884,9.10303,0.08141
1284.6556,0.14126,9.12219,0.54350
1284.6732,0.59857,9.12698,0.27055
1284.6932,0.15802,10.34327,-1.74064
1284.7244,0.13647,9.62498,-0.08859
1284.7365,-0.04070,10.31454,0.42618
1284.7529,0.61533,8.51165,-0.54111
1284.7756,-0.25379,10.48453,-0.13408
1284.7941,0.16999,9.28260,0.28492
1284.8146,-0.29689,9.59386,-0.92898
1284.8390,-0.83321,10.57791,-0.04310
1284.8569,0.57463,9.18444,-0.15323
1284.8733,0.60575,10.07032,0.85476
1284.8958,0.88588,9.48133,-1.18517
1284.9130,1.38150,8.82290,0.38787
1284.9333,0.59617,8.94740,1.02714
1284.9552,1.03193,9.57710,-0.00718
1284.9727,0.88828,9.98891,-1.43417
1285.0056,0.11014,8.95938,0.88828
1285.0151,1.05348,8.93064,-1.43178
1285.0348,0.24900,9.60583,-0.86433
1285.0535,-0.01676,9.78780,0.49322
1285.0759,0.40224,9.44063,-1.44135
1285.0935,-0.30886,9.87638,0.89546
1285.1135,0.87152,9.37598,1.56107
1285.1449,-0.02634,8.97374,-0.03591
1285.1544,-0.00239,10.16130,1.89627
1285.1738,0.81405,11.01845,-0.35675
1285.1963,0.10774,10.23313,0.24182
1285.2140,0.11253,10.63058,0.36154
1285.2340,1.08221,9.45020,-0.99841
1285.2612,0.84518,9.05754,0.74941
1285.2899,1.17319,9.83089,-0.16042
1285.3135,1.06306,9.45499,0.81884
1285.3162,-0.31844,10.48213,0.43815
1285.3336,0.01437,10.19003,-0.19872
1285.3539,-0.39266,9.95539,0.80448
1285.3762,0.16760,9.58428,-0.39745
1285.3939,0.05507,10.67847,1.01757
1285.4249,0.22027,10.22595,0.51716
1285.4360,0.20591,9.97455,1.17319
1285.4535,0.20830,10.69523,0.02155
1285.4736,0.55787,9.17247,-1.28812
1285.4957,-0.22027,10.67368,0.14845
1285.5162,0.09098,10.03680,0.74941
1285.5358,-0.15563,9.36401,-0.03352
1285.5679,0.12211,9.94103,-0.67279
1285.5735,-0.07901,10.24750,-0.76856
1285.5955,-0.28013,10.12778,0.67279
1285.6162,0.17718,9.34246,-0.48364
1285.6340,0.36872,9.36880,1.51079
1285.6542,-0.58899,10.39115,-0.91940
1285.6970,0.23224,10.41510,0.85954
1285.6971,-0.02634,9.32570,-0.56505
1285.7151,-0.54589,10.26665,-0.33520
1285.7356,0.54829,9.81892,-0.55068
1285.7571,0.11493,10.23074,-0.31126
1285.7771,0.65603,9.71357,1.36713
1285.7996,-0.06225,9.71836,0.83081
1285.8163,0.13408,11.15253,0.38069
1285.8356,-0.70871,9.61062,-0.05267
1285.8566,0.10295,10.21398,-0.67997
1285.8746,0.22746,8.63375,-0.39266
1285.8945,0.53871,10.03441,-0.63448
1285.9211,0.17718,8.73431,-0.82842
1285.9385,-0.26816,9.64653,0.21309
1285.9738,0.71349,8.64333,-0.93616
1285.9874,0.38548,9.60822,0.16520
1285.9945,0.34717,10.48692,-0.61293
1286.0244,0.84278,9.21078,0.95292
1286.0386,0.18196,9.85484,-1.09418
1286.0558,0.35675,9.43584,0.90743
1286.0747,0.87152,9.28260,-0.34956
1286.0969,0.24661,9.39035,-0.76617
1286.1313,0.31844,10.94902,1.52276
1286.1389,-1.02236,9.40471,-0.27774
1286.1569,-0.51237,9.32809,0.96489
1286.1747,-0.47885,9.53879,-1.49403
1286.1947,-0.20351,10.09426,-0.38069
1286.2172,0.00718,8.95219,0.76856
1286.2371,0.22267,9.84526,-0.23943
1286.2690,0.88349,8.15011,-1.15883
1286.2766,-0.34478,10.64973,-0.18196
1286.2942,-0.34956,9.06712,-0.89546
1286.3180,-0.15084,10.42946,-0.58660
1286.3372,0.03113,9.06233,-0.37590
1286.3563,-0.56026,8.94740,1.43417
1286.3973,-0.30407,9.13895,-1.07503
1286.4114,-0.36154,9.46457,0.26576
1286.4141,-0.17718,8.94501,-1.43896
1286.4344,-0.36872,10.57551,0.45731
1286.4565,0.36154,10.17088,-0.84278
1286.4741,-0.26337,10.71438,0.04070
1286.4945,0.06465,9.42387,-0.26337
1286.5173,-0.35675,10.36482,0.66082
1286.5354,0.73265,10.17806,0.35435
1286.5543,-0.73744,10.87719,-0.13887
1286.5769,-0.29450,11.27703,0.10295
1286.5945,0.35435,9.64414,-0.35675
1286.6140,-0.25619,11.20281,-0.70631
1286.6370,-0.46210,10.14215,0.67519
1286.6552,-0.05986,10.37918,-0.14845
1286.6843,0.56505,7.87238,-0.66321
1286.6976,0.49801,8.67446,-1.56346
1286.7153,0.26337,9.45739,-0.29450
1286.7363,-0.44773,11.85884,0.44773
1286.7589,-1.03433,11.48534,2.01359
1286.7769,0.48604,10.56594,-0.15323
1286.7986,1.01278,6.93143,-2.59539
1286.8296,0.01197,10.74311,-0.50519
1286.8353,-0.19154,9.84765,0.60096
1286.8557,0.17239,9.37598,1.72867
1286.8794,0.34717,8.34165,0.48125
1286.8971,-0.05507,9.74470,0.03831
1286.9169,0.65603,10.18524,-0.85715
1286.9415,1.00081,9.83568,-0.61533
1286.9578,0.11971,9.09585,1.52515
1286.9801,1.06306,10.74551,0.86433
1286.9976,0.34717,9.52921,0.36154
1287.0151,-0.22985,9.36640,-0.69673
1287.0358,-0.80687,9.42865,0.25858
1287.0588,0.13887,10.49411,0.78772
1287.0951,0.88109,8.64094,-0.16760
1287.1110,-0.05507,10.81254,-2.03274
1287.1179,2.04232,6.04076,-5.04474
1287.1356,3.77577,11.66970,-0.91461
1287.1556,1.71670,9.84047,0.15084
1287.1794,6.80213,8.55714,0.72786
1287.1970,-3.40705,14.70803,-1.77416
1287.2168,-0.60336,9.49091,4.90826
1287.2550,-2.90665,9.34007,-0.72547
1287.2570,-1.12052,9.72794,1.73106
1287.2751,0.30407,7.59943,0.83560
1287.2974,-0.81884,8.77741,1.13249
1287.3152,-0.83560,11.09986,0.22027
1287.3352,-0.97208,10.21158,0.78772
1287.3586,-1.13010,11.24830,0.66561
1287.3770,-0.09338,8.65530,-2.40146
1287.3951,0.55547,10.11821,-1.19953
1287.4176,0.19872,8.99050,1.15404
1287.4351,0.54111,11.46858,-0.40224
1287.4589,1.34558,9.47175,0.62730
1287.4813,1.46530,10.38636,0.31844
1287.5223,0.81166,10.31214,0.82842
1287.5226,0.46928,9.60104,1.85077
1287.5381,1.07264,11.58111,7.62337
1287.5553,-3.10059,13.87482,0.72068
1287.5751,-0.00479,10.02722,-1.85317
1287.5975,2.54990,7.92505,0.96010
1287.6165,2.01119,11.35365,1.59219
1287.6364,-1.29051,10.76945,0.73983
1287.6663,-0.64406,8.56193,-1.04390
1287.6760,-0.71110,7.95378,1.81725
1287.6952,-1.89866,12.56037,-4.20195
1287.7177,0.67758,11.38717,0.25379
1287.7351,1.42220,11.03042,3.97689
1287.7551,-2.31048,11.24591,-0.09098
1287.7787,-0.49561,16.12544,3.45015
1287.7948,5.31050,10.15172,5.66485
1287.8147,-2.41103,12.93627,1.88908
1287.8376,-1.20911,9.26824,1.30488
1287.8553,3.53395,8.22673,-2.29372
1287.8757,1.44135,10.23792,-1.49163
1287.8988,-0.81884,10.84606,1.66642
1287.9178,0.59378,9.17247,1.46290
1287.9399,0.20591,10.17567,0.56744
1287.9574,-0.30886,8.26025,2.08541
1287.9751,0.02634,10.90592,0.80926
1287.9951,0.58660,9.84526,-0.77814
1288.0173,-0.95292,11.29619,-0.85715
1288.0349,0.22506,9.55316,-0.34238
1288.0551,0.53392,10.54678,-0.71828
1288.0775,0.00000,10.35524,0.71110
1288.0951,1.69515,9.86681,-0.47646
1288.1163,0.49561,9.65850,-0.38787
1288.1388,0.50040,12.58431,-2.14527
1288.1588,0.75420,8.33208,1.22826
1288.1787,0.04310,10.26665,-0.94574
1288.2179,0.45731,9.17486,0.60096
1288.2180,0.00000,9.54597,-0.41900
1288.2347,0.45012,8.94980,0.12450
1288.2574,0.59617,9.26345,0.47407
1288.2750,-0.56505,10.63537,0.89306
1288.2953,1.24502,8.95938,-2.28893
1288.3175,0.01915,9.54837,-0.05986
1288.3372,-0.55547,9.61780,0.77096
1288.3749,0.55787,9.51485,-0.69913
1288.3774,-0.11014,9.74470,0.43815
1288.3949,-1.07024,8.19081,0.82124
1288.4147,-0.89067,10.12299,-0.23703
1288.4373,-1.01038,10.19961,0.65843
1288.4550,0.05507,9.43584,0.35435
1288.4934,-0.26098,10.27623,0.78532
1288.5093,0.22985,10.80536,-0.81884
1288.5175,0.28731,8.32010,-0.89546
1288.5347,-0.26576,10.39594,1.33122
1288.5569,0.54589,9.35922,1.33601
1288.5750,-0.24422,9.18683,1.70472
1288.5962,-0.19633,9.64174,0.88828
1288.6187,-0.53871,9.03360,0.25140
1288.6486,0.22746,9.12698,0.34956
1288.6622,0.98405,8.88037,-0.21309
1288.6788,0.17239,9.21317,1.00560
1288.6949,0.39745,9.13655,0.19872
1288.7150,0.80687,9.59865,-1.13728
1288.7373,-0.06465,8.86361,2.11893
1288.7549,-0.69434,11.11422,0.92419
1288.7751,0.32083,9.93385,-1.80528
1288.7974,-0.39745,10.11821,1.47727
1288.8147,0.41182,9.68005,-0.18436
1288.8350,0.13887,9.87399,0.21548
1288.8578,0.02394,10.05595,-0.55068
1288.8751,0.08619,10.39834,-0.59617
1288.8955,0.05746,9.50527,1.45811
1288.9272,0.00000,10.60664,-1.13967
1288.9382,-0.11971,10.44622,0.68476
1288.9551,0.34956,9.28021,-0.45491
1288.9785,-0.19154,10.27383,0.01197
1288.9965,0.79490,7.81491,0.21548
1289.0160,1.60656,8.94501,-0.86673
1289.0385,-0.12211,9.21078,-0.32562
1289.0559,-0.27534,10.46298,1.31925
1289.0751,0.67997,10.38636,-1.46769
1289.0977,-0.12690,10.15412,-1.43417
1289.1158,0.08380,11.20521,0.64406
1289.1364,0.25858,7.92505,-0.89546
1289.1586,0.20112,8.82051,-0.37830
1289.1752,0.42858,10.88677,-1.45811
1289.1979,-1.00560,9.93863,0.83560
1289.2168,-0.51477,11.84208,-1.66642
1289.2340,0.09817,9.56273,-1.67599
1289.2544,0.19872,9.40711,-0.54589
1289.2762,0.28971,9.31133,-2.15724
1289.2936,-0.08859,9.54597,0.18915
1289.3146,0.38787,9.25627,1.45093
1289.3466,-0.69913,9.51006,1.24263
1289.3541,-0.15563,9.64174,-0.16520
1289.3745,0.84757,9.43344,0.73983
1289.3967,0.68955,8.66249,0.60336
1289.4148,1.11573,9.09106,1.92739
1289.4365,1.30727,8.38236,1.38389
1289.4587,0.64167,9.55076,0.41900
1289.4778,1.64487,9.28500,-1.14446
1289.4976,0.71828,10.54678,-0.37111
1289.5171,1.12052,10.52763,0.18915
1289.5363,0.87152,9.88836,1.52036
1289.5565,0.72786,10.93465,-0.71349
1289.5811,1.34558,9.72794,-0.63688
1289.5961,-0.75659,10.70241,1.16122
1289.6246,-0.30886,8.41109,1.24742
1289.6368,0.05986,9.30655,1.00799
1289.6547,0.60096,10.14933,0.08859
1289.6744,0.97208,9.09824,-0.29689
1289.6984,-0.06704,11.00409,0.17478
1289.7156,1.32882,8.00406,-0.08380
1289.7375,0.22267,8.56193,0.45252
1289.7676,0.59139,9.79019,-2.25301
1289.7830,1.11334,8.78699,-0.52195
1289.7947,0.03352,11.15971,-0.87870
1289.8170,0.41421,8.73910,0.80687
1289.8345,-0.11493,9.16050,0.73983
1289.8560,0.42858,8.62657,-1.29291
1289.8783,0.15323,9.20838,1.21629
1289.8961,-0.52435,10.99212,0.27295
1289.9146,0.11493,9.80695,0.22267
1289.9369,-0.16042,10.00567,-0.62969
1289.9550,0.02155,10.70001,-0.63448
1289.9752,0.93856,10.46059,0.45491
1289.9974,1.40544,9.75428,-1.09418
1290.0179,0.29689,9.90272,0.90264
1290.0386,0.18196,11.70322,-0.78293
1290.0591,0.55068,11.19563,1.05827
1290.0742,1.24023,7.91068,-1.72388
1290.0946,0.77575,9.56034,-0.43336
1290.1168,1.23784,8.91389,-1.92979
1290.1342,1.62571,9.58189,0.21788
1290.1545,0.72068,10.59227,2.02316
1290.1771,1.60416,9.37359,1.15883
1290.1945,-1.29051,11.08070,2.07105
1290.2142,-0.54589,9.66329,-1.91063
1290.2368,0.62012,9.36161,1.88429
1290.2590,0.46210,9.58428,-1.03433
1290.2784,0.96250,9.69442,1.06066
1290.2986,0.96250,8.77741,-1.23784
1290.3170,0.68476,8.34165,1.16122
1290.3347,1.04630,10.11581,-0.35435
1290.3572,0.09817,9.28739,-0.33999
1290.3746,-0.57463,9.69681,0.96489
1290.3948,-0.06943,8.73192,-0.90264
1290.4174,0.20351,8.76305,0.49322
1290.4358,0.03831,9.92188,-0.29689
1290.4702,-0.03831,8.83727,1.58022
1290.4769,0.18915,10.08229,0.77575
1290.4949,-1.00560,10.48692,1.96809
1290.5144,-1.31206,9.35204,0.16760
1290.5388,0.26337,9.45260,0.62969
1290.5568,0.00479,10.60424,0.64885
1290.5869,-0.28013,9.39274,0.34238
1290.6025,-0.95053,9.44063,0.83081
1290.6139,-0.10535,10.42707,-0.10295
1290.6344,0.07422,9.96976,0.34956
1290.6576,-0.23224,10.81015,-0.05746
1290.6754,0.08380,11.38717,1.43656
1290.6956,-0.10774,9.34964,-0.68237
1290.7205,-0.89785,9.62259,0.25140
1290.7413,-0.24661,9.79258,-0.44773
1290.7552,0.85954,9.16050,1.32403
1290.7775,1.23066,8.33686,-1.25221
1290.7954,0.89785,10.02722,0.10535
1290.8154,1.46051,9.45020,-0.75899
1290.8391,0.68716,10.01286,-0.47885
1290.8593,1.11813,9.70160,-1.67360
1290.8859,0.91940,10.16370,0.85954
1290.8989,0.61533,11.11662,-0.35914
1290.9164,0.39984,10.21398,0.65603
1290.9364,-0.38548,10.93465,-0.05986
1290.9586,-0.00958,9.36161,-1.32164
1290.9763,0.68476,10.91311,0.64885
1290.9962,0.15802,9.35922,0.73025
1291.0260,0.10535,10.04159,2.90186
1291.0359,0.09098,10.62579,0.64406
1291.0563,0.12690,9.24190,1.06306
1291.0798,1.33122,7.39113,-0.32802
1291.0977,-0.43336,9.05754,-1.24742
1291.1177,-0.06943,9.91709,-0.01437
1291.1429,0.58181,9.60822,0.59139
1291.1606,0.14126,10.93705,-0.08859
1291.1829,0.73504,10.87240,-0.69434
1291.1996,0.82842,10.21158,0.31844
1291.2172,-0.10295,7.18043,-0.11493
1291.2371,1.02714,9.11979,0.02873
1291.2631,-0.05986,8.44700,-0.45012
1291.2793,0.07183,10.15651,0.65364
1291.3151,0.02634,9.48612,-0.01676
1291.3214,0.36872,9.59146,-0.75180
1291.3380,1.30967,9.15810,0.23943
1291.3579,0.79490,9.36401,-0.04310
1291.3818,0.73504,7.86280,0.25858
1291.3997,1.17798,9.91469,-0.71349
1291.4218,0.79250,9.62259,0.81166
1291.4537,0.14126,10.74790,0.61772
1291.4580,0.45491,11.64096,0.39506
1291.4780,0.97208,10.41749,-0.71589
1291.5004,0.18196,9.94821,1.41262
1291.5200,-0.44534,9.94342,0.33999
1291.5378,0.04789,10.76227,0.60096
1291.5619,0.09817,10.80536,-0.92419
1291.5795,0.91701,8.22912,-0.09817
1291.5979,0.45252,8.38475,-1.43417
1291.6202,0.49561,10.66171,-0.38548
1291.6382,0.94095,8.20757,-0.00718
1291.6586,0.41421,9.23472,-1.00320
1291.6810,0.76856,9.88357,-0.51477
1291.6984,-0.33999,9.96018,-0.82363
1291.7269,-0.39027,8.33447,0.66082
1291.7423,-0.44534,10.32890,1.39826
1291.7579,-0.27295,8.21715,1.68078
1291.7794,1.29530,11.10944,-1.95612
1291.8016,0.58660,8.90191,0.65124
1291.8193,1.04869,10.01286,-0.67519
1291.8417,1.21629,8.94980,-0.26576
1291.8621,0.67519,10.44383,-0.38308
1291.8804,0.26576,8.36560,1.90105
1291.8998,0.81166,10.30975,0.70631
1291.9210,-0.48843,9.37837,0.63688
1291.9418,-0.30886,10.15172,-0.57941
1291.9618,-0.13169,9.22754,0.93377
1292.0084,-0.16281,8.99768,-1.41023
1292.0085,1.27854,9.15092,-0.84757
1292.0236,1.06306,10.92508,-2.01837
1292.0399,0.06465,9.66090,-0.93856
1292.0577,0.35914,10.40552,-0.13169
1292.0789,0.06943,9.60104,0.67758
1292.1027,-0.34956,10.11102,-0.26098
1292.1211,-0.43097,10.44383,-0.91461
1292.1523,-0.07901,9.85723,0.78293
1292.1614,0.20591,10.10623,0.04070
1292.1810,-0.19872,10.72875,-0.00239
1292.2004,0.53153,9.98173,0.83321
1292.2214,0.02155,10.15172,-0.07422
1292.2406,0.37830,10.58509,0.50040
1292.2612,0.94095,11.27943,1.09897
1292.2954,-0.71349,9.28021,1.56346
1292.2993,0.62251,10.85804,-1.97288
1292.3197,0.66561,9.47893,-0.72068
1292.3418,0.04789,10.17327,0.36872
1292.3595,1.60177,9.62020,-0.01915
1292.3806,0.83800,9.80934,-0.27055
1292.4028,0.67997,9.38077,0.53871
1292.4200,0.47885,11.19802,-2.24822
1292.4409,0.21548,9.75188,1.23545
1292.4612,1.41262,8.61939,1.24023
1292.4789,-0.03113,8.45658,0.39984
1292.4989,0.36154,10.89395,-0.67279
1292.5215,0.55068,7.90590,0.18196
1292.5413,-0.07183,9.43344,0.22746
1292.5638,0.33280,9.31612,1.35516
1292.5830,0.42858,9.04557,1.47248
1292.6005,0.81166,10.70001,0.31844
1292.6199,0.33520,9.61062,0.19633
1292.6423,0.89306,9.43823,0.97447
1292.6603,1.22826,9.99610,-0.14605
1292.6820,-0.22746,10.43664,1.59459
1292.7130,1.16362,10.17088,-0.50519
1292.7190,0.48604,10.33130,-0.87870
1292.7388,-0.12690,9.80216,0.38308
1292.7621,1.21390,8.90910,-1.54910
1292.7802,0.28492,8.75107,1.54910
1292.8003,0.74462,10.28341,0.91940
1292.8248,0.63688,8.56911,0.79011
1292.8552,0.05986,10.69762,0.55068
1292.8589,0.76617,9.64653,0.22985
1292.8809,0.02634,10.52523,1.12531
1292.8983,0.79969,9.20838,-0.05746
1292.9199,-0.10056,10.14933,-1.16841
1292.9421,-0.74462,10.35763,0.38069
1292.9601,0.55547,9.23711,-0.23703
1292.9795,1.52036,9.38795,-0.60575
1293.0013,1.32403,9.85484,-0.74701
1293.0187,0.02394,9.03839,0.18915
1293.0403,-1.15404,9.83568,0.72547
1293.0626,0.74462,8.57390,-0.31365
1293.0803,0.79490,8.19560,1.56107
1293.1006,-0.05507,10.90832,0.32562
1293.1262,0.11014,8.53559,0.22985
1293.1436,0.45252,9.05754,-0.13169
1293.1588,-0.10535,10.92747,0.15323
1293.1821,0.67279,7.98012,-1.49882
1293.2020,0.68716,10.39594,0.56505
1293.2205,0.29689,7.96336,1.19235
1293.2577,0.24900,9.23232,0.63209
1293.2700,0.21548,10.30496,0.62251
1293.2792,-1.00320,10.34806,-0.68237
1293.3009,-1.50121,11.63618,1.46769
1293.3186,-0.47646,11.05916,1.25699
1293.3385,-0.30886,10.18046,0.86673
1293.3608,0.23224,9.79498,0.36154
1293.3804,0.80926,10.34566,0.66321
1293.4131,-0.04789,9.81653,0.60815
1293.4209,1.16841,9.51006,-0.07422
1293.4384,0.45731,9.53640,-0.30168
1293.4584,-0.50998,9.75667,0.46688
1293.4808,0.58660,9.92188,0.61054
1293.5004,0.53153,9.70878,-0.04070
1293.5192,0.70392,9.34485,-0.43576
1293.5502,0.86433,9.26345,-1.01757
1293.5587,0.33280,10.19003,0.31365
1293.5776,-0.09577,9.74230,1.86275
1293.6002,0.16999,8.78459,-0.35914
1293.6179,-0.00239,10.02243,1.01517
1293.6379,1.01757,9.69681,-0.41660
1293.6604,0.03831,10.02722,0.23943
1293.6890,-0.42139,11.49252,1.41741
1293.6986,-0.07422,10.53960,1.40544
1293.7200,-0.96010,10.55396,2.90426
1293.7377,0.22267,9.25866,-0.69673
1293.7589,1.11094,10.66171,-0.73025
1293.7825,-0.50280,9.82610,1.58501
1293.7990,-0.47885,9.06233,3.68239
1293.8241,0.93137,9.81174,1.78373
1293.8433,0.60815,9.37598,0.24661
1293.8608,0.31844,7.95139,0.01915
1293.8788,0.39027,11.24351,0.71349
1293.9005,1.86275,7.99688,1.40065
1293.9194,3.17002,10.33608,1.01996
1293.9385,2.88510,8.70558,0.11014
1293.9679,3.61057,7.72393,0.44294
1293.9785,-0.96250,11.37520,-1.47727
1293.9991,-1.71430,9.02642,2.17640
1294.0209,0.43336,9.58907,0.69434
1294.0386,1.04630,9.57949,-1.04630
1294.0587,0.17957,8.94740,-0.91701
1294.0808,-1.02714,10.47735,-2.50920
1294.1058,-1.33601,10.77184,1.78134
1294.1184,-1.05348,9.59146,0.72307
1294.1406,-0.11493,11.93785,-0.21070
1294.1583,-0.37351,9.08867,1.96570
1294.1782,0.11971,10.30017,0.21548
1294.2002,1.57783,9.95539,-1.96091
1294.2183,0.89306,10.82930,-0.64406
1294.2467,-0.85476,8.26264,1.45332
1294.2620,0.18675,11.56435,-0.95532
1294.2791,1.30009,7.79097,1.08221
1294.2996,1.11573,10.98493,-0.85236
1294.3217,0.07183,9.69442,1.89866
1294.3391,0.16999,10.16609,-0.52435
1294.3595,0.69673,10.81733,0.08859
1294.3827,-0.17239,10.14454,-0.00718
1294.4026,0.11493,8.75347,1.83641
1294.4196,0.59139,9.99131,-1.30249
1294.4419,1.83880,8.13814,1.11813
1294.4597,0.62491,10.83649,-0.41660
1294.4792,0.33520,9.58668,0.21788
1294.5018,0.60336,8.28658,1.32882
1294.5342,1.01038,9.51245,0.50998
1294.5400,0.78053,8.76065,1.58262
1294.5626,-0.36154,8.81811,-0.64167
1294.5802,-0.59378,9.56752,2.11893
1294.5999,0.08380,9.78061,1.42459
1294.6227,0.20591,8.13335,0.87870
1294.6398,1.23066,11.10704,-3.11735
1294.6606,-0.01915,10.99690,1.36953
1294.6820,0.25619,10.37200,2.50920
1294.6997,0.31365,10.86522,0.04549
1294.7206,1.59698,9.55795,-1.46051
1294.7430,-0.76617,10.42946,1.71430
1294.7612,-1.14446,11.12619,0.27295
1294.7819,0.42139,8.35123,0.87152
1294.8182,1.07503,8.40390,-0.36632
1294.8204,0.03591,9.66090,0.02155
1294.8403,0.00479,8.17166,1.56825
1294.8632,1.30249,8.59784,1.11573
1294.8809,0.96968,9.11740,-0.19154
1294.9009,0.85476,8.50207,-2.00161
1294.9241,-0.68955,9.91948,1.87232
1294.9557,0.37590,8.16927,0.97447
1294.9611,1.94655,9.37598,-1.29051
1294.9832,0.54350,11.00169,-1.03193
1295.0001,-0.12211,10.41031,0.39745
1295.0208,-0.83800,10.35524,2.66243
1295.0431,0.84757,9.63456,0.42618
1295.0618,0.93616,9.37598,1.41502
1295.0814,0.55308,11.60266,0.02873
1295.1027,-0.20591,10.37918,0.35435
1295.1202,0.09098,9.55076,1.92021
1295.1403,0.84039,8.61460,0.07662
1295.1633,0.79250,8.68882,-0.56744
1295.1810,0.49322,8.77741,0.24900
1295.2015,0.04070,8.45658,-0.15084
1295.2324,1.28094,8.67925,0.33041
1295.2401,0.24422,10.84846,0.24900
1295.2620,0.00000,8.89234,1.09418
1295.2833,-0.61054,10.64973,2.17879
1295.3011,-1.06066,10.66649,0.44294
1295.3209,1.36713,10.52284,-1.10376
1295.3712,-1.08700,10.07750,-0.14126
1295.3712,-0.15084,9.87160,-0.42858
1295.3859,2.02316,9.86920,-0.80448
1295.4026,1.52994,9.59865,1.48684
1295.4203,-1.21390,11.19084,0.98405
1295.4402,0.92180,7.83886,0.53871
1295.4640,0.50998,10.55157,-0.12929
1295.4816,-0.81166,9.91948,3.96731
1295.5126,1.75979,9.49569,-1.59698
1295.5233,0.74462,8.45897,-0.16760
1295.5402,-0.55068,10.95381,-0.74941
1295.5604,0.16520,10.01525,0.60336
1295.5828,1.12531,9.97215,-0.87870
1295.6016,0.92898,10.81733,-1.42459
1295.6217,0.79011,7.70478,0.49322
1295.6553,-1.93218,10.71438,2.64567
1295.6619,-1.10376,10.50608,1.31685
1295.6803,2.30808,7.89392,-0.27295
1295.7026,-0.12929,9.56752,0.73744
1295.7200,-0.79969,8.44700,1.01757
1295.7402,0.46688,9.58907,-1.09418
1295.7627,0.06465,10.12060,-1.17559
1295.7822,-0.27534,9.83089,-0.34478
1295.8015,-0.02873,10.45819,0.01915
1295.8225,-0.03831,9.80455,-0.13408
1295.8403,0.77814,8.98811,-1.49642
1295.8604,0.63927,9.02402,-1.60177
1295.8827,-1.05109,10.80536,0.03113
1295.9004,-1.13489,10.09666,2.59061
1295.9275,-0.04310,11.70322,0.00479
1295.9437,-0.59857,10.79578,-0.43097
1295.9612,-0.55787,10.19961,0.91222
1295.9811,-0.92419,9.95061,0.81884
1296.0035,1.62092,9.43823,-0.87630
1296.0208,0.88828,8.82769,-0.60575
1296.0409,-0.33999,9.34964,-0.74941
1296.0636,0.41900,9.47175,1.39586
1296.0811,1.47727,8.05674,-0.14605
1296.1013,0.91701,8.95219,-1.68078
1296.1235,0.16281,9.10303,0.09338
1296.1412,-0.29450,9.34485,1.59698
1296.1614,0.62491,9.76625,0.43097
1296.1835,1.68796,9.07670,-2.44216
1296.2107,0.55547,10.20440,-1.54431
1296.2216,-0.69673,9.72554,2.05668
1296.2430,0.49801,10.41031,0.90743
1296.2609,1.28573,9.08627,-1.35516
1296.2822,0.24182,10.05117,-1.34319
1296.3060,-0.67519,10.72875,0.36393
1296.3234,-0.36393,10.26904,1.51318
1296.3558,0.48604,11.03761,0.45252
1296.3644,0.38548,8.13096,-1.91303
1296.3821,-0.39984,10.11102,1.04151
1296.4032,-1.47008,10.97536,1.08221
1296.4243,0.14605,10.65692,-0.93377
1296.4417,2.31526,10.01286,-1.21869
1296.4619,0.42139,8.42785,-1.49882
1296.4899,-0.23464,9.88117,2.00401
1296.5034,0.40942,10.34806,0.01197
1296.5217,1.34319,9.85244,-0.58899
1296.5441,0.02873,9.28021,0.39027
1296.5618,-0.61772,9.09106,0.83800
1296.5834,0.18915,9.67766,0.68716
1296.6060,0.76617,9.10303,-0.97447
1296.6232,-0.29928,10.37200,-0.34717
1296.6420,-0.95292,10.14215,2.85398
1296.6660,-0.19633,9.01923,0.28013
1296.6831,0.84757,10.63537,-0.30407
1296.7035,-0.17718,7.83886,1.21390
1296.7241,-0.85236,10.76945,1.69275
1296.7631,-0.46928,8.95938,2.01837
1296.7645,-1.13489,10.07271,0.73744
1296.7871,-0.62012,9.98173,-0.46928
1296.8019,-0.95292,10.78142,0.42618
1296.8225,-1.35995,10.86282,2.49005
1296.8442,0.71110,10.74790,-0.00479
1296.8633,0.77575,8.77262,-0.43336
1296.8833,-0.22267,9.79977,-0.67279
1296.9242,0.49322,9.20599,-0.13408
1296.9243,0.60336,9.45739,-0.93137
1296.9417,1.20671,9.79258,-1.01996
1296.9657,0.00718,8.83009,1.72867
1296.9828,0.63448,9.26824,0.41900
1297.0027,1.39826,10.38636,-0.05746
1297.0249,0.43576,9.72794,-1.44614
1297.0436,-0.21788,11.52843,1.33122
1297.0626,-1.33122,11.26985,3.30889
1297.0848,0.44055,9.00247,1.00799
1297.1038,0.45491,10.87958,-1.13249
1297.1233,-0.69195,9.24669,0.38069
1297.1459,-1.76937,8.63375,0.81884
1297.1730,-1.05109,9.19880,-0.22506
1297.2039,1.08461,7.35521,-0.29450
1297.2120,0.34717,8.00646,0.29450
1297.2249,0.37111,8.38475,0.57702
1297.2451,0.80926,8.28658,0.71349
1297.2697,2.06386,9.61541,-1.45572
1297.2869,0.78293,10.39115,0.21788
1297.3234,0.27055,10.54918,0.07422
1297.3381,0.71589,8.67446,1.79810
1297.3436,0.66321,9.92666,2.52117
1297.3636,0.76856,8.94262,0.80208
1297.3875,-0.40942,11.71998,1.36953
1297.4044,-0.37111,9.67048,0.43097
1297.4254,0.39266,11.30098,1.34558
1297.4491,1.21150,10.41031,0.98405
1297.4705,0.51477,9.88117,-1.88908
1297.4836,0.25619,11.14056,0.66082
1297.5458,-0.82602,10.69523,2.40864
1297.5477,-0.47646,10.27144,0.56505
1297.5479,-0.00718,11.15253,-0.62251
1297.5670,-0.33041,9.96018,2.58342
1297.5872,-0.96010,10.29059,-0.68476
1297.6260,1.02236,10.05117,-1.07264
1297.6261,1.64966,7.89153,-0.57463
1297.6453,0.96729,9.70400,-1.17798
1297.6632,0.44294,9.01684,-0.96968
1297.6857,1.04151,10.15172,-0.24422
1297.7051,1.22347,8.04955,0.25140
1297.7235,0.50519,10.30496,-0.70392
1297.7457,-0.04310,10.10623,1.31685
1297.7634,-0.10295,9.04557,1.31925
1297.7833,0.05028,9.73273,1.34079
1297.8059,-0.72068,11.23394,1.14925
1297.8231,-0.52195,9.94103,-0.08619
1297.8435,0.45491,10.71199,-0.52195
1297.8660,-0.21788,8.21715,1.87472
1297.8910,1.00560,9.71357,-0.05986
1297.9031,1.29051,9.42387,0.83560
1297.9258,0.32323,10.24271,-0.18436
1297.9463,0.69913,8.91867,0.38308
1297.9713,-0.39027,9.97934,-0.41182
1297.9899,0.45731,9.06951,0.77096
1298.0049,0.72307,8.44700,1.38150
1298.0337,0.08380,8.17645,2.00640
1298.0455,0.18915,7.85083,0.09338
1298.0632,-0.37111,9.93145,1.00320
1298.0837,-0.94334,10.30256,2.39188
1298.1058,0.65364,8.33208,2.42061
1298.1259,1.24023,10.41988,-0.54829
1298.1436,0.37590,10.84606,0.30407
1298.1680,-1.19235,10.97775,0.92180
1298.1832,-1.04151,10.69523,1.04390
1298.2031,0.22985,9.12937,0.85715
1298.2277,-0.52195,8.87797,-1.05348
1298.2429,0.03591,10.20440,0.04549
1298.2638,-1.46530,10.71677,1.90105
1298.2852,-0.75659,9.85005,0.62730
1298.3044,0.25140,9.02642,0.64645
1298.3229,-0.24182,9.88596,-0.39984
1298.3455,-1.22108,10.45580,2.33202
1298.3630,-0.39266,10.89156,1.72867
1298.3848,-0.51237,9.83329,0.79969
1298.4054,0.76617,9.83089,-0.25140
1298.4307,1.13489,10.98254,-1.59459
1298.4434,0.49801,9.82610,-0.32562
1298.4655,-0.02634,10.08229,1.72627
1298.4833,0.10774,8.92586,1.95373
1298.5033,0.46210,9.20599,1.07982
1298.5255,0.81405,9.18923,0.58420
1298.5430,0.58420,9.15810,0.05507
1298.5712,0.00479,10.87958,-0.25858
1298.5875,-0.68716,10.55396,1.65444
1298.6053,-0.04549,9.07430,1.68557
1298.6254,0.40224,9.89075,-0.31126
1298.6469,-0.10295,9.54597,-0.67040
1298.6649,0.76617,9.58428,-0.25140
1298.6873,0.20830,9.35443,1.64726
1298.7333,0.87630,9.81174,0.39506
1298.7334,1.43656,9.43344,-0.36632
1298.7485,1.13249,9.99131,-1.05109
1298.7655,-0.65843,9.79737,1.20671
1298.7832,0.00479,9.10782,0.71110
1298.8035,-0.22267,11.40154,1.52036
1298.8271,0.06465,10.34806,0.36632
1298.8551,0.81645,9.56034,0.16760
1298.8740,0.05507,10.51805,-0.96968
1298.8854,-0.26098,8.94740,2.45174
1298.9033,-0.52674,9.77822,2.10936
1298.9235,-0.39266,9.50048,-0.32323
1298.9456,0.58420,10.16848,0.48843
1298.9631,0.01676,10.70959,-0.18196
1298.9922,0.15323,9.64653,0.24182
1299.0099,0.33041,9.64414,1.40544
1299.0231,-0.30407,10.08229,2.20992
1299.0433,0.39745,9.71597,0.80687
1299.0667,0.31604,10.08708,-0.66561
1299.0844,0.77335,8.54038,0.62730
1299.1050,0.14605,9.71836,1.07503
1299.1277,0.13408,10.31693,1.95373
1299.1449,0.40463,10.28102,0.64167
1299.1646,1.25221,10.23792,0.06943
1299.1874,-0.61533,10.39594,0.47646
1299.2036,-0.19872,8.85403,-0.28492
1299.2268,-0.13169,10.33130,0.44773
1299.2490,-0.27295,8.87797,0.30407
1299.2810,-0.00479,9.43105,1.57304
1299.2933,0.43097,9.43344,-0.24661
1299.3053,-0.56026,10.01525,1.00560
1299.3232,0.56744,9.91709,-0.14126
1299.3430,1.04390,8.93783,1.53234
1299.3655,1.61135,8.21955,0.62251
1299.3833,1.41980,9.91948,2.34878
1299.4049,0.40224,8.70319,1.51797
1299.4352,-0.83560,10.83649,1.13728
1299.4431,-1.40305,11.22197,2.03274
1299.4635,-1.86993,11.53083,0.72068
1299.4872,-0.92898,9.72554,1.50360
1299.5049,0.53871,8.03279,0.87870
1299.5234,1.29051,9.12698,-1.57783
1299.5457,1.17080,10.55636,0.01437
1299.5765,0.51956,9.31373,0.97447
1299.5836,0.10535,9.30894,-0.16042
1299.6072,1.35277,9.44063,-0.27055
1299.6266,1.14925,10.00807,-0.77814
1299.6451,-0.03113,8.13814,2.57385
1299.6691,0.36154,9.92666,-0.07662
1299.7040,0.66321,8.98092,1.36234
1299.7219,1.06306,9.83089,-0.58899
1299.7266,1.05827,9.67766,-0.27295
1299.7434,1.12052,9.83089,0.78293
1299.7632,0.42858,9.37359,0.73983
1299.7854,0.33280,10.31932,0.85715
1299.8038,-0.27534,9.95300,0.38787
1299.8251,0.48604,11.06394,0.30886
1299.8501,0.10056,9.46217,0.01197
1299.8645,-0.23703,10.02722,0.78532
1299.8831,-0.10774,9.61541,1.80528
1299.9050,0.31365,9.78780,-0.64885
1299.9255,1.09897,10.41270,-2.36315
1299.9465,0.75659,8.83966,-1.00560
1299.9851,0.28971,8.48052,1.64966
1300.0005,0.83800,9.89314,1.00560
1300.0026,1.66881,8.39912,0.25619
1300.0255,0.07901,10.53960,0.20112
1300.0428,-0.00479,9.32091,0.22027
1300.0629,0.89546,9.18683,1.39107
1300.0854,0.60336,10.64734,-0.05028
1300.1057,-0.25379,9.69921,1.39826
1300.1277,-0.61533,10.70480,2.58582
1300.1454,0.45731,9.52443,1.34558
1300.1648,1.09179,10.28341,2.13090
1300.1842,1.58501,9.89793,-0.15802
1300.2094,1.07264,8.47813,0.33520
1300.2249,0.51237,9.84765,-0.66082
1300.2451,1.69036,9.90033,0.04310
1300.2666,2.21231,8.28180,-0.20112
1300.2854,0.29689,9.65850,1.45093
1300.3035,-0.84757,8.83966,3.12453
1300.3256,1.10855,10.16130,-2.44455
1300.3435,1.23066,9.54119,-1.30967
1300.3634,0.53153,9.83808,0.12450
1300.3876,0.27774,10.35763,2.10217
1300.4215,1.30488,10.63537,0.74462
1300.4250,2.39667,8.44221,0.56984
1300.4453,0.23464,9.38077,-0.66800
1300.4645,-0.10295,9.79737,2.04471
1300.4867,0.91461,9.05515,1.59459
1300.5090,2.98805,8.00167,1.34558
1300.5419,0.77096,9.97215,0.41900
1300.5592,0.42379,8.78220,1.23784
1300.5649,1.29051,9.65850,1.03912
1300.5845,0.53871,9.73033,0.02394
1300.6027,0.91222,7.73351,-0.60336
1300.6256,0.81166,8.94740,1.17798
1300.6434,0.42618,9.23232,1.24981
1300.6637,1.14446,10.54199,1.27854
1300.6938,0.43336,9.20359,1.57543
1300.7048,-0.42139,9.50527,2.34160
1300.7229,0.00718,10.00089,2.10217
1300.7455,0.07183,9.88357,0.83081
1300.7629,1.10615,10.40552,-0.57463
1300.7832,-0.03591,10.70001,0.93616
1300.8070,-1.23545,11.15732,0.88349
1300.8264,-1.20671,10.90113,-0.34717
1300.8428,-0.11732,6.92664,1.39107
1300.8652,-0.46928,8.39672,0.81166
1300.8829,-0.01915,8.21715,1.22826
1300.9032,0.39745,9.90033,-1.01038
1300.9255,0.30886,9.26345,0.08380
1300.9449,-0.22746,8.83966,-1.03672
1300.9725,0.14845,8.40390,-0.02634
1300.9858,0.17239,9.64653,1.71670
1301.0038,-0.23703,10.35284,-1.75979
1301.0249,0.30407,9.46696,-1.41023
1301.0472,-1.68318,9.00008,2.52357
1301.0648,-0.43815,10.17806,1.25460
1301.1010,1.85556,10.72156,-0.29689
1301.1139,0.90264,9.15092,2.54033
1301.1250,-0.54829,9.79977,0.72068
1301.1464,-0.30407,11.16211,1.32164
1301.1670,0.53632,10.93944,0.11493
1301.1885,-0.50998,10.99930,0.96010
1301.2059,0.00000,9.71836,0.74701
1301.2284,0.47885,11.57871,0.02634
1301.2467,0.00239,10.19003,1.39826
1301.2672,0.85476,10.18764,-0.08380
1301.2896,1.77655,9.42865,0.00718
1301.3053,0.54589,8.97853,0.41182
1301.3267,-0.92419,10.98493,-0.66321
1301.3497,-1.60895,10.59467,-0.28013
1301.3811,-1.42459,10.36482,1.26418
1301.3978,-0.06465,10.71199,-0.24422
1301.4084,-0.65843,10.34566,0.03591
1301.4255,-0.20591,10.59227,-0.08141
1301.4480,-0.35435,10.29299,2.75102
1301.4702,1.60895,10.33369,0.44055
1301.4868,0.36393,10.48932,-0.07422
1301.5254,-0.49561,11.13098,0.26098
1301.5424,-1.12052,9.79977,0.75659
1301.5469,-0.31365,8.91149,0.76856
1301.5658,0.58420,9.73991,0.44055
1301.5880,0.23464,9.74470,-0.41900
1301.6073,0.29210,9.50527,-0.65603
1301.6274,-0.03113,8.88755,-0.10774
1301.6497,0.52195,9.25387,0.57463
1301.6675,-1.15883,9.85244,1.23066
1301.6866,-1.64966,10.28102,0.05028
1301.7083,-1.40065,10.38158,0.60575
1301.7257,-0.49801,10.75269,0.16999
1301.7458,-0.22506,9.67526,1.83401
1301.7700,0.64406,10.07750,0.53632
1301.7860,0.73025,9.56273,1.22347
1301.8218,0.27774,11.05916,0.78772
1301.8279,-0.20830,10.89395,1.32882
1301.8472,-0.30647,10.35524,0.31126
1301.8672,-0.28731,10.07750,0.40703
1301.8878,1.19953,9.39753,0.80448
1301.9072,-0.02634,10.26186,-0.68476
1301.9362,-0.38548,11.59787,-0.86673
1301.9523,0.26576,9.97215,0.74462
1301.9673,-0.39027,9.48133,0.50040
1301.9851,0.67040,8.78699,-0.18436
1302.0082,0.79729,8.43982,0.50519
1302.0256,0.79250,9.79977,0.08380
1302.0465,0.62969,9.93863,-1.16362
1302.0775,-0.41421,10.03201,-1.82204
1302.1056,0.79729,9.84526,0.82363
1302.1056,0.01915,10.36482,1.77655
1302.1273,-0.31126,10.15412,0.62969
1302.1451,0.51956,9.15331,1.58980
1302.1671,-0.81166,10.87240,0.04549
1302.1880,0.81405,10.15891,-0.41182
1302.2054,1.23305,8.21476,1.28812
1302.2260,-0.06225,9.05994,0.91701
1302.2478,-0.03113,10.07271,1.48206
1302.2661,0.15802,9.10303,1.22587
1302.2855,-0.99841,9.97694,0.95053
1302.3082,-0.20830,10.36960,0.29210
1302.3257,0.47646,9.47893,-0.00718
1302.3615,-0.48364,8.83727,0.54829
1302.3771,-0.88588,9.79019,1.41023
1302.3855,0.30886,9.43584,1.31446
1302.4056,0.28013,8.97374,0.14605
1302.4279,-0.52913,9.59146,-0.67279
1302.4454,0.38548,8.93064,0.33041
1302.4656,-1.18995,10.14454,0.50280
1302.4900,-0.69434,11.02564,-0.14605
1302.5073,0.49083,10.40312,0.06465
1302.5256,0.30407,9.94582,0.77814
1302.5498,-0.98405,10.65452,1.08461
1302.5654,0.12929,9.11500,1.26178
1302.5856,0.59139,9.83808,1.03672
1302.6094,0.43097,10.05835,-0.60815
1302.6484,1.18038,9.38316,0.15563
1302.6484,0.67519,9.34485,-0.39745
1302.6682,0.29928,10.15891,0.38069
1302.6859,0.18675,9.50288,1.41023
1302.7057,0.10535,9.44541,1.75979
1302.7281,1.59219,9.51006,0.58420
1302.7456,0.94334,9.29218,0.19154
1302.7667,-0.38308,9.34485,1.87711
1302.7983,1.19474,9.90751,0.77814
1302.8052,1.01757,9.84526,0.57941
1302.8253,0.58181,10.24271,0.56984
1302.8478,0.23224,9.98173,0.06943
1302.8707,-0.53392,9.69442,-0.27534
1302.8892,-0.38787,11.14295,1.31206
1302.9077,0.43815,9.94342,0.53632
1302.9298,0.92658,9.89075,0.05028
1302.9449,1.43656,9.83808,-0.57223
1302.9672,0.19154,8.68164,-0.08859
1302.9847,0.05507,10.32890,1.04390
1303.0049,0.68716,10.29538,0.64645
1303.0272,0.88588,9.07670,0.33041
1303.0449,-0.04549,9.28260,0.23943
1303.0647,-0.67758,9.00487,0.46210
1303.0869,-0.33759,9.20359,0.68476
1303.1050,0.29210,8.91628,0.42858
1303.1243,0.45012,9.95300,0.54111
1303.1467,0.39506,9.16050,-0.20112
1303.1639,0.21309,10.02243,-0.74701
1303.2111,0.43576,9.50048,-0.53871
1303.2114,-0.11014,9.88357,-0.07183
1303.2351,0.75659,9.04557,1.48684
1303.2476,0.72068,8.74389,0.47167
1303.2681,0.10535,10.66889,-0.68237
1303.2852,-0.18915,10.23553,1.26418
1303.3043,0.06225,10.75987,1.50121
1303.3347,0.55068,10.11102,0.00718
1303.3456,0.38069,10.36003,-0.02873
1303.3651,0.56744,9.97455,0.10535
1303.3870,-0.54589,11.37520,-0.41182
1303.4050,0.19394,10.46537,1.20911
1303.4252,0.29928,10.18285,0.27534
1303.4475,-0.03591,10.87480,1.30009
1303.4668,-0.10056,9.86202,0.46449
1303.5050,-0.06704,9.73991,0.03352
1303.5085,0.30168,9.96737,-0.51716
1303.5264,0.70392,9.53161,0.40703
1303.5455,0.45731,9.88596,-0.02634
1303.5679,0.89067,9.07670,-0.23464
1303.5857,-0.06943,8.92586,0.47646
1303.6055,-0.34717,10.59227,-0.09817
1303.6278,0.80448,9.81413,-0.84757
1303.6454,0.24422,9.82131,0.14126
1303.6654,-0.00239,9.86441,1.14446
1303.6880,-0.20830,9.35443,1.63050
1303.7058,-0.01437,10.36721,0.50759
1303.7257,0.52195,10.46298,1.66163
1303.7482,0.58899,9.87399,-0.16281
1303.7659,0.37830,9.16528,0.48125
1303.7856,-0.58420,8.37757,0.12690
1303.8079,-0.42139,9.46936,0.88109
1303.8253,0.88109,8.05674,1.18277
1303.8461,0.96968,9.72315,-0.51477
1303.8685,0.53632,9.74709,-0.29450
1303.8873,0.21309,9.28260,-0.14366
1303.9175,-0.22506,10.43425,0.13408
1303.9303,1.04390,9.92906,0.47407
1303.9468,0.71349,10.13257,1.05348
1303.9657,0.36632,10.65452,-0.39984
1303.9919,-0.60575,11.22436,1.19714
1304.0070,-0.53632,11.13338,0.71589
1304.0276,0.58899,10.79578,-0.42139
1304.0582,0.96489,10.20679,-1.37431
1304.0657,-0.12929,10.53960,-0.82363
1304.0863,-0.09577,9.90751,0.06465
1304.1096,0.67997,9.28021,0.33041
1304.1276,1.44375,9.40232,0.23464
1304.1477,0.55547,9.60104,-0.98884
1304.1699,0.29689,9.94342,-2.35357
1304.1870,0.27534,9.86441,-0.73025
1304.2061,0.20351,10.53241,-0.88828
1304.2283,0.78293,9.29457,0.23703
1304.2474,0.60575,10.77903,-0.28013
1304.2662,0.44534,10.01525,-1.37671
1304.2888,-1.01996,11.01845,1.32164
1304.3063,-0.97686,10.40791,0.50759
1304.3324,-0.37351,10.52044,1.21869
1304.3483,0.66561,10.92268,-0.30647
1304.3658,0.11971,9.90272,-1.55388
1304.3875,-0.45012,11.34168,1.02954
1304.4086,-1.86275,10.92986,1.89627
1304.4281,0.74941,8.71037,-0.00239
1304.4614,1.39107,8.83248,-0.37351
1304.4781,-0.81645,8.12617,-0.69913
1304.4855,-0.56026,9.76625,0.53392
1304.5076,-1.34079,9.47175,1.04869
1304.5287,0.59857,8.22912,1.16122
1304.5480,0.85476,9.65372,-0.81405
1304.5662,-1.04390,8.83487,-0.12929
1304.6077,-0.71110,7.76942,0.34478
1304.6204,-0.61293,8.51404,0.30168
1304.6259,-0.02873,8.88994,1.04630
1304.6499,0.18196,9.72076,0.13169
1304.6656,-0.16281,10.36003,-0.14605
1304.6869,-0.45731,9.38795,-0.31604
1304.7100,-0.55547,9.61780,0.00718
1304.7465,-0.49083,10.95860,0.53871
1304.7651,0.73025,9.55795,0.01915
1304.7686,-0.26816,9.04318,0.70631
1304.7859,-0.86912,9.12219,1.56586
1304.8055,-0.00239,8.90910,0.51477
1304.8282,1.03433,9.86441,0.76377
1304.8478,0.01915,10.42946,-0.59617
1304.8815,0.27295,9.90272,0.05746
1304.8986,-0.46449,11.20999,0.23464
1304.9055,-1.19714,10.57072,0.31604
1304.9274,0.32083,10.19243,0.26576
1304.9480,0.83321,10.36003,-0.97208
1304.9695,0.45970,9.90751,-0.52435
1304.9889,-0.04789,11.20760,-0.31604
1305.0280,0.22985,10.93944,0.14366
1305.0411,1.16362,9.33049,-0.51956
1305.0461,0.44773,9.48372,-0.78053
1305.0685,-0.35196,10.18764,-0.28971
1305.0854,1.17319,9.18923,-1.35995
1305.1055,-0.09338,9.21078,0.07183
1305.1279,-0.27534,9.71118,-0.14126
1305.1475,0.54829,10.08947,-1.25460
1305.1670,1.30727,8.97614,-1.40065
1305.1909,-0.21548,8.73671,-0.04310
1305.2067,-0.56505,9.15571,-0.02634
1305.2266,0.43815,9.10303,0.47646
1305.2491,0.22985,8.07828,0.61533
1305.2694,1.06785,10.55396,-1.37910
1305.2885,-0.13408,10.19961,1.51558
1305.3158,-0.37590,11.69603,0.81166
1305.3262,0.15323,10.57072,3.48606
1305.3475,0.65364,9.92666,1.13728
1305.3734,-0.54829,9.76385,1.21390
1305.3898,-0.82842,10.51565,1.38389
1305.4098,-0.65124,10.90353,2.96172
1305.4613,1.55628,10.10623,0.63448
1305.4613,0.83321,9.07909,0.27534
1305.4755,-0.91701,10.69044,-0.85476
1305.4897,-0.41660,10.50129,-1.38150
1305.5094,0.39027,8.84206,1.20432
1305.5293,0.96729,10.13257,-0.34238
1305.5535,0.03352,9.35443,0.59617
1305.5869,0.40463,9.43344,-1.66642
1305.6002,1.19235,9.11740,-0.60575
1305.6101,1.30009,8.28419,-2.06626
1305.6313,0.44294,10.07511,-0.46688
1305.6473,0.50998,10.30256,-0.12929
1305.6714,0.03352,10.68565,1.21629
1305.6893,0.00479,10.44622,1.58262
1305.7253,-0.39984,9.44541,0.87630
1305.7440,1.11334,10.08947,0.04789
1305.7473,0.88588,10.04638,-1.13489
1305.7675,-0.56744,9.45020,1.97049
1305.7936,0.04789,9.45020,0.55308
1305.8109,0.81645,9.65132,0.77096
1305.8290,0.99841,10.13736,-0.79011
1305.8683,0.18915,8.74150,0.10535
1305.8812,-0.31844,10.18285,0.80687
1305.8873,-0.82602,8.97853,0.80448
1305.9097,0.94813,8.80614,-0.66082
1305.9274,1.39107,9.54597,-0.58420
1305.9473,-0.50519,10.06074,-0.17957
1305.9698,-1.21869,11.54040,1.52755
1305.9889,0.02873,10.51565,1.38868
1306.0217,1.48206,8.67685,-0.09577
1306.0299,1.20671,10.38636,-1.55149
1306.0475,0.31604,9.54358,0.53871
1306.0674,-0.35914,10.01525,1.60177
1306.0913,1.63529,8.82290,1.03193
1306.1090,0.19154,9.40711,1.00560
1306.1301,-0.14605,10.37918,-0.33041
1306.1616,-0.62012,8.99290,1.42699
1306.1674,-1.16122,9.18683,0.62969
1306.1892,-0.53392,9.26345,1.52994
1306.2125,0.50998,8.06392,-0.36632
1306.2273,1.15165,9.40471,-1.26418
1306.2474,0.01197,10.19722,0.68716
1306.2708,0.38548,10.77903,0.29689
1306.2892,0.64645,10.32890,1.27136
1306.3074,0.22985,9.43344,0.38548
1306.3296,-0.76856,10.58270,0.42858
1306.3480,-0.50519,9.95779,1.45093
1306.3690,-0.09817,10.54918,1.51797
1306.3914,0.77814,10.58509,1.47966
1306.4089,0.27295,10.95620,0.03831
1306.4281,0.23943,10.80057,-0.66321
1306.4496,0.62012,10.30735,0.86912
1306.4675,0.09098,9.62498,1.16122
1306.4880,0.45731,10.03680,1.47008
1306.5098,0.39745,10.84128,0.16520
1306.5273,0.49801,9.44063,0.08619
1306.5793,-0.03591,9.08148,-0.41660
1306.5796,0.16281,10.78381,1.16601
1306.5966,0.73025,9.46696,2.55948
1306.6078,0.81405,9.81174,-0.19872
1306.6296,0.42618,9.12219,0.92658
1306.6543,-0.90504,11.87321,-0.59378
1306.6676,-0.24900,9.41429,0.58660
1306.6895,1.44375,8.58108,-0.20112
1306.7142,1.35277,8.62897,-0.49801
1306.7301,-0.82124,10.32890,-0.86673
1306.7505,0.33759,9.62498,0.04310
1306.7682,-0.14845,10.40073,-0.79729
1306.7885,-0.35914,8.35362,0.23943
1306.8124,0.52913,9.56273,2.49723
1306.8319,-0.79729,9.06712,0.08141
1306.8495,-1.43896,11.36562,-0.57702
1306.8705,-0.26098,9.99370,1.90105
1306.8881,0.52195,8.34884,1.08700
1306.9080,1.06066,9.55316,0.46928
1306.9305,0.72307,9.68484,0.56744
1306.9481,-0.62251,10.94902,1.01038
1306.9768,0.74223,10.22355,-0.63448
1306.9990,0.20351,9.29936,-0.67519
1307.0101,-0.05028,9.67287,-0.45731
1307.0282,0.49561,9.25866,0.17718
1307.0507,-0.13647,9.30655,0.37111
1307.0680,0.20112,10.03441,-0.71349
1307.0881,0.62012,10.36960,-1.11813
1307.1122,-0.54589,10.46298,-0.68237
1307.1298,-0.53871,10.40073,0.86673
1307.1486,0.27055,10.00807,0.77575
1307.1707,-0.32562,8.71756,0.39506
1307.1902,0.66082,9.71597,-0.32083
1307.2085,0.22985,9.17486,0.85954
1307.2308,-0.32562,10.57072,0.45012
1307.2671,0.40703,10.44862,0.03352
1307.2698,0.65843,9.87160,-0.94334
1307.2925,-0.49801,9.64893,1.34079
1307.3082,-0.69434,9.10543,1.61853
1307.3298,0.57463,8.97614,1.69754
1307.3505,0.56505,9.21796,-0.54589
1307.3696,0.03591,10.00328,0.13647
1307.3890,-0.72307,10.03201,0.79729
1307.4238,-0.12929,9.37119,2.45653
1307.4292,1.42699,8.32010,0.78772
1307.4491,1.41741,9.15571,-0.54111
1307.4736,0.38069,9.04557,0.66321
1307.4913,0.10056,9.71118,0.70871
1307.5114,-0.00239,10.08708,2.55709
1307.5511,1.56586,9.66329,0.18915
1307.5513,2.59779,9.33528,1.43896
1307.5698,0.29450,9.70878,0.06225
1307.5913,0.08380,10.93465,1.62332
1307.6093,0.55787,9.04078,1.92979
1307.6313,0.58660,9.86681,0.67040
1307.6519,0.29210,10.35763,0.29210
1307.6696,0.05507,9.73273,0.78053
1307.6941,0.44773,10.71917,1.67120
1307.7140,0.46688,10.80057,0.32802
1307.7289,-0.02394,10.25947,2.19316
1307.7489,-0.49083,11.59308,1.41262
1307.7751,-0.12929,8.74389,1.46051
1307.7930,-1.78134,11.37281,1.87951
1307.8274,-0.82842,9.84286,1.07024
1307.8412,-0.14366,9.58428,-0.11732
1307.8492,-0.53153,10.63058,0.57463
1307.8689,-0.44773,10.74072,0.49801
1307.8911,1.72867,8.81333,-0.32323
1307.9089,0.16042,9.57710,0.20830
1307.9290,0.23703,9.47175,-0.71349
1307.9634,-0.23224,9.87160,0.02394
1307.9695,-1.52994,8.91867,0.93616
1307.9889,-1.04630,8.35123,0.38548
1308.0112,-0.52674,10.88677,0.67279
1308.0288,-0.36872,8.81093,-1.68796
1308.0507,-0.17239,10.53241,-0.57463
1308.0731,-0.95771,10.31214,0.71589
1308.1080,0.28492,9.59146,0.37830
1308.1212,1.05827,9.45499,0.39745
1308.1312,-0.56984,10.48932,1.45572
1308.1488,-0.77335,9.79977,0.34238
1308.1691,-0.38069,11.41830,-0.15802
1308.1914,0.09098,9.30415,-0.33759
1308.2091,0.14366,10.82212,0.66321
1308.2317,-0.41900,9.92666,0.88349
1308.2520,-1.08461,9.39992,1.32403
1308.2705,0.10535,9.79258,0.60096
1308.2888,0.25858,8.89234,-0.48125
1308.3134,-0.03352,9.24908,0.40224
1308.3300,-0.32083,11.65533,-0.22746
1308.3503,-0.28013,9.00008,1.64487
1308.3746,0.89306,10.10145,1.62811
1308.3921,0.34717,9.13895,-0.40942
1308.4092,0.71589,10.01286,-0.37351
1308.4312,-0.31365,9.95779,0.38787
1308.4490,-0.54350,10.78142,-0.02873
1308.4702,-0.95053,9.55555,0.05028
1308.4924,-0.53871,12.31376,-0.79969
1308.5107,-0.35675,9.97694,2.07823
1308.5300,-0.27055,10.12299,-1.09897
1308.5513,0.05267,10.44383,0.98405
1308.5693,-0.34717,9.85244,0.15084
1308.5905,-0.63209,9.31133,0.45012
1308.6110,0.39745,10.50368,-1.09179
1308.6288,0.47407,8.92107,0.90504
1308.6489,0.36632,9.18923,0.36154
1308.6805,-0.18196,9.19641,-0.10295
1308.6904,-0.35435,9.79258,0.29689
1308.7091,-0.92419,10.10863,1.26178
1308.7313,0.50759,11.74631,0.03352
1308.7505,0.79729,8.26504,0.65364
1308.7704,-0.02155,9.79737,-0.43336
1308.7928,-0.85715,10.85564,0.55308
1308.8203,-0.92419,10.77184,0.82842
1308.8335,0.25858,8.41827,2.30090
1308.8510,0.74941,9.99370,1.69275
1308.8698,0.36632,8.06392,2.90426
1308.8887,0.45491,10.15412,-0.82363
1308.9110,0.67758,9.39035,1.90824
1308.9298,0.17239,9.47175,-0.17718
1308.9502,0.96250,10.57072,1.35516
1308.9722,0.50280,10.22116,-1.10376
1308.9885,-0.01197,10.41031,2.22428
1309.0085,-0.42379,11.01845,1.02954
1309.0323,1.07742,9.82371,0.29928
1309.0494,0.72068,8.40630,0.80687
1309.0698,0.64167,9.44063,0.35435
1309.1016,-0.73744,8.98571,1.13249
1309.1085,-0.20591,10.75508,1.05348
1309.1285,0.31126,8.13335,2.03753
1309.1510,0.69673,9.29218,-0.72786
1309.1686,0.77575,9.53161,1.41741
1309.1886,-0.43336,10.57791,0.65364
1309.2139,-0.41900,9.82371,1.75021
1309.2307,-0.52913,10.61621,0.57702
1309.2544,-0.69673,9.95539,2.19316
1309.2722,0.47646,9.94342,0.24182
1309.2900,1.12291,8.60742,-2.52835
1309.3098,3.56029,9.32091,-5.70556
1309.3359,0.47646,8.61221,-4.79573
1309.3669,3.77577,8.53320,-1.86993
1309.3701,1.51558,9.90990,-2.13809
1309.3907,0.78293,10.40312,1.53712
1309.4084,0.56026,8.82051,2.25062
1309.4288,-0.65124,9.25387,1.78134
1309.4510,1.38389,8.74629,-1.72627
1309.4689,0.99362,10.00328,1.36953
1309.4904,0.68476,10.36960,-0.23703
1309.5178,1.27854,10.12539,0.07662
1309.5289,2.09260,9.81174,1.29770
1309.5487,1.33601,8.80854,0.59617
1309.5724,0.22985,10.08469,1.29051
1309.5892,-0.69913,10.59706,0.67279
1309.6102,-0.16520,9.87160,1.56586
1309.6342,1.01517,9.32331,0.69195
1309.6517,0.71349,9.00487,1.69994
1309.6702,0.44773,9.51245,0.39266
1309.6926,0.53153,8.67446,0.95771
1309.7097,-0.06943,9.43823,0.99123
1309.7288,0.08380,9.98173,0.61054
1309.7535,0.74462,9.12698,0.59857
1309.7882,1.02714,9.45978,0.83081
1309.8021,0.51716,9.13655,0.13169
1309.8129,-0.42379,10.45340,1.44854
1309.8285,-0.17478,10.02243,2.59539
1309.8485,0.95053,9.05994,3.66563
1309.8739,2.76060,7.62337,1.03672
1309.8921,1.57543,8.57869,-0.76856
1309.9388,0.78772,9.40232,-1.10376
1309.9390,-0.66800,10.66649,0.85954
1309.9530,-0.46210,8.67925,2.08541
1309.9681,0.21070,8.84445,0.87391
1309.9923,0.80448,9.51964,-0.61772
1310.0083,-0.32802,8.53080,1.23066
1310.0321,-0.56744,8.89952,0.04070
1310.0713,-0.18915,9.49809,1.25939
1310.0713,0.28013,9.78301,2.26259
1310.0894,-0.05267,11.59547,0.46688
1310.1111,0.34238,11.09507,0.95771
1310.1285,0.18675,10.51565,0.72307
1310.1490,0.37351,10.13257,0.63688
1310.1714,0.49083,11.62899,1.07503
1310.1899,0.54350,10.84606,0.72786
1310.2241,0.87152,9.72315,1.00799
1310.2302,0.88588,10.00328,0.77814
1310.2485,0.99123,10.11821,1.41262
1310.2699,1.06306,11.09746,1.69994
1310.2921,-0.51237,10.73114,0.87870
1310.3099,-0.23464,11.92828,0.22267
1310.3479,0.50280,10.54199,-2.06147
1310.3634,0.00479,9.59865,-0.50998
1310.3706,0.22267,9.22275,-0.56744
1310.3884,1.07742,9.43344,-0.01197
1310.4108,0.60575,9.06951,-0.46449
1310.4283,0.07183,10.01286,-0.84278
1310.4486,0.17239,10.67368,0.58181
1310.4707,0.44055,9.46457,0.51237
1310.5021,-0.17718,9.69442,2.61694
1310.5111,0.58660,8.46616,1.94176
1310.5317,0.31844,8.84445,0.56984
1310.5494,0.29689,9.58668,-0.11971
1310.5721,0.65124,8.99290,1.60177
1310.5935,1.13728,8.30334,1.66163
1310.6307,1.44854,8.94262,-2.14048
1310.6307,1.30009,8.72474,0.90982
1310.6517,2.29132,9.91469,-0.27295
1310.6699,-0.76377,11.07352,1.29051
1310.6891,-0.07183,10.03441,0.85954
1310.7118,0.68955,9.32809,1.60656
1310.7294,0.46928,8.90431,1.26897
1310.7507,-0.38787,11.32013,0.11971
1310.7854,0.57463,10.60664,1.08461
1310.7900,0.82124,9.30655,0.69673
1310.8093,0.50998,9.22993,-1.23305
1310.8315,0.74223,9.77822,-2.73666
1310.8507,0.97926,8.86600,0.47885
1310.8708,0.51956,8.46855,1.80289
1310.8964,0.71828,8.10701,0.20830
1310.9142,0.31126,9.36401,-0.11971
1310.9296,-0.24422,10.70720,1.02475
1310.9514,-0.88588,11.14535,0.24422
1310.9694,0.46449,9.83089,0.20591
1310.9897,0.13647,11.01845,0.51237
1311.0120,0.41900,9.34007,0.96968
1311.0320,0.85954,10.60903,0.53871
1311.0569,0.69913,10.47016,0.81166
1311.0734,0.86912,10.42467,0.78293
1311.0912,0.11493,10.14454,0.68955
1311.1088,-0.90504,10.54439,1.14925
1311.1313,-1.44854,11.06155,2.10936
1311.1495,-1.11094,10.45580,1.58022
1311.1807,0.19394,10.75269,-0.28971
1311.2019,0.68716,8.41827,1.21629
1311.2102,0.44055,9.80934,-0.69673
1311.2300,0.43815,10.00807,0.95053
1311.2529,0.28252,9.25866,1.33601
1311.2706,0.13408,9.59386,0.23464
1311.2906,0.32323,9.69442,0.65603
1311.3157,0.09338,8.51644,1.51558
1311.3346,-0.45731,9.84526,0.30168
1311.3522,0.12929,9.25148,0.40463
1311.3724,0.31604,9.39513,0.22267
1311.3896,0.78532,10.39594,0.92898
1311.4098,0.18196,9.81174,0.74941
1311.4325,0.34717,9.71597,1.26897
1311.4502,0.05746,9.85005,-0.06943
1311.4852,0.41421,9.72794,0.39745
1311.4940,0.83081,10.27623,0.11253
1311.5117,1.14925,9.54837,-0.90025
1311.5314,0.86194,9.48372,-0.88349
1311.5538,-0.29210,10.62579,-0.59378
1311.5715,-0.11493,9.15331,1.25221
1311.5918,-0.10774,9.45020,1.08461
1311.6257,-0.42379,10.47735,0.87870
1311.6316,-0.10056,9.89075,1.69994
1311.6499,0.62730,10.13975,0.09098
1311.6741,0.52913,9.86441,0.80687
1311.6898,0.71349,10.95141,0.90504
1311.7137,0.65843,9.77343,0.02155
1311.7571,0.04310,9.85005,1.45093
1311.7573,0.25619,10.60185,0.84757
1311.7720,0.12211,9.53161,0.56505
1311.7922,0.62969,9.72794,1.10376
1311.8135,0.96010,8.69122,1.07742
1311.8314,0.47885,9.67048,0.09817
1311.8561,-0.01915,10.39115,0.05028
1311.8909,-0.26816,9.52682,1.02236
1311.9010,-0.29689,10.44383,0.19872
1311.9130,-0.32802,10.23553,0.11014
1311.9316,0.92898,8.81333,0.76856
1311.9498,0.86673,9.25387,0.67040
1311.9752,0.57702,10.34087,0.47407
1311.9916,1.05588,9.17726,0.94334
1312.0116,0.31126,9.23951,0.70392
1312.0480,-0.22027,9.95779,0.52195
1312.0493,0.38069,9.69442,1.32164
1312.0701,0.20830,9.00726,0.93856
1312.0927,0.92180,8.41109,0.68237
1312.1100,0.84997,9.22754,-0.99123
1312.1316,0.33041,10.31932,0.23464
1312.1544,-0.38069,10.30256,0.74941
1312.1796,-0.16520,9.87878,0.49561
1312.1931,0.29210,10.38397,0.49561
1312.2122,0.24182,9.56273,1.29051
1312.2299,0.14366,9.70639,0.20112
1312.2498,0.04310,8.92586,2.14048
1312.2725,0.02394,10.53481,0.80926
1312.2924,0.57702,10.12539,0.56984
1312.3179,0.04549,10.28820,0.61772
1312.3319,1.06545,10.25707,0.16999
1312.3499,0.36872,9.78780,0.57702
1312.3695,-0.22027,10.35045,-0.56984
1312.3923,-1.53712,10.39115,0.76138
1312.4098,-0.75899,10.25707,-0.79729
1312.4324,0.32802,8.65051,0.36872
1312.4559,-0.71110,10.29059,-0.33520
1312.4694,0.43097,9.66569,0.61772
1312.4911,0.55068,9.23232,-0.45491
1312.5151,-0.60096,10.37200,0.40224
1312.5356,-0.34238,11.10465,0.62969
1312.5536,0.19394,10.05835,0.82124
1312.5909,-0.39027,9.96018,1.73106
1312.6024,0.33041,8.63136,0.85954
1312.6097,1.47008,8.84206,0.07901
1312.6323,0.23464,10.46059,0.09817
1312.6517,1.13249,11.01845,0.98644
1312.6730,1.13010,10.20919,1.06545
1312.6940,0.36393,9.21317,-1.00799
1312.7141,0.26098,10.06793,0.07662
1312.7469,0.70392,9.17965,1.07024
1312.7540,0.96729,8.66009,1.76937
1312.7704,-0.11732,9.55795,0.85715
1312.7904,0.12211,9.91709,-0.23943
1312.8134,0.59378,9.96737,0.97686
1312.8309,-0.24661,10.31454,1.77176
1312.8643,0.47167,8.84924,-0.20591
1312.8798,0.73983,11.29619,-1.15883
1312.8922,0.49083,8.98092,0.70871
1312.9105,-0.44294,10.42946,1.21390
1312.9332,-0.01915,10.29059,1.18756
1312.9509,0.37830,9.81174,0.91222
1312.9707,0.23224,9.75428,0.82602
1312.9974,0.64645,11.08549,-1.91063
1313.0159,1.05827,7.05832,2.42301
1313.0353,1.56107,9.44781,-0.07183
1313.0529,0.67279,9.00487,-0.01197
1313.0720,0.65124,9.56273,-0.64167
1313.0903,0.16520,9.81174,0.30407
1313.1134,-0.29450,9.30176,0.99602
1313.1304,0.06704,8.00646,0.60575
1313.1550,2.33442,8.58587,3.96492
1313.1722,-2.59779,9.44063,0.87152
1313.2139,-1.69515,11.54280,1.24502
1313.2139,1.51079,8.27940,5.19558
1313.2351,-3.23945,9.84047,0.65364
1313.2554,-1.53712,10.83649,2.74863
1313.2794,1.72627,8.63854,0.17239
1313.2922,-1.34798,10.82691,9.34485
1313.3114,-0.27295,12.84768,0.61772
1313.3301,0.03113,6.49567,-4.27857
1313.3528,7.25465,9.22754,3.35198
1313.3702,0.16999,14.27946,-2.89947
1313.3966,2.81806,6.07188,1.27854
1313.4128,7.51323,9.08627,-0.30407
1313.4303,-0.44773,11.54998,-1.27136
1313.4503,2.09499,7.27381,-1.93457
1313.4725,3.79253,10.86761,0.14366
1313.4902,-1.92021,10.08229,1.43656
1313.5103,-2.73905,11.46139,-1.45811
1313.5515,-2.06147,10.63297,-1.13010
1313.5543,-1.32403,10.99451,2.37751
1313.5709,0.68716,9.41668,1.74303
1313.5931,0.29689,10.22355,0.39266
1313.6110,2.98566,9.89554,2.84200
1313.6317,-2.48286,12.90514,-2.46371
1313.6541,0.26576,10.02722,0.04070
1313.6721,0.50519,8.99050,-1.38868
1313.7020,0.73025,9.04318,-2.67680
1313.7131,-0.33999,9.71597,-0.04549
1313.7303,-0.26576,8.98332,1.31206
1313.7528,-0.09098,10.13496,-0.21070
1313.7733,0.60815,9.16528,0.57463
1313.7944,0.20112,9.73991,-0.16999
1313.8125,0.41900,8.91867,0.20351
1313.8353,1.04390,9.17965,-1.48684
1313.8502,1.35037,9.89793,0.81645
1313.8701,0.66800,10.04398,-0.57941
1313.8925,0.15563,10.22355,0.16760
1313.9116,-1.14925,11.70800,0.26816
1313.9299,-0.83321,10.17806,2.16682
1313.9521,0.26816,10.61382,1.42220
1313.9698,0.35675,10.60664,1.01278
1313.9896,0.67519,10.77424,1.69275
1314.0123,1.00560,8.66727,-0.60336
1314.0300,-0.19872,9.04078,1.86035
1314.0499,-0.63209,10.47974,3.32565
1314.0725,0.56984,9.56034,1.30967
1314.0964,-0.29928,10.19482,0.95532
1314.1111,-0.39027,9.21317,0.58181
1314.1323,-0.20351,9.07909,1.05109
1314.1499,-0.31126,10.49171,0.23464
1314.1699,-0.66321,9.54837,-0.41900
1314.1945,0.00718,9.76385,0.09098
1314.2120,-0.83560,9.67048,0.08619
1314.2322,-0.34717,9.53640,0.75180
1314.2607,-0.53392,10.20679,0.36872
1314.2712,0.01197,10.66889,0.28971
1314.2900,0.61533,9.29457,-0.50040
1314.3129,-0.20830,10.10145,0.27534
1314.3304,0.42618,9.90990,-0.26816
1314.3541,-0.57463,10.23313,0.98165
1314.4041,-0.19872,9.82850,1.00560
1314.4042,-0.48125,9.93624,0.80448
1314.4197,-1.20432,10.52763,0.87391
1314.4323,-0.29210,10.01765,0.67997
1314.4546,-0.08141,9.19162,1.10615
1314.4696,0.43336,9.56992,0.55308
1314.4922,0.73504,8.81811,0.40463
1314.5094,0.73983,8.49968,0.08141
1314.5291,0.45970,8.56672,-0.14366
1314.5518,0.84518,8.83009,-1.09418
1314.5706,-0.04789,9.07670,-0.20351
1314.5898,-0.69913,10.81973,-0.39266
1314.6121,-0.63448,9.78061,1.28333
1314.6304,-0.55547,9.53400,-0.05986
1314.6560,0.27295,10.08229,-0.90264
1314.6735,0.01437,9.49809,1.25460
1314.6913,-0.64167,9.49569,1.30727
1314.7115,-0.11732,10.18524,2.69356
1314.7349,0.25379,9.23232,3.30889
1314.7515,-0.05746,9.83329,0.85715
1314.7720,0.24422,9.47175,-0.63927
1314.7991,-0.76138,10.82452,0.07183
1314.8136,-0.03831,9.81653,1.16601
1314.8334,0.61054,8.78220,0.15802
1314.8550,-0.55547,9.38316,1.89387
1314.8730,0.43815,9.20359,0.41421
1314.8931,0.11971,9.52682,0.25379
1314.9154,0.57463,10.61382,2.12851
1314.9335,0.70392,9.93863,2.22189
1314.9520,0.68476,9.84047,0.98405
1314.9739,0.16760,9.55555,0.76617
1314.9934,-0.88828,10.10384,1.32403
1315.0112,0.04310,8.12856,1.25699
1315.0336,-0.11014,10.66171,0.22027
1315.0513,0.52913,7.67844,-0.42379
1315.0907,-0.11493,10.95381,0.03113
1315.1067,-0.89067,11.17169,-0.07422
1315.1132,-0.96968,10.19482,-1.62571
1315.1311,-1.49642,10.89156,2.15724
1315.1537,-1.73824,10.62819,0.82602
1315.1714,-0.96489,9.74709,1.04151
1315.1914,-1.29051,10.64255,2.56666
1315.2161,0.28971,9.83089,1.25460
1315.2393,-1.20911,9.34725,1.56107
1315.2512,-1.54910,12.89796,-0.27774
1315.2736,-0.74223,11.74152,4.59461
1315.2928,-0.43815,9.86920,-1.08221
1315.3136,-0.64645,10.12539,-0.34717
1315.3350,-0.27534,9.77104,1.20193
1315.3529,-0.49801,10.31932,-0.73744
1315.3734,0.66082,8.96895,2.44216
1315.3949,0.70871,8.35123,1.66163
1315.4122,0.56505,10.07032,1.19953
1315.4324,0.69913,11.93785,-1.93457
1315.4561,-0.47167,10.97536,0.95771
1315.4740,-0.90264,11.64575,1.91063
1315.5217,0.29689,8.25067,2.82046
1315.5219,1.02714,8.82290,0.75420
1315.5360,0.81645,8.62657,0.54350
1315.5536,0.31604,9.45978,1.43656
1315.5757,0.94334,9.75428,0.28492
1315.5918,0.69195,10.18285,0.90504
1315.6158,0.56505,9.44063,-0.20112
1315.6556,-0.16042,10.67368,-0.30407
1315.6559,0.02155,10.25468,0.23703
1315.6738,-0.43576,10.31932,-0.13408
1315.6943,-0.71589,10.26426,-0.30886
1315.7120,0.01915,8.73910,0.56026
1315.7334,-0.19154,9.25148,0.19154
1315.7560,-0.00958,9.15092,0.80208
1315.7731,-0.36393,8.77981,0.33280
1315.8071,-0.02634,8.48052,-0.06704
1315.8141,0.22027,9.21317,1.22108
1315.8320,-0.47885,8.19081,1.48924
1315.8521,-0.99123,9.17965,0.09098
1315.8760,-0.87630,10.16130,0.89546
1315.8937,-0.54350,10.12539,1.19235
1315.9155,-0.28252,9.84286,0.53392
1315.9490,0.47646,10.41270,-0.74941
1315.9520,0.23464,9.47175,0.54111
1315.9716,0.33280,10.87001,-0.20830
1315.9938,-0.17957,11.21957,0.55308
1316.0128,0.11732,11.31774,0.17718
1316.0328,0.11732,10.03919,0.64406
1316.0812,0.46449,9.43344,0.24661
1316.0814,0.45731,8.99529,-0.69195
1316.0934,0.29689,9.25627,-0.36393
1316.1154,0.33041,10.20919,-1.47727
1316.1332,-0.05028,9.32091,-0.23943
1316.1532,0.24661,9.47415,0.13408
1316.1754,0.47407,9.60344,0.44773
1316.1943,0.02394,8.89713,-0.24422
1316.2156,0.23943,9.88117,0.37590
1316.2352,0.74223,9.51724,-0.51716
1316.2528,0.33999,9.99610,0.05507
1316.2732,-0.49083,9.53400,1.21150
1316.2976,-0.11971,10.29778,0.33759
1316.3152,-0.08380,10.75269,0.41182
1316.3524,0.23224,10.35045,0.08859
1316.3682,0.46449,10.26904,0.33520
1316.3726,0.91701,9.71836,-0.89067
1316.3929,0.30886,9.85484,-1.73345
1316.4149,-0.11971,9.85962,0.17718
1316.4364,-0.28492,9.21317,0.79250
1316.4564,0.17957,9.21317,0.78053
1316.4769,0.05028,11.02803,0.45491
1316.4941,1.05588,8.99050,-1.31925
1316.5129,1.27375,8.60981,-0.84039
1316.5352,-0.22746,11.24830,0.18196
1316.5530,-0.52435,11.14535,2.99284
1316.5734,0.03591,9.82131,0.11732
1316.5978,-1.01517,11.20281,-1.70472
1316.6354,0.42858,9.20359,-0.50280
1316.6354,0.08141,11.92588,1.56346
1316.6553,-0.83321,10.91311,0.48125
1316.6729,-0.14845,9.44781,1.25460
1316.6927,-0.57941,10.38636,1.22108
1316.7150,0.36154,9.58428,0.16281
1316.7341,0.45252,9.41668,0.48125
1316.7545,-1.11573,9.92666,-0.03831
1316.7947,0.63448,8.66249,0.15563
1316.7948,0.01437,8.88037,0.39984
1316.8126,-0.39266,9.08867,-0.14845
1316.8352,-0.44534,9.03839,0.03113
1316.8530,-0.68955,8.76783,0.06704
1316.8728,-0.55308,9.67287,-1.08700
1316.9155,-1.18277,10.50368,0.53392
1316.9158,0.20830,10.23074,-0.37590
1316.9329,0.47167,9.43344,0.59139
1316.9553,-0.22985,10.61621,-0.48364
1316.9744,-0.29689,10.71677,0.58181
1316.9924,-0.99123,10.94184,0.27295
1317.0176,-1.00320,10.21877,1.64247
1317.0510,-0.28971,8.78938,0.16520
1317.0555,0.25379,10.12778,0.01197
1317.0770,0.22267,8.81333,-1.28094
1317.0928,0.05746,8.86361,0.99602
1317.1129,-0.57702,9.30176,0.83800
1317.1370,0.91222,8.60502,-0.76138
1317.1543,1.51318,10.09426,0.54589
1317.1740,1.03912,9.11022,-0.95053
1317.2083,0.53632,9.19162,1.89148
1317.2124,0.58899,9.16768,2.45174
1317.2329,0.88588,9.84765,0.39984
1317.2550,0.44534,10.40073,0.99602
1317.2727,-0.02155,10.17567,0.25858
1317.2930,-0.90264,9.72794,-0.56265
1317.3182,1.51079,9.72315,-0.64167
1317.3367,0.66321,8.17405,-1.12052
1317.3524,-0.25858,10.71199,-1.04869
1317.3751,-1.26897,9.60344,0.42139
1317.3925,-0.40703,9.52921,-0.03591
1317.4138,0.56744,8.44461,-1.59938
1317.4381,-0.87152,9.97455,0.04310
1317.4696,-0.73265,10.00089,1.14207
1317.4857,-0.43815,10.62340,2.00161
1317.4963,1.10855,9.07670,-0.53632
1317.5154,0.69434,9.81413,-0.65843
1317.5372,-0.70152,10.73114,0.96250
1317.5592,1.61135,9.68245,1.07024
1317.5770,1.56346,9.27303,1.16122
1317.6124,0.33520,10.21637,-0.39506
1317.6320,-1.55149,10.53720,1.70712
1317.6334,-1.48924,10.42228,2.20992
1317.6534,0.58181,9.31133,-0.09098
1317.6758,-0.32562,8.87797,-0.32802
1317.6931,-0.08859,9.93385,0.46449
1317.7133,0.48843,9.18923,0.87391
1317.7358,0.80687,8.59784,-1.09418
1317.7534,0.57463,8.87318,-0.89785
1317.7733,0.06943,9.21556,0.08141
1317.7949,1.22108,8.93783,0.88828
1317.8127,1.35516,9.80695,-1.25460
1317.8329,0.01915,9.28260,0.13169
1317.8557,-0.62969,11.06634,0.81884
1317.8730,0.22027,9.61062,-0.31604
1317.9032,0.49083,10.46059,-1.86753
1317.9160,-0.94574,10.09426,-0.15802
1317.9351,0.00958,9.86681,2.01119
1317.9534,0.72547,8.80614,-0.35435
1317.9796,-0.43576,9.34485,0.68476
1317.9971,-0.56744,9.46936,1.63768
1318.0328,0.44773,8.82290,1.49882
1318.0491,1.13728,9.01923,0.04070
1318.0533,0.13647,8.74389,0.91701
1318.0734,-0.05028,8.36799,2.28893
1318.0956,1.38389,9.20838,0.43815
1318.1147,0.81166,10.63537,0.16760
1318.1354,-0.67997,10.30496,0.61293
1318.1577,0.01915,10.11821,-0.58899
1318.1775,-0.02394,10.48453,-0.07183
1318.1935,-0.35435,10.20440,0.98405
1318.2157,-0.19633,10.45340,1.06306
1318.2330,0.22267,10.21398,0.16520
1318.2535,0.52195,10.18046,-0.04310
1318.2778,-0.45491,10.16370,0.49322
1318.2980,0.30407,10.25947,-0.04789
1318.3307,0.23703,10.73353,0.27295
1318.3351,0.63688,10.55636,-1.21869
1318.3534,-0.29450,9.10064,-0.11971
1318.3734,-1.42699,11.39914,-1.21629
1318.3975,1.64487,8.98571,-1.58740
1318.4152,1.51318,8.74389,-1.32164
1318.4352,-0.07662,9.70400,1.15404
1318.4700,1.14686,10.41031,-0.77096
1318.4733,1.06306,9.90990,0.50519
1318.4934,-0.52435,11.02085,0.76617
1318.5156,0.77575,7.74069,1.34319
1318.5352,0.67519,10.20919,-0.38548
1318.5532,0.79011,8.33447,-1.66642
1318.5951,-0.55787,9.91230,1.45332
1318.5955,-0.52195,9.86681,0.46449
1318.6138,0.49083,9.57471,-0.02634
1318.6356,0.40942,10.57312,0.29689
1318.6570,1.26178,9.52921,0.13408
1318.6744,2.09499,9.33288,0.95771
1318.6965,0.72786,10.63058,0.36632
1318.7150,-1.14207,10.35284,2.68877
1318.7461,-0.28492,11.75589,0.66561
1318.7562,1.10376,10.57072,0.03831
1318.7734,0.07662,10.01046,-0.74701
1318.7933,-0.22506,9.64174,0.20591
1318.8171,-0.41421,9.83329,-1.07982
1318.8346,0.06704,10.18046,-0.78053
1318.8549,1.60416,8.04955,1.02714
1318.8817,0.19394,8.81811,0.31365
1318.8966,0.66321,9.66808,0.06704
1318.9147,0.37590,10.72396,-0.99123
1318.9354,-0.96489,10.84606,0.59617
1318.9532,-0.91940,11.40393,2.15964
1318.9749,-0.58420,9.59625,0.46928
1318.9971,-0.16281,9.88117,1.67120
1319.0151,-1.12291,9.42865,2.32724
1319.0338,-1.29530,9.21078,1.21390
1319.0555,1.38150,8.91628,-1.86753
1319.0734,0.92658,9.95061,-1.61374
1319.0936,0.41421,9.59146,0.36393
1319.1161,0.36393,6.97213,0.88828
1319.1335,0.90025,7.21395,-1.57783
1319.1572,1.36234,10.82452,-0.31126
1319.1766,-0.28731,10.56594,-0.08859
1319.1935,0.75180,12.10067,0.08380
1319.2136,0.38069,10.08947,-0.03831
1319.2358,-0.34238,9.75428,0.49801
1319.2537,0.12211,9.61301,2.20752
1319.2748,0.45252,8.66967,0.69195
1319.3057,0.71110,8.29616,0.38548
1319.3132,1.13967,9.81413,-1.37910
1319.3330,-0.54829,9.34725,1.24742
1319.3553,0.83081,10.59227,-0.78293
1319.3732,0.33999,9.17486,0.59139
1319.3934,-0.47407,9.79737,0.33759
1319.4163,-0.67997,9.15331,1.66163
1319.4381,-1.72867,11.49970,-1.17798
1319.4530,-1.11573,10.77184,2.04232
1319.4753,-0.87391,9.10782,0.15563
1319.4929,0.22746,10.01765,-0.38308
1319.5129,0.10056,10.28102,0.01676
1319.5353,-0.00239,10.42707,-0.67279
1319.5541,0.76138,10.46537,0.54350
1319.5795,-0.57941,11.01127,0.52435
1319.5947,-0.33280,10.24989,1.17798
1319.6122,0.42379,10.83170,-0.53632
1319.6323,1.01278,8.55714,0.00000
1319.6544,-0.19154,10.48213,0.75180
1319.6724,-0.29210,10.20679,2.50202
1319.6921,0.87152,9.78301,0.78772
1319.7157,0.45491,8.98811,0.11732
1319.7323,-0.08380,9.60583,-1.25460
1319.7524,0.39745,9.48612,0.52195
1319.7745,0.86673,9.28260,0.62730
1319.7922,0.78293,9.49809,-0.08141
1319.8135,0.58660,9.76146,-0.78772
1319.8353,-0.31844,9.56273,0.19872
1319.8534,0.02873,9.71836,2.01598
1319.8766,1.35516,9.65611,0.99602
1319.8976,1.01757,9.27063,-0.56505
1319.9147,0.50040,8.68403,-0.62012
1319.9344,-0.63688,9.68963,1.61853
1319.9576,0.27774,8.64573,0.01915
1319.9747,-0.22267,10.67847,0.83081
1320.0028,-0.65603,9.87878,0.03113
1320.0222,-1.57783,9.54358,0.85476
1320.0344,-1.08940,10.08469,1.19474
1320.0543,-1.15883,10.24510,1.45811
1320.0767,-0.33520,9.92188,-1.32403
1320.0953,1.19235,9.68724,0.58899
1320.1155,0.82842,9.20120,-0.53632
1320.1462,0.00479,9.85723,0.86433
1320.1542,0.38787,10.01765,0.20112
1320.1736,0.44055,10.46059,0.91222
1320.1964,0.93377,9.98891,0.57223
1320.2141,0.34956,9.45978,1.07982
1320.2346,0.62012,9.29697,-0.93616
1320.2720,0.12690,9.23232,-0.54350
1320.2833,-0.30647,10.44383,0.48125
1320.2937,0.00239,9.33528,1.39586
1320.3168,0.95053,9.58668,-0.09098
1320.3344,0.28492,10.01525,-0.04310
1320.3542,0.49322,10.92268,0.35435
1320.3766,0.16760,9.34964,1.03433
1320.3953,0.07183,9.88357,-0.05507
1320.4282,0.07662,9.22993,-0.86433
1320.4371,0.14605,9.62498,0.14366
1320.4546,0.24900,9.06233,1.62092
1320.4749,-0.07662,10.13736,1.00320
1320.4966,0.20830,10.08708,0.03113
1320.5148,0.68716,10.16609,1.36474
1320.5431,0.86194,8.77023,1.47487
1320.5560,0.05746,9.97455,2.48526
1320.5737,0.65603,10.00328,1.97288
1320.5940,0.83081,9.45020,0.79011
1320.6162,-0.22027,10.37679,1.89148
1320.6338,-0.95053,9.61541,1.46290
1320.6550,-0.35196,9.71118,0.28492
1320.6774,-0.72307,8.95938,1.20911
1320.7134,-0.95532,10.12299,-0.36632
1320.7153,0.06704,9.61301,0.43097
1320.7362,0.16760,9.69921,0.06704
1320.7539,0.45731,9.79498,0.44773
1320.7738,0.16999,10.15891,-0.14605
1320.7965,0.09817,10.04159,-0.18675
1320.8140,0.48125,9.49809,0.84997
1320.8378,0.64645,10.74551,0.34717
1320.8561,-0.16760,10.43425,1.20193
1320.8739,-0.46449,9.94342,1.30009
1320.8942,-0.25140,11.06394,0.00239
1320.9175,-0.35435,10.15412,1.51318
1320.9354,-0.00479,10.84846,-0.06225
1320.9554,0.52435,10.21398,-1.67120
1320.9873,0.24182,9.51724,-0.43815
1320.9972,0.22985,9.62259,0.00000
1321.0143,-0.25140,10.55157,-0.71589
1321.0378,-0.12929,10.16848,0.56505
1321.0546,0.07183,9.98891,-0.89306
1321.0762,0.79250,8.91389,-0.54829
1321.0992,0.86912,9.60344,-1.12531
1321.1295,0.94334,9.81892,0.35435
1321.1459,1.58501,9.44541,1.04630
1321.1606,1.51079,9.19641,0.24422
1321.1744,1.11573,9.02402,0.68716
1321.1947,0.79250,9.16768,1.74064
1321.2183,1.14207,9.55076,1.52994
1321.2361,-0.35435,10.36960,1.68078
1321.2563,-0.69434,10.54439,2.80130
1321.2770,-0.41182,9.60104,1.65444
1321.2944,-0.20830,9.96737,0.20351
1321.3149,-0.15802,9.62498,0.64167
1321.3375,-0.33520,10.56115,0.38787
1321.3552,0.27055,9.86441,0.55068
1321.3757,0.46210,9.53161,0.42139
1321.4069,0.96010,9.33767,0.12929
1321.4153,0.98644,9.49091,0.49561
1321.4348,0.54589,9.25627,1.59698
1321.4561,0.24422,10.26665,1.89387
1321.4728,0.17239,9.42147,0.42858
1321.4934,-0.30886,9.37119,0.74941
1321.5160,0.20591,10.05595,0.67997
1321.5356,0.04549,9.79019,1.49163
1321.5533,-0.67279,10.48932,3.63211
1321.5756,0.04549,10.44862,1.67599
1321.5934,0.44773,9.29218,2.30329
1321.6134,0.79490,8.53080,0.86912
1321.6376,0.02873,9.56513,1.69515
1321.6554,-1.10137,11.57632,-0.06225
1321.6774,-0.97926,11.25070,0.98165
1321.6958,-0.28971,9.86681,1.47248
1321.7134,1.20432,8.83248,0.57463
1321.7334,1.19235,9.16289,1.17798
1321.7559,1.12291,7.25465,0.95292
1321.7736,0.22746,11.49252,1.88190
1321.7946,1.54431,10.02483,1.54910
1321.8257,0.50280,9.68724,0.44055
1321.8352,0.62251,10.45101,0.31126
1321.8563,1.42938,7.11339,1.18756
1321.8770,1.01517,8.02800,1.27615
1321.8948,0.56505,10.47256,-0.62491
1321.9147,0.94813,9.74470,-0.56744
1321.9384,0.75659,9.51245,0.21309
1321.9579,0.27534,8.98332,-0.62012
1321.9746,0.84039,9.04557,1.85317
1321.9965,0.88828,8.64094,0.18915
1322.0144,0.62969,10.77903,0.56984
1322.0356,0.10056,10.51087,0.38548
1322.0582,0.33520,10.09666,1.29051
1322.0760,0.63927,10.38636,-0.04070
1322.1057,0.76856,10.34806,0.22985
1322.1166,0.96010,9.62738,-0.39506
1322.1355,0.05507,10.00328,1.62571
1322.1560,-0.38308,8.51165,1.51797
1322.1788,-0.17957,9.15092,1.68796
1322.1960,0.31604,11.36802,-0.53153
1322.2173,0.26576,9.37119,-0.36872
1322.2655,0.29689,8.91628,0.01915
1322.2656,0.45012,10.14694,-0.39506
1322.2759,-0.25140,10.87719,-0.87630
1322.2977,-1.09897,10.85085,1.04151
1322.3158,0.42618,9.56992,-0.59378
1322.3358,0.95532,9.54119,0.94334
1322.3591,1.07742,9.30894,1.05827
1322.3899,0.96489,10.87001,0.24422
1322.3955,0.43576,10.53002,2.24104
1322.4176,0.09338,9.01205,2.98566
1322.4363,-0.24422,10.38636,0.03591
1322.4570,0.27774,9.79019,-0.17957
1322.4795,-0.78532,9.97455,-0.45012
1322.4978,-0.67040,9.73033,-0.17718
1322.5170,-0.00958,9.44781,0.64406
1322.5374,0.03352,8.28898,0.46210
1322.5553,0.78053,10.87719,-0.25858
1322.5771,-0.59857,10.55396,1.36474
1322.6000,0.09338,11.22197,-0.60096
1322.6179,0.72307,9.98891,-1.94176
1322.6377,-0.18436,10.28341,-0.50998
1322.6748,-0.05746,10.04159,-0.12211
1322.6791,0.28013,9.03120,0.70152
1322.6997,-0.46449,10.50847,0.41660
1322.7220,-0.39266,9.48851,-1.09418
1322.7396,-0.16281,9.70878,0.45970
1322.7595,0.10056,10.43186,0.56744
1322.7817,0.38069,9.71357,-1.37910
1322.7994,0.73983,9.99849,-0.41182
1322.8179,0.43815,9.29457,0.78053
1322.8405,-0.05267,9.54119,-0.34478
1322.8600,0.11971,9.83329,-1.26897
1322.8795,0.43097,9.77822,-0.14366
1322.9020,-0.06704,9.47654,0.06465
1322.9197,-0.00718,10.03441,1.94894
1322.9393,-0.32562,11.90673,1.41741
1322.9609,-0.08380,11.26267,1.40783
1322.9780,0.35435,11.05437,0.22985
1322.9991,0.31844,10.85804,0.09098
1323.0206,0.40224,10.26665,-0.24900
1323.0380,-0.07422,9.78301,0.49322
1323.0583,-0.22267,11.22915,-0.98405
1323.0809,0.22506,9.48133,-0.11014
1323.0977,0.34956,9.51485,-0.33759
1323.1177,0.51956,9.98173,0.42858
1323.1421,0.70631,8.63615,-0.18436
1323.1597,-0.06943,9.46696,-0.30168
1323.1801,-0.04310,9.78301,-0.79250
1323.2030,0.63448,10.31214,0.24900
1323.2216,0.87870,9.72554,-0.77096
1323.2382,0.48125,9.65611,-0.61533
1323.2637,0.66800,10.10863,-0.02873
1323.2797,0.34238,10.78142,0.93616
1323.3002,0.60575,10.16848,1.53952
1323.3223,0.54350,10.39115,0.85476
1323.3387,0.86673,7.92026,1.02236
1323.3660,0.76138,10.33848,0.25379
1323.3801,0.02634,9.65850,0.98165
1323.3977,0.07422,9.44781,0.86912
1323.4176,0.70392,9.17486,1.35037
1323.4419,0.76377,9.17007,-0.08619
1323.4595,1.07264,8.14772,0.66800
1323.4800,1.07264,9.64653,-0.95771
1323.5122,-0.06225,10.94184,-0.30407
1323.5229,0.57463,10.00807,-0.81884
1323.5393,0.32083,8.95219,-0.70392
1323.5643,0.83800,10.91789,-1.79092
1323.5800,0.72547,9.72554,1.01517
1323.5999,0.09577,9.36401,-0.03113
1323.6256,-0.35196,11.67688,-0.51716
1323.6445,0.44534,10.30735,1.35516
1323.6630,0.24661,9.72794,0.94095
1323.6823,1.75500,9.76625,0.63688
1323.7003,1.91303,8.94262,1.64726
1323.7205,1.51318,9.60344,1.01757
1323.7432,1.27136,9.77104,0.98644
1323.7618,0.56026,8.94501,-0.06465
1323.7813,-0.45731,11.32253,0.92658
1323.8022,0.81645,10.58988,1.45093
1323.8201,0.66561,9.82131,1.37192
1323.8401,1.60416,8.95938,-1.27854
1323.8625,1.82683,9.18444,-1.15404
1323.8801,1.24981,9.37119,-0.10295
1323.9012,1.69036,9.37359,1.11573
1323.9301,1.51558,9.28260,0.56026
1323.9399,0.56505,10.81973,0.56026
1323.9601,1.42938,10.37200,1.42938
1323.9822,1.35995,9.43344,0.78053
1324.0000,1.14207,9.24190,-1.05588
1324.0201,0.84757,9.28500,0.90264
1324.0426,0.91222,9.68245,0.21070
1324.0762,-0.49083,9.97934,-0.37351
1324.0817,-0.76617,9.69921,-0.06225
1324.1033,-0.71589,9.31612,0.14126
1324.1208,0.34238,9.43105,-0.12929
1324.1410,0.86673,9.11022,-0.96250
1324.1632,-0.97686,10.43425,1.47008
1324.1810,0.70392,10.11342,1.49163
1324.2034,2.02795,7.86759,0.39984
1324.2229,0.42379,10.85564,-0.14366
1324.2405,0.65124,8.80854,0.77814
1324.2606,0.58660,10.77663,0.14605
1324.2825,0.88109,11.11901,-0.98165
1324.3004,1.16122,9.99370,-0.82602
1324.3202,0.18915,9.24908,2.23386
1324.3424,-0.05267,10.41031,2.20992
1324.3601,0.50759,8.17166,0.70871
1324.3802,1.07503,9.52921,-0.73504
1324.4027,0.50040,9.08148,0.49322
1324.4203,0.62251,8.56672,0.97926
1324.4402,0.05746,9.18683,0.53632
1324.4629,0.90743,9.78061,-1.33601
1324.4850,0.67279,8.75586,0.05507
1324.5005,-0.43815,9.70878,0.33280
1324.5228,0.34238,11.18605,-0.54350
1324.5439,0.82842,10.89395,-0.57223
1324.5604,0.36632,10.43186,-1.01038
1324.5873,-0.22746,8.77023,0.87630
1324.6268,0.65124,9.95779,0.60336
1324.6271,1.51079,9.32570,-1.04630
1324.6483,-0.75420,9.69681,1.23066
1324.6608,-0.46688,10.27144,-0.61054
1324.6816,0.84997,10.94423,-1.04869
1324.7037,0.22267,9.99610,-0.32562
1324.7222,-0.28252,10.48453,0.46928
1324.7423,0.20351,9.62498,1.06066
1324.7653,1.17559,9.28979,-1.09179
1324.7814,0.46449,10.06793,-0.23224
1324.8005,-0.94574,11.05676,-0.11732
1324.8232,0.45252,11.04958,-0.96250
1324.8408,0.68476,9.57710,-1.09179
1324.8624,-0.46449,9.83089,0.00000
1324.8859,-0.10295,9.61541,1.53952
1324.9053,0.81645,10.30017,-1.80049
1324.9211,0.33759,10.61861,-0.90982
1324.9431,-0.20591,9.91469,0.02873
1324.9606,0.83800,8.84924,-0.68476
1324.9824,1.13728,9.88117,-2.09260
1325.0031,0.09338,10.44383,1.43178
1325.0375,-0.75659,9.94821,1.86035
1325.0420,0.18915,10.53002,-1.05348
1325.0634,-0.17718,10.60424,0.28252
1325.0808,-0.77096,10.65692,0.68476
1325.1006,0.49322,10.18285,-0.10056
1325.1249,-0.45252,9.99131,-0.33520
1325.1422,-0.45731,10.60903,0.42379
1325.1620,-0.16281,10.22595,1.41262
1325.1935,1.47008,10.49411,-0.81166
1325.2028,0.81884,9.04078,-1.72867
1325.2208,0.29928,9.68005,1.57064
1325.2449,1.77895,9.87160,-2.65046
1325.2621,0.83321,11.48294,0.70392
1325.2823,-1.01278,11.25070,1.59219
1325.3051,-0.28492,9.82610,0.64885
1325.3245,0.38548,9.14374,-1.81965
1325.3416,-1.06545,9.11740,0.22746
1325.3625,-0.36872,9.26824,0.21070
1325.3838,0.90982,8.94980,-0.59378
1325.4042,-0.11971,10.45819,-0.69434
1325.4270,-0.08141,10.60185,-0.09098
1325.4603,0.83560,10.02243,-0.32323
1325.4736,2.36794,8.50925,1.26657
1325.4855,1.42459,10.55636,0.93137
1325.5002,-0.20112,8.61221,-0.21788
1325.5216,0.38308,11.63139,-2.46371
1325.5442,0.26337,9.39513,0.95292
1325.5620,-0.36872,10.39834,1.31446
1325.5848,-1.77176,10.19243,0.73025
1325.6105,-0.72547,10.00567,-3.30649
1325.6241,-0.79969,8.23631,1.13728
1325.6404,0.05986,10.82212,1.83641
1325.6625,0.16042,9.62020,1.01757
1325.6803,2.15245,9.24190,-2.63370
1325.7004,0.18675,11.67448,0.21548
1325.7227,0.46210,10.37200,-2.54511
1325.7408,0.58420,8.29377,-1.75979
1325.7606,0.23464,10.18046,-1.76697
1325.7828,-0.59857,10.55157,-1.39347
1325.8004,0.14126,10.15891,1.00081
1325.8206,0.68237,9.31852,-1.67360
1325.8430,-0.06704,10.21398,0.09098
1325.8649,-0.31604,10.64255,1.37431
1325.8833,1.61614,9.70400,0.44773
1325.9030,-0.30886,10.80776,0.19872
1325.9204,-0.22027,9.05515,1.08461
1325.9406,-0.14126,9.44541,1.38389
1325.9629,1.15404,10.06553,-1.02714
1325.9856,2.14288,10.45101,-0.64406
1326.0021,0.73025,10.19003,0.61772
1326.0370,-0.62012,9.83089,1.61135
1326.0400,0.61772,9.67287,1.01038
1326.0602,1.26418,9.09106,0.51956
1326.0824,-0.93616,9.28500,1.08221
1326.1002,-1.20911,11.38238,1.52036
1326.1201,-1.20671,10.99930,0.27295
1326.1440,-0.58660,11.07113,-1.56107
1326.1757,0.85476,9.04318,-1.87951
1326.1810,-0.16999,10.01046,1.91781
1326.2028,0.44773,9.81653,0.67997
1326.2203,0.78532,9.80695,0.09338
1326.2406,0.86912,8.45658,-1.15643
1326.2627,0.10535,9.26345,0.20351
1326.2808,0.79969,9.24190,1.03672
1326.3010,1.15883,9.54837,-0.11732
1326.3225,0.39506,9.44781,0.06465
1326.3402,-1.15165,9.73991,-0.40224
1326.3602,-1.20432,9.47654,1.41980
1326.3826,0.39266,9.65132,-0.63448
1326.4004,0.09098,10.37439,-0.80926
1326.4242,-0.17478,9.84765,-0.81166
1326.4576,-0.75899,10.30496,0.63448
1326.4604,0.08859,9.04796,1.78373
1326.4803,0.46928,9.31612,0.29928
1326.5024,-0.54589,9.82610,0.01437
1326.5214,-0.80926,10.33848,1.05827
1326.5417,-0.36872,9.36161,1.66642
1326.5645,1.11334,8.94022,0.29450
1326.5830,0.25140,9.82850,-0.67279
1326.6006,-1.38389,8.95698,-0.05746
1326.6226,-1.96809,10.05117,0.55068
1326.6400,-0.36393,9.87399,0.67519
1326.6602,-0.60815,10.00567,-1.40065
1326.6865,-1.39347,11.14774,1.49163
1326.7314,-1.19714,9.48133,-1.62092
1326.7316,-0.61533,11.09028,-1.17559
1326.7454,-0.05507,11.64096,-1.09897
1326.7601,0.39745,9.96976,-0.16281
1326.7802,0.75180,8.55953,0.11971
1326.8026,0.55308,8.90670,0.44773
1326.8201,0.26098,9.49809,0.11493
1326.8510,1.44854,9.25866,1.45093
1326.8701,0.37830,10.54199,1.82923
1326.8805,-2.84200,12.06236,-0.70152
1326.9009,-0.31365,9.87878,1.21390
1326.9231,-0.75899,9.76625,-1.12291
1326.9404,2.54511,9.46936,-1.67120
1326.9606,1.89387,9.04557,-0.14366
1326.9850,-1.30488,10.07271,2.18597
1327.0043,0.03352,9.81653,-0.12690
1327.0204,-0.95292,10.51087,-0.71349
1327.0425,-0.98405,11.13577,-1.02714
1327.0616,-1.19474,10.78621,0.95532
1327.0804,0.51716,6.74946,1.27854
1327.1028,1.26897,8.04716,1.19474
1327.1204,-0.11732,8.21715,-0.46928
1327.1510,-1.47727,9.88596,-1.18517
1327.1621,0.18675,10.02483,0.02394
1327.1802,0.11971,9.33049,-1.33122
1327.2018,-0.29210,8.54517,0.15563
1327.2240,-0.53632,9.59386,0.87152
1327.2410,0.06225,9.24908,0.98165
1327.2623,1.39586,10.58748,-0.78053
1327.2924,0.20830,10.54918,2.03034
1327.3004,-2.33921,10.96817,0.43815
1327.3201,-3.01439,9.74470,1.36953
1327.3424,-2.38470,8.93064,1.96331
1327.3616,-2.25780,9.56034,-1.81007
1327.3800,2.19794,7.65450,1.89627
1327.4049,1.38868,8.23870,-3.52437
1327.4255,0.44773,9.90512,-3.77817
1327.4420,0.62251,7.13733,4.14210
1327.4639,-2.14288,9.18444,-0.66800
1327.4802,-0.31604,7.89632,2.83243
1327.5001,-0.63688,11.32971,-0.07422
1327.5243,-2.08302,11.49012,1.31685
1327.5636,0.60336,8.85642,-4.81489
1327.5640,4.24505,8.90431,-3.39029
1327.5833,-0.52195,10.91311,-0.07901
1327.6003,3.73746,8.74629,-2.61215
1327.6204,4.75503,9.62020,-1.21629
1327.6436,-0.13887,11.35365,-0.33280
1327.6615,1.01517,10.95620,-0.44294
1327.6818,0.55787,10.22595,1.44375
1327.7137,-0.25140,11.28661,-1.15404
1327.7197,0.13647,9.37359,0.05986
1327.7418,-0.61054,10.90353,-0.23464
1327.7616,0.41182,9.69442,-0.56505
1327.7802,-0.73025,10.21158,-0.87870
1327.7998,-1.44614,9.78301,1.32882
1327.8217,-0.78532,9.96737,1.83401
1327.8392,0.34478,8.90431,0.32802
1327.8595,0.18675,10.36960,-0.36872
1327.8833,-0.64885,9.45260,1.34798
1327.8993,0.28971,10.00089,-0.04310
1327.9197,0.86433,11.12859,-0.10295
1327.9419,-0.46449,10.66171,0.50280
1327.9595,-0.32562,10.19482,0.66082
1327.9882,0.36154,10.76705,0.50040
1328.0022,0.68716,10.04159,1.13010
1328.0199,-0.13408,10.60664,0.64406
1328.0398,0.27055,9.66329,1.14446
1328.0641,0.93377,9.93624,0.73265
1328.0814,0.22746,8.96177,1.88908
1328.1018,0.40942,10.50368,-0.89785
1328.1377,-0.56505,8.80854,1.25939
1328.1409,-0.84278,9.89314,-0.48125
1328.1682,0.50759,9.89314,-1.19235
1328.1826,0.22985,9.82371,-0.84997
1328.2000,-0.15563,8.94980,0.06943
1328.2214,0.83560,9.18683,0.29928
1328.2437,0.89546,9.24669,-1.26418
1328.2670,-0.29928,9.42865,0.93377
1328.2803,0.06943,8.89473,1.42459
1328.3022,0.56265,9.10064,0.58660
1328.3199,0.90743,9.96737,-0.12929
1328.3411,-0.28731,9.75906,0.64167
1328.3634,0.39266,9.66090,0.56265
1328.3972,0.31844,11.30577,-0.38308
1328.4124,0.10056,8.81333,-0.29210
1328.4227,-1.25460,10.49650,1.45811
1328.4399,-0.07901,9.39513,0.37351
1328.4596,0.50040,9.40711,-1.15643
1328.4822,-1.02954,8.88755,0.56505
1328.5016,-0.01915,9.16768,1.87711
1328.5217,0.84518,8.42545,0.76377
1328.5569,-0.09338,9.34246,0.25140
1328.5613,-0.69913,9.26105,1.37671
1328.5798,-0.44294,8.68643,0.78293
1328.6022,0.11971,10.22355,-0.39984
1328.6198,-1.17080,9.96258,0.33759
1328.6398,-1.63529,10.02722,0.60575
1328.6638,-0.20112,10.49650,-0.45012
1328.6825,0.17239,9.95300,-1.15643
1328.6998,-0.79250,10.22116,0.43097
1328.7222,0.31844,10.13018,0.17478
1328.7401,0.58899,9.54597,-0.94813
1328.7603,0.20351,9.65850,-0.21309
1328.7822,0.29450,10.24031,-0.15323
1328.8003,1.41980,8.83727,-0.61772
1328.8246,1.47008,9.28739,-1.36474
1328.8420,-0.46688,9.06712,0.69195
1328.8596,0.85476,9.67287,0.25858
1328.8810,1.69036,8.79178,-1.61614
1328.9033,-0.44534,10.47256,0.39745
1328.9240,-0.59617,10.76227,1.05827
1328.9417,0.25619,9.76625,-0.13169
1328.9709,-0.64885,10.52763,-0.55787
1328.9924,-0.84518,11.03282,1.58980
1328.9999,0.68237,10.82691,-0.34478
1329.0220,0.05267,10.07511,-0.38308
1329.0397,-0.73744,10.60424,1.30967
1329.0598,0.38308,8.33926,0.24900
1329.0818,-0.21788,9.37359,0.74462
1329.1129,-0.42858,9.61541,0.49322
1329.1199,0.27055,9.50527,0.25619
1329.1421,0.62491,9.90512,-2.04950
1329.1597,-0.29450,9.53161,0.44773
1329.1810,0.18436,9.26584,1.14207
1329.2035,0.62730,9.37598,-0.60575
1329.2212,-0.38787,10.06314,-0.05746
1329.2411,-1.29291,9.60583,0.68476
1329.2615,-0.22985,9.91948,-1.01517
1329.2833,-1.30727,10.16370,0.43336
1329.3014,-1.26897,10.79339,1.79810
1329.3256,0.33041,8.83487,-0.39984
1329.3412,-0.22027,9.85005,-1.30488
1329.3804,0.38308,7.97294,0.79250
1329.3954,0.77814,8.99290,-2.31526
1329.4000,0.56505,9.42626,0.29210
1329.4197,-1.11573,9.62738,1.59698
1329.4418,-0.92898,11.32731,-0.11732
1329.4597,-0.20351,10.74311,0.34956
1329.4797,0.28492,9.77343,0.57463
1329.5020,0.59857,10.34327,0.26098
1329.5220,0.25619,10.43425,0.24422
1329.5392,0.50998,9.10782,1.23305
1329.5616,1.12770,10.62579,-1.54191
1329.5795,0.45012,9.01444,2.11893
1329.6034,1.30488,9.47654,0.14366
1329.6244,-0.14126,9.03839,-0.57223
1329.6440,-0.29689,10.59706,1.76219
1329.6620,-0.14126,10.11102,1.24502
1329.6831,0.52674,11.05437,-1.22587
1329.7006,0.79969,10.50608,0.27774
1329.7206,0.99362,8.48292,1.07982
1329.7430,0.90264,9.00726,1.39826
1329.7618,-0.55308,11.60744,0.53871
1329.7819,1.01996,9.22275,-0.15802
1329.8160,-0.71828,9.03360,0.74462
1329.8202,0.11493,10.90592,1.99204
1329.8408,0.37111,9.77343,0.75420
1329.8623,-1.15643,10.54678,1.06545
1329.8809,-0.08859,11.24112,0.13647
1329.9010,0.43097,9.55555,-2.50202
1329.9242,-0.42139,10.59706,0.86912
1329.9430,0.23703,9.79019,-0.62251
1329.9611,-0.04789,9.18204,-0.73744
1329.9827,-0.44294,9.99370,0.09817
1330.0005,0.66561,9.36880,-0.62730
1330.0203,0.15802,9.44063,-1.30249
1330.0443,0.42618,9.75188,-0.70392
1330.0620,1.00560,9.64893,-0.56265
1330.0900,-0.02155,9.79258,0.13647
1330.1025,0.92180,9.00247,-0.28492
1330.1206,0.05028,10.08229,-0.87630
1330.1406,-0.31365,9.47654,1.76458
1330.1628,0.99602,9.82850,0.14605
1330.1805,0.39027,10.36482,0.29689
1330.2003,-0.33999,8.22433,1.04390
1330.2229,0.66082,9.72076,-2.07584
1330.2401,0.64645,9.99610,0.14605
1330.2612,-0.22746,9.23951,2.00401
1330.2869,0.68955,9.19402,-0.53632
1330.3036,0.25858,9.37598,-0.65843
1330.3438,0.18675,9.33288,1.68078
1330.3621,0.90504,9.57231,-0.54829
1330.3632,0.94574,9.71597,-0.98405
1330.3812,-0.29450,10.69044,0.27295
1330.4036,-0.31365,10.80536,-0.95053
1330.4226,0.50040,8.77502,-1.40783
1330.4429,-0.86194,9.17247,1.14686
1330.4639,0.62491,9.69202,-0.03113
1330.4814,1.16601,7.86759,-0.37111
1330.5024,-1.35037,10.51565,0.69195
1330.5249,-0.22506,10.92508,-0.67997
1330.5430,0.20112,10.18285,-0.73265
1330.5634,-0.24661,9.31852,1.46290
1330.5858,0.50040,8.76065,0.86912
1330.6058,0.96729,9.68963,-0.47167
1330.6270,0.04789,10.39594,0.68237
1330.6445,0.52195,9.80455,1.69515
1330.6627,0.56026,11.05916,0.54350
1330.6821,0.30647,10.67847,-0.76617
1330.7030,-1.22347,10.70480,1.11334
1330.7227,-0.05986,9.24430,0.92180
1330.7428,1.24981,9.56513,-1.22587
1330.7770,-0.33999,9.41429,0.99602
1330.7838,-0.63448,9.44063,0.52195
1330.8038,1.71909,8.94501,0.52195
1330.8257,0.91701,9.09106,-0.37111
1330.8433,-0.05986,9.41189,2.10696
1330.8640,-0.83800,10.71917,2.05189
1330.8978,0.96250,10.14454,-0.47167
1330.9105,-0.32083,10.32411,-0.55547
1330.9218,-0.97686,10.28820,1.13489
1330.9441,0.34238,9.75906,-0.29450
1330.9615,0.19872,9.35204,-0.85236
1330.9827,-0.15084,9.03360,-1.24742
1331.0044,-0.93856,10.69523,0.05028
1331.0233,-0.34956,11.06634,-0.99841
1331.0432,0.53153,10.06793,-0.57463
1331.0658,-0.51477,10.53960,-1.05109
1331.0819,-0.56744,10.13018,-0.01437
1331.1019,-0.56984,10.22595,-0.07183
1331.1237,0.55787,10.23074,-1.98007
1331.1442,-0.26337,9.67048,0.86673
1331.1622,-1.12052,9.32331,2.57385
1331.1948,0.53153,9.59625,0.02873
1331.2028,0.03591,9.16768,-0.48604
1331.2230,-0.81884,8.94740,1.17080
1331.2455,-0.44294,9.06233,0.72786
1331.2631,0.10774,9.39992,0.42618
1331.2831,0.33041,10.42946,-0.00479
1331.3069,0.45731,9.35922,1.79092
1331.3245,-1.31446,10.38158,1.19714
1331.3431,-0.04310,10.97296,0.64885
1331.3654,0.33520,9.50767,0.19394
1331.3829,-0.47646,9.80455,-0.13169
1331.4016,-0.91461,9.24669,1.72867
1331.4255,-1.82204,10.15891,-0.99123
1331.4446,-0.94574,11.69124,-2.13330
1331.4752,0.46688,8.09744,0.59857
1331.4854,0.23464,9.29218,0.26337
1331.5032,0.88109,9.14852,-1.16122
1331.5232,1.97767,8.90431,-1.27854
1331.5455,0.50759,8.84445,-0.00479
1331.5632,-0.43815,10.62100,1.04630
1331.5856,-0.75420,9.68724,0.88828
1331.6216,1.06545,10.40552,-1.74782
1331.6227,0.10295,10.12539,-0.62491
1331.6449,-1.45811,9.88117,1.09179
1331.6650,-2.18118,10.45819,3.39987
1331.6830,-0.47885,9.76146,0.95053
1331.7029,0.71349,9.89075,-0.05507
1331.7269,0.63688,8.68164,1.26178
1331.7454,0.31365,8.17405,1.27854
1331.7650,1.05348,8.06392,-0.87630
1331.7853,0.37590,8.57869,-0.42379
1331.8033,0.53632,8.99290,-1.47487
1331.8229,-0.09338,8.69601,0.35675
1331.8438,-2.36794,12.41432,2.95693
1331.8640,-0.09577,11.60744,-2.00161
1331.8929,3.51001,9.55316,-1.91542
1331.9038,1.24263,10.24031,-2.21949
1331.9219,-1.01996,10.63297,3.19875
1331.9412,-0.38548,10.63297,2.43737
1331.9639,1.37910,8.78459,2.59061
1331.9825,-0.72786,13.61624,-3.66085
1332.0026,-1.08461,7.75745,6.02878
1332.0388,1.42220,19.30983,-2.41822
1332.0428,0.69913,8.54996,5.86358
1332.0613,-1.01517,13.43906,-3.12213
1332.0839,-0.07422,9.44541,1.69515
1332.1040,-0.34478,9.69921,0.11253
1332.1239,-0.39745,8.38715,0.87152
1332.1464,-0.41660,9.98173,-0.48364
1332.1792,-1.00799,9.77343,1.24263
1332.1849,0.13169,9.51964,0.26816
1332.2054,1.32164,9.27781,-1.02954
1332.2250,0.62251,9.44063,-0.85954
1332.2446,-0.40942,8.51165,0.44773
1332.2695,-0.32562,8.81093,0.74701
1332.3137,-0.22506,8.74629,1.35995
1332.3138,-0.91940,10.62579,0.63209
1332.3256,-1.45093,10.63297,2.01598
1332.3429,-1.15165,8.97614,-0.23943
1332.3625,-1.11813,10.04398,0.36393
1332.3854,-0.62251,9.97934,0.70392
1332.4045,-0.22027,10.40552,0.54589
1332.4215,0.81405,9.94103,-0.13408
1332.4474,-0.77096,10.68565,1.77176
1332.4629,-1.28333,10.12778,2.54272
1332.4824,0.16042,10.62100,0.07422
1332.5065,-0.13647,9.64414,1.36953
1332.5243,-0.58899,10.10623,0.37590
1332.5469,-0.59139,9.82371,0.74462
1332.5822,0.50519,9.83568,0.97208
1332.5833,-0.11014,10.56594,0.59857
1332.6029,-0.24661,9.49809,-0.11971
1332.6256,-0.69913,10.09426,1.01757
1332.6431,-0.74941,9.01444,0.42858
1332.6628,-0.51237,9.44781,-0.79729
1332.6854,-0.12929,10.87958,-0.77814
1332.7098,0.74701,8.91867,-1.14446
1332.7223,0.07662,10.52523,-0.28492
1332.7450,-0.56505,10.52523,0.72786
1332.7622,0.38787,8.84445,1.06785
1332.7825,1.02954,10.29778,-0.31365
1332.8066,0.72547,9.29218,0.19633
1332.8263,0.26576,10.08947,-0.64645
1332.8438,0.28731,10.17806,-0.29210
1332.8627,1.16362,10.15172,-0.75899
1332.8815,0.67279,9.77343,0.49322
1332.9015,0.28013,9.36401,-0.72068
1332.9236,0.29210,9.26824,-0.69195
1332.9425,0.41182,9.65132,-0.97926
1332.9625,0.93616,8.68164,0.70871
1332.9915,1.82204,9.22514,-0.88349
1333.0029,1.18995,9.40232,-0.33041
1333.0210,-0.18196,9.74709,1.02714
1333.0442,-1.06066,11.00648,0.41182
1333.0632,-1.01757,10.71199,1.82683
1333.0833,0.37351,10.32172,0.79490
1333.1221,0.58660,10.10145,1.28094
1333.1370,-0.35914,10.60903,0.71110
1333.1448,-0.45970,10.45340,0.58420
1333.1665,0.94574,9.27303,0.85236
1333.1835,0.75899,9.11500,1.04630
1333.2035,0.84518,9.73033,-0.07422
1333.2491,-0.06943,10.16848,-0.27055
1333.2495,-0.51716,9.88596,0.63448
1333.2638,-0.65364,9.50527,1.07503
1333.2859,0.52674,9.27781,0.31365
1333.3054,0.30168,10.13496,0.87391
1333.3235,0.15323,9.00966,0.17239
1333.3475,-1.08700,9.87399,0.24900
1333.3634,-0.44294,10.95620,0.35914
1333.3934,0.57463,9.72554,0.84757
1333.4056,0.23464,10.67847,-0.22985
1333.4252,0.72307,10.05356,-0.60096
1333.4435,0.64406,9.67526,-1.02954
1333.4648,0.77335,9.74709,-0.31126
1333.4823,0.05986,8.22673,-0.47167
1333.5029,-0.55547,9.52682,-0.96250
1333.5243,0.20830,10.68565,-0.59139
1333.5425,-0.76138,9.44302,1.55867
1333.5631,0.23943,9.18444,-0.05746
1333.5862,-0.02155,9.11740,0.67758
1333.6040,-0.33280,10.74072,0.42139
1333.6240,0.33999,8.88755,1.74064
1333.6652,0.20351,8.89713,1.27615
1333.6765,0.47646,8.75826,0.61533
1333.6842,0.67279,10.08229,0.45252
1333.7069,0.13408,10.46298,0.38787
1333.7244,1.07264,9.10064,0.56026
1333.7445,0.79729,9.84286,0.67519
1333.7687,1.66163,9.87160,-0.47167
1333.8041,1.91063,9.01684,0.56984
1333.8199,1.07982,9.49809,0.67040
1333.8265,0.21070,11.02564,0.36632
1333.8444,0.02155,9.77822,0.68476
1333.8630,-0.11493,9.25387,0.48604
1333.8845,0.20830,10.47016,0.80448
1333.9033,0.78293,8.60981,1.71191
1333.9250,1.20432,9.44781,0.28731
1333.9606,0.44294,10.55875,0.49322
1333.9650,0.58899,9.89793,0.47167
1333.9829,1.29530,9.56273,1.19474
1334.0061,0.77814,11.31774,0.90504
1334.0231,0.90264,9.06951,0.91940
1334.0432,1.13967,9.23472,-0.99362
1334.0853,-0.04070,10.01286,-0.60336
1334.0980,0.27295,9.54119,1.65444
1334.1030,-0.84278,10.24031,-0.70631
1334.1240,-0.97208,11.14535,-0.65364
1334.1429,-0.21070,7.79815,1.19714
1334.1627,-0.47407,10.04398,1.60177
1334.1851,-0.13408,9.31612,0.46688
1334.2261,-0.34717,10.37200,0.68716
1334.2294,-0.32562,10.49889,0.24900
1334.2512,-0.22746,11.28661,0.87870
1334.2653,0.32562,8.74150,-0.48364
1334.2856,0.56744,9.58428,-1.08940
1334.3076,1.35037,7.69280,-0.68955
1334.3258,1.24981,8.92107,0.10535
1334.3457,0.59617,9.67526,0.49083
1334.3739,0.51477,10.54199,-0.00718
1334.3859,0.17957,10.26186,0.09577
1334.4054,0.26576,9.47415,1.99683
1334.4275,0.45491,9.64414,1.82923
1334.4465,-2.48047,11.18366,1.68318
1334.4691,-0.84997,7.63295,2.59779
1334.5200,1.71909,9.11022,1.21390
1334.5201,1.52276,10.50368,-1.53712
1334.5322,0.36154,9.79019,-1.52994
1334.5472,0.78053,11.39675,-0.21070
1334.5653,0.66800,7.27620,1.19235
1334.5856,-1.41741,11.48773,-1.20432
1334.6080,-1.65923,11.40633,0.69434
1334.6366,0.16520,7.58506,1.25939
1334.6578,0.95771,6.81411,1.87232
1334.6693,0.17957,15.24914,-0.82363
1334.6852,1.30249,11.72716,5.53317
1334.7056,2.60258,10.28820,1.08700
1334.7291,1.53712,9.25387,2.64567
1334.7494,-0.75899,12.25150,1.12291
1334.7861,-0.08380,10.03919,0.43097
1334.8002,-0.27774,11.21957,2.22428
1334.8060,-1.17798,10.52044,3.54592
1334.8253,1.15643,9.24669,1.62092
1334.8473,1.07264,8.97614,0.60096
1334.8654,0.08380,11.12859,-0.91461
1334.8854,0.93616,8.42306,2.34639
1334.9077,1.37431,9.17726,0.16042
1334.9266,0.15084,9.94342,-0.27055
1334.9449,0.45012,8.69361,0.32562
1334.9675,0.16520,12.75430,-1.27615
1334.9854,-0.46688,11.04958,1.47487
1335.0068,-0.88588,10.42946,-0.39984
1335.0294,0.45491,9.87160,1.44375
1335.0468,0.39745,9.11022,-0.81645
1335.0658,0.12690,7.29057,0.43336
1335.0895,1.39586,8.41348,-2.12133
1335.1053,-0.38069,11.06155,1.41741
1335.1251,-0.87391,10.02962,1.37192
1335.1487,1.45332,7.04396,2.11893
1335.1661,0.98165,7.49647,0.32083
1335.1860,-1.24981,8.26982,-1.15883
1335.2178,-0.88109,11.02324,-0.73265
1335.2261,-0.41182,8.43024,-1.52994
1335.2461,-0.02155,10.49411,-1.45811
1335.2682,-0.19154,10.08708,0.94334
1335.2864,-0.06704,11.72476,0.02394
1335.3060,0.25379,9.34725,1.86993
1335.3477,1.08940,10.13975,-0.93616
1335.3638,1.98246,9.72554,1.55867
1335.3665,0.71589,10.76466,0.05267
1335.3883,-0.92658,10.09187,1.27375
1335.4063,-0.97686,11.12859,0.34717
1335.4264,0.32083,8.17405,1.06066
1335.4490,0.15802,9.34007,0.59139
1335.4708,-0.42379,9.90751,0.41421
1335.5015,0.52913,9.53161,1.10855
1335.5081,0.66800,9.26824,1.34798
1335.5258,-0.07422,9.73033,-0.33999
1335.5460,0.23224,10.18764,0.42858
1335.5699,0.53632,9.98413,1.25939
1335.5876,-0.59378,10.77903,-0.32083
1335.6078,-0.50040,10.82930,0.84278
1335.6357,0.15323,10.06553,1.00560
1335.6515,0.33041,9.58189,0.26337
1335.6658,-0.56744,11.01366,-0.20351
1335.6881,-0.28013,9.69202,-0.06225
1335.7073,-0.60575,9.29697,0.88828
1335.7267,-1.05588,9.55795,-0.23703
1335.7484,-0.35435,9.74470,0.26816
1335.7782,0.13408,9.29457,0.13647
1335.7856,-0.70392,9.60344,-0.21070
1335.8099,-0.20830,8.83727,0.49322
1335.8258,-0.33520,10.98014,0.63209
1335.8481,-1.43178,10.40312,0.45012
1335.8704,-1.76458,10.50847,0.20591
1335.9067,0.00718,9.31612,-0.77096
1335.9069,-0.00718,10.90353,-2.09020
1335.9292,-0.63927,11.08310,0.03352
1335.9469,-0.68716,11.45182,-0.86673
1335.9689,0.37111,9.68484,-1.53473
1335.9895,-1.22587,10.49171,0.92419
1336.0070,-1.01278,11.36802,0.83800
1336.0271,1.48445,9.96018,-0.74223
1336.0552,-0.48364,8.27222,0.58181
1336.0665,-0.05746,10.89156,0.51477
1336.0869,-0.84039,10.59227,1.38868
1336.1091,-0.72547,10.91071,0.27534
1336.1270,-0.40703,10.12060,1.26657
1336.1475,0.17239,9.40950,0.85236
1336.1715,0.88109,9.34007,-1.01996
1336.1914,1.05348,9.08627,0.48604
1336.2068,1.04390,9.02881,0.75180
1336.2292,-0.07901,9.76385,-0.09098
1336.2501,1.31925,9.85484,-1.69754
1336.2670,1.17319,9.50767,2.80609
1336.2892,0.94813,9.51006,-1.79571
1336.3069,2.28653,8.97853,2.23625
1336.3359,0.99602,9.60104,-0.04789
1336.3492,0.28013,9.50767,-0.50519
1336.3666,0.26816,10.21637,0.58660
1336.3870,0.27295,9.56273,-0.41182
1336.4095,0.25379,9.01923,0.61533
1336.4272,-0.22746,8.77502,2.27696
1336.4484,-0.61054,11.28182,-0.20112
1336.4836,-0.15323,10.85564,2.98805
1336.4873,-0.22027,10.17806,0.16042
1336.5068,-0.37830,9.48133,0.70871
1336.5304,1.15404,8.86839,1.09658
1336.5499,0.36632,9.95539,1.07982
1336.5685,0.24661,9.81413,0.08859
1336.5936,0.19394,9.94342,0.84278
1336.6096,0.72786,9.27781,-0.92419
1336.6263,0.48364,9.01684,-0.20830
1336.6490,-0.43576,9.50288,-0.55068
1336.6667,-0.36632,10.35524,1.01757
1336.6870,0.63688,10.12060,-0.77814
1336.7092,-0.13887,9.90272,-0.21548
1336.7284,-0.84518,10.95141,-0.20591
1336.7549,-0.35196,9.35204,1.21150
1336.7701,-0.67997,9.31852,1.03433
1336.7864,0.03113,10.16609,1.31685
1336.8083,0.46928,8.80854,0.89785
1336.8291,0.56984,10.14215,0.31604
1336.8466,0.11971,9.20120,-0.79011
1336.8751,-0.11493,8.58348,-0.64645
1336.8896,-0.12211,9.89314,0.06943
1336.9065,0.25140,10.26186,-0.38548
1336.9268,0.30647,10.02722,0.15802
1336.9489,-0.02155,10.08229,0.90982
1336.9666,-0.04310,9.79019,0.34956
1336.9886,-0.16760,10.57791,0.47407
1337.0300,-0.08380,9.52203,0.46449
1337.0302,0.17957,10.32411,-0.27534
1337.0469,0.88588,8.38954,0.35675
1337.0690,1.06306,9.52921,-0.41421
1337.0885,0.34238,10.30256,0.74462
1337.1089,0.51956,10.56833,0.76617
1337.1331,1.38389,9.26105,0.45731
1337.1656,0.70871,8.95698,-0.38548
1337.1827,0.40703,9.90033,-0.01197
1337.1920,0.79490,9.16289,0.90743
1337.2062,0.01915,10.46777,1.07503
1337.2262,0.49561,9.16289,1.80289
1337.2488,0.83321,9.04796,1.15883
1337.2665,0.81166,10.64016,-0.49083
1337.2861,1.22587,9.42147,0.32802
1337.3086,0.56026,9.24430,-0.23943
1337.3259,1.84120,9.27542,0.16760
1337.3452,1.16362,8.96895,0.67040
1337.3677,0.87630,9.76146,-1.19235
1337.3851,0.18436,8.92346,0.79490
1337.4061,0.16281,9.42147,1.07503
1337.4282,1.24742,9.37119,0.61533
1337.4518,0.14605,10.06314,0.47167
1337.4659,-0.23943,10.10623,0.34238
1337.4888,-0.22985,9.88117,0.59378
1337.5055,-0.61293,10.06553,0.48364
1337.5255,0.34478,9.43105,0.28971
1337.5479,-0.01437,10.39594,0.07901
1337.5667,0.70871,9.78301,-0.06465
1337.5922,0.40703,9.01684,-0.22985
1337.6083,-0.65124,10.06074,0.35196
1337.6259,-1.44135,10.25947,0.29689
1337.6460,-0.80208,9.46696,0.98644
1337.6683,-0.47885,10.50368,0.50040
1337.6859,0.36393,8.14293,0.45731
1337.7177,-0.20830,9.94342,0.88828
1337.7349,-0.16520,10.92268,0.20112
1337.7451,0.55787,8.57629,0.72068
1337.7660,0.85715,9.94582,-0.24900
1337.7893,0.21070,10.43425,0.61772
1337.8080,-0.48364,10.07271,0.44055
1337.8281,-0.28252,10.80297,-0.47646
1337.8513,-0.08619,10.85085,-0.12929
1337.8785,0.41182,9.29936,0.68716
1337.8925,0.88828,9.37359,-0.16042
1337.9086,0.26337,9.37359,0.76856
1337.9261,-0.09098,9.30176,-0.30647
1337.9480,0.13887,9.53879,0.32562
1337.9688,0.68716,9.91948,-1.98007
1338.0005,1.68318,7.14930,0.92898
1338.0134,1.93936,9.92188,-1.81247
1338.0291,3.00481,9.70400,-0.57941
1338.0480,0.76138,10.63776,1.72867
1338.0685,-0.83321,10.74311,-0.24422
1338.0923,-0.11971,10.39115,1.22587
1338.1099,0.37351,10.31454,0.50519
1338.1471,0.54589,9.69681,1.11094
1338.1610,1.17559,8.45897,0.26816
1338.1665,0.15802,10.92986,1.02714
1338.1868,0.11014,9.49330,0.17718
1338.2089,0.55787,7.97054,0.03591
1338.2263,1.10376,8.79657,-0.64645
1338.2501,0.59378,8.52841,2.31526
1338.2838,3.61775,10.12539,1.19474
1338.2972,0.76856,8.92107,1.52994
1338.3094,-1.18517,10.22834,0.08619
1338.3312,0.01676,8.32010,1.97528
1338.3470,-0.04789,9.31133,1.47248
1338.3673,0.22506,9.97694,0.21548
1338.3933,0.33999,9.19641,2.18358
1338.4292,1.11813,10.22595,1.09179
1338.4460,0.73744,8.23391,-0.54829
1338.4510,0.57941,9.05036,-0.69913
1338.4672,-0.36872,8.94262,1.38868
1338.4889,-0.91940,9.53879,2.00880
1338.5112,-0.39266,8.74868,1.48924
1338.5272,0.43336,9.37598,-1.07503
1338.5490,0.29689,9.54358,-1.57543
1338.5828,0.14605,10.50129,-1.42699
1338.5875,0.13408,10.14454,0.51237
1338.6074,-0.22027,9.60104,2.09020
1338.6295,-0.27534,9.82610,0.46688
1338.6476,-0.35675,9.92666,0.77814
1338.6678,-0.33520,10.17088,0.00958
1338.7062,-0.05267,9.30894,1.19474
1338.7244,0.85236,8.98571,1.24502
1338.7271,0.19394,8.61699,1.04390
1338.7494,-0.13647,10.06074,0.29210
1338.7672,0.38787,9.51724,0.85476
1338.7896,0.35914,10.07511,-0.08141
1338.8116,0.39027,9.72315,1.45811
1338.8409,0.17718,10.74551,0.00000
1338.8617,-0.28252,9.48133,0.67279
1338.8694,0.14366,10.02004,0.32562
1338.8872,-0.17718,10.40312,-0.11971
1338.9075,-0.13647,10.72875,-0.16520
1338.9296,-0.31844,9.39513,0.35914
1338.9475,0.81405,9.44302,-1.64247
1338.9685,1.10137,8.15729,-0.28731
1339.0005,0.63209,10.21158,-0.61533
1339.0194,0.45731,9.61780,0.45012
1339.0272,0.35435,10.02004,0.23943
1339.0496,0.74223,11.00169,0.25619
1339.0670,0.87870,9.48133,0.52195
1339.0890,0.16760,10.50847,0.55787
1339.1110,0.15323,9.96737,1.11813
1339.1307,-0.01915,9.44302,-0.06465
1339.1484,-0.55787,10.47974,-0.46210
1339.1692,0.05746,10.91311,-0.24422
1339.1893,0.85954,10.12539,-0.38548
1339.2075,0.19872,9.59625,-0.19154
1339.2316,0.52674,9.37119,-0.98405
1339.2689,1.12531,9.37359,0.03113
1339.2690,-0.01197,10.52763,0.83560
1339.2893,0.97208,9.47654,0.88588
1339.3070,-0.76856,13.23555,1.16601
1339.3271,-0.64406,11.55238,-2.75102
1339.3495,0.96250,9.02402,-3.89309
1339.3689,2.39667,10.68565,-1.26897
1339.3971,0.37590,10.37200,0.86912
1339.4110,2.64567,7.43662,-0.21070
1339.4269,1.22826,8.65770,-2.61215
1339.4469,0.99362,9.21556,0.43815
1339.4695,0.30647,8.56193,0.19872
1339.4872,-0.79969,10.25229,1.87711
1339.5068,1.44135,9.61062,-1.15883
1339.5293,2.95932,8.73910,-1.47487
1339.5551,1.36953,10.33130,0.68955
1339.5665,1.67839,8.37039,0.93377
1339.5889,1.65684,10.43425,-2.47329
1339.6057,0.02155,9.29218,1.70472
1339.6260,0.01437,9.24669,0.39984
1339.6482,0.72786,9.17007,1.73585
1339.6680,0.76377,10.43186,0.09817
1339.7017,1.47008,9.79498,-0.70871
1339.7083,0.26337,10.66889,-0.96010
1339.7262,-0.03352,8.30813,2.47089
1339.7478,1.58740,10.39594,-0.04789
1339.7690,0.92180,8.76544,0.09338
1339.7881,0.95532,9.29936,-0.09817
1339.8260,1.36474,8.68164,0.88349
1339.8470,0.63688,10.81733,-0.65843
1339.8472,0.55787,9.32809,0.17957
1339.8667,0.44773,9.59865,0.43336
1339.8888,1.46051,9.55076,-0.40703
1339.9063,1.36234,10.16370,-0.44055
1339.9277,0.91940,8.35841,-0.97686
1339.9644,0.09577,9.73512,0.63448
1339.9749,0.98165,10.38876,-0.50280
1339.9889,0.40942,9.93624,-1.45332
1340.0093,0.62969,9.52203,0.28971
1340.0270,1.30967,8.69122,0.96489
1340.0488,1.44135,8.44461,0.48125
1340.0693,0.54350,9.18444,0.02155
1340.1195,0.13887,9.30655,1.18995
1340.1198,-0.01437,9.85962,1.17798
1340.1348,0.81645,10.05117,0.94334
1340.1471,0.15563,9.79498,0.17478
1340.1672,0.00000,10.03919,1.63529
1340.1914,1.36953,10.12778,-0.07901
1340.2069,0.86194,9.38795,0.43576
1340.2273,-0.63448,10.23313,-0.71349
1340.2581,-0.03113,10.64016,-1.26418
1340.2665,0.72307,9.57949,-0.98165
1340.2866,0.60815,9.41908,-1.42220
1340.3093,-0.62730,9.45020,0.63209
1340.3270,1.06066,9.08627,1.19474
1340.3469,1.47248,9.21078,-0.03591
1340.3708,-0.03591,9.88836,-0.89306
1340.3889,0.20351,10.33130,-0.35435
1340.4067,-0.47646,9.34964,1.44854
1340.4296,0.52195,9.96976,1.29530
1340.4481,1.20671,9.75428,0.69913
1340.4666,-0.00958,10.33369,-0.72068
1340.4894,-0.11253,10.63297,-0.03591
1340.5068,0.72068,8.95938,0.50040
1340.5422,0.57702,9.46457,0.50519
1340.5500,0.04549,9.90272,0.58899
1340.5668,0.57941,10.03919,0.68476
1340.5868,0.29450,9.98173,0.09817
1340.6093,0.21548,9.57471,-0.38548
1340.6266,0.41182,9.81653,-0.07901
1340.6473,0.05028,8.88276,-0.67279
1340.6779,0.17478,9.22275,-0.35435
1340.6886,0.63688,10.57072,1.00560
1340.7068,0.06943,10.21398,0.83800
1340.7335,-0.32083,10.78142,-0.31844
1340.7489,-0.02634,10.42946,-0.37830
1340.7690,0.39027,8.80614,-1.65444
1340.7917,0.27295,8.37757,-0.51477
1340.8110,-0.47407,11.27703,0.29450
1340.8279,0.28731,10.23792,1.84599
1340.8500,1.48445,8.15969,0.65364
1340.8677,0.25619,9.48372,-1.61374
1340.8883,0.20351,9.31852,-0.56265
1340.9114,0.23224,9.01205,0.73504
1340.9294,-0.42618,8.52601,0.08380
1340.9520,-0.64167,10.84128,1.61374
1340.9702,1.31685,7.32409,-0.31365
1340.9874,1.65923,8.75107,0.02873
1341.0074,0.94813,10.27383,-0.71589
1341.0338,0.56505,9.95061,2.04232
1341.0514,-0.12450,10.65452,1.26418
1341.0867,0.26576,10.34087,0.59139
1341.1016,0.32323,10.25947,-0.05986
1341.1105,-0.09338,10.33130,0.38548
1341.1293,-0.39745,10.36003,0.59617
1341.1501,0.39266,9.91709,1.03672
1341.1676,-0.27534,10.67847,0.49801
1341.1876,-0.57702,10.41270,0.02155
1341.2123,0.13408,9.37119,0.78532
1341.2394,0.40703,8.93304,-0.23703
1341.2544,-0.39027,10.26426,-1.12770
1341.2715,0.12690,10.22834,-0.48843
1341.2875,0.19872,10.02962,-0.34478
1341.3074,-0.06465,10.17567,-0.00479
1341.3335,0.55308,9.62498,1.10855
1341.3643,0.49083,9.40232,-0.32083
1341.3799,0.05267,10.22595,0.00239
1341.3903,0.61054,8.95459,0.75420
1341.4076,0.83560,9.96497,0.15323
1341.4276,0.29689,9.71836,1.10137
1341.4498,0.01676,10.75508,0.77575
1341.4690,0.47646,9.39513,-0.29450
1341.4923,0.33520,9.88117,-0.54589
1341.5109,0.47885,9.63935,0.39027
1341.5273,0.57702,9.23232,0.76617
1341.5475,-0.28731,10.45580,1.77176
1341.5697,-0.00958,10.78381,1.01038
1341.5896,0.79011,9.62259,0.65124
1341.6095,0.72307,9.65850,-0.81884
1341.6450,-0.48364,10.56833,-0.57463
1341.6611,0.50998,10.36003,0.06943
1341.6693,0.19154,9.85723,0.84039
1341.6898,0.10535,10.80057,-0.48843
1341.7073,0.50759,9.71118,-0.05986
1341.7275,-0.19394,9.63217,-0.03113
1341.7513,-0.35196,10.53960,-0.49083
1341.7704,0.51477,9.07670,0.16999
1341.8057,-0.04070,10.10863,0.10774
1341.8096,-0.08141,10.08229,0.86912
1341.8276,0.38548,9.16050,0.56505
1341.8474,0.38069,10.05356,1.10376
1341.8704,0.39027,10.31932,0.53153
1341.8877,0.90743,9.66329,1.32882
1341.9076,0.79490,9.17486,0.87391
1341.9382,0.69195,9.65611,0.28013
1341.9478,0.90025,9.16050,-0.31126
1341.9670,0.33999,9.89075,-0.07422
1341.9895,0.20112,9.67287,-0.89306
1342.0089,-0.14605,9.77582,-0.36872
1342.0273,-0.29210,9.65611,-0.04070
1342.0493,-0.16281,10.58509,0.85715
1342.0713,0.05986,9.71836,-0.45252
1342.0870,0.17718,9.88117,-0.35675
1342.1091,-0.47885,9.27542,-1.11334
1342.1271,-0.33041,10.60424,0.45731
1342.1471,0.15563,9.35683,0.91222
1342.1707,-0.08859,9.77104,1.27615
1342.1899,0.79011,8.77741,-0.53392
1342.2180,0.71828,11.44224,-0.06225
1342.2295,0.89785,10.35284,-0.81405
1342.2473,0.32562,10.67607,1.17080
1342.2670,-0.99841,10.04638,0.97208
1342.2916,-0.90264,11.75828,0.84518
1342.3091,-0.03352,9.45978,1.17080
1342.3300,-0.84518,10.74311,0.77575
1342.3577,-0.11014,8.27940,0.80208
1342.3724,0.65843,8.54756,0.54829
1342.3872,-0.01676,9.54358,0.23224
1342.4094,0.18436,8.07589,0.22267
1342.4279,-0.56505,8.73671,0.13169
1342.4479,-1.07503,12.08869,0.59617
1342.4698,-0.42618,10.04398,-0.03113
1342.4972,-0.26337,9.80455,-0.13647
1342.5083,-1.24502,10.02243,-0.77814
1342.5308,-0.36632,11.14295,-0.18196
1342.5508,0.08619,10.50608,0.38069
1342.5706,-0.68716,9.98413,0.26816
1342.5929,0.04789,9.62259,0.19154
1342.6240,-0.18915,10.50368,1.91542
1342.6396,-0.79969,11.75589,-0.14845
1342.6510,0.83800,7.49647,-1.36953
1342.6683,1.25699,9.22514,-0.18675
1342.6885,0.52913,9.98173,-0.28252
1342.7106,1.06545,10.04638,-0.23943
1342.7283,0.84757,8.99529,1.90824
1342.7483,0.46928,8.86121,0.26576
1342.7821,1.07742,8.30334,0.72307
1342.7880,0.76617,10.41031,1.70233
1342.8083,0.78532,10.01046,1.91542
1342.8303,1.10137,8.93304,1.25939
1342.8480,0.25379,9.98891,1.00799
1342.8682,-0.35914,10.92268,-0.18675
1342.9111,0.29210,9.63696,0.52674
1342.9113,0.15323,9.66808,1.18038
1342.9290,0.43336,8.71516,0.85476
1342.9506,1.12291,8.86839,0.51956
1342.9688,-0.23943,9.15810,-0.40703
1342.9888,-1.18756,9.35683,-0.02155
1343.0127,-0.57941,9.88357,0.27055
1343.0483,-0.51237,9.00008,-0.19394
1343.0629,-1.07742,9.32809,-1.22826
1343.0704,-1.20432,10.12060,-2.34639
1343.0881,-0.22985,9.91469,-0.87630
1343.1083,-0.38069,10.03441,-0.31365
1343.1307,-0.19394,10.06314,0.41660
1343.1504,-0.01437,9.17247,-0.11971
1343.1873,-0.61772,9.55795,-0.12690
1343.2029,-0.03113,9.34725,0.70871
1343.2076,0.25379,8.50446,0.50040
1343.2281,-0.60575,11.16211,0.18675
1343.2502,-0.23224,9.74230,1.81725
1343.2682,-0.72547,10.07032,0.62012
1343.2882,-0.98644,11.18845,1.03672
1343.3107,-0.88109,10.88198,0.30886
1343.3304,-0.24422,10.40073,1.49403
1343.3491,0.48125,9.96497,1.31446
1343.3702,0.02155,10.07990,0.63448
1343.3879,0.17718,9.89314,-0.17478
1343.4080,0.70631,9.88596,-0.31365
1343.4304,0.10535,9.73752,-1.37910
1343.4636,0.22027,9.96018,-0.17478
1343.4757,0.16999,8.72713,-0.09577
1343.4904,0.18436,9.11261,-0.57223
1343.5078,0.94813,8.83487,-0.48604
1343.5283,0.86433,8.74150,-0.45491
1343.5505,0.98405,8.55714,1.24742
1343.5703,0.95292,9.37119,1.39586
1343.6071,1.27375,8.91389,2.08781
1343.6239,1.80049,9.33767,1.06066
1343.6279,0.80687,9.56992,1.35755
1343.6479,0.43815,10.43664,0.36154
1343.6702,0.62491,10.72156,-0.69434
1343.6881,0.58899,10.42467,0.31126
1343.7079,-0.08859,10.23553,0.11253
1343.7312,-0.67758,10.85564,-0.35914
1343.7515,-0.13408,9.77582,0.53153
1343.7682,0.39506,9.11979,-0.22746
1343.7900,-0.65603,8.73671,1.04630
1343.8077,-0.05267,9.86920,-0.63927
1343.8325,0.45970,9.75667,-0.65364
1343.8550,-0.34238,9.88357,-0.01915
1343.8942,0.00718,9.71836,0.69673
1343.8945,1.02475,9.95539,-0.66321
1343.9156,0.26098,10.26904,-0.68716
1343.9293,0.06225,10.56354,-0.63927
1343.9495,0.64645,9.57471,-0.44773
1343.9720,0.54111,10.53720,-0.16042
1343.9894,-0.30886,10.64495,1.30727
1344.0095,0.44773,8.94022,0.28013
1344.0416,0.90025,11.06394,1.45332
1344.0490,1.02236,10.24031,0.86194
1344.0688,0.89785,10.24031,0.14845
1344.0918,0.20830,9.43823,-0.89067
1344.1105,0.45012,9.72076,0.06225
1344.1306,0.56265,8.56672,-0.14366
1344.1558,0.21070,10.10384,-0.80448
1344.1744,0.28492,9.40950,-0.02394
1344.1893,0.34478,8.34644,-0.09338
1344.2111,0.24182,8.62178,1.96570
1344.2286,-0.48364,9.96258,0.13887
1344.2489,0.82363,10.08947,-1.26418
1344.2720,0.41900,9.92427,-0.31604
1344.3011,0.07183,9.39992,0.91461
1344.3116,0.02155,9.85723,0.03352
1344.3329,0.14845,9.57710,-0.25140
1344.3502,0.22746,10.64016,0.71349
1344.3685,-0.22027,8.85163,1.33840
1344.3934,0.03113,10.09905,1.13967
1344.4110,0.38548,9.18683,0.94334
1344.4485,0.16760,9.51245,0.13169
1344.4648,-0.09338,9.39513,1.11573
1344.4689,0.08619,10.13257,1.63290
1344.4889,0.55308,9.98891,1.72867
1344.5112,0.46688,10.55396,0.59617
1344.5293,0.82842,9.63217,0.71828
1344.5492,1.17080,9.82371,0.29689
1344.5745,1.08700,10.12539,-0.57463
1344.5989,0.96489,10.61143,0.05507
1344.6139,0.41660,10.85325,-0.04310
1344.6311,0.28492,10.21158,-0.31365
1344.6487,-0.06943,10.43664,-1.61614
1344.6689,-0.28971,10.68565,-0.52435
1344.6908,-0.76856,10.36482,-0.07422
1344.7085,-0.98644,11.83969,-0.22027
1344.7292,-0.29450,9.66808,0.53632
1344.7507,-0.00479,10.08469,1.56107
1344.7688,0.07901,9.94103,0.71110
1344.7888,-0.01437,9.99131,1.17559
1344.8113,-0.63688,9.97455,0.73265
1344.8287,-0.03591,10.70480,-0.09817
1344.8632,0.99841,9.86441,1.18756
1344.8809,0.38308,8.78459,-0.18915
1344.8889,0.36632,10.13018,-0.76856
1344.9088,0.76138,9.49330,-1.18995
1344.9314,0.34717,9.61541,-0.63688
1344.9490,0.70392,9.13176,-0.72786
1344.9689,0.08141,9.56513,-0.02634
1344.9923,0.91222,9.28500,-1.52036
1345.0286,0.51956,9.28979,0.36154
1345.0291,0.01197,9.18683,-0.21070
1345.0518,-0.11253,10.34566,0.17239
1345.0690,0.40942,8.41109,0.20830
1345.0924,0.07901,9.43584,0.60815
1345.1149,0.77575,9.89314,-0.72068
1345.1471,0.62251,9.18923,1.14446
1345.1740,0.47646,10.16370,0.78053
1345.1741,0.32562,10.48692,-0.47885
1345.1885,0.09098,8.80135,-0.67279
1345.2086,-0.03591,10.61861,0.35675
1345.2328,-0.47646,8.87558,0.04549
1345.2502,0.83560,9.21078,-0.72786
1345.2703,0.93377,8.59305,-0.28013
1345.3013,-0.12211,9.99849,-0.09098
1345.3104,0.22027,9.43584,-0.10774
1345.3302,0.70871,10.50129,0.21070
1345.3527,0.43097,9.73273,-0.41182
1345.3722,1.06785,10.87001,-0.46449
1345.3922,1.34558,9.70400,1.54431
1345.4318,0.86433,10.20679,-0.78532
1345.4324,0.56265,9.19162,0.58181
1345.4504,0.39984,10.19003,-0.50759
1345.4707,0.50998,9.18444,0.68955
1345.4888,0.22267,10.20679,0.25140
1345.5099,0.26816,9.09346,1.97288
1345.5326,-0.16281,9.64893,0.01676
1345.5699,-0.04789,8.92586,1.19953
1345.5839,0.58660,9.68963,0.53153
1345.5911,0.68716,9.02163,0.67519
1345.6088,0.37590,9.87160,-0.80926
1345.6299,0.69195,9.44302,-0.15802
1345.6523,0.97926,9.60104,0.38787
1345.6698,0.54829,10.67128,0.22506
1345.7175,0.71349,9.75428,0.42858
1345.7178,0.08380,10.54678,0.84278
1345.7310,-0.33759,10.55157,0.79250
1345.7482,0.54589,10.33848,1.16362
1345.7708,0.54589,9.95779,0.06704
1345.7886,0.15084,10.73593,0.47646
1345.8085,0.54350,10.37200,0.54589
1345.8307,0.13887,9.98413,-0.40703
1345.8574,0.42139,9.05036,-0.79729
1345.8689,0.17718,9.85244,-0.44294
1345.8909,0.38069,9.48372,1.45572
1345.9098,0.82124,9.82371,-1.18517
1345.9319,0.46688,9.93145,0.77335
1345.9543,0.06704,10.74790,0.81645
1345.9883,0.21309,9.44781,1.85556
1346.0038,-0.24900,10.44622,0.67997
1346.0105,1.03193,9.41429,0.88349
1346.0282,0.91701,10.28341,0.05746
1346.0511,0.28252,9.72315,-0.30647
1346.0717,1.13728,9.60344,-0.41900
1346.0906,0.45252,9.93863,-1.47966
1346.1106,0.03113,10.67847,-0.62730
1346.1462,0.23703,9.53640,0.27055
1346.1498,0.13887,8.96895,0.12929
1346.1697,-0.35675,9.87399,0.51956
1346.1921,-0.01676,10.14933,-0.31126
1346.2096,0.01437,9.54358,0.17957
1346.2296,0.22027,10.74072,-0.29689
1346.2533,0.59139,9.20599,-0.64406
1346.2780,1.08461,10.16609,-0.49322
1346.2898,0.77575,9.48612,0.90504
1346.3115,0.93137,9.55076,0.45491
1346.3296,0.11732,9.90512,0.34478
1346.3499,0.03831,10.47016,0.02634
1346.3721,0.22027,10.26904,-0.17239
1346.3909,0.05267,8.84924,-0.26816
1346.4277,0.13647,8.92346,0.69913
1346.4313,-0.11971,9.50288,0.37111
1346.4510,0.96489,8.78220,0.19633
1346.4696,0.53392,10.82452,-0.54589
1346.4921,0.89546,9.23472,-0.94334
1346.5115,0.79250,9.60104,0.07183
1346.5477,0.33280,9.37598,-0.14845
1346.5665,0.26098,9.98652,-0.43097
1346.5697,0.02634,10.02243,1.19714
1346.5897,-0.47646,9.60104,1.33601
1346.6119,0.23464,10.56594,-0.09098
1346.6295,0.42858,9.64174,0.39506
1346.6495,0.87152,10.11102,0.00718
1346.6917,1.57304,9.73752,-0.42858
1346.6918,2.38709,7.07269,-2.11175
1346.7097,1.04151,10.47016,-0.57223
1346.7317,0.81645,10.15891,-0.17239
1346.7511,0.43815,9.79737,2.20273
1346.7693,0.86194,9.81174,0.15323
1346.7954,1.17798,11.48773,-0.90264
1346.8396,0.73504,9.69442,0.67040
1346.8397,-0.04549,11.68406,0.70631
1346.8518,-0.31365,10.58988,0.37590
1346.8689,0.44534,10.44862,-1.07264
1346.8889,0.91701,8.74868,1.03912
1346.9114,1.00320,9.37837,0.56505
1346.9307,1.51318,9.09346,1.66642
1346.9573,1.70951,10.13496,-0.36632
1346.9755,0.54589,9.74470,-0.34956
1346.9907,0.23464,10.19722,0.37830
1347.0090,0.57941,9.04796,-0.37590
1347.0313,0.85236,9.68963,0.52195
1347.0508,0.23464,10.09666,0.06465
1347.0690,-0.75180,10.18524,-0.28252
1347.0930,0.55068,11.69124,-1.69036
1347.1123,0.53632,9.80934,-0.70871
1347.1296,-0.63688,10.07032,-0.56265
1347.1515,-0.61293,11.39914,-1.21629
1347.1705,1.32164,7.27860,0.85476
1347.1891,1.53952,8.37039,-2.83243
1347.2111,1.06785,9.59146,-1.06545
1347.2286,0.67040,9.26824,0.99841
1347.2537,0.15563,9.86202,1.45332
1347.2701,0.84518,10.22595,-0.00718
1347.2877,0.52913,10.00567,-0.39745
1347.3079,-0.37111,9.77822,-0.06225
1347.3307,-1.03433,9.70878,1.20911
1347.3486,0.79250,8.79417,-0.34238
1347.3718,1.04151,8.83487,0.53871
1347.4033,0.62251,9.80216,-0.46928
1347.4091,0.83800,9.16289,0.95053
1347.4288,1.00320,9.39274,1.29770
1347.4528,1.72627,9.94103,-0.82842
1347.4690,0.90504,9.23232,1.38389
1347.4890,-1.62811,9.73752,0.36632
1347.5201,-2.27217,10.49889,0.07901
1347.5375,-1.10137,9.08867,-0.34717
1347.5493,-0.23943,8.91389,-0.16520
1347.5715,-1.17080,9.38795,2.39667
1347.5891,0.44055,10.02004,-0.11253
1347.6091,0.96489,10.06793,-1.02475
1347.6313,0.37830,10.31693,0.72786
1347.6515,0.29210,10.07750,0.33280
1347.6776,2.22428,9.76864,-0.99841
1347.6914,0.64885,8.99290,0.19633
1347.7086,-0.28252,10.01525,1.74782
1347.7295,1.01038,9.56992,-0.03113
1347.7518,-0.39984,9.95061,0.36393
1347.7695,0.34956,9.67048,0.52674
1347.7920,1.15165,9.33049,0.03113
1347.8276,0.13887,9.95779,-1.59938
1347.8289,-0.63688,9.52443,0.56026
1347.8497,-0.37351,9.82371,0.13408
1347.8716,-0.32562,10.98493,-1.86275
1347.8894,-0.24661,9.08627,-0.38069
1347.9095,-0.36393,9.51724,0.54829
1347.9318,1.24981,9.79977,-1.81725
1347.9573,0.51716,9.78061,-0.82363
1347.9712,0.12690,10.03201,0.51716
1347.9910,1.40544,10.06553,-1.63050
1348.0105,0.18196,10.20919,0.12690
1348.0299,-0.46688,10.68804,0.70392
1348.0531,1.30967,10.21877,-1.16841
1348.0718,0.01437,9.85244,-1.05588
1348.1010,-1.69994,10.19722,1.84838
1348.1111,-0.55068,10.78381,-0.73744
1348.1289,-0.50280,9.47175,-1.57304
1348.1489,-0.46928,10.10384,-0.25619
1348.1714,0.16760,9.51006,-2.30808
1348.1890,0.70152,9.76864,-1.22826
1348.2092,-0.70631,10.83409,0.82602
1348.2419,1.34558,9.84047,-0.21548
1348.2489,0.22746,10.03201,-1.13489
1348.2690,-0.95292,9.34725,1.16601
1348.2913,0.14126,9.51245,-2.10457
1348.3086,0.22267,8.79178,-1.40065
1348.3289,-0.99123,9.69681,0.10535
1348.3519,1.15643,9.37837,-1.63050
1348.3842,0.20830,8.41109,-0.24182
1348.3885,-1.40544,10.02722,1.24502
1348.4113,0.88588,9.94582,-2.26259
1348.4298,0.53632,10.21398,-0.24182
1348.4498,-0.14845,10.73832,0.78772
1348.4729,-0.03591,9.50527,-0.36393
1348.4915,-0.16042,9.96737,0.33999
1348.5222,0.45970,10.23313,-0.75899
1348.5317,1.48924,7.83886,-3.62254
1348.5505,0.30168,10.88198,1.10376
1348.5688,0.76138,8.10941,1.87232
1348.5911,0.76856,9.53400,-1.62571
1348.6088,-0.65124,9.72554,1.44854
1348.6304,-0.96010,10.13257,1.24023
1348.6630,-0.11493,8.82530,0.00479
1348.6691,-1.03912,9.79737,0.95771
1348.6888,0.40703,10.06793,-0.14366
1348.7109,-0.42618,9.96737,0.13887
1348.7289,-0.08859,11.51886,2.20273
1348.7489,2.21231,7.16128,-3.32086
1348.7755,1.53712,8.20997,-1.94894
1348.7949,1.41262,11.62899,-1.65923
1348.8140,1.40305,7.67604,1.03433
1348.8307,1.18995,8.85882,1.30488
1348.8485,-1.28094,9.93863,-1.06066
1348.8689,0.58420,10.24031,-2.27217
1348.8917,-0.17718,10.21637,1.47008
1348.9092,0.00958,10.59467,0.94813
1348.9336,-0.13169,9.69202,-0.01437
1348.9512,0.81405,8.27222,1.37192
1348.9689,0.06465,11.13577,-1.21150
1348.9888,-0.37111,10.30735,-0.84518
1349.0146,-0.41900,10.30256,0.52674
1349.0322,0.61054,8.96656,-1.01996
1349.0800,-0.09577,9.88117,-2.50681
1349.0800,0.25619,9.29218,0.50998
1349.0946,1.02954,9.35443,-1.09179
1349.1089,0.00000,9.18683,-0.20830
1349.1323,0.69913,10.08469,-0.72547
1349.1489,1.25939,9.95300,-1.06785
1349.1702,-0.44055,10.23313,-0.05267
1349.2098,1.13249,7.80773,0.44773
1349.2253,1.11813,9.27063,-1.21390
1349.2306,0.34717,9.95779,-0.38548
1349.2518,0.86912,10.66889,-2.43498
1349.2709,-0.18675,10.22595,-0.62251
1349.2920,-0.57223,10.47495,1.01038
1349.3131,0.88828,10.01286,-0.09098
1349.3308,-0.75899,11.28422,0.02155
1349.3641,-0.75659,9.64414,1.29770
1349.3716,0.05986,9.00966,-0.43815
1349.3894,-0.53632,10.25707,0.14366
1349.4128,0.30886,9.88836,-0.65603
1349.4353,-0.19154,9.06472,-0.75420
1349.4508,-0.49322,10.64973,-0.95292
1349.4731,0.73744,10.10623,-1.45572
1349.5050,0.41182,8.79417,-0.00718
1349.5112,-0.11493,10.36003,-0.84518
1349.5297,0.63927,9.61780,-2.31287
1349.5520,-0.39266,10.38158,-0.23464
1349.5714,-0.21070,10.57791,1.66163
1349.5897,0.37830,9.95300,-0.14605
1349.6324,-1.25460,11.15732,1.40544
1349.6333,0.18436,8.88994,-0.00479
1349.6500,0.24900,10.05356,-1.75740
1349.6716,-0.68716,10.14454,-1.09179
1349.6914,0.91701,10.04638,-0.37351
1349.7087,0.34478,9.95300,-0.58660
1349.7319,0.70152,9.83568,0.16042
1349.7493,1.84599,9.30894,-1.71191
1349.7799,0.78053,10.18764,0.24661
1349.7931,1.11573,8.82051,-0.11732
1349.8109,1.34798,9.07909,-0.15802
1349.8293,0.31604,9.54597,0.99841
1349.8557,0.78293,9.70400,-0.92658
1349.8712,-0.23464,10.01765,-0.74701
1349.8914,-1.25699,10.17806,1.62332
1349.9231,-0.28731,9.97934,-0.77814
1349.9291,0.00000,9.92666,-1.69515
1349.9497,-0.38787,10.63058,0.14366
1349.9731,0.40463,9.57471,-2.16442
1349.9899,0.21788,9.30415,1.52994
1350.0115,-0.28492,10.72635,0.22267
1350.0477,-0.38069,10.19243,0.11493
1350.0492,-0.46210,10.61861,0.12450
1350.0701,0.60336,9.42387,-0.41421
1350.0916,-0.55068,10.84128,-0.28731
1350.1093,-0.13647,9.52203,0.76138
1350.1310,0.43336,10.04159,-1.82923
1350.1532,-0.38069,9.65132,0.68955
1350.1713,-0.49561,10.66649,1.13489
1350.1990,0.90025,9.95779,-0.16042
1350.2134,-0.73504,10.53720,1.54431
1350.2302,-0.05507,10.08708,0.70871
1350.2520,-0.56984,10.94184,-0.91461
1350.2733,0.15802,9.76146,0.16520
1350.2922,0.67040,9.88836,-1.69275
1350.3119,0.21788,9.39513,0.15802
1350.3405,0.93616,9.95300,-0.43097
1350.3506,0.49322,10.01525,-1.72627
1350.3704,-0.95771,10.57072,0.04310
1350.3926,0.19872,10.08469,-0.97686
1350.4119,0.06465,9.44302,-1.38868
1350.4319,-0.21548,9.21078,0.75899
1350.4720,0.92658,9.12458,-1.57783
1350.4882,0.09098,8.98811,-0.35196
1350.4919,0.07901,9.08627,0.38548
1350.5122,0.72307,9.20120,-0.64885
1350.5303,0.31604,10.11102,-0.64645
1350.5502,0.68237,9.77343,0.13408
1350.5742,0.54829,9.27781,-0.06943
1350.5986,-1.06306,10.43425,1.02236
1350.6123,-0.14605,9.86441,-0.11253
1350.6340,-1.26418,9.74230,1.88429
1350.6501,-0.69913,9.65372,1.75979
1350.6703,0.42379,8.87797,-0.49561
1350.6958,-0.70152,10.28102,-0.31844
1350.7137,-1.36474,9.87160,0.53871
1350.7517,0.15323,8.71516,0.41900
1350.7665,-0.64885,8.90670,0.60815
1350.7729,-0.12450,9.12219,-1.25460
1350.7902,-0.08619,9.90751,-2.11414
1350.8130,0.26337,9.33767,-1.63529
1350.8322,-0.27055,9.18444,-1.29770
1350.8507,-0.61054,10.30256,0.82602
1350.8895,0.17718,10.50368,-1.30488
1350.9048,0.59139,9.28260,-0.33520
1350.9113,0.10535,10.14694,1.36713
1350.9335,1.15404,10.05356,-0.42139
1350.9510,0.28731,10.14215,0.14845
1350.9713,-0.09338,11.29619,0.32562
1350.9937,0.62491,9.91230,-1.51318
1351.0114,0.18196,9.54837,0.68476
1351.0416,0.05028,9.79258,-0.72068
1351.0533,-0.18436,9.96497,-0.56505
1351.0712,0.23224,10.14454,-0.36872
1351.0912,0.60336,10.26904,-1.32882
1351.1136,0.27295,9.66329,-0.08141
1351.1331,0.88109,10.17567,0.23464
1351.1534,0.06225,9.79019,-1.36234
1351.1865,0.46210,9.94103,1.12291
1351.1914,-0.39984,10.43904,0.62491
1351.2111,0.69195,10.54199,-0.13647
1351.2333,0.47885,9.96258,2.09978
1351.2532,-0.36872,10.52044,-1.48445
1351.2726,-0.93377,10.98972,-0.41182
1351.2946,0.26816,9.47893,0.06465
1351.3231,0.86912,10.33130,0.43576
1351.3359,0.31365,10.46777,0.61293
1351.3530,0.67997,9.13895,-2.00401
1351.3710,0.82602,9.87160,-1.61614
1351.3910,0.62969,9.24669,0.39506
1351.4149,1.15883,9.25866,-1.42220
1351.4331,0.55787,9.86681,0.05507
1351.4626,-0.00479,9.24190,-0.11014
1351.4734,-0.60575,9.47415,0.11014
1351.4910,-0.65364,10.56833,-0.16760
1351.5109,0.12450,8.03040,-0.83321
1351.5350,0.86912,7.89871,-1.13728
1351.5565,1.53473,9.20359,0.58420
1351.5924,-1.46769,9.97215,-1.15883
1351.6050,0.14126,10.91789,-1.54910
1351.6115,0.30168,10.10384,-0.77814
1351.6310,-0.77096,9.70639,0.27534
1351.6532,-0.31844,10.53241,0.52435
1351.6710,1.40065,10.34806,-1.45093
1351.6913,-0.38548,9.13895,0.74701
1351.7224,0.69195,10.28820,-0.25619
1351.7388,-0.13887,9.85005,1.01996
1351.7507,-0.18196,10.56594,0.76377
1351.7734,0.48125,10.08947,-0.17239
1351.7911,0.80687,10.51087,0.74941
1351.8126,0.98644,9.23951,0.62491
1351.8352,1.10137,10.19243,-1.05588
1351.8525,-0.40942,10.63058,1.16362
1351.8721,0.43576,9.21317,-1.23066
1351.8953,-0.43815,9.88836,0.81645
1351.9110,0.84757,10.63297,0.32562
1351.9310,0.32802,9.14374,-1.72627
1351.9534,-0.78772,11.54998,-0.74941
1351.9729,-0.12450,10.85804,-1.67360
1351.9929,-0.29210,10.86043,-0.36154
1352.0249,-0.40942,9.11740,-0.59378
1352.0336,0.52674,10.47016,-0.37351
1352.0508,0.09098,9.65611,0.56984
1352.0750,0.44055,9.05515,-0.33280
1352.0912,0.33999,9.45499,-0.39745
1352.1146,0.71828,9.53879,0.89785
1352.1539,-0.11732,9.67526,0.06225
1352.1539,0.37590,9.57231,2.06865
1352.1726,1.64247,8.15969,-1.35995
1352.1951,0.69673,10.61861,-0.04789
1352.2126,0.56505,9.32570,-0.12690
1352.2330,0.30647,9.05994,0.04789
1352.2552,0.00718,9.47175,-0.38308
1352.2729,0.43336,9.22754,0.30886
1352.2982,-0.48604,10.54199,0.56984
1352.3156,0.59617,9.15571,-1.08700
1352.3330,0.19633,9.20838,-0.83560
1352.3530,0.30168,9.53161,-0.32562
1352.3756,-0.19154,10.06553,-1.25699
1352.3933,-0.10774,9.57471,0.11732
1352.4150,0.75899,8.82530,-0.90264
1352.4426,0.01197,9.79977,0.34956
1352.4597,-0.26098,9.57231,0.59857
1352.4730,0.56026,8.92586,-1.30009
1352.4950,-0.91940,10.22834,0.88349
1352.5128,0.17957,10.10623,-0.28013
1352.5330,-0.16999,10.13257,-1.20911
1352.5553,0.41421,10.02004,-0.63209
1352.5776,0.29928,9.65132,-1.04390
1352.5927,-0.03352,10.45340,0.70871
1352.6152,0.43815,9.41429,-0.91222
1352.6328,0.04549,10.90832,0.40942
1352.6537,0.17957,10.49171,0.13408
1352.6788,0.37351,9.05994,-0.31604
1352.7114,-0.58660,11.71279,1.23545
1352.7316,0.43336,9.84047,0.24422
1352.7375,-0.33759,11.36083,1.55867
1352.7538,0.56744,10.01765,0.72068
1352.7729,0.97686,10.13257,-0.76138
1352.7963,0.37351,8.93783,0.44534
1352.8143,0.73504,8.85642,0.75899
1352.8341,0.14366,10.36721,0.56026
1352.8650,1.27136,11.83490,0.03113
1352.8729,1.69036,9.11979,-0.27774
1352.8926,0.31365,9.56752,-0.21309
1352.9163,1.03433,10.16848,0.19872
1352.9362,0.44534,9.43344,-0.23224
1352.9539,0.64645,9.58428,-0.97686
1352.9961,0.15802,10.71438,-1.28333
1352.9962,-0.39027,9.24190,0.49801
1353.0131,-0.38069,10.91550,-1.88908
1353.0349,0.20351,9.09106,0.38548
1353.0536,1.35516,8.55474,-1.48924
1353.0743,0.40942,8.87558,-1.05827
1353.0963,-0.41660,12.39037,1.27854
1353.1312,2.22428,8.34884,-0.40463
1353.1475,1.46769,10.26426,-0.20112
1353.1552,0.26816,9.81892,-1.52994
1353.1724,0.11493,9.35683,0.17239
1353.1925,-0.37830,10.82212,0.95292
1353.2151,0.05507,9.33288,0.02394
1353.2325,0.20351,8.97374,0.00958
1353.2545,0.75180,10.53002,-1.15883
1353.2871,0.37830,10.61861,-0.49801
1353.2925,-0.09338,9.79258,0.53153
1353.3124,-0.02155,9.00008,-0.54111
1353.3347,-0.46688,10.26426,0.91940
1353.3524,0.36393,9.17247,-1.20432
1353.3724,-0.42139,10.28820,-0.36872
1353.3953,-0.16281,9.83808,-1.70233
1353.4203,0.32323,9.04796,-1.74064
1353.4324,0.11971,9.20120,0.35914
1353.4546,0.61293,9.30655,-1.98246
1353.4741,0.64885,9.29697,-0.17957
1353.4926,0.79011,9.94582,0.02873
1353.5149,0.12690,10.53002,-0.88109
1353.5352,0.24422,10.76227,0.40703
1353.5560,0.23703,9.60822,-0.55547
1353.5739,-0.17478,10.24031,-0.31365
1353.5947,1.45572,8.72713,-0.04070
1353.6125,0.61293,10.13496,-1.41023
1353.6354,1.41741,7.61140,-0.47407
1353.6523,-0.26816,9.90272,-2.33921
1353.6886,-1.03672,9.82371,0.97686
1353.7048,-0.66800,9.86681,-1.37671
1353.7128,0.18196,9.24669,0.91461
1353.7324,0.05028,10.44862,-0.39984
1353.7572,-0.50998,8.80135,0.63927
1353.7761,-0.61533,11.39435,1.08461
1353.7961,-0.56984,9.65372,-0.93616
1353.8354,-0.16520,10.57551,0.65843
1353.8354,-1.00081,11.43506,-0.43097
1353.8580,-0.33280,10.33848,-1.46769
1353.8770,-0.21309,9.95061,0.62251
1353.8925,0.55787,9.02642,-0.71349
1353.9128,-0.21070,11.57871,-1.03672
1353.9384,0.71349,9.76385,-0.79490
1353.9716,0.41421,9.53640,-1.29530
1353.9865,0.03113,9.58189,0.15563
1353.9949,0.64885,9.20359,-0.46449
1354.0139,0.36154,9.62020,-0.25858
1354.0339,1.16122,9.46217,0.25858
1354.0583,1.26178,9.88117,-1.86993
1354.0762,0.96489,9.58189,1.99683
1354.1144,1.07024,9.24669,-0.18675
1354.1262,0.33520,9.69442,2.55230
1354.1334,-1.55149,11.54998,1.02954
1354.1534,-0.30407,10.36960,-1.99443
1354.1760,-1.11573,10.65452,0.40224
1354.1934,0.06943,9.89554,0.93856
1354.2151,1.28573,8.93543,-0.76617
1354.2526,-0.05746,9.47654,2.21710
1354.2660,0.13647,10.17088,-0.17718
1354.2733,1.39347,8.38715,-1.69275
1354.2960,-0.68955,10.12539,-0.18196
1354.3131,0.72547,9.76146,0.36393
1354.3335,1.56825,8.29856,-1.85556
1354.3557,0.30407,9.68245,0.45252
1354.3779,0.85236,9.63217,0.20830
1354.3976,1.52515,9.54119,-0.30407
1354.4166,-0.58899,10.28341,0.12690
1354.4331,0.59857,9.82131,0.86433
1354.4536,0.93856,9.67287,-0.78053
1354.4766,-0.37111,9.59386,1.58262
1354.4939,-0.61772,10.44143,2.40385
1354.5320,1.19714,9.81892,-1.08700
1354.5521,-0.85476,9.23472,0.65843
1354.5569,-0.75659,10.20440,1.13249
1354.5736,0.28492,8.52122,1.14925
1354.5951,-0.08859,9.64653,0.66561
1354.6130,-0.66800,11.34886,0.72068
1354.6333,-0.17239,8.95698,1.73345
1354.6571,0.05986,9.78540,-2.64807
1354.6814,0.61772,10.59227,0.85954
1354.6930,-0.30647,9.22754,1.66881
1354.7153,0.85476,10.10623,0.94334
1354.7329,1.29051,10.28580,-1.81725
1354.7531,0.01437,9.56992,-1.22108
1354.7772,-0.17957,10.71199,-0.84039
1354.7979,0.40942,9.69921,2.11414
1354.8158,0.97447,11.03521,-1.19235
1354.8352,-0.71349,10.01765,1.80289
1354.8529,-0.73983,10.69762,0.50280
1354.8734,0.86673,10.85085,-0.55068
1354.8959,-0.07422,10.19482,-0.65124
1354.9136,-0.34956,9.68245,0.80687
1354.9348,-0.13408,9.75667,0.88828
1354.9734,1.12291,8.30095,0.01437
1354.9735,0.78532,10.56594,-0.08141
1354.9929,-0.78532,9.35683,2.23865
1355.0193,0.28013,9.02402,-0.10056
1355.0365,0.87152,9.98173,0.96489
1355.0565,-1.55867,11.23873,2.18597
1355.0770,1.85077,10.32651,4.00562
1355.0942,-3.38311,13.18767,2.30329
1355.1147,-4.07745,10.65692,-0.49801
1355.1354,-0.38548,9.43105,6.65608
1355.1531,-1.60656,6.65848,-12.64417
1355.1744,6.00245,6.56510,-4.84122
1355.1964,4.40307,10.58748,3.80690
1355.2313,-3.71113,9.85244,2.12133
1355.2478,-1.37671,6.83805,-9.14852
1355.2554,2.88271,11.99532,-3.92422
1355.2728,-2.83482,10.01525,7.58746
1355.2950,-1.50600,9.44302,13.04401
1355.3191,-3.78774,14.41832,8.41348
1355.3370,-1.23545,8.97135,2.56906
1355.3727,0.98165,7.49647,2.96172
1355.3871,1.36953,16.63063,-9.55316
1355.3933,3.34720,8.67446,6.41426
1355.4130,0.16999,14.55480,-9.38556
1355.4353,-2.13330,2.57385,3.11974
1355.4550,2.05668,13.68328,-12.39037
1355.4766,-0.52435,4.54433,1.24263
1355.5168,2.75820,13.58033,-5.59781
1355.5204,0.94334,6.80692,0.07422
1355.5334,-0.13887,10.45340,-2.84440
1355.5554,-1.01996,8.90910,2.77736
1355.5729,-0.82363,10.15651,-0.00479
1355.5931,-0.41421,10.39115,-1.16362
1355.6154,-0.59617,10.61621,-1.60416
1355.6332,-0.10774,9.13416,1.22587
1355.6644,-1.01278,10.29299,1.41741
1355.6752,1.14446,9.13176,0.27774
1355.6947,0.84039,9.86202,-0.98644
1355.7129,0.08859,9.93385,-0.79729
1355.7388,-0.28013,9.92666,0.62012
1355.7566,-0.81645,10.07750,0.78772
1355.8027,0.23703,8.34165,-1.06306
1355.8029,0.09817,10.53960,0.92658
1355.8171,-1.24981,9.88836,1.67120
1355.8325,-1.53952,10.41749,0.98165
1355.8552,-0.04070,11.31295,0.11253
1355.8726,-0.03113,10.19003,-0.52674
1355.8951,-1.12770,9.95779,0.77814
1355.9156,-1.78373,10.79339,0.51716
1355.9342,0.01437,10.08708,-0.62491
1355.9531,1.23545,8.46855,-1.72148
1355.9753,-0.70392,9.66569,-0.96489
1355.9930,-0.76138,9.59625,0.55068
1356.0165,-1.18038,9.59386,-0.36632
1356.0389,0.30886,9.91230,-2.04711
1356.0720,1.19953,8.37996,-1.69036
1356.0859,0.24900,9.34964,-0.16760
1356.0952,0.62251,10.30017,0.55547
1356.1128,1.89148,8.89473,0.13408
1356.1328,1.34079,11.07352,0.63927
1356.1569,-0.45731,9.97215,0.90982
1356.1740,0.45491,10.14454,-0.54350
1356.1946,1.78373,9.42147,-0.54111
1356.2251,0.59378,10.31214,-1.38389
1356.2338,1.21150,10.12539,-0.59378
1356.2539,0.72547,7.65450,-1.58980
1356.2778,0.61054,10.18764,-1.46051
1356.2938,0.80926,9.05275,0.05267
1356.3138,0.72547,10.64495,-0.31604
1356.3545,-0.64885,9.55555,1.20911
1356.3737,-0.57463,9.77343,1.28812
1356.3760,-0.04070,10.14215,-0.81405
1356.3964,1.23545,10.42707,0.67997
1356.4138,1.25699,10.21158,-1.34319
1356.4342,-0.01676,8.20997,1.46530
1356.4567,0.04070,9.89314,0.46688
1356.4742,-1.07024,9.32570,0.03591
1356.5062,-1.64247,10.91550,0.74701
1356.5162,-0.90743,10.40312,2.44695
1356.5336,-0.03352,9.35922,0.19872
1356.5549,0.50519,9.61541,-1.19235
1356.5776,-0.40942,9.62738,-1.19953
1356.5952,0.21309,10.18524,-0.62491
1356.6178,-0.55068,10.11102,-0.23224
1356.6373,0.23703,9.57710,1.24981
1356.6536,0.21309,11.03761,0.25619
1356.6737,-0.48364,9.55076,0.71828
1356.6958,-0.36154,10.43664,-1.20671
1356.7136,-0.05507,10.85325,-0.02155
1356.7338,-0.19154,10.38158,-0.24661
1356.7756,0.49083,8.17884,0.69195
1356.7915,-0.05746,10.47256,0.10056
1356.7938,0.11732,9.72794,0.42139
1356.8160,0.08380,10.03919,-0.98165
1356.8335,0.50280,9.00247,1.55388
1356.8546,0.11971,10.33608,1.14925
1356.8774,0.67519,8.60981,1.46530
1356.8949,0.59857,10.71199,-0.16042
1356.9219,-0.27774,10.47495,1.58022
1356.9358,0.10774,10.88677,-0.56026
1356.9535,-0.00718,10.70001,0.53153
1356.9734,-0.26337,11.39914,0.07183
1356.9958,0.50759,9.89314,0.05267
1357.0142,0.25858,9.71597,-1.01038
1357.0350,0.07422,10.19482,-1.06066
1357.0640,0.91222,9.57710,-1.32882
1357.0737,0.42379,8.57150,-0.16760
1357.0940,0.34478,9.73512,-0.22267
1357.1173,-0.06704,9.63456,-0.13887
1357.1350,-0.41182,10.21398,-0.50998
1357.1556,-1.09418,10.41510,0.56984
1357.1959,-0.13408,8.52362,0.97926
1357.2112,-0.42379,9.46217,0.78053
1357.2141,-0.34238,9.98413,1.14686
1357.2356,-0.15084,9.39035,1.64966
1357.2534,-0.74941,11.09746,-0.51477
1357.2738,-0.72307,9.27542,-0.10056
1357.2963,-0.18436,9.15331,-0.12450
1357.3137,-0.53392,8.79417,0.92180
1357.3461,-0.83321,9.58907,-0.31126
1357.3560,-1.01757,9.86920,0.23943
1357.3734,-0.23703,9.44541,-0.13647
1357.3934,-0.49322,9.11979,-0.03831
1357.4160,-1.03433,9.85005,0.50998
1357.4371,-0.05986,9.83808,0.67279
1357.4729,0.12690,10.28102,-0.91461
1357.4861,-0.08380,10.24271,-0.72307
1357.4935,0.78053,9.87878,-0.94334
1357.5133,0.57223,10.72875,-0.23943
1357.5360,0.83081,9.14374,-0.21548
1357.5553,0.85954,9.72794,-0.84039
1357.5736,0.46449,10.35524,0.03591
1357.5973,0.75180,10.17806,-1.24981
1357.6183,0.34478,8.44700,1.89866
1357.6394,-0.62012,10.87958,1.82204
1357.6578,-0.70392,8.74150,1.80528
1357.6736,-0.81166,9.93863,1.61374
1357.6936,0.17478,8.56672,2.77257
1357.7163,0.40463,9.10303,0.85954
1357.7338,0.02394,9.62977,1.47966
1357.7670,-0.02634,9.56034,0.74941
1357.7765,-0.41900,9.53161,0.61533
1357.7938,-0.51477,10.97057,-2.00640
1357.8137,-0.55787,10.32651,0.17957
1357.8364,-0.45012,9.55555,0.00958
1357.8539,0.40942,9.51724,1.57064
1357.8739,0.86433,10.88198,-1.24263
1357.9060,0.30168,9.63935,0.96250
1357.9139,-0.70392,11.33450,-1.29770
1357.9333,0.33520,8.46137,1.15643
1357.9573,-0.17239,9.67766,0.37590
1357.9750,0.08619,10.05595,-0.50280
1357.9933,0.49083,10.13496,-0.34717
1358.0594,0.10535,9.60583,0.23943
1358.0596,0.49322,10.74790,0.16999
1358.0596,0.75659,9.92906,-0.38308
1358.0743,0.77575,9.29218,-0.96489
1358.0919,0.25858,10.61621,-0.20351
1358.1144,0.26576,10.30017,2.04950
1358.1349,0.58660,9.75906,1.80768
1358.1530,-0.16999,9.68005,-0.08141
1358.1753,-0.51237,10.47974,0.60096
1358.2068,-0.04549,9.30894,0.92898
1358.2152,0.50040,9.39753,2.15245
1358.2334,0.49801,9.20359,1.77655
1358.2557,0.43097,8.85403,2.46371
1358.2744,-0.13169,10.39115,-0.89067
1358.2975,-0.16520,9.76385,-0.19154
1358.3347,-0.70631,10.05117,0.62491
1358.3365,-0.60815,10.07990,0.93377
1358.3551,0.49322,10.21877,1.31925
1358.3756,0.53392,10.08229,-0.15323
1358.3932,0.18915,10.36721,0.12211
1358.4150,0.14845,9.78540,0.43576
1358.4354,0.14605,9.68963,0.76856
1358.4620,-0.26816,9.73033,0.87630
1358.4813,0.00000,8.74389,0.19872
1358.4955,-0.39027,9.27781,1.10376
1358.5134,-0.46688,9.67766,-1.17319
1358.5354,-0.05028,9.75906,-0.71589
1358.5571,-0.08141,9.62977,0.75659
1358.5748,0.53632,9.64653,0.47885
1358.5942,0.53632,9.76625,-0.23224
1358.6165,0.58181,9.58907,-0.07422
1358.6342,0.75420,8.60981,0.79250
1358.6531,0.32083,10.03680,0.84039
1358.6746,1.20671,9.14613,0.80208
1358.6927,0.69195,8.95938,0.20351
1358.7129,-1.06306,10.56354,1.95133
1358.7382,-1.00560,10.49171,1.54431
1358.7531,-1.01996,9.59625,0.48843
1358.7744,-0.77814,10.46298,-1.97288
1358.7950,-0.74462,10.26426,-0.37111
1358.8124,0.16042,9.94103,0.89546
1358.8328,0.08141,9.48612,1.03433
1358.8551,-0.34717,10.46537,0.28731
1358.8730,0.92180,10.61143,1.34319
1358.8944,0.94095,8.51165,1.01517
1358.9150,1.17798,9.76625,0.68716
1358.9327,0.86673,9.19162,0.73025
1358.9568,0.33759,8.68403,1.42459
1358.9790,-0.08380,10.33369,1.28812
1358.9969,-0.08141,9.29218,0.51237
1359.0295,-0.77575,10.36960,0.69195
1359.0441,-0.99602,10.07032,1.73345
1359.0533,-1.43896,10.13257,1.41741
1359.0731,-0.23464,10.60424,0.88349
1359.0974,-0.14126,9.41189,2.50920
1359.1145,0.74223,8.04237,0.35914
1359.1344,0.90025,8.50925,1.53234
1359.1812,0.13169,10.05356,1.22826
1359.1812,0.68237,8.83966,1.13967
1359.1938,1.47966,9.84286,1.54431
1359.2152,0.09817,9.55555,0.27774
1359.2330,-0.20351,10.34806,0.25858
1359.2543,-0.11014,9.33528,1.83162
1359.2787,-0.90982,10.50847,0.75659
1359.3119,-0.69195,10.32651,1.83401
1359.3262,0.16999,9.54837,-0.64406
1359.3373,-0.42858,9.12219,1.05109
1359.3530,-0.39027,11.12619,-1.39586
1359.3732,0.40703,8.34165,0.04310
1359.3956,-0.29928,9.47654,-0.41900
1359.4159,-0.34478,9.91948,1.61374
1359.4550,0.34238,8.74629,2.10936
1359.4661,0.33280,9.53161,1.18517
1359.4733,-0.22746,10.13018,2.26259
1359.4929,-0.26098,9.77822,0.78772
1359.5153,-0.19633,10.72875,0.22746
1359.5330,-0.31844,9.59146,0.81884
1359.5527,0.09577,9.32331,-0.08380
1359.5765,-0.45491,10.95860,-0.48125
1359.5939,-0.05267,9.68724,0.57223
1359.6135,0.81405,10.00567,0.29210
1359.6377,0.90982,9.60104,1.00320
1359.6533,0.70871,10.47735,0.78053
1359.6753,-0.04070,9.30176,1.08940
1359.6987,0.29689,10.11581,0.42139
1359.7313,-0.85476,10.14215,0.83560
1359.7457,-0.44055,9.37359,1.66402
1359.7573,-0.15084,8.83248,0.96729
1359.7731,0.35914,8.96656,0.90025
1359.7930,0.30407,9.26824,0.86433
1359.8153,0.37830,9.49569,0.17239
1359.8331,0.54589,9.12219,1.46530
1359.8545,-0.68476,9.05515,2.01837
1359.8845,0.12450,10.36960,0.41182
1359.8928,-0.63927,9.29457,0.96729
1359.9132,-1.17319,10.75748,0.96489
1359.9353,-0.60096,9.50048,1.12770
1359.9529,0.36154,8.59545,2.15724
1359.9730,0.79490,9.96976,0.26576
1360.0138,0.65124,9.17007,-1.00799
1360.0273,1.29051,9.12698,-0.47885
1360.0323,-0.05028,9.34485,-0.44294
1360.0551,0.40463,9.21556,0.20591
1360.0728,-0.15563,9.35683,0.64645
1360.0929,-1.17559,10.45101,1.13249
1360.1152,-0.21548,9.99849,0.78053
1360.1334,0.12929,9.28500,0.23943
1360.1664,-0.26576,9.96976,0.38308
1360.1754,0.10535,8.73431,1.35516
1360.1926,0.15802,9.61062,0.81405
1360.2129,-0.66800,9.81174,0.92898
1360.2369,-0.76377,9.10782,0.92658
1360.2546,-0.48125,10.50368,1.24742
1360.2744,-0.51477,9.73033,0.82363
1360.3026,-0.40224,9.50048,1.23545
1360.3182,0.21309,10.65931,-0.06943
1360.3348,-0.35435,11.95222,0.96010
1360.3569,-0.34238,10.57551,0.44773
1360.3746,0.76138,9.83568,0.96729
1360.3966,-0.06704,10.70480,1.53234
1360.4265,0.24422,10.49889,2.12612
1360.4379,2.30569,7.58746,0.84039
1360.4574,1.37910,11.35844,-0.80448
1360.4772,-0.09817,11.04718,-0.36154
1360.4948,0.52435,8.19560,0.72786
1360.5162,0.21309,9.56034,0.76856
1360.5402,-0.34238,10.93705,0.84518
1360.5850,1.47966,8.31292,1.00799
1360.5852,-0.67758,9.53161,0.81166
1360.6000,0.24661,8.27701,0.23464
1360.6165,-0.35435,9.72315,2.55469
1360.6368,0.36872,9.81653,-0.16520
1360.6605,-0.93137,8.18603,0.08380
1360.6766,-0.67997,9.96976,1.08940
1360.6968,0.01437,10.32651,2.25780
1360.7211,-0.16760,10.18285,1.33601
1360.7368,0.63688,9.95061,0.91940
1360.7565,0.94574,8.63136,-0.08141
1360.7827,-0.50998,8.01364,2.34639
1360.8003,2.58103,9.95061,0.17957
1360.8180,3.39748,7.77900,4.21632
1360.8408,-0.27534,10.10623,0.84757
1360.8618,-1.51079,10.29538,-0.41421
1360.8768,-0.88349,10.76227,-0.28731
1360.8997,-0.30168,10.74072,0.74223
1360.9166,0.36154,8.54996,-0.94574
1360.9365,1.21150,10.63776,4.37195
1360.9590,0.82124,5.59781,-3.43818
1360.9785,1.49642,8.70558,0.80687
1361.0063,2.88271,9.46457,-3.03355
1361.0188,4.39828,8.33447,-4.23068
1361.0364,3.68479,8.75826,3.30889
1361.0580,-2.62652,11.60744,0.24182
1361.0804,-1.79810,11.24830,-0.18196
1361.0999,0.24900,9.95300,1.45811
1361.1365,-0.60815,9.59146,0.60815
1361.1512,-0.14845,8.95938,0.42858
1361.1588,4.58264,7.44380,2.37512
1361.1763,2.21710,8.86839,0.27055
1361.2004,1.49642,10.35763,-3.06228
1361.2179,1.83401,8.05195,2.04950
1361.2402,1.44614,9.67287,1.55388
1361.2809,0.72068,8.49968,0.98884
1361.2811,0.41660,9.96737,0.46688
1361.2966,0.05267,8.57869,2.24344
1361.3187,-0.51716,9.79019,1.01517
1361.3365,0.57223,9.37837,-0.30886
1361.3601,0.58899,11.32971,-0.33280
1361.3828,-0.16999,11.44224,-0.13169
1361.4271,0.18675,9.83808,0.66321
1361.4272,0.72547,9.24908,1.19953
1361.4451,1.03672,9.07191,0.27534
1361.4562,0.67519,10.37439,0.24182
1361.4763,0.16760,10.90113,1.48924
1361.5002,0.03352,10.06314,0.93137
1361.5181,0.47407,8.81333,0.01915
1361.5393,0.55787,9.27063,0.34238
1361.5728,0.55068,9.89314,0.05267
1361.5765,0.68476,9.85484,1.12531
1361.5964,0.76377,9.25387,0.46210
1361.6189,0.91461,8.99768,0.74701
1361.6388,0.96010,9.03839,1.25939
1361.6580,0.61533,9.88596,0.04070
1361.6832,0.76138,9.57231,0.11732
1361.7041,0.36154,9.84286,0.36154
1361.7209,0.21070,10.01525,0.11971
1361.7385,0.01197,10.51805,-0.43576
1361.7562,0.83321,10.19243,0.51716
1361.7776,0.58660,10.68325,0.71589
1361.8031,0.72786,10.76227,0.43815
1361.8384,2.95932,9.99370,3.31128
1361.8525,2.94496,9.58668,1.55388
1361.8596,1.40544,11.42069,1.42220
1361.8792,-1.41502,10.54439,-0.85236
1361.8975,-0.34956,9.23232,-0.29689
1361.9197,1.46769,10.38158,-3.91703
1361.9412,1.42220,11.32492,-4.73588
1361.9789,1.43656,7.59703,0.52674
1361.9901,1.83641,11.88757,2.24104
1361.9980,-1.88190,4.96094,-5.11657
1362.0173,2.91144,11.15493,2.37512
1362.0399,1.11334,12.31615,1.89387
1362.0590,-2.48765,10.87240,4.35997
1362.0774,-1.62332,12.62501,2.49483
1362.1094,-0.44294,9.42626,0.79011
1362.1188,2.48286,9.49809,-6.60820
1362.1376,0.67758,7.91787,5.34642
1362.1619,-0.46449,13.62582,-3.64887
1362.1793,1.40783,9.79737,5.53317
1362.2012,1.60656,11.75110,7.12297
1362.2234,-3.56747,17.18371,5.90428
1362.2577,-2.41822,-1.04869,3.35438
1362.2682,3.84042,13.96102,-14.65775
1362.2795,-4.47251,0.22267,-10.29299
1362.2994,3.44057,15.51011,-14.11904
1362.3174,6.20117,5.82766,12.28502
1362.3398,6.91227,16.00333,-14.93549
1362.3575,-3.56747,13.63300,7.59703
1362.3926,-0.08141,9.60104,10.58270
1362.4091,-3.34480,12.95542,-1.04390
1362.4169,-2.16682,-0.71828,-0.89067
1362.4373,4.20435,12.71360,-13.77666
1362.4595,1.53234,3.71591,0.22506
1362.4768,4.44377,13.76947,-11.09028
1362.4965,0.52195,6.03118,-0.34956
1362.5203,3.00960,11.01606,-4.93460
1362.5371,1.43896,6.34962,-0.90982
1362.5581,1.05827,10.47735,-1.91781
1362.5791,0.60575,9.23711,0.89546
1362.5969,-0.60575,10.59467,0.45970
1362.6169,0.18675,9.86441,1.47966
1362.6389,-0.15802,10.38876,1.79571
1362.6566,0.41900,9.53400,-0.15563
1362.6790,0.88349,9.26105,-1.17798
1362.6990,0.13647,10.54199,-0.22985
1362.7168,0.64406,9.81413,0.22985
1362.7360,0.81405,9.87399,-0.77096
1362.7582,0.54111,9.51724,1.05588
1362.7759,0.81166,9.90033,1.24263
1362.8029,0.62730,9.96497,-0.05267
1362.8187,0.09098,10.72156,-0.01197
1362.8365,0.68955,9.90272,-0.75420
1362.8568,0.79729,9.14613,0.36154
1362.8792,1.67599,9.80216,-0.16042
1362.8969,1.69754,8.71516,1.44614
1362.9169,1.18517,10.10384,0.82124
1362.9392,0.78772,10.33608,-0.85236
1362.9614,0.65843,9.74230,-1.25939
1362.9772,0.10535,10.11581,0.18915
1362.9990,0.20591,9.89793,-0.82602
1363.0175,0.14366,9.56513,0.11493
1363.0376,0.16520,10.00807,-0.95053
1363.0598,0.44055,9.10303,1.07024
1363.0789,0.73983,9.39992,0.52435
1363.1219,0.96729,9.20120,0.09098
1363.1222,0.38308,9.72794,-0.38787
1363.1365,0.46688,10.40073,-0.63209
1363.1564,0.69434,9.90272,0.81645
1363.1792,0.75899,10.25947,-0.04310
1363.1967,0.12450,10.19003,2.01359
1363.2166,0.51237,8.88037,1.63290
1363.2474,1.09658,9.98891,1.35037
1363.2561,0.65124,9.28500,-0.22746
1363.2762,0.25619,9.55316,0.15802
1363.2988,-0.28492,10.41510,-0.40942
1363.3165,-0.39506,9.67287,0.65124
1363.3365,0.27534,10.00089,0.07183
1363.3590,0.08619,9.40232,1.13967
1363.3787,0.18436,9.54358,0.05507
1363.3962,0.10774,9.88117,-0.23464
1363.4204,0.44534,9.34007,-0.50998
1363.4365,1.10615,9.45020,0.26337
1363.4565,0.81166,8.98811,-0.54111
1363.4789,0.56505,9.80455,0.50998
1363.5031,0.26576,10.56354,-0.80687
1363.5170,0.69913,10.34806,-1.09418
1363.5406,0.01437,10.17567,0.82602
1363.5586,-0.27295,10.33130,0.00479
1363.5769,0.54350,8.89713,0.18436
1363.6030,0.44055,9.93145,1.33122
1363.6184,0.85715,10.07990,1.01278
1363.6653,1.56825,9.00966,1.43896
1363.6653,1.39107,10.19003,0.59857
1363.6803,0.52913,8.84685,0.74223
1363.6965,0.58420,9.14852,1.75740
1363.7191,0.79729,9.55076,0.92898
1363.7369,1.01996,8.56193,1.07264
1363.7584,0.85954,9.90990,1.00081
1363.7810,0.71349,9.12458,0.52195
1363.7966,0.43815,9.27781,0.81884
1363.8174,0.83800,8.54756,0.91701
1363.8391,0.98644,8.14532,0.55308
1363.8569,0.48364,8.46616,0.41660
1363.8782,0.51716,8.76065,0.20830
1363.9011,0.69673,9.43823,0.22027
1363.9186,0.78532,9.22275,0.94334
1363.9508,-0.31844,10.21637,1.02714
1363.9592,-1.38629,10.09666,0.80448
1363.9766,0.11732,10.69283,-0.66800
1363.9972,1.11813,8.46855,-0.97686
1364.0211,0.21309,8.03279,-0.14845
1364.0383,-0.20351,10.27862,-0.50280
1364.0594,1.59459,9.21078,0.10535
1364.0957,0.10535,10.14694,0.00718
1364.0986,0.29689,10.76945,-1.52994
1364.1199,0.06704,9.36880,0.67279
1364.1422,0.15563,10.78381,-0.73265
1364.1614,0.22027,10.27862,1.59698
1364.1813,0.70631,10.40073,0.88588
1364.2017,0.77335,9.70878,-0.04549
1364.2202,0.28731,9.66569,-0.49801
1364.2374,-0.29928,8.77741,1.28094
1364.2599,0.26337,9.52203,-0.60096
1364.2786,0.59139,8.43264,0.26337
1364.3014,-0.31126,9.24430,1.04869
1364.3243,-0.28252,9.41189,1.11813
1364.3423,1.10137,9.51964,0.08859
1364.3743,0.45491,10.00567,0.26576
1364.3820,1.22826,9.84286,0.85476
1364.3997,0.67519,10.20679,0.04549
1364.4198,-0.06225,10.19243,0.80926
1364.4419,0.19872,10.54439,1.29051
1364.4597,-0.18675,10.18046,1.99443
1364.4823,0.00239,9.56513,1.33361
1364.5054,-0.88349,10.44143,1.52276
1364.5195,-0.37111,8.91149,0.38548
1364.5405,0.07183,9.91230,0.39745
1364.5673,-0.76138,9.54119,0.01676
1364.5826,1.47487,8.02800,0.50998
1364.6029,1.31925,9.39035,-0.42139
1364.6432,0.70871,9.26584,-0.24900
1364.6550,1.28094,9.24190,-0.20112
1364.6604,0.65364,9.18444,-1.04869
1364.6831,0.28013,10.82212,0.67519
1364.7029,0.16281,8.92346,2.30569
1364.7229,-0.44773,10.66410,0.35675
1364.7460,0.34717,9.77582,0.59139
1364.7632,-0.25379,9.99131,0.71589
1364.7921,0.20112,10.55157,0.23703
1364.8069,0.19633,9.22275,2.37033
1364.8206,0.47646,9.52443,1.93218
1364.8406,0.81405,9.86681,0.61533
1364.8656,0.59139,9.34964,0.17718
1364.8810,1.18277,9.18923,0.97686
1364.9130,0.64406,9.56752,2.56906
1364.9298,-0.03831,8.83487,1.85796
1364.9412,0.82363,9.87878,1.88908
1364.9604,0.67519,9.24190,1.17798
1364.9829,0.45491,10.41510,0.03113
1365.0006,0.73504,9.88596,1.15404
1365.0203,1.10615,8.00167,1.50839
1365.0620,1.20432,8.50925,1.50839
1365.0767,0.60815,9.85962,1.81247
1365.0818,1.04630,8.11420,0.19154
1365.1039,0.25858,10.01286,2.14288
1365.1217,-1.26657,10.33848,2.42061
1365.1428,-0.10056,11.28422,1.11334
1365.1659,-1.89627,9.94342,0.65843
1365.2023,-1.21629,11.47097,2.02077
1365.2024,0.90504,8.01364,1.85317
1365.2236,-0.56984,8.89713,1.14207
1365.2415,0.12690,10.93226,0.84039
1365.2616,0.85236,8.27461,2.62413
1365.2841,-0.10774,9.56273,1.67360
1365.3016,-1.51558,12.52206,2.03753
1365.3214,-0.53632,9.19641,1.09418
1365.3480,-0.60336,9.70639,-2.46850
1365.3629,1.82204,9.00487,-2.61215
1365.3856,0.31365,10.34566,0.09098
1365.4054,1.11334,9.22754,-0.13169
1365.4231,1.31685,9.75188,-0.07183
1365.4415,-0.19633,8.98811,0.94813
1365.4828,-1.06545,10.30496,0.88109
1365.4969,-0.45970,9.05994,2.07823
1365.5021,0.19154,8.55474,1.08221
1365.5260,1.86035,10.86043,1.08940
1365.5448,0.00479,9.52203,-0.07422
1365.5649,-2.09020,9.45739,1.21869
1365.5875,-1.37910,10.44862,0.00000
1365.6180,-0.94095,9.87878,-0.68237
1365.6227,-0.67519,8.35602,1.04390
1365.6455,-0.79729,8.40869,1.36474
1365.6619,0.42618,11.70561,1.57783
1365.6833,1.88429,9.40711,-1.93218
1365.7059,1.88190,10.15891,-4.22589
1365.7238,1.01278,12.60346,2.11414
1365.7422,1.70233,11.50688,3.78056
1365.7751,1.11094,3.18439,-7.31690
1365.7815,-2.34400,12.10545,-0.91222
1365.8031,-1.29051,9.89075,6.15329
1365.8242,-2.86116,10.40552,2.03753
1365.8416,4.51800,11.04479,0.28013
1365.8627,-2.84200,3.69437,-4.87235
1365.8871,-2.80848,11.48055,0.61054
1365.9144,-2.85158,9.38316,-0.04549
1365.9290,-3.37353,9.63935,5.52120
1365.9453,4.55391,10.01765,4.55630
1365.9613,-1.61135,9.84526,-0.11493
1365.9818,1.07742,9.09106,1.73106
1366.0043,4.80292,7.88674,12.25869
1366.0411,-3.77817,13.32653,18.57478
1366.0574,1.94415,11.02803,-7.77182
1366.0640,-0.80208,-3.96013,-2.37991
1366.0817,7.13254,13.44385,-19.34574
1366.1016,-5.12135,11.59547,17.15019
1366.1240,-0.87391,15.56279,25.07763
1366.1434,1.13249,13.43667,13.36245
1366.1730,-2.24583,0.22027,3.09580
1366.1870,1.16841,13.90116,-4.24984
1366.2014,-1.48445,6.75185,0.62969
1366.2208,-0.58420,9.83329,-6.55792
1366.2434,0.90743,9.08627,0.30168
1366.2646,-2.26259,1.98007,0.64645
1366.2849,4.97770,19.24279,-11.65772
1366.3228,-0.14845,-0.15084,5.55951
1366.3370,6.39511,16.93950,-12.01687
1366.3425,6.32807,11.39435,14.00890
1366.3644,4.41265,15.56757,3.99844
1366.3818,-4.70236,11.96180,0.67279
1366.4038,5.58105,13.98496,-0.66082
1366.4244,0.46449,6.38553,13.07035
1366.4640,-2.09738,15.09111,-6.58665
1366.4836,1.88908,8.05195,-0.85476
1366.4871,8.71995,17.60989,3.85478
1366.5023,-5.07107,3.28255,0.79250
1366.5227,2.81806,15.35209,-12.73754
1366.5452,-0.65364,4.57306,-2.60497
1366.5645,0.31365,13.16372,-10.55875
1366.5828,0.80448,6.92424,0.70152
1366.6095,0.61772,11.57392,-5.20276
1366.6218,0.62730,6.31131,1.79571
1366.6417,1.57783,10.66410,-3.07425
1366.6646,2.44455,9.83568,2.76299
1366.6825,-2.01359,9.96497,0.59139
1366.7053,-1.71430,11.12141,4.99925
1366.7257,-1.48684,9.92906,2.65286
1366.7441,-0.88109,9.12698,0.27774
1366.7620,-0.05267,8.39193,-2.09020
1366.7847,-0.10056,8.52122,-0.44534
1366.8019,1.70472,9.34485,0.11971
1366.8221,0.42139,9.56752,-4.16364
1366.8456,0.22985,10.67128,1.10376
1366.8660,1.47966,8.50446,5.28416
1366.8975,-2.32484,12.96500,-1.10615
1366.9045,-0.05267,9.40711,-2.97130
1366.9222,-2.10696,10.97057,3.69676
1366.9432,-3.32804,10.31214,0.21548
1366.9657,-1.23066,11.07592,3.22509
1366.9840,-0.72068,9.13655,0.26337
1367.0037,0.90504,9.63696,-2.73426
1367.0313,0.80687,11.20281,2.53314
1367.0460,-1.53712,10.00328,2.64807
1367.0618,-0.62491,9.30894,0.55308
1367.0861,2.33442,14.34889,3.39269
1367.1023,-3.05270,7.51084,2.99284
1367.1243,-1.80289,11.74871,3.29692
1367.1453,0.60815,12.93866,6.72312
1367.1698,1.33361,10.48453,5.83485
1367.1840,-4.19716,12.15334,-2.80130
1367.2043,0.54829,9.77343,4.18040
1367.2224,-0.45012,8.80614,-0.12690
1367.2418,0.94095,8.96416,0.17239
1367.2666,1.91781,5.96893,-1.47487
1367.3027,-5.16445,11.21478,-5.73189
1367.3027,3.00003,10.40073,1.09179
1367.3242,1.93457,8.37757,3.83802
1367.3420,-0.57463,9.48851,-2.22189
1367.3635,0.83081,9.06712,-7.63295
1367.3860,-0.12450,12.45502,0.51237
1367.4037,0.59378,8.89473,-1.24502
1367.4235,-0.02394,9.48133,0.93856
1367.4562,0.06943,8.33447,0.34717
1367.4617,-0.71589,10.37679,-2.25780
1367.4821,-0.85954,9.27063,1.76697
1367.5044,-0.74223,8.93064,0.50759
1367.5221,1.23066,11.68646,-2.48526
1367.5436,-2.27456,11.07352,2.72468
1367.5865,-2.08062,11.50449,-2.87552
1367.5868,-1.71191,9.97694,6.80932
1367.6040,-0.76856,11.66730,2.13330
1367.6245,0.34238,9.94103,-0.08859
1367.6420,0.78053,9.30415,1.06306
1367.6620,-1.07982,9.04796,0.85236
1367.6843,-1.27615,9.63696,4.18040
1367.7036,-0.33041,11.75350,-0.18915
1367.7329,1.58740,7.87477,-2.75581
1367.7443,1.46530,9.43823,-4.75503
1367.7616,3.46212,7.86519,0.26816
1367.7819,4.75503,9.90990,1.61374
1367.8053,4.77897,10.40073,1.47727
1367.8237,0.08619,7.19001,1.30009
1367.8434,0.87870,10.07750,0.55068
1367.8787,0.84278,10.94662,0.13408
1367.8818,-0.55068,9.86202,2.76539
1367.9016,-1.18038,9.03599,2.91383
1367.9257,-1.07503,9.34964,2.54272
1367.9434,0.18436,9.64893,-0.11014
1367.9631,1.25460,10.44862,1.68796
1368.0021,1.63768,9.57949,1.47966
1368.0062,-0.21788,10.21877,5.06868
1368.0221,-0.05746,11.55956,3.25143
1368.0438,0.55787,8.92825,4.25702
1368.0618,-0.82602,10.30017,1.73345
1368.0815,0.42139,8.77981,0.20112
1368.1039,0.01437,11.37520,2.60258
1368.1219,0.43815,9.97934,0.09577
1368.1493,1.53952,6.12695,-0.18196
1368.1649,-0.05986,10.63297,2.53793
1368.1815,7.15409,8.36081,-3.29692
1368.2015,0.07901,9.35204,-0.61772
1368.2239,-0.24182,7.86998,3.30889
1368.2416,0.45970,10.36003,0.05507
1368.2644,0.76138,11.88279,3.95055
1368.2958,0.73983,10.08708,1.32643
1368.3016,2.53793,11.72476,0.26337
1368.3219,2.82524,11.67688,0.41900
1368.3456,2.05668,9.17726,3.89549
1368.3657,2.32724,12.89556,1.78852
1368.3851,-1.78134,7.30972,1.92260
1368.4054,-2.88750,10.69044,5.10220
1368.4395,-0.26337,10.46298,1.63290
1368.4415,-0.40463,7.95378,-4.13491
1368.4640,2.92102,12.15334,-6.19159
1368.4819,1.96570,1.40305,2.12851
1368.5038,2.35118,11.94504,-9.51724
1368.5273,2.36315,7.78618,1.93218
1368.5585,1.73824,10.06793,-1.13010
1368.5740,-1.59219,8.94262,2.34400
1368.5857,0.51237,13.03683,-1.42459
1368.6016,-0.09098,7.85562,4.69278
1368.6226,3.11256,14.32016,-4.62095
1368.6438,2.85637,3.89309,10.62100
1368.6616,-0.70631,14.16932,-2.48526
1368.6816,1.42699,8.34884,4.59701
1368.7041,-0.74462,9.62259,3.66324
1368.7212,0.89306,8.20279,-1.29051
1368.7422,4.26660,8.17645,-0.68237
1368.7648,2.07344,8.68403,-1.77416
1368.7841,2.70074,11.57632,-1.71909
1368.8042,1.65444,8.92107,2.03274
1368.8265,1.89148,9.95539,1.79331
1368.8584,-0.62012,9.78301,1.15165
1368.8629,-0.13887,8.09025,-0.16760
1368.8845,-1.28333,8.83727,4.00562
1368.9023,2.50681,10.41988,-2.81567
1368.9236,1.18277,8.78938,2.09499
1368.9474,2.73426,8.70798,1.77416
1368.9651,4.80531,11.64575,-2.28174
1369.0010,3.71113,9.99610,0.05028
1369.0057,2.41822,9.65850,0.78293
1369.0234,1.40783,9.12937,-0.40942
1369.0435,1.29770,7.04635,-0.73983
1369.0673,3.08383,9.10543,-1.68318
1369.0851,-2.26738,10.13018,-0.42618
1369.1221,0.14605,10.87480,2.61934
1369.1398,1.44375,7.45817,1.76458
1369.1440,-1.99443,9.07670,0.20591
1369.1659,3.85239,7.76463,0.77335
1369.1879,-0.33520,11.82053,3.42621
1369.2057,-0.78293,14.35368,-0.53392
1369.2241,3.07185,9.47415,3.90267
1369.2461,-2.20752,9.78301,1.33361
1369.2657,0.49561,9.44781,-1.31206
1369.2832,0.37111,9.30655,-3.02876
1369.3057,1.76937,9.63217,0.47167
1369.3234,3.62972,10.39355,-2.52835
1369.3435,2.73426,11.02564,0.04549
1369.3656,1.07024,9.64414,2.54033
1369.3851,3.19636,7.96336,0.74462
1369.4225,1.84838,10.25229,2.71032
1369.4269,0.20591,10.22116,0.45491
1369.4449,-0.78532,11.13338,-0.12690
1369.4650,-1.14686,7.59225,5.14290
1369.4868,1.43417,11.65294,1.91781
1369.5050,1.52755,6.62256,-1.58022
1369.5249,5.40867,10.18764,-6.77819
1369.5536,1.68078,8.06631,-2.71271
1369.5658,4.87953,10.26426,-4.61856
1369.5833,5.16684,10.35284,-1.24981
1369.6053,3.32086,9.64893,-2.85398
1369.6249,4.34561,10.36482,-0.24661
1369.6449,2.39906,8.99050,-0.54111
1369.6686,3.24185,10.42467,-1.16841
1369.6866,0.69913,7.71196,0.29689
1369.7037,0.35675,11.44703,0.66800
1369.7261,1.71191,10.45101,-0.37351
1369.7449,2.00161,8.63136,-1.75979
1369.7639,0.99841,10.81973,0.16520
1369.7872,1.36953,10.34566,-1.54670
1369.8038,0.94334,8.37517,0.91461
1369.8378,0.70631,9.97694,1.58501
1369.8480,1.69036,10.16370,-0.23224
1369.8634,0.75420,10.44862,0.35435
1369.8835,-1.04630,12.53163,2.10457
1369.9075,-0.48604,10.29778,0.33041
1369.9250,0.14605,8.04955,-0.72786
1369.9468,0.81645,9.50527,1.75740
1369.9803,2.12612,9.61541,-0.68476
1369.9851,1.76937,8.00885,2.45653
1370.0035,1.75021,9.05994,-0.96968
1370.0272,3.54592,8.15011,-1.78134
1370.0432,2.20273,11.01606,0.11253
1370.0634,3.44776,9.96737,0.43097
1370.0947,4.42462,8.00406,0.87870
1370.1062,1.82204,9.60344,0.06465
1370.1251,0.89785,10.12299,0.37830
1370.1454,1.36234,11.24112,1.66642
1370.1631,1.37671,11.00409,1.16841
1370.1832,1.79331,10.18046,-0.37590
1370.2074,1.13249,9.28500,1.64247
1370.2266,-1.12291,10.49889,0.39506
1370.2595,-1.62811,9.44541,2.35836
1370.2654,-1.11334,9.18683,0.32562
1370.2833,0.63448,9.69921,0.09817
1370.3036,0.83081,7.62816,0.08141
1370.3256,1.70951,7.80055,2.12372
1370.3442,0.79729,9.62738,0.54829
1370.3650,1.58022,9.97215,-0.75659
1370.3964,2.99524,8.49728,0.17718
1370.4099,1.23305,8.70079,2.47807
1370.4226,0.88828,11.06155,0.61054
1370.4454,0.90264,9.53640,0.62969
1370.4634,1.03193,10.87240,0.45491
1370.4830,1.48445,9.00966,1.95133
1370.5072,1.35516,10.62100,1.09658
1370.5243,1.53712,10.63537,0.34956
1370.5450,1.11573,10.18764,0.64406
1370.5656,0.23464,8.84206,-0.16042
1370.5856,0.66082,8.97135,3.28734
1370.6039,0.44294,9.73512,1.04630
1370.6263,-0.05507,9.09106,1.26418
1370.6633,0.96250,9.53879,0.52195
1370.6780,1.39347,8.09744,0.26576
1370.6871,1.03193,9.51006,0.45731
1370.7052,1.18517,9.54119,-0.34956
1370.7233,1.74543,9.46457,0.93137
1370.7457,1.52276,9.34964,1.91781
1370.7631,1.08940,10.20679,0.26816
1370.7841,1.99683,10.37679,0.73025
1370.8146,1.85556,10.40791,0.19633
1370.8239,1.06785,9.35922,0.91940
1370.8434,1.26897,11.44942,0.56984
1370.8655,1.63529,10.60664,-0.65603
1370.8832,1.11334,9.60822,-0.43815
1370.9032,1.36234,8.54277,2.08781
1370.9271,0.77814,9.58907,-0.23943
1370.9589,1.04630,10.30496,0.21070
1370.9628,0.79250,9.34725,0.51477
1370.9855,1.01278,8.68164,1.29051
1371.0049,1.09418,9.13176,0.33759
1371.0270,0.69195,9.82131,1.64966
1371.0494,0.57463,10.35763,0.43097
1371.0670,1.47727,8.37039,0.86673
1371.0997,1.31685,10.49171,1.13010
1371.1068,0.96250,10.47256,0.55547
1371.1230,1.66881,9.98652,1.55867
1371.1428,0.78053,10.08947,1.52994
1371.1654,0.89546,10.03441,-1.41980
1371.1831,2.38230,9.59625,0.76138
1371.2050,1.58980,8.93304,0.24422
1371.2378,1.27615,9.24430,0.13647
1371.2427,1.83401,8.30334,1.66402
1371.2629,0.75180,10.13736,1.45093
1371.2854,2.67680,7.94899,0.05986
1371.3046,2.03513,9.53400,0.54111
1371.3246,0.92419,11.40872,2.76778
1371.3467,1.79571,10.40312,1.13728
1371.3795,-0.07183,9.30176,1.63050
1371.3826,0.11493,9.89554,1.55867
1371.4053,0.59139,9.84047,2.41582
1371.4227,1.68557,9.02642,1.57783
1371.4427,2.28893,9.12937,0.33520
1371.4648,2.69835,8.90670,0.27055
1371.4849,1.35516,9.85005,1.07742
1371.5149,1.44375,8.75107,1.39826
1371.5304,2.17161,8.48531,0.25619
1371.5430,1.58501,10.00328,0.68237
1371.5626,2.35118,9.89314,-0.05746
1371.5852,1.48924,8.40630,1.45811
1371.6034,2.18358,10.13018,0.83081
1371.6233,1.64247,10.06074,2.59061
1371.6545,1.42938,9.58428,1.11573
1371.6636,1.68557,9.58907,1.43178
1371.6832,1.18756,9.99610,1.88908
1371.7058,1.46769,9.02163,0.84518
1371.7234,1.43417,9.81174,1.70233
1371.7432,1.62332,9.34007,0.66321
1371.7664,2.35836,9.47654,1.12770
1371.7843,1.21390,9.65611,0.61533
1371.8036,0.99362,9.41429,1.39347
1371.8253,1.73824,8.72474,1.10855
1371.8431,1.75021,9.15092,0.83560
1371.8652,1.95852,9.76385,-0.65364
1371.8877,1.38629,9.59386,0.33280
1371.9052,2.37273,9.63935,0.90264
1371.9390,2.49483,9.89793,-0.50280
1371.9460,2.26498,9.50767,-0.14605
1371.9695,1.96091,9.19880,-0.42139
1371.9836,0.96010,10.14454,0.05507
1372.0062,0.97686,9.82850,0.70631
1372.0239,2.05189,9.01684,0.06225
1372.0476,1.70472,9.28739,1.05588
1372.0790,1.34079,9.82610,0.32562
1372.0836,1.42938,9.40232,0.49083
1372.1038,0.92898,9.65850,0.28252
1372.1279,0.61293,9.23472,0.36872
1372.1438,1.53473,9.85005,0.57463
1372.1655,1.29291,9.36401,0.66561
1372.1895,1.66402,8.73671,1.37671
1372.2070,1.65444,9.65372,0.75420
1372.2241,1.51318,9.19402,0.59857
1372.2461,1.52994,9.24908,1.15883
1372.2635,0.98644,10.13975,0.03831
1372.2837,1.27854,9.84526,1.92021
1372.3062,2.05908,9.43105,2.19555
1372.3256,2.45413,9.95539,0.09338
1372.3484,2.93059,9.89075,0.01676
1372.3677,2.65046,10.30256,0.60815
1372.3838,1.70951,8.88994,1.01996
1372.4037,1.09179,9.73033,0.90504
1372.4261,1.48206,9.80455,0.19394
1372.4437,1.50600,8.42306,0.80448
1372.4683,2.61694,8.62657,-0.28252
1372.5009,2.31766,10.10145,-0.39266
1372.5039,2.85398,9.27542,0.71589
1372.5251,2.14288,9.30415,0.73983
1372.5477,1.92979,9.13655,1.13967
1372.5651,1.79571,9.72794,1.02714
1372.5836,2.24344,9.62259,0.99123
1372.6067,2.65764,8.63136,0.28731
1372.6355,2.05429,9.91709,1.17559
1372.6433,3.07425,9.74230,1.11334
1372.6650,2.36794,9.37119,0.83081
1372.6830,2.02556,9.76146,1.16362
1372.7032,2.27217,8.83727,1.01278
1372.7253,2.32724,9.63217,-0.51956
1372.7433,2.34639,9.47175,0.74701
1372.7637,1.38629,9.78061,1.51318
1372.7854,2.18118,10.28820,0.22506
1372.8032,2.06386,10.06074,0.19154
1372.8234,2.58821,9.37598,0.65364
1372.8458,2.89947,9.58189,0.99123
1372.8633,2.71511,10.07750,0.52913
1372.8851,2.84200,9.16289,0.77096
1372.9180,2.70314,9.00487,1.37192
1372.9232,2.23386,10.50608,0.31126
1372.9437,1.62092,10.07032,-0.15323
1372.9657,1.36234,10.87958,0.42379
1372.9851,2.69835,9.33049,-0.24900
1373.0050,2.24822,8.44700,1.11573
1373.0281,2.59539,9.11261,1.40783
1373.0642,2.88031,9.42147,1.02236
1373.0645,2.77975,8.46616,-0.47646
1373.0858,2.78933,10.09905,-0.45970
1373.1035,2.15724,9.64414,2.19555
1373.1239,2.01119,7.86040,0.54829
1373.1460,1.58740,9.24190,1.99922
1373.1654,1.76458,10.76227,0.80687
1373.1842,2.13569,9.72554,-0.44294
1373.2059,1.98725,9.98173,2.49005
1373.2236,1.84599,10.63058,0.12929
1373.2445,1.81965,10.02962,0.73265
1373.2700,2.05668,10.27144,0.52674
1373.2850,2.45174,9.31852,-0.50519
1373.3051,2.38230,9.32331,0.03113
1373.3378,2.71271,9.63456,1.47008
1373.3434,3.04073,9.21078,0.33280
1373.3636,3.19875,8.88515,-0.03831
1373.3857,2.49244,9.40711,0.61054
1373.4050,2.95693,8.82290,1.28812
1373.4250,2.66004,10.26904,2.26259
1373.4473,3.11016,8.81093,2.02077
1373.4775,2.54272,9.72076,1.59459
1373.4851,2.43258,10.15172,1.50360
1373.5055,2.58342,9.57949,1.73345
1373.5233,3.01679,9.75428,1.20671
1373.5452,2.79891,9.04557,0.51477
1373.5658,2.08302,10.00328,0.09098
1373.5917,2.54511,9.04078,-0.13169
1373.6034,3.12932,8.64094,1.47966
1373.6257,3.37593,9.17965,0.15802
1373.6432,3.15565,10.05835,0.23464
1373.6650,1.86275,10.83409,0.22506
1373.6873,2.29132,9.45499,-0.32562
1373.7051,2.71511,8.25067,1.99443
1373.7576,2.92102,8.96895,0.66800
1373.7578,2.58582,8.96177,0.43097
1373.7737,2.83243,8.70319,-0.66561
1373.7881,2.46850,10.67607,0.29689
1373.8065,2.31287,9.44302,0.68955
1373.8241,2.22907,10.42228,2.00161
1373.8442,2.50441,10.03201,0.92658
1373.8866,2.24822,10.26665,0.13169
1373.8868,1.92979,9.92906,-0.52674
1373.9041,1.55149,10.59945,0.65124
1373.9270,1.62571,10.65213,1.37192
1373.9441,1.50839,8.89473,1.44614
1373.9669,2.00401,8.94501,0.83800
1373.9890,1.96331,9.94103,0.93137
1374.0066,2.08541,10.02962,0.60096
1374.0405,2.64328,9.54597,1.06785
1374.0474,2.59779,9.76864,-0.58181
1374.0652,3.86197,7.92266,-0.35196
1374.0857,2.82524,9.00487,0.79729
1374.1099,2.66004,9.07670,0.99602
1374.1274,2.33202,9.42147,1.66163
1374.1624,2.51399,9.31133,0.32802
1374.1788,1.92021,8.99768,1.13967
1374.1858,1.49642,9.27542,1.01757
1374.2053,2.34878,9.25387,1.83401
1374.2277,2.09738,7.80534,1.12770
1374.2490,1.69754,9.76146,0.82602
1374.2692,2.27217,8.18842,0.52195
1374.3070,2.56427,9.32091,0.20591
1374.3071,2.24583,9.21317,1.16362
1374.3292,2.20992,9.11979,-0.44294
1374.3499,2.04232,10.15172,0.24422
1374.3656,3.08622,10.16370,-0.57702
1374.3856,2.43498,10.19482,-1.58022
1374.4098,1.78134,10.87001,-1.44135
1374.4364,3.02397,9.84765,-0.20351
1374.4552,2.61215,8.89473,-1.44854
1374.4696,2.51399,9.75667,-0.00958
1374.4855,3.38311,9.50767,0.41660
1374.5057,2.17640,9.93624,1.78613
1374.5280,1.89387,10.18524,2.48765
1374.5457,3.01200,8.88515,0.77814
1374.5680,3.46452,9.49330,-0.00718
1374.6002,2.11175,10.86522,0.31126
1374.6051,2.01359,10.33369,0.23943
1374.6254,3.28734,6.71355,-0.80687
1374.6489,2.49005,10.24989,-0.02873
1374.6664,2.52117,9.54597,-1.05827
1374.6864,0.67040,10.75748,0.05507
1374.7096,1.49403,10.50847,1.03193
1374.7277,1.37431,9.75667,1.69994
1374.7450,1.22826,9.75667,1.22587
1374.7676,3.11495,9.36401,-0.38548
1374.7877,4.49405,9.60583,-2.08781
1374.8074,3.02636,8.44700,1.33601
1374.8298,4.27618,10.33848,-1.72388
1374.8756,3.80690,8.20279,-0.64167
1374.8759,2.48286,10.16370,-0.28013
1374.8925,2.16442,9.29936,-0.07422
1374.9058,3.20354,7.93223,0.38069
1374.9252,3.68958,9.87160,1.68796
1374.9478,3.74704,9.90033,0.57223
1374.9656,3.06707,10.52284,-0.00958
1374.9854,3.84999,9.35204,-0.02873
1375.0175,2.77496,10.37918,-0.45970
1375.0250,2.27935,9.46217,0.56505
1375.0454,3.16523,10.55636,-0.48364
1375.0677,3.46691,9.53640,1.13967
1375.0854,2.77736,9.73991,0.44773
1375.1055,3.65127,9.17007,0.63927
1375.1466,4.07027,9.59865,-0.53871
1375.1573,3.85478,8.72474,-0.16760
1375.1652,3.62014,9.83089,-0.25619
1375.1871,3.11495,9.24190,-0.96250
1375.2051,3.18439,8.90670,0.65843
1375.2263,3.07425,8.41348,1.12052
1375.2474,2.46850,8.61460,1.73585
1375.2677,3.76141,9.55555,0.90982
1375.2998,3.74465,8.99050,1.24742
1375.3073,3.06228,9.76385,0.16999
1375.3252,3.84521,9.85723,-0.39984
1375.3481,3.20593,9.39274,0.79011
1375.3718,2.32963,10.36003,1.23305
1375.3864,3.14129,10.22116,0.90743
1375.4237,3.17002,9.85723,-0.07901
1375.4406,2.08541,10.20679,-0.79250
1375.4451,2.67440,9.19162,4.42941
1375.4650,1.25460,12.83092,0.88828
1375.4872,1.32164,11.56674,-0.09098
1375.5049,2.92820,9.84765,-1.63529
1375.5251,3.75901,7.96096,0.59378
1375.5486,2.49962,9.23711,1.87711
1375.5848,2.43977,9.55316,0.97686
1375.5851,2.47807,9.85244,0.82363
1375.6073,3.90027,9.96737,-0.92180
1375.6250,4.22589,8.87797,0.47407
1375.6462,3.82845,9.85723,-0.26098
1375.6694,3.13650,10.46777,0.62730
1375.6865,2.18837,9.40471,1.62332
1375.7065,2.86355,13.18527,-1.80289
1375.7286,5.39430,7.40549,5.18361
1375.7454,4.22111,10.58270,-0.72547
1375.7654,1.60177,9.96737,2.74863
1375.7885,3.88591,9.70400,-0.75180
1375.8063,1.29291,7.13254,2.66962
1375.8267,0.52435,10.33608,-0.47167
1375.8571,0.33041,9.40471,1.28812
1375.8667,1.43417,10.14454,0.22746
1375.8857,2.27456,9.07909,0.11253
1375.9104,2.07823,9.91948,0.19154
1375.9286,2.82046,9.90990,1.21390
1375.9486,2.80609,11.31774,-2.66004
1375.9977,1.46769,10.68565,0.46928
1375.9978,1.69515,9.40711,0.32802
1376.0120,2.51399,10.37439,0.43336
1376.0267,2.54751,9.41668,0.79969
1376.0444,1.72148,10.33130,0.06225
1376.0647,2.78215,11.37281,-1.20432
1376.0870,1.91781,8.60023,-0.52674
1376.1063,2.16203,9.97455,-0.19154
1376.1261,2.37991,9.67048,1.40544
1376.1475,2.50202,9.30894,1.38868
1376.1653,1.23066,10.16370,0.89546
1376.1853,1.38389,9.42626,0.60336
1376.2091,1.57064,9.51485,-1.32882
1376.2260,1.75979,9.90751,-0.11971
1376.2463,0.92419,10.26904,0.97686
1376.2810,1.74543,9.91709,0.76617
1376.2856,2.15006,9.60344,0.62251
1376.3042,1.53234,9.77582,0.11014
1376.3267,1.65684,10.41749,-1.00799
1376.3446,1.51079,9.62977,-1.53952
1376.3649,0.86673,10.25229,0.53153
1376.3892,0.66321,11.05676,0.00479
1376.4058,0.89067,9.81653,0.84757
1376.4243,1.22587,10.37918,-0.90982
1376.4471,0.67040,10.68086,-1.25460
1376.4661,1.47966,9.31612,-0.03591
1376.4884,1.57783,9.04318,0.81405
1376.5090,0.69434,9.78780,-0.01437
1376.5443,1.64008,9.10064,-0.83081
1376.5620,1.61135,9.31373,-0.24182
1376.5695,1.44614,8.84445,-2.60497
1376.5848,2.68159,8.37757,-1.67120
1376.6051,1.10615,12.22517,1.55628
1376.6272,-0.19872,11.30816,0.55308
1376.6453,0.64167,11.02324,2.26977
1376.6675,2.06386,9.22275,-1.45093
1376.6912,0.03591,11.63378,0.21309
1376.7067,0.45970,10.66889,2.17879
1376.7268,1.17798,11.31295,1.28812
1376.7477,2.02795,7.72393,-0.21070
1376.7651,2.46850,8.45658,-0.58420
1376.7867,2.22907,7.90829,-2.35597
1376.8090,1.48445,10.69523,1.41262
1376.8271,0.91461,7.50845,1.46290
1376.8448,0.93137,9.05994,0.16281
1376.8669,1.03433,10.76466,-0.36632
1376.8844,1.39347,9.54358,-1.10855
1376.9049,0.94574,9.77104,-0.99123
1376.9272,0.47646,9.02163,0.88588
1376.9463,-0.14845,9.56752,1.73824
1376.9794,0.12450,9.85962,1.39826
1376.9868,-0.23943,10.92029,-0.03591
1377.0045,1.11573,9.27542,-0.51237
1377.0245,1.87711,6.88593,2.09738
1377.0481,-0.37351,9.77104,-1.91063
1377.0659,-0.11253,9.56513,2.08781
1377.0872,0.83321,8.66727,-1.86514
1377.1139,0.84757,6.91706,-1.21869
1377.1263,1.91781,8.43024,-2.75102
1377.1442,2.18358,8.65770,-0.88109
1377.1671,1.02236,8.87558,-0.11493
1377.1843,1.27615,9.60104,-0.85954
1377.2043,1.22587,9.39513,-0.51716
1377.2267,0.60096,10.60424,-1.55628
1377.2518,2.06865,8.83966,0.53153
1377.2643,1.72388,9.77582,-0.84278
1377.2866,0.59139,9.68484,1.99443
1377.3042,0.12450,9.06233,0.19633
1377.3262,0.53632,11.44463,-1.34798
1377.3489,-0.55547,10.11342,-0.61533
1377.3678,0.43815,7.43662,-1.15404
1377.4015,0.75420,8.55714,-1.07024
1377.4069,-0.69913,11.57632,-0.48125
1377.4242,1.68557,9.27303,-0.29210
1377.4443,1.18517,9.82371,-0.42858
1377.4668,-0.90743,10.48692,-0.31126
1377.4841,-0.33759,10.63776,0.02155
1377.5043,-0.24661,10.05595,0.53632
1377.5358,-0.76617,11.65294,0.04789
1377.5450,3.01679,7.80055,-1.28333
1377.5642,2.43258,10.09666,-2.10217
1377.5867,0.19872,9.89075,-1.47727
1377.6044,-1.13967,9.96737,0.50998
1377.6244,0.18675,8.72474,0.70631
1377.6495,-0.73983,11.15253,-1.33601
1377.6676,-0.37830,11.02324,-0.48604
1377.6870,1.42459,8.43982,-2.29850
1377.7067,0.62730,9.00726,-0.25858
1377.7244,-0.13647,10.51087,0.29450
1377.7443,-0.10295,10.66410,2.07823
1377.7698,0.71349,10.94902,0.84039
1377.8035,0.21548,9.94103,-0.04789
1377.8175,0.98884,8.99050,-1.41741
1377.8267,1.41023,11.12859,-1.37910
1377.8462,1.27375,9.66808,-1.16601
1377.8643,0.95771,10.93465,-0.51237
1377.8865,0.57941,9.85005,0.22027
1377.9044,0.42858,9.87638,-0.33041
1377.9333,0.56265,11.91631,0.06943
1377.9542,0.38069,9.47415,0.53632
1377.9642,0.02155,10.81254,1.56586
1377.9843,-1.16601,10.43664,-0.86433
1378.0062,0.36632,8.63854,2.49483
1378.0244,1.15883,8.36081,2.65764
1378.0449,-2.32005,10.06314,-1.52036
1378.0690,-1.10376,10.18285,-1.00320
1378.0859,-0.75420,8.13096,-0.37351
1378.1042,0.22746,9.76625,-0.28252
1378.1265,0.00000,9.68724,1.21150
1378.1439,0.39266,10.70001,-0.73983
1378.1654,0.27295,10.31693,-1.39347
1378.1877,-0.28971,10.12539,-0.52674
1378.2057,1.28573,9.21796,-1.10615
1378.2324,-0.05028,10.19961,-0.68955
1378.2476,1.13249,7.66168,2.09260
1378.2643,0.72786,10.25707,0.09817
1378.2845,0.29928,9.03360,-0.07662
1378.3069,0.84518,10.75748,-0.03352
1378.3250,0.37351,10.14454,0.62969
1378.3446,0.55787,9.90272,1.42220
1378.3695,1.76458,9.24908,-0.97686
1378.3839,0.96489,9.73033,0.21788
1378.4042,-0.97208,10.72156,-0.64885
1378.4281,-0.24422,9.00247,-1.49882
1378.4459,-0.64406,9.64893,0.64167
1378.4656,0.22985,10.16130,0.92180
1378.4897,0.84039,8.69840,0.02394
1378.5100,0.89067,9.87160,0.96968
1378.5244,0.57463,9.22035,0.67279
1378.5463,0.89785,11.70561,-2.32484
1378.5643,0.05507,10.03201,0.33520
1378.5844,-0.00718,9.76385,-0.84278
1378.6069,-0.63448,9.99131,1.81725
1378.6244,0.04310,9.16050,1.38868
1378.6563,1.00560,8.19560,-0.78293
1378.6663,0.54350,9.53161,-0.86912
1378.6840,0.55787,10.92029,0.69434
1378.7062,0.12450,9.44781,0.03831
1378.7275,0.65364,10.64495,-0.22746
1378.7455,0.00479,10.08469,-0.58420
1378.7657,-1.20432,10.24271,-0.36393
1378.8000,-1.22347,11.48773,2.00880
1378.8041,-0.14845,10.88677,1.78852
1378.8241,1.15883,8.10701,0.14845
1378.8475,1.68557,10.65213,1.06785
1378.8641,-0.95292,10.51805,-0.90025
1378.8842,-0.22985,8.34884,1.65444
1378.9065,-0.86194,10.33369,2.66004
1378.9264,0.19154,10.52284,-1.29770
1378.9448,2.78215,10.02722,2.17879
1378.9664,3.04312,10.21637,0.09098
1378.9850,0.27534,8.24349,-1.06306
1379.0056,-1.39826,10.32411,-2.45653
1379.0278,-0.68476,10.76227,-0.91461
1379.0463,-0.06465,8.43024,-0.48604
1379.0809,0.47407,12.78543,5.43261
1379.0864,-4.22111,10.47495,1.53234
1379.1039,0.74223,11.51646,-1.00320
1379.1240,3.73267,13.47737,1.50839
1379.1465,-0.23943,8.65291,0.02873
1379.1641,-2.17161,11.69364,-1.28573
1379.1854,-1.70472,11.08310,4.74066
1379.2069,-2.73426,9.02642,1.60416
1379.2238,1.37671,10.35045,-3.10777
1379.2437,1.47966,8.76065,-0.62012
1379.2661,0.17239,9.81653,0.33520
1379.2854,-0.56026,10.87719,-0.24661
1379.3051,-1.03433,8.63854,1.92739
1379.3278,1.46530,8.13814,0.28492
1379.3540,2.50681,10.79818,-2.97369
1379.3671,2.31287,9.54119,-0.68716
1379.3861,4.89629,10.35524,-3.45973
1379.4049,0.34956,9.98652,4.60180
1379.4250,-3.03833,11.22197,-3.68000
1379.4479,1.10855,9.82850,-0.82602
1379.4655,2.82524,9.66329,-0.65364
1379.4956,0.73504,8.69361,-2.76060
1379.5076,1.84599,11.26027,-1.35277
1379.5249,2.38230,9.11022,0.51477
1379.5453,1.64966,8.86839,0.42618
1379.5673,1.14446,9.74470,-1.29051
1379.5848,1.64487,10.05117,-0.82363
1379.6202,1.92500,10.79818,-0.29689
1379.6383,1.02714,9.19402,1.09658
1379.6465,0.27534,9.22514,-0.87391
1379.6649,-0.35675,9.60344,0.19154
1379.6871,-0.60815,10.24271,-0.39027
1379.7064,1.07024,8.20518,2.69835
1379.7286,1.27375,9.89793,0.59139
1379.7489,1.89627,10.32172,-2.03753
1379.7834,0.85954,8.29616,0.34238
1379.7893,0.36872,9.45499,-0.37351
1379.8073,1.33122,8.07589,0.10535
1379.8251,1.53234,11.35365,-1.16122
1379.8467,1.35037,8.69601,-0.20112
1379.8711,2.52117,8.66967,-1.27375
1379.8865,-1.62332,9.64174,-0.45491
1379.9178,-0.61054,9.00487,-0.05986
1379.9281,0.28492,7.81970,1.36474
1379.9474,0.47407,8.32729,1.01757
1379.9656,-0.82363,9.66090,-4.10139
1379.9899,-0.70392,7.73351,2.21231
1380.0074,1.24263,8.18842,-1.68796
1380.0276,2.26498,8.16448,0.69913
1380.0577,1.98007,10.32651,-0.58660
1380.0654,0.54350,9.91948,-1.08700
1380.0857,0.17718,11.20042,0.26576
1380.1083,0.45012,9.51724,0.66082
1380.1259,0.61772,9.40232,0.97447
1380.1459,0.14845,10.66649,1.09418
1380.1720,0.13169,10.50129,-0.98884
1380.1899,0.02873,10.95620,-1.81007
1380.2147,0.47885,9.33767,0.89785
1380.2291,0.48843,12.79022,-0.73983
1380.2476,1.15165,9.72315,1.73345
1380.2662,4.17322,10.32172,-1.61614
1380.2917,4.57306,9.58428,1.25460
1380.3232,-1.71670,11.01845,-1.32882
1380.3274,-0.95053,11.02085,2.06626
1380.3483,-0.82842,10.43186,1.06785
1380.3660,-0.26337,9.68724,0.27534
1380.3856,0.70871,10.10623,-0.97208
1380.4092,0.21070,9.14613,-0.37111
1380.4275,0.45970,10.36721,0.17239
1380.4493,0.86433,7.21156,-0.46928
1380.4814,0.63688,9.80455,0.03591
1380.4971,-0.16520,11.23394,-1.01757
1380.5066,-0.08141,8.55714,1.70951
1380.5280,-0.66321,8.92825,0.92419
1380.5465,-0.58660,11.40393,0.69195
1380.5665,0.90504,10.17567,-0.10774
1380.5891,0.53632,9.98173,1.32164
1380.6106,-1.14207,10.13496,-0.92658
1380.6265,-0.56984,8.70558,0.05986
1380.6489,-1.49403,10.22355,-0.21788
1380.6810,-0.44294,10.68325,0.90982
1380.6884,-0.52674,9.99849,1.07742
1380.7103,-2.05668,9.25387,2.45174
1380.7285,0.12690,9.56992,-0.12450
1380.7582,0.05507,9.88117,0.40463
1380.7689,-0.72786,10.32651,0.05746
1380.7869,1.58022,8.55953,-0.37590
1380.8099,1.46290,8.45418,-0.77814
1380.8304,0.67279,8.71277,-1.20432
1380.8480,0.03831,9.44541,-0.60815
1380.8698,0.74462,10.38636,0.41421
1380.9005,0.35675,8.30813,-1.41741
1380.9081,0.68237,9.57471,-0.63927
1380.9275,0.06943,9.48612,0.39266
1380.9498,-0.30886,9.50288,-1.19714
1380.9674,0.82363,10.30735,0.10535
1380.9875,0.77335,9.05275,-0.22506
1381.0096,1.30488,8.91149,0.47646
1381.0426,0.30407,10.23553,1.25939
1381.0479,0.15563,10.82691,-1.20671
1381.0719,0.92419,11.12859,-1.40065
1381.0903,0.58181,9.08627,1.02236
1381.1090,0.54350,8.96895,-0.93377
1381.1335,0.12929,10.55157,0.42858
1381.1680,0.33280,9.36640,-0.40703
1381.1826,1.01278,9.44063,-0.48125
1381.1899,0.44773,10.95381,-1.06306
1381.2074,0.75420,9.40232,-0.67997
1381.2275,0.02634,10.21637,0.82602
1381.2499,0.22746,9.95539,0.01197
1381.2677,0.11014,9.42387,0.17718
1381.2910,0.06704,9.41429,1.27854
1381.3110,1.28094,8.91149,-0.71589
1381.3275,1.05109,9.20359,1.42938
1381.3473,0.49561,10.31214,-0.58181
1381.3716,0.28013,11.36562,0.90264
1381.3898,-0.03352,9.62498,0.25619
1381.4121,0.39506,9.85723,-1.00560
1381.4495,0.58420,9.96018,0.68716
1381.4496,0.59139,9.42147,-0.55308
1381.4675,-0.35914,10.44622,0.62969
1381.4897,0.26337,9.33049,0.92419
1381.5076,-0.57463,10.50847,-0.32083
1381.5281,-0.86433,10.10145,2.57145
1381.5537,-0.23703,10.35763,-0.82124
1381.5707,-0.40463,10.10863,0.55068
1381.5984,-0.31126,10.36960,-0.92180
1381.6111,-0.29450,9.56513,1.75979
1381.6276,0.09817,9.27781,0.62969
1381.6472,0.28731,8.44940,-1.58740
1381.6708,0.10774,10.02004,-0.76856
1381.6891,0.97926,8.60981,-1.06545
1381.7085,0.58660,9.61301,0.50040
1381.7400,0.90982,9.60822,-0.76856
1381.7474,-0.62491,9.98413,1.23305
1381.7676,-1.18277,10.98254,0.46928
1381.7908,-1.16122,10.60185,0.61054
1381.8071,-0.76138,11.38238,0.89785
1381.8270,-0.36393,10.91789,-0.16999
1381.8506,-1.04869,10.78860,0.67519
1381.8680,0.29689,10.22834,0.21070
1381.8879,0.81166,10.23074,1.09179
1381.9103,1.64247,9.22514,-0.48843
1381.9279,0.23464,9.54358,-0.51716
1381.9479,0.59139,9.97694,1.04151
1381.9729,0.90982,8.45658,-1.70472
1381.9878,0.36872,10.20679,0.58181
1382.0081,1.13967,8.95459,-0.69913
1382.0305,1.02714,9.85244,-0.67997
1382.0481,1.32643,10.28820,-0.30168
1382.0682,0.76856,9.52443,-1.06306
1382.0905,0.81166,10.17806,-1.07264
1382.1104,0.25140,9.47415,-1.18038
1382.1305,0.73983,8.86839,-0.05746
1382.1605,1.01038,8.73431,-0.33041
1382.1688,0.45970,9.79737,-0.17957
1382.1881,1.86035,8.58826,0.30168
1382.2106,1.36234,9.09346,0.35196
1382.2281,0.03352,10.06553,-0.97686
1382.2482,0.16042,9.71597,0.12929
1382.2721,0.14366,10.13496,0.57941
1382.3003,0.47407,9.43823,-0.71110
1382.3110,0.39506,10.39115,1.16601
1382.3335,0.95532,9.28739,-0.12929
1382.3481,0.68237,10.31454,1.16601
1382.3722,0.13647,10.28820,-0.87630
1382.3944,-0.52674,10.06553,1.38868
1382.4099,0.22506,10.11821,0.33280
1382.4425,0.10535,9.36880,0.15084
1382.4506,0.17957,8.74868,-0.03113
1382.4683,0.70392,9.78061,-0.82842
1382.4882,0.63688,10.20201,-0.12450
1382.5107,1.20671,9.21796,-1.34798
1382.5282,0.60815,9.72554,-0.34717
1382.5526,0.88588,9.54119,-1.03912
1382.5852,0.05986,11.14774,0.19154
1382.5885,0.47167,9.93145,-1.49882
1382.6082,0.17957,10.78860,-0.42379
1382.6306,0.27055,10.24989,0.17478
1382.6477,-0.20591,10.38158,0.99841
1382.6680,0.59617,9.93624,0.73265
1382.6919,0.96250,9.76385,0.49801
1382.7220,-0.54589,10.03441,-1.14446
1382.7343,0.56505,8.77023,0.01676
1382.7500,0.11014,9.07909,-0.93616
1382.7682,1.21150,8.58826,0.39027
1382.7883,0.74701,8.99529,0.37590
1382.8107,0.99362,8.51644,0.22027
1382.8280,0.83081,10.37918,-0.42379
1382.8594,0.96010,8.88755,0.42139
1382.8701,-0.13887,10.99930,-0.31604
1382.8881,0.25858,9.77822,0.24422
1382.9082,0.42379,9.79498,0.12450
1382.9305,0.79250,9.09346,0.13408
1382.9481,1.29770,10.16609,-0.64167
1382.9719,0.90504,9.54597,-0.64167
1383.0093,1.37192,9.75428,-0.07183
1383.0095,0.24900,9.23472,-1.14207
1383.0283,1.47248,9.10543,0.62012
1383.0503,0.87391,9.01205,-0.28013
1383.0718,0.45252,9.88596,0.76617
1383.0894,0.14845,10.06553,-0.70152
1383.1121,0.16999,9.88596,0.73265
1383.1302,0.01437,10.19243,-1.25939
1383.1488,1.04151,8.97614,-0.10774
1383.1705,0.38308,9.20599,-1.19714
1383.1877,0.93377,9.49091,-0.16281
1383.2096,1.58980,8.97374,-1.56825
1383.2318,0.74941,9.61301,-0.84997
1383.2512,1.60416,10.49650,-0.87391
1383.2709,1.18756,9.72076,0.79011
1383.2904,0.96729,9.90512,-0.31604
1383.3080,-0.67758,9.68963,0.33759
1383.3280,-0.65603,10.09426,-0.14126
1383.3525,-0.18915,10.12539,1.01996
1383.3701,0.30886,9.75188,0.10056
1383.3882,0.58181,10.45340,-0.26816
1383.4172,0.33999,9.52682,-0.23703
1383.4276,1.81486,9.97934,-0.29689
1383.4479,1.46290,9.63696,-0.42858
1383.4700,1.47008,10.57312,-0.38548
1383.4891,0.90743,9.13176,-1.19235
1383.5096,1.58501,9.84047,-0.24182
1383.5320,1.51318,9.00008,-0.48125
1383.5519,-0.24422,10.23553,0.39984
1383.5676,0.06704,9.45739,0.54589
1383.5900,0.00239,8.68164,0.15802
1383.6075,-0.55308,10.55875,0.46928
1383.6279,-0.33999,10.36482,1.05109
1383.6501,-0.55547,9.87638,1.07982
1383.6699,-0.97447,11.70800,0.34238
1383.6891,-0.31365,10.28341,1.39586
1383.7119,-0.47167,9.83329,-0.33520
1383.7278,1.43178,8.98332,-0.62251
1383.7482,0.81884,9.59625,-1.01278
1383.7706,1.15883,9.76625,-0.70631
1383.7882,0.51716,9.66569,-1.22108
1383.8099,0.19872,10.64495,0.10535
1383.8400,0.97447,9.84047,0.21309
1383.8540,0.56744,9.91948,2.15724
1383.8679,1.30488,8.98571,-0.03831
1383.8901,1.22826,9.20599,-1.00560
1383.9078,-0.09577,10.30017,-0.35675
1383.9277,0.53153,8.77981,0.44294
1383.9514,1.50360,9.08867,-1.62571
1383.9692,1.36953,10.27623,-0.82363
1383.9899,2.83722,10.12060,-1.36713
1384.0099,2.61694,8.67925,-0.71110
1384.0277,0.96489,13.34808,0.17239
1384.0491,1.52755,10.60185,0.08380
1384.0714,-0.23703,8.67925,0.34956
1384.0991,-0.89306,12.03841,-1.03912
1384.1127,0.60575,8.79178,-0.47646
1384.1298,2.10696,9.71597,-1.30249
1384.1476,0.11493,10.87001,-0.90504
1384.1672,1.73345,8.67925,-0.01915
1384.1898,1.10615,8.01603,-1.30727
1384.2072,1.65684,8.44461,1.47008
1384.2274,-0.22267,11.88757,-3.94098
1384.2601,-2.57624,7.96575,3.74704
1384.2677,1.64487,11.31295,-3.59381
1384.2876,0.47646,7.83407,1.31206
1384.3099,-0.82363,9.98891,-2.03753
1384.3285,-0.33520,9.70400,0.41421
1384.3513,-0.49083,10.67847,-0.03831
1384.3748,-0.09338,9.24669,1.54910
1384.3929,-0.48125,9.26105,-0.50040
1384.4095,0.07183,9.35204,0.17718
1384.4320,-0.72307,10.42467,-0.77335
1384.4508,-0.54829,9.52682,0.41900
1384.4711,-0.05986,10.04877,1.44135
1384.4934,-0.80687,9.66329,0.87630
1384.5106,-0.52195,9.96976,-0.22267
1384.5475,0.28492,9.78540,-0.64406
1384.5520,-0.78772,8.98571,0.77814
1384.5717,0.67997,8.65051,0.26816
1384.5895,0.80208,9.11022,-0.30647
1384.6117,-0.17957,9.90512,0.26337
1384.6295,0.35196,9.24908,-0.12690
1384.6636,-0.18915,9.92427,-1.15165
1384.6779,-0.66561,10.77663,-0.45491
1384.6902,-0.20830,10.52044,-0.37111
1384.7091,0.53632,10.02004,-0.55068
1384.7317,0.49801,10.60664,-0.53871
1384.7494,1.18277,7.80294,-2.00161
1384.7715,0.20591,11.99053,0.30168
1384.8123,-0.09817,11.14774,-1.55867
1384.8319,2.42779,8.34884,2.15485
1384.8319,-0.67519,10.90353,-3.48846
1384.8517,1.65684,9.21317,-1.92739
1384.8694,-0.84518,11.54040,-0.58181
1384.8895,-2.15964,10.80057,0.78293
1384.9137,-1.68796,10.11342,-0.98884
1384.9305,-1.69515,10.72156,2.92820
1384.9592,-0.91222,9.40711,0.46210
1384.9755,0.07901,9.08388,2.27217
1384.9902,0.83800,10.64973,-1.83162
1385.0110,1.01517,8.78938,0.32083
1385.0348,0.79969,9.71357,-1.17798
1385.0529,-0.37111,11.00409,1.07982
1385.0822,-1.61135,9.22993,-1.83401
1385.0950,-0.90025,10.86522,-1.14925
1385.1102,-0.53392,10.08708,-2.53075
1385.1321,-1.65923,9.48372,-0.55547
1385.1530,-0.32802,11.06155,-2.19555
1385.1749,0.54589,8.77502,0.30886
1385.1945,0.01197,8.62418,-0.70392
1385.2339,-0.37111,9.16050,1.25460
1385.2341,-1.11094,9.51964,-0.22506
1385.2516,-0.28971,9.65850,1.52515
1385.2726,-1.33840,10.78142,0.63927
1385.2920,-0.69434,10.68565,1.11813
1385.3141,-0.82124,10.92986,-1.79810
1385.3365,0.53153,8.34405,-0.64406
1385.3716,-1.19235,7.80055,0.30886
1385.3875,0.12450,9.07430,1.37192
1385.3925,0.34478,8.21715,-0.59139
1385.4105,-0.53871,11.30337,0.25379
1385.4304,-1.73585,10.81733,0.41421
1385.4539,-0.88828,10.04398,2.20992
1385.4718,-1.17798,10.04159,-0.21548
1385.4921,-0.04549,9.92427,1.45572
1385.5244,1.16601,9.17007,0.89306
1385.5302,1.09658,11.65054,-0.42379
1385.5502,-1.16841,7.69280,-2.69356
1385.5725,4.12055,9.06712,0.43576
1385.5903,-3.25382,12.62022,-1.50360
1385.6104,-3.07904,10.24750,2.87792
1385.6343,-0.77335,11.46139,5.96414
1385.6536,-0.79729,10.84606,0.67040
1385.6721,0.54829,9.76146,-3.37353
1385.6943,0.15084,9.99131,-1.16841
1385.7120,1.61374,11.49012,0.61772
1385.7338,6.62496,3.92900,-6.66566
1385.7566,2.59539,11.81096,-1.21390
1385.7716,-2.98566,11.00888,2.03034
1385.8053,-3.68479,10.44143,9.50048
1385.8125,-2.84919,13.06316,4.26420
1385.8302,0.18675,7.52042,10.12299
1385.8502,0.32083,16.86767,-3.85478
1385.8724,1.08700,6.99368,1.52755
1385.8905,-0.93856,13.00331,-2.83243
1385.9124,5.35360,6.40469,-8.26982
1385.9471,-3.06707,12.85007,-4.38871
1385.9519,-1.97288,14.21481,17.02569
1385.9700,-0.05986,12.02405,17.09273
1385.9948,-1.39826,13.17330,4.14449
1386.0126,-0.84518,2.37751,8.17884
1386.0332,1.02475,13.05598,-8.66488
1386.0840,-1.53712,1.14686,4.13731
1386.0841,1.35995,10.79339,-10.55396
1386.0984,-0.57463,2.16921,-3.54592
1386.1138,2.69356,15.18688,-10.13018
1386.1307,3.42142,8.32250,9.25387
1386.1515,0.05028,13.76229,-0.64885
1386.1737,0.69195,7.98251,0.92419
1386.1918,1.97767,12.65374,-0.32083
1386.2114,2.03274,9.46217,1.56107
1386.2336,0.86433,10.98733,-2.45413
1386.2515,1.10855,10.35524,-3.04791
1386.2729,1.62092,8.70079,-0.99841
1386.2952,-0.31365,8.78459,0.33999
1386.3131,1.13728,9.73991,-1.24981
1386.3319,1.58022,8.78938,-1.29291
1386.3568,1.05827,9.75188,-0.66082
1386.3712,1.02714,9.50527,0.00000
1386.3907,0.71349,9.96018,-0.66321
1386.4135,0.24900,10.64734,-1.52276
1386.4314,0.29689,9.97934,1.98485
1386.4521,-0.49561,9.80934,1.27136
1386.4777,-0.00958,11.09507,0.85476
1386.4974,0.63688,8.69122,-1.42938
1386.5138,1.41023,9.14852,-0.85476
1386.5334,1.48445,11.01845,1.26418
1386.5513,1.16841,9.28979,-0.23943
1386.5712,2.24822,10.38636,-1.84838
1386.5935,0.96489,9.76146,0.03591
1386.6112,-1.44614,10.12778,1.07982
1386.6396,-1.17080,9.35443,1.99683
1386.6533,-0.71828,9.74709,0.94095
1386.6710,-0.30407,8.14772,0.83800
1386.6910,0.22746,8.66009,2.27696
1386.7150,1.70712,9.01444,0.35435
1386.7330,1.06785,10.88677,-0.95292
1386.7543,-0.80448,10.10384,-0.32802
1386.7887,1.11573,10.01286,-0.77814
1386.7911,0.16760,9.63935,-1.36234
1386.8110,0.62491,9.95539,-1.56107
1386.8344,-0.10774,10.19722,0.42618
1386.8531,-0.56744,10.59467,-0.43815
1386.8729,0.66561,8.34884,-0.28971
1386.8949,-0.02873,9.30655,-2.73187
1386.9299,2.91623,8.52841,0.00479
1386.9312,3.16044,8.90670,0.27534
1386.9535,-1.50360,10.49889,0.52913
1386.9712,-0.66082,10.77424,0.69673
1386.9915,-0.82363,9.05515,2.18597
1387.0148,-0.84757,10.76227,1.82444
1387.0330,0.72307,9.87638,0.15563
1387.0618,0.65124,10.79578,-0.27534
1387.0731,0.69673,11.74152,-0.84757
1387.0908,0.83321,8.99050,0.20112
1387.1108,-0.17478,10.41270,0.08141
1387.1344,0.57463,9.79019,-0.54589
1387.1523,0.90504,8.34165,-1.46769
1387.1730,0.59617,8.63375,-0.11014
1387.1989,1.73824,9.82850,-0.33759
1387.2114,-0.84518,9.91230,0.90264
1387.2394,-0.80208,11.15253,0.99123
1387.2532,0.16520,10.77663,2.45413
1387.2712,-1.01996,10.15412,-0.29689
1387.2914,-0.61772,11.04240,0.97447
1387.3136,-0.74462,11.54519,0.13647
1387.3448,-0.83560,10.05356,0.78772
1387.3521,-0.11971,9.65132,0.69913
1387.3743,-0.66321,7.96096,0.60815
1387.3928,-0.68237,9.58907,0.28013
1387.4142,0.64167,8.99050,-0.77335
1387.4369,-0.81405,9.76146,0.06943
1387.4572,0.31365,9.31373,-1.71909
1387.4758,1.29051,9.02163,-2.15964
1387.4955,0.41421,9.87160,1.29051
1387.5129,1.40305,9.00487,1.20911
1387.5341,2.25062,10.36721,-1.54910
1387.5565,1.75261,9.94582,0.05507
1387.5760,1.10376,10.04638,-0.97926
1387.5945,0.49801,10.98254,-0.65124
1387.6284,-0.64645,12.23235,1.38868
1387.6333,-0.19633,8.98092,0.91701
1387.6530,0.06704,10.61861,0.49083
1387.6753,-0.05507,9.95779,0.76377
1387.6929,1.18038,7.98730,0.58899
1387.7129,0.09098,11.64096,-0.80687
1387.7383,0.66321,10.43664,-1.75261
1387.7568,-0.86194,10.23553,-0.37590
1387.7758,-0.62012,11.08549,1.67599
1387.7957,-0.07183,9.71118,0.67519
1387.8138,-0.67040,9.72076,0.51716
1387.8340,-0.42858,11.84687,3.16044
1387.8563,-0.15323,9.17486,2.18597
1387.8752,0.74223,9.00247,1.57064
1387.9091,-0.29689,9.60583,-1.40544
1387.9160,-0.55547,10.17567,-0.79490
1387.9338,-0.14845,10.02243,0.56984
1387.9552,-0.28013,10.17327,0.00000
1387.9777,-0.79490,10.81494,1.23784
1387.9952,0.30647,8.90431,0.62969
1388.0156,-0.16042,10.26665,-0.22267
1388.0483,-0.74941,11.45421,0.52674
1388.0536,0.99602,9.96497,2.09020
1388.0736,0.93856,9.34485,0.75420
1388.0961,1.35277,10.54439,-0.37590
1388.1140,-0.66800,9.94582,-1.78373
1388.1339,-0.67519,11.22436,-0.59139
1388.1563,0.03591,8.53080,-0.05267
1388.1888,-1.67599,9.51964,0.85476
1388.1956,-0.00239,9.82610,3.33044
1388.2159,-0.48125,8.66727,3.28973
1388.2335,-0.07901,10.65931,-0.08859
1388.2538,0.96729,8.71516,-0.28013
1388.2761,0.74701,7.66886,2.43019
1388.2958,-0.01915,9.83329,-0.74941
1388.3234,1.09179,10.16848,-1.77416
1388.3375,1.35995,10.05117,-0.82124
1388.3536,0.04549,9.33288,0.11971
1388.3735,0.71828,8.74389,0.09817
1388.3958,0.55787,10.31454,-0.38548
1388.4136,1.68557,10.90592,-2.79651
1388.4335,2.65525,9.24669,0.65603
1388.4563,1.62332,9.23711,-0.74701
1388.4734,1.07742,10.46537,1.34558
1388.4966,0.79250,10.77903,0.04549
1388.5170,0.69195,7.89871,-0.24182
1388.5372,0.23703,10.32172,0.22746
1388.5586,0.39266,9.38077,-0.45491
1388.5780,1.10137,9.62259,0.91222
1388.5946,0.22746,9.35204,-0.95532
1388.6146,0.04789,8.57390,-0.33520
1388.6372,0.02155,9.24669,-1.04869
1388.6545,1.27615,9.31612,-0.78772
1388.6747,2.26738,9.80455,0.47646
1388.7106,1.88429,11.32731,-0.84518
1388.7250,2.18118,9.51245,-0.52195
1388.7351,1.54431,9.85244,-0.31126
1388.7568,1.00081,11.02324,0.11014
1388.7744,0.09577,9.09824,-0.55308
1388.7953,1.26178,9.27303,-0.93137
1388.8181,0.93137,9.53161,0.33999
1388.8383,0.63927,10.40791,-0.72068
1388.8561,0.74223,9.92906,1.27615
1388.8772,1.14207,8.45897,-1.06066
1388.8945,-0.64645,10.01525,0.36632
1388.9144,-0.94334,10.91071,1.09418
1388.9370,-0.78772,9.93863,0.82363
1388.9554,-0.26576,11.67688,1.04390
1388.9762,0.93856,9.56273,-2.72947
1389.0143,1.62571,7.93223,-1.85796
1389.0144,0.86912,11.02803,-1.51079
1389.0352,1.49642,9.29218,0.74941
1389.0573,1.68078,7.82449,0.29450
1389.0750,0.24182,10.81973,-1.99922
1389.0984,0.87391,8.85163,1.35995
1389.1189,-0.06704,9.00008,0.41900
1389.1381,0.18675,9.44063,1.62811
1389.1547,1.19235,8.75826,-1.35755
1389.1768,0.72307,9.29218,-0.70631
1389.1941,0.39027,10.47735,1.55867
1389.2141,0.37590,9.34485,-0.04789
1389.2383,1.41502,10.69283,0.82842
1389.2590,1.94894,10.50129,-0.33999
1389.2794,1.64726,9.51485,-0.13647
1389.2983,3.05270,9.19162,0.98165
1389.3149,0.75420,10.36482,0.86194
1389.3341,1.09179,11.08070,-0.20830
1389.3568,-0.47885,10.46537,-0.26816
1389.3760,-1.47727,10.95620,0.43097
1389.3960,0.27774,8.17645,-0.09577
1389.4250,0.43815,9.66329,1.27854
1389.4381,0.64645,9.75428,-1.94894
1389.4539,2.02556,8.68882,-0.52674
1389.4766,1.45332,9.84526,-2.69356
1389.4955,0.94095,9.94821,-0.38308
1389.5156,1.10376,10.77903,-0.16520
1389.5381,0.77096,10.05835,-0.53632
1389.5559,-1.15643,10.47495,1.98007
1389.5759,0.00239,9.58189,0.19394
1389.5966,0.12690,10.48932,1.64247
1389.6139,0.53153,10.55157,-0.26576
1389.6359,1.30249,8.95219,-0.92419
1389.6582,1.18756,9.89075,-2.48765
1389.6758,0.98644,8.63854,0.12929
1389.6951,0.18196,9.50527,0.74462
1389.7183,-0.13647,9.25148,0.60575
1389.7344,0.29210,10.23074,0.21548
1389.7554,-0.11253,8.24828,-0.03352
1389.7780,-0.43097,10.66889,2.31526
1389.7958,0.18675,8.64094,-0.22746
1389.8158,0.87152,10.29059,-0.44534
1389.8461,0.23464,12.38319,-0.54589
1389.8540,0.10295,9.13895,-1.04151
1389.8745,0.28492,11.21239,-1.56346
1389.8964,0.53632,10.81733,0.30407
1389.9180,-0.49561,9.58668,2.13809
1389.9359,0.00479,10.55636,-0.26337
1389.9617,0.93616,9.75906,0.22267
1389.9802,0.73983,8.87558,-0.27534
1389.9954,0.50280,10.31932,-0.29689
1390.0176,0.51956,9.65372,-0.89067
1390.0350,1.74064,10.75748,0.82124
1390.0570,0.75899,9.01205,-1.07024
1390.0789,0.90025,8.88994,0.49083
1390.0969,0.51237,10.82930,0.02155
1390.1265,0.53871,8.83487,0.30886
1390.1381,-0.03831,9.59386,-1.00081
1390.1560,1.75500,8.69601,-2.55469
1390.1772,2.37273,8.61939,-0.19394
1390.1996,1.80768,8.92346,-2.27456
1390.2174,3.65606,8.14293,-0.94334
1390.2386,2.35357,10.07511,-1.81007
1390.2720,1.00081,9.75188,0.61054
1390.2761,0.80448,8.68643,-1.63290
1390.2970,1.11573,9.04318,-0.56744
1390.3198,0.76138,8.91149,-1.79810
1390.3379,1.18517,9.22514,-0.16999
1390.3575,0.92180,10.37200,-0.86194
1390.3799,0.87630,9.68963,0.12929
1390.4120,0.71110,10.47974,0.75180
1390.4180,1.64487,8.82769,0.08859
1390.4406,0.85476,10.31693,-0.01197
1390.4569,1.01757,10.08229,-0.45012
1390.4772,1.23545,9.43344,1.64008
1390.4994,0.46928,10.63058,-2.65286
1390.5205,0.59857,9.39035,0.50040
1390.5508,-0.72307,10.42467,1.96570
1390.5624,-1.17559,9.85484,1.94176
1390.5787,0.26576,10.58988,0.94574
1390.5969,0.03591,10.22355,-0.60096
1390.6194,-0.31844,11.15732,0.43815
1390.6372,1.74303,8.78459,-0.89306
1390.6755,0.79011,10.40312,-0.64167
1390.6945,0.55068,10.17806,-0.55547
1390.6990,1.45572,8.05195,-1.05588
1390.7175,0.86433,11.46139,-1.47008
1390.7396,1.70712,9.99849,-2.06865
1390.7574,0.38308,11.51167,0.67040
1390.7787,0.85954,11.35605,-1.08221
1390.8014,0.56744,11.42787,0.13408
1390.8220,0.87391,9.91469,-0.59857
1390.8378,0.98405,8.77262,0.16281
1390.8593,-0.11971,9.36161,-0.88828
1390.8782,1.46530,9.67048,-0.08619
1390.8986,2.36794,9.10303,1.52755
1390.9210,2.00640,8.99050,-1.16601
1390.9561,1.12770,10.08469,0.78532
1390.9694,-0.58660,10.23074,0.52195
1390.9792,2.16921,8.79417,2.06147
1390.9968,0.09817,8.63854,-1.59459
1391.0168,-0.18436,10.89874,-0.51237
1391.0394,2.53314,8.56193,-0.85715
1391.0570,-1.49882,9.48372,0.23703
1391.0770,0.18436,8.44221,1.83641
1391.1058,0.61772,11.21718,2.26738
1391.1162,-0.23703,9.88357,-0.50998
1391.1368,0.01915,11.77983,-1.25460
1391.1588,-0.39506,9.66329,0.36393
1391.1759,0.45731,8.46137,0.37351
1391.1960,-0.55308,8.32968,1.08940
1391.2183,-0.63688,9.95300,-1.19235
1391.2396,0.27295,8.96416,0.92658
1391.2600,-0.68476,12.79261,-0.29689
1391.2797,-0.43336,9.17486,3.62254
1391.2975,1.31925,10.82691,0.92898
1391.3174,-0.04549,9.86202,0.82363
1391.3398,0.46210,11.09268,-0.20112
1391.3588,2.39427,9.99131,-0.26337
1391.3776,1.58980,10.24271,-0.88828
1391.3998,1.73345,10.13975,-0.02155
1391.4174,0.10774,9.25148,-0.00718
1391.4380,-1.10376,10.61143,-0.08859
1391.4606,-1.00081,9.39035,-0.16520
1391.4781,-0.14126,8.76065,0.98165
1391.4994,-0.01915,8.92586,-0.65843
1391.5342,-0.22506,9.86441,0.96489
1391.5382,1.17319,11.13338,-0.18436
1391.5581,2.39667,8.92346,2.70792
1391.5804,1.99922,10.24510,-0.94574
1391.5977,1.02236,9.42626,0.27534
1391.6178,0.72307,10.84367,1.15643
1391.6403,0.57223,9.30894,0.79729
1391.6646,-0.23943,10.57551,0.16760
1391.6802,0.19394,10.69523,-0.70871
1391.6998,0.11493,10.93944,0.24422
1391.7174,1.35277,9.75906,-2.10696
1391.7382,1.53952,9.91230,-0.10535
1391.7604,0.36872,10.27862,0.55547
1391.7782,0.54829,12.11264,0.83800
1391.8101,0.91940,9.72315,-1.12052
1391.8203,0.81645,10.28341,-0.55068
1391.8376,0.90025,9.96258,0.90504
1391.8588,0.28971,8.67446,0.87630
1391.8816,1.21390,9.67526,-0.60575
1391.8994,1.05827,8.96656,0.22267
1391.9200,1.18038,10.01525,1.31206
1391.9507,1.72388,9.98891,0.18436
1391.9576,-1.86993,8.79178,-0.07183
1391.9775,0.21548,10.48932,1.27375
1391.9999,0.72786,8.43982,0.82602
1392.0177,-0.09338,9.68484,-1.40065
1392.0393,0.55068,10.29778,-0.96489
1392.0616,0.26816,10.14215,0.05507
1392.0801,2.71032,8.54756,-0.21548
1392.0981,1.21390,10.40791,-0.99123
1392.1195,-0.04070,9.86202,0.58899
1392.1390,1.07742,10.11102,1.39586
1392.1592,0.70631,9.21317,0.48364
1392.1814,1.47008,9.18444,0.65603
1392.2178,-0.10056,10.73593,0.50998
1392.2290,-0.01437,9.72315,1.31206
1392.2400,0.10295,9.48612,2.61934
1392.2574,-0.32323,11.28182,-1.14207
1392.2778,0.76856,11.04718,0.12929
1392.3000,0.38787,8.45179,1.35037
1392.3177,-0.37351,11.38717,-0.33520
1392.3395,1.90105,8.69601,1.06066
1392.3743,1.53952,9.53400,1.06066
1392.3781,0.90982,9.23951,0.24422
1392.3993,1.65923,9.60822,1.05827
1392.4232,1.44375,10.18524,-0.17957
1392.4412,-0.18915,9.68484,-0.21070
1392.4612,-0.02394,10.44622,-1.08940
1392.5011,0.56505,11.93785,0.68716
1392.5195,1.33361,9.54597,1.29051
1392.5198,1.49403,11.44224,-0.70152
1392.5403,2.01359,9.80695,-0.59617
1392.5581,1.24742,8.97374,0.28252
1392.5791,-1.54191,11.14535,0.89785
1392.6018,-0.50759,9.93385,0.80687
1392.6194,1.13010,8.65051,0.02634
1392.6499,0.23943,9.21796,-1.08461
1392.6603,0.69913,9.41189,0.53392
1392.6774,1.37671,9.62498,-0.78772
1392.6975,-0.39745,11.32492,0.60575
1392.7202,-0.07662,8.77023,1.47487
1392.7380,1.34798,8.47573,-0.72307
1392.7593,0.98165,8.03758,-2.05189
1392.7838,1.34798,8.29856,-0.32083
1392.7993,1.80049,10.19722,-3.14368
1392.8176,2.07823,8.09504,1.83880
1392.8397,2.21949,9.61062,0.31604
1392.8575,1.38150,10.30975,0.55547
1392.8776,1.89387,9.57231,0.50759
1392.9003,1.10615,9.42387,0.10295
1392.9211,0.80687,8.86121,1.28094
1392.9374,-0.45012,9.62259,0.32083
1392.9608,-0.85476,11.66012,1.76697
1392.9797,0.06225,9.27303,0.31126
1393.0000,0.05986,9.98413,-0.02634
1393.0233,0.53632,10.76466,-1.54910
1393.0425,1.17798,9.87638,-0.24900
1393.0635,1.04151,10.00089,-0.56265
1393.0836,-0.64167,11.17887,0.82124
1393.0992,1.15643,10.06793,-1.25699
1393.1195,1.12291,10.27383,1.49163
1393.1432,1.14446,9.14852,-0.25858
1393.1609,1.87951,10.00089,0.65843
1393.1818,0.82363,9.70639,-0.66321
1393.2153,1.50839,8.73910,0.92658
1393.2196,1.45332,10.82452,-1.10376
1393.2399,1.30249,10.39115,0.81405
1393.2618,0.90264,9.06472,0.03352
1393.2798,1.75261,10.73593,-1.10855
1393.2998,0.88109,9.18444,-0.86912
1393.3234,1.12770,10.50368,1.55628
1393.3483,-0.03352,9.61062,1.25939
1393.3612,-0.35914,10.08229,0.88349
1393.3845,0.46688,8.57390,0.01676
1393.4011,1.52036,9.50048,-0.11253
1393.4210,1.00320,10.60664,0.43815
1393.4427,2.26977,8.28180,0.20112
1393.4606,2.04950,10.11581,0.13647
1393.4907,2.35118,10.12539,0.33041
1393.5032,3.30170,7.81252,-0.18196
1393.5203,-1.15165,11.45660,-2.43977
1393.5405,0.43576,10.15172,1.37671
1393.5630,1.12291,9.41189,-0.42618
1393.5835,1.04390,10.81973,-0.55308
1393.6018,1.42699,8.62178,-0.72786
1393.6328,0.90743,9.99849,-0.66321
1393.6404,-0.21070,9.29218,0.14845
1393.6602,0.97447,8.16927,1.17080
1393.6825,1.55628,8.79417,0.29689
1393.7019,0.83560,10.62579,0.78532
1393.7219,0.32562,10.85325,0.70152
1393.7456,0.22506,11.22436,1.02236
1393.7638,-1.20193,9.84526,2.35597
1393.7800,-3.85239,11.84208,-1.76937
1393.8026,4.51800,4.26420,-0.51477
1393.8202,-0.89306,10.25468,-5.84203
1393.8402,3.98168,3.65606,-5.37036
1393.8641,2.33921,13.24752,2.47089
1393.8818,-0.49083,8.49728,-0.02634
1393.9125,0.41421,11.57871,2.27456
1393.9254,-3.98647,12.33530,9.01444
1393.9401,4.46293,10.16848,0.71349
1393.9602,-0.04789,8.28419,3.18678
1393.9825,1.18517,14.67212,-3.46212
1394.0009,2.33442,6.19159,5.49007
1394.0206,2.52117,15.59152,-5.37036
1394.0490,0.26337,6.42384,4.09900
1394.0603,1.52276,11.99532,-3.41424
1394.0803,3.96252,8.67925,4.08224
1394.1027,5.32726,10.71438,5.15727
1394.1202,-2.70792,11.02564,4.58504
1394.1418,-1.58501,11.90433,3.21312
1394.1650,-1.73824,10.37679,4.15167
1394.1974,-0.48604,11.73434,1.70472
1394.2006,-0.59378,11.60744,1.40783
1394.2224,-1.81965,7.66647,1.51558
1394.2418,0.53392,9.60104,-1.19714
1394.2625,1.44614,9.05754,-0.88109
1394.2828,0.14126,9.82131,-1.55149
1394.3018,1.35755,11.07592,-1.43417
1394.3342,0.01437,10.66889,-1.22347
1394.3429,0.43336,11.06394,-0.04310
1394.3604,-0.07183,10.49889,0.12929
1394.3804,-0.09338,10.80776,-0.08859
1394.4030,0.32323,10.01525,1.17319
1394.4205,1.10855,10.24271,-1.56107
1394.4421,0.87391,10.58509,-0.11253
1394.4742,0.97447,8.60023,-0.43097
1394.4822,1.60895,9.90033,0.02394
1394.4998,1.10137,8.30095,-0.13647
1394.5237,0.21070,9.07909,0.16520
1394.5415,0.79969,11.90433,-1.28333
1394.5614,0.80687,9.35443,1.55867
1394.5837,2.15964,9.22514,-0.17478
1394.6135,3.10777,9.29218,-1.53712
1394.6208,2.64328,9.27303,-1.74064
1394.6421,1.49163,10.27623,0.41660
1394.6598,-0.75180,9.43584,0.69673
1394.6815,1.36713,9.03360,-1.51558
1394.7039,1.68078,9.87160,-1.07742
1394.7222,1.72867,10.59227,-1.73824
1394.7576,1.87472,9.33528,-0.90264
1394.7626,2.74384,9.27781,-0.16281
1394.7805,0.53153,9.59146,-1.23305
1394.8005,1.72627,9.46696,2.01359
1394.8230,1.81486,9.58668,0.75899
1394.8403,0.86433,10.49411,-0.46210
1394.8602,0.47167,8.91389,1.59938
1394.8933,0.43336,10.02962,0.03591
1394.9011,1.37431,9.08148,0.53153
1394.9232,0.04070,10.77184,1.20193
1394.9431,0.70871,10.41031,1.62811
1394.9612,-0.72547,9.90512,0.82842
1394.9812,-0.15563,9.40711,0.29928
1395.0051,-0.05507,9.29697,-0.33759
1395.0331,0.00718,10.23313,0.28013
1395.0479,0.56265,9.80934,-0.82602
1395.0630,0.37111,10.04159,-0.27774
1395.0807,0.21309,10.39594,-1.65923
1395.1008,0.80687,9.84526,1.58022
1395.1232,-0.87870,10.43186,0.86194
1395.1592,-0.05746,9.07191,2.39188
1395.1649,0.39506,9.44541,0.01197
1395.1837,0.48843,8.70079,-0.67519
1395.2009,0.51716,8.94022,0.69673
1395.2209,0.28971,9.63935,-0.71589
1395.2434,-0.53392,9.48851,0.89067
1395.2607,-0.42618,10.32890,-0.09098
1395.2810,-0.14845,8.69122,0.13408
1395.3075,1.11334,10.53241,-1.94176
1395.3209,1.69515,8.81572,-0.02634
1395.3423,0.39745,9.95779,-1.15404
1395.3652,-0.51956,9.60583,-1.08221
1395.3822,0.57463,10.36482,-1.47008
1395.4025,0.72068,9.81653,-0.21070
1395.4246,0.33999,10.45819,-1.66163
1395.4427,0.56984,8.55953,-0.36393
1395.4628,1.02954,11.33929,-1.13249
1395.4834,1.19953,8.72953,1.44375
1395.5006,0.99841,9.37359,-0.80448
1395.5242,0.83321,10.41749,-0.12929
1395.5444,0.62491,10.14454,-0.26816
1395.5620,1.15165,10.76466,1.01517
1395.5822,0.57941,9.01444,-1.75979
1395.6051,0.19872,8.58108,-0.54829
1395.6208,-0.06225,10.06553,0.44294
1395.6407,0.06704,8.50925,1.10137
1395.6632,-0.19154,8.86839,-1.43417
1395.6821,1.93218,7.92266,-0.87391
1395.7020,0.59139,10.01765,-0.56744
1395.7349,1.45572,10.10145,0.05746
1395.7408,1.26657,11.16211,-1.05588
1395.7626,3.13650,9.18444,-3.01200
1395.7831,2.19316,7.31212,5.84203
1395.8008,-1.28333,11.83729,2.14527
1395.8209,-1.45572,8.02800,4.82207
1395.8435,-2.33202,9.99370,0.78532
1395.8660,-0.02155,9.85244,0.66082
1395.8811,2.48765,5.75105,3.84760
1395.9028,-5.19079,11.04479,1.21150
1395.9204,1.77416,8.33686,0.15563
1395.9408,0.11014,10.48213,3.45733
1395.9630,-2.14048,11.42309,-1.24502
1395.9949,7.66647,8.14053,-1.96331
1396.0125,1.96331,9.81653,-2.88031
1396.0228,2.53075,10.23792,-4.71193
1396.0409,-3.99365,11.03521,2.80370
1396.0612,-0.12929,10.18524,6.48848
1396.0834,0.84278,8.72234,5.45895
1396.1011,-0.94095,9.33049,0.10535
1396.1229,-2.05668,9.60104,-0.50759
1396.1504,0.40942,8.72953,-0.30886
1396.1621,-0.02634,9.66808,0.44294
1396.1849,1.06545,9.55795,-0.65603
1396.2029,0.14605,9.02402,0.93137
1396.2208,0.90025,10.37200,0.00958
1396.2406,0.56744,9.69921,0.79969
1396.2655,0.60575,10.52763,0.15323
1396.2844,-0.68237,10.06314,0.83800
1396.3025,-1.13967,10.91071,0.39027
1396.3232,-0.19154,11.03042,0.36154
1396.3408,-0.22267,9.41189,0.03113
1396.3606,0.45491,10.52284,0.09338
1396.3831,-0.96489,9.87399,0.56265
1396.4004,0.19154,10.03919,-1.48206
1396.4242,0.18436,10.28102,-1.47727
1396.4449,-0.33999,9.11022,1.55388
1396.4623,0.28971,9.14852,1.93697
1396.4805,1.12531,10.04398,0.20351
1396.5048,0.93137,9.92906,-0.24422
1396.5222,1.09418,9.77582,-0.31604
1396.5558,0.95771,10.27144,-0.06465
1396.5740,-0.20830,10.25947,0.61293
1396.5834,1.07264,10.32411,0.30647
1396.6036,0.09338,10.48213,-0.21070
1396.6245,0.26576,9.76625,1.01757
1396.6421,-0.19154,8.96416,-0.49322
1396.6621,0.50998,9.81892,-0.88349
1396.6842,0.14366,9.75906,-0.71349
1396.7030,1.48206,10.24510,0.26816
1396.7242,1.24023,8.73431,0.56984
1396.7430,-0.29450,10.44622,0.29210
1396.7604,1.05827,9.28021,-0.25858
1396.7805,0.50519,11.60984,0.19633
1396.8035,0.52435,10.32890,0.89785
1396.8213,0.44773,8.50207,0.04310
1396.8506,0.85476,9.02402,-0.70631
1396.8627,0.51237,8.93783,-0.10535
1396.8802,0.77575,8.88755,-0.02155
1396.9005,0.48364,9.81413,-0.09817
1396.9246,0.24182,10.59227,0.02873
1396.9424,-0.13169,9.12458,0.60336
1396.9631,1.40544,9.89075,-0.58899
1396.9965,1.27375,10.29299,-0.17239
1397.0005,1.07264,9.72554,0.21070
1397.0204,1.22587,10.06074,-0.22746
1397.0442,0.19154,9.16768,-0.98405
1397.0641,0.18196,10.54439,1.58022
1397.0819,-0.18675,10.76945,0.61772
1397.1200,0.99362,9.99370,0.16760
1397.1348,0.77575,8.18603,-1.63050
1397.1404,1.94415,9.34725,-0.59139
1397.1643,1.47008,8.40869,0.23703
1397.1810,0.69673,10.03919,-1.97288
1397.2003,1.63290,9.55555,-2.37991
1397.2245,1.22108,8.50686,0.20351
1397.2623,1.04869,10.64734,0.97208
1397.2628,0.57223,9.16768,0.99362
1397.2838,-0.73265,11.94983,-1.35755
1397.3096,-0.77335,11.54280,1.24263
1397.3203,0.72307,8.46376,-0.57223
1397.3425,-0.02873,9.30176,1.36953
1397.3605,0.25379,11.25309,0.08859
1397.3800,0.36632,9.19402,-0.69434
1397.4083,0.65843,10.35284,0.05986
1397.4200,1.50839,9.53400,-1.23545
1397.4407,1.20432,8.32729,-0.38069
1397.4626,1.07982,11.69124,0.08859
1397.4812,1.04630,9.02642,-0.75899
1397.5009,1.37192,9.49330,-1.53952
1397.5245,1.01996,9.48133,-0.71589
1397.5427,1.45811,8.49728,1.22347
1397.5604,0.45012,9.79258,1.05109
1397.5830,1.56107,9.17486,-0.30886
1397.6002,-0.37590,9.73752,0.42618
1397.6202,0.66800,10.40552,-0.09338
1397.6464,2.41582,8.17405,-0.26576
1397.6799,0.53871,9.21317,-0.05267
1397.6940,-0.91222,10.34327,0.34478
1397.7029,0.43097,9.21317,-0.55547
1397.7205,-0.32323,10.52523,0.76377
1397.7432,-0.08859,8.93543,0.00958
1397.7655,1.68078,9.14613,-0.81166
1397.7814,0.23464,9.64174,0.80926
1397.8040,-0.47646,11.51407,2.32724
1397.8378,0.38308,10.15412,1.81247
1397.8416,-1.16122,11.07592,1.10615
1397.8615,-1.22587,9.70400,1.64008
1397.8834,-1.15643,9.83568,1.91542
1397.9016,0.50759,8.24828,-0.66561
1397.9216,0.23464,10.10863,-0.41421
1397.9442,-0.14605,10.91550,-0.08619
1397.9719,0.12211,8.58108,2.10217
1397.9821,-0.50040,9.85244,0.74941
1398.0038,0.70871,9.38316,0.13887
1398.0214,-0.20830,10.33608,1.27615
1398.0450,-0.06943,9.55795,0.65843
1398.0671,0.09577,9.69442,0.28971
1398.1012,-0.40463,9.41429,1.37431
1398.1141,0.22985,9.25627,0.97208
1398.1239,1.04630,8.39672,0.49322
1398.1411,0.11493,11.04958,0.77814
1398.1616,0.31844,11.30337,-0.48843
1398.1855,0.53153,10.28102,1.45811
1398.2015,0.96010,10.01765,0.11253
1398.2390,1.19474,7.88914,0.54111
1398.2556,0.84997,12.00968,-0.90982
1398.2612,1.46530,9.23951,2.58103
1398.2814,0.03113,11.73434,2.30808
1398.3035,0.33999,8.30813,-2.30569
1398.3214,0.11253,8.44221,0.29210
1398.3428,-0.88828,9.78780,0.54350
1398.3651,1.62092,7.73590,-0.68237
1398.3943,2.02316,9.56034,-0.58181
1398.4084,0.08380,9.23951,-0.05028
1398.4233,0.15802,11.42548,-1.78852
1398.4409,0.44055,10.41510,3.70394
1398.4608,0.21788,8.97374,2.83961
1398.4852,1.88429,10.26665,1.34798
1398.5028,-0.82842,9.71836,2.52596
1398.5237,-1.29530,10.10863,0.26337
1398.5435,2.10696,8.62178,-0.55308
1398.5614,-1.42938,10.17806,0.66321
1398.5812,-0.86433,10.86043,1.57783
1398.6034,-1.87472,10.01525,1.26897
1398.6221,-0.75180,10.87958,2.34639
1398.6427,0.63688,9.91709,0.13408
1398.6810,-0.69434,9.72554,2.28653
1398.6812,0.67758,9.07430,-0.23224
1398.7009,0.44534,9.86441,0.81166
1398.7236,0.02634,10.81973,1.40065
1398.7404,0.78293,8.24828,0.82363
1398.7609,1.35277,8.38715,-1.36953
1398.7943,0.47885,8.69840,0.32562
1398.8099,1.34319,9.55795,0.28731
1398.8209,1.33840,8.48292,0.53632
1398.8431,0.90982,10.85085,1.64247
1398.8605,0.49801,10.73114,-0.22506
1398.8801,0.30886,10.85804,0.77814
1398.9027,0.05507,11.48773,0.92898
1398.9437,0.73983,8.24588,1.42459
1398.9437,1.12770,10.48213,1.51079
1398.9634,1.66402,8.35123,-0.17239
1398.9801,0.53392,9.31133,-0.13169
1398.9998,2.33202,8.90191,-0.51716
1399.0226,3.25621,8.59066,-0.56505
1399.0403,-0.75420,11.21718,-0.14366
1399.0602,0.92898,11.13577,0.22746
1399.0874,1.81247,9.85484,-0.16999
1399.1000,1.04630,10.90832,0.97686
1399.1201,0.50998,8.11899,0.05507
1399.1427,0.81884,9.91948,0.22027
1399.1603,-0.32323,10.84367,-0.32083
1399.1807,0.30407,9.44302,1.53952
1399.2178,0.85236,8.77023,0.54350
1399.2318,0.38069,10.10863,0.20830
1399.2401,0.84518,9.23711,-0.06704
1399.2626,1.05109,10.10863,0.43576
1399.2802,0.10535,10.49411,-0.27774
1399.3002,-0.43576,9.88596,0.62730
1399.3229,-1.15643,10.55157,2.00161
1399.3500,1.22108,8.84685,2.04471
1399.3668,1.58022,8.88515,-0.40463
1399.3865,1.09418,8.58587,0.52674
1399.4003,0.58899,10.29538,0.18675
1399.4199,0.31126,9.68245,0.76377
1399.4426,1.13249,10.17327,-0.01437
1399.4601,-0.31604,9.44302,-0.10295
1399.5066,-0.39745,10.14694,0.22506
1399.5067,-0.23224,8.30813,0.96250
1399.5220,-0.54829,10.62340,0.42379
1399.5399,0.94334,9.10543,0.07901
1399.5625,0.66082,7.99688,-0.93377
1399.5823,0.31844,10.77663,-2.09260
1399.5997,2.06147,10.18524,-2.48286
1399.6221,-0.17718,10.00567,-0.21309
1399.6394,0.99362,10.32172,-1.14446
1399.6597,0.41900,10.02722,-0.59139
1399.6821,0.72786,9.34246,-0.34238
1399.6996,0.97926,10.06553,-0.09338
1399.7197,1.31206,10.44862,-0.12450
1399.7428,0.66321,9.94342,-1.09179
1399.7610,1.13728,8.36320,0.44294
1399.7811,1.88190,8.12617,-0.95532
1399.8022,1.30249,9.44541,-1.04869
1399.8236,2.38949,9.17486,-0.67279
1399.8408,1.18756,8.81333,-1.85796
1399.8629,1.12052,9.94342,-1.62332
1399.8824,1.33361,9.21796,-0.69434
1399.9076,0.76138,9.54837,1.48924
1399.9235,1.62811,9.22754,-0.48604
1399.9414,1.64008,9.00008,2.09260
1399.9601,-1.48924,10.34566,-1.65923
1399.9847,2.16203,11.12141,-0.92180
1400.0005,0.96010,9.89314,1.07503
1400.0205,-1.14925,10.07750,0.70871
1400.0510,1.46051,10.61621,-0.06465
1400.0663,0.72307,10.41749,-0.02873
1400.0808,1.10137,10.40791,-0.59857
1400.1029,2.01837,7.49647,-1.42220
1400.1205,2.15964,9.94821,-1.67360
1400.1411,2.09260,7.93223,-0.97926
1400.1656,3.17720,9.50767,0.36632
1400.2002,1.88190,10.06793,-3.35438
1400.2150,0.93616,9.87878,-1.45332
1400.2228,1.95133,9.63696,-2.58582
1400.2410,1.42938,10.75748,2.82764
1400.2623,-0.17239,11.15732,0.84757
1400.2832,1.07503,9.68724,-0.35675
1400.3020,-0.11971,10.40552,-0.22027
1400.3224,-0.87630,11.11422,0.51237
1400.3551,0.26816,9.81892,-0.22027
1400.3605,0.37590,10.72156,-0.18436
1400.3809,0.12690,8.63136,-2.06386
1400.4034,-0.53632,9.93624,1.13967
1400.4208,-0.26337,9.42865,2.91623
1400.4409,-0.92419,8.72234,1.68796
1400.4631,-0.58660,11.80856,-0.72307
1400.4822,0.21548,9.31373,2.77257
1400.5005,0.46210,8.41588,-0.15802
1400.5228,0.05267,9.90512,-0.76138
1400.5405,-0.01915,9.03360,1.99922
1400.5607,0.79729,9.52921,0.83081
1400.5868,1.07742,11.19563,0.70392
1400.6302,0.62730,10.60424,-0.34717
1400.6304,0.22027,9.93385,-2.09020
1400.6440,0.61533,10.61143,3.08622
1400.6604,-0.93377,9.25387,0.76856
1400.6803,-0.35435,11.95222,1.30967
1400.7037,-0.52435,9.60344,0.46688
1400.7208,-0.01915,9.33767,-0.13887
1400.7549,0.69195,11.42548,-1.52515
1400.7657,0.40703,8.96416,0.50519
1400.7803,0.99123,10.69283,-0.94813
1400.8000,0.56026,9.74470,0.86673
1400.8243,1.13728,10.14933,-2.50441
1400.8408,0.96250,9.45499,0.04549
1400.8622,0.51956,10.37200,3.03355
1400.9027,1.13967,10.11342,-0.12929
1400.9028,0.34956,10.08708,0.94334
1400.9207,-0.44055,10.10145,0.30647
1400.9441,-0.53153,10.61382,0.51956
1400.9603,-0.74223,10.05595,3.15087
1400.9821,0.21309,9.63217,1.30009
1401.0028,0.07901,9.59865,0.57223
1401.0292,-0.84278,10.08469,1.18277
1401.0481,-0.19633,9.03599,-0.21548
1401.0668,-0.28252,8.34405,0.36154
1401.0804,-0.81405,9.54597,-0.77096
1401.1005,-0.14605,9.00008,1.14686
1401.1245,-0.66082,10.22834,2.07105
1401.1442,-0.46688,10.85085,-0.22746
1401.1808,1.58262,8.90670,-2.37991
1401.1974,1.04630,9.75667,-0.25140
1401.2014,0.67519,10.75748,1.12052
1401.2246,0.76856,10.69523,0.80208
1401.2449,0.98165,8.56432,-0.22746
1401.2621,0.91701,10.90353,-1.89866
1401.2826,1.26657,9.54358,0.19872
1401.3069,1.24742,9.42387,-0.23224
1401.3397,0.45491,8.71756,-0.45252
1401.3439,0.79729,9.77343,0.45970
1401.3649,0.88828,9.35443,-1.57543
1401.3823,-0.15084,8.92346,-0.07662
1401.4034,0.69434,9.60344,-0.23464
1401.4291,0.04789,10.62340,1.08461
1401.4615,0.38069,9.68245,1.27136
1401.4795,0.30886,10.05595,-1.76697
1401.4861,0.91701,10.35763,1.09658
1401.5022,3.06228,9.80695,1.01038
1401.5239,1.82204,11.47576,-1.70472
1401.5463,0.90264,11.69603,1.83641
1401.5625,-0.12450,10.25468,0.64406
1401.5908,-0.91461,10.15891,-0.34238
1401.6105,1.68557,7.91547,2.15006
1401.6230,1.46290,10.90832,-1.93936
1401.6434,1.00799,9.22514,-1.54910
1401.6655,1.78134,10.78621,-1.79810
1401.6842,0.56984,7.29296,-1.11573
1401.7051,0.73983,9.31612,-0.61533
1401.7284,1.80049,9.55316,-1.68318
1401.7548,0.41660,10.43904,-1.18995
1401.7675,1.60656,10.01046,0.17239
1401.7872,3.43339,8.00646,-2.38949
1401.8031,1.28573,11.32492,-1.18995
1401.8234,0.34956,9.34485,0.36154
1401.8473,0.88828,10.24750,0.21788
1401.8634,1.05588,11.38717,0.73265
1401.9005,1.50600,8.91149,0.08141
1401.9064,0.47885,10.56115,-1.69994
1401.9248,1.13489,9.31852,-0.08859
1401.9445,1.68318,9.05275,0.19394
1401.9667,1.05348,9.09824,1.00560
1401.9850,1.39586,9.65132,1.11334
1402.0244,0.62491,8.94022,-0.24900
1402.0343,0.40463,8.75107,-0.50040
1402.0438,0.74223,8.67685,-0.82124
1402.0632,0.89306,10.60664,0.36393
1402.0856,1.46051,8.84924,-1.47248
1402.1034,0.95532,9.64893,-1.80528
1402.1234,0.34478,11.22436,0.55068
1402.1478,-0.11493,9.29697,0.73504
1402.1682,-0.54350,10.49171,1.52994
1402.1831,0.56265,11.42548,-0.00479
1402.2053,0.13169,10.22116,-0.34478
1402.2233,0.72547,11.79420,-0.10774
1402.2430,2.75102,8.28419,-1.68078
1402.2655,1.21150,8.37039,-0.83081
1402.2828,1.18277,11.16690,-2.46850
1402.3079,0.42618,10.13257,-0.91222
1402.3248,-0.66321,11.85166,3.19636
1402.3427,-0.60096,10.98014,0.24661
1402.3634,0.21548,10.49889,-3.05270
1402.3856,-0.02634,9.05994,-0.85476
1402.4031,1.75500,10.28820,-1.24023
1402.4230,2.69595,8.05913,0.91222
1402.4490,3.23945,8.52601,-1.39826
1402.4628,0.31365,10.09666,-0.22985
1402.4835,-0.07662,9.72554,0.25379
1402.5057,1.40305,8.65530,-1.85556
1402.5237,1.65923,8.29137,0.42858
1402.5436,2.27217,10.78142,-0.31365
1402.5668,2.69595,8.28419,-0.78293
1402.5854,1.74064,9.00966,0.50040
1402.6062,0.83081,9.62020,-0.66082
1402.6255,1.07503,9.41908,-1.02954
1402.6447,1.42220,9.79737,-0.41421
1402.6631,1.29291,8.95698,-0.22027
1402.6854,1.32882,9.33767,-0.22746
1402.7032,0.89785,10.34806,0.40224
1402.7256,0.60815,9.71597,-0.79011
1402.7456,0.39506,10.60903,0.85954
1402.7635,0.88828,10.27862,-0.29928
1402.7834,0.24182,9.62020,0.11253
1402.8058,0.89785,10.46059,-0.42858
1402.8236,0.03591,9.73752,-0.18436
1402.8462,0.19154,10.36960,0.51716
1402.8724,1.51079,8.80375,-1.23784
1402.8865,1.18038,10.57072,-1.73585
1402.9030,1.50600,8.98571,-1.46051
1402.9253,0.83560,8.62418,0.86433
1402.9432,-0.44773,10.72156,0.60575
1402.9623,0.80926,8.09983,-1.28812
1402.9865,1.54431,7.86759,0.05746
1403.0205,0.79729,9.33288,1.97288
1403.0253,0.46210,10.33608,-0.81645
1403.0470,1.44135,10.38397,0.80208
1403.0645,-2.02077,10.93465,0.71110
1403.0848,-1.18756,9.15810,4.39349
1403.1052,-1.47487,10.48692,1.49642
1403.1417,-0.18675,10.78381,-1.23066
1403.1537,0.50280,11.62660,2.63849
1403.1667,0.39745,7.91068,2.28893
1403.1844,-0.46210,10.99451,-1.52755
1403.2054,0.24661,9.51245,0.58181
1403.2290,-1.21629,8.03998,0.38308
1403.2445,-0.25379,10.14694,0.69195
1403.2841,0.81645,7.80773,0.51237
1403.2959,-0.84039,10.97775,1.86753
1403.3033,-0.36393,10.66649,0.95532
1403.3228,0.71110,9.42147,0.19154
1403.3453,-0.24661,10.11821,2.68877
1403.3629,-0.94095,10.77903,1.18038
1403.3829,-0.54350,10.25707,1.83162
1403.4081,-0.39506,11.05197,1.26178
1403.4263,0.16760,8.85403,-0.54829
1403.4429,-0.22027,9.68724,0.20591
1403.4651,0.45731,9.21796,-0.86433
1403.4828,0.34238,10.41749,1.50360
1403.5029,0.67519,9.26345,1.17559
1403.5270,1.36474,9.22993,-0.30407
1403.5446,-0.11732,10.54199,0.38787
1403.5742,0.33520,10.04877,-0.57463
1403.5846,0.22985,10.16130,1.02236
1403.6027,0.31604,10.38636,-0.65124
1403.6224,1.14446,9.65611,-0.94334
1403.6466,-0.13887,11.73674,1.65205
1403.6646,1.24742,8.38475,-0.37590
1403.7012,0.63927,9.06712,1.07024
1403.7159,0.07422,10.42946,-0.59617
1403.7238,-0.12690,8.80854,0.70392
1403.7437,1.31685,9.05036,0.88828
1403.7661,2.88750,8.14772,-0.34238
1403.7854,-1.22826,10.33369,0.36154
1403.8037,0.52913,9.22754,-0.07901
1403.8499,0.37111,10.23313,1.46530
1403.8501,-0.14126,10.83170,1.50839
1403.8651,0.00958,9.48612,1.68557
1403.8898,-0.18196,11.32492,-0.59139
1403.9047,2.15724,9.88596,-0.98884
1403.9248,2.02316,9.38795,0.02873
1403.9473,1.56107,10.20440,-1.89627
1403.9667,3.39748,8.65530,0.24900
1403.9994,-0.70631,11.41590,-0.47646
1404.0172,1.91303,9.42147,-1.90345
1404.0284,1.16601,10.66410,1.02714
1404.0449,-0.07901,9.99610,-3.49804
1404.0673,1.00799,9.48372,-0.84757
1404.0858,0.41182,8.99290,0.01437
1404.1061,0.11971,13.47737,0.77096
1404.1436,1.38868,9.28021,2.00161
1404.1445,1.14925,9.76864,1.38150
1404.1647,2.02556,10.73593,-2.29850
1404.1871,2.39427,9.31133,-1.05827
1404.2040,1.42699,11.35126,-0.11493
1404.2239,2.42540,9.62977,1.24023
1404.2465,2.68638,10.80057,-1.09658
1404.2642,1.08940,9.32570,0.58181
1404.2837,0.10295,8.31292,0.28252
1404.3062,0.15323,8.59066,1.01038
1404.3434,-0.36872,9.78540,1.32643
1404.3435,-0.30647,8.86121,0.28252
1404.3691,1.54431,9.51724,0.05028
1404.3903,-0.29928,7.85322,0.13169
1404.4102,-0.38069,9.61541,1.86275
1404.4263,0.56265,8.80854,0.19394
1404.4443,0.54589,8.54038,1.50121
1404.4678,1.43656,10.07032,1.30488
1404.4880,1.44614,9.92666,-1.00799
1404.5107,1.86035,8.68164,0.37590
1404.5425,2.55230,8.65051,1.06785
1404.5494,1.09179,11.26746,-1.28094
1404.5657,1.58022,7.84364,1.08221
1404.5885,0.21309,9.62498,-0.00479
1404.6096,1.59219,11.36323,0.66561
1404.6256,0.87630,8.43742,-0.76856
1404.6542,-0.93616,10.76466,-0.56744
1404.6683,-0.25379,11.43266,2.68638
1404.6855,0.56265,9.75906,2.58342
1404.7048,-0.04789,10.95141,1.11813
1404.7274,0.41900,10.24750,1.53712
1404.7444,-0.45731,10.81973,1.77895
1404.7650,0.23464,10.52284,-0.49322
1404.7993,0.21070,10.77663,1.42459
1404.8245,0.43576,9.22035,-1.80289
1404.8267,0.73025,10.55875,-2.18118
1404.8478,-0.44294,10.76945,-0.15802
1404.8654,0.46210,9.80455,0.87630
1404.8856,1.01996,10.28580,-1.18277
1404.9080,1.82923,9.21078,-0.38069
1404.9258,1.50839,8.25307,-1.30009
1404.9459,1.35037,9.76625,1.23066
1404.9675,1.70951,8.66249,0.85954
1404.9849,0.67279,9.04078,0.84039
1405.0051,0.31126,9.56992,-0.95532
1405.0271,1.33361,9.26345,-0.21309
1405.0453,1.46769,7.86759,-1.85796
1405.0652,1.35037,7.73351,-0.03591
1405.0930,1.88908,8.78938,-2.09738
1405.1047,1.64726,9.70878,-0.91701
1405.1250,1.52036,10.42228,-0.39745
1405.1472,0.41900,10.00567,1.25699
1405.1652,1.38868,11.53801,0.22985
1405.1855,1.92021,10.31932,-0.67997
1405.2137,1.82204,10.75748,1.71909
1405.2263,1.64726,9.38795,1.17319
1405.2452,1.90105,9.07191,-1.30727
1405.2673,2.27696,9.99131,-2.11414
1405.2853,-1.49882,9.50767,-0.27055
1405.3057,-1.16841,9.45978,2.37751
1405.3290,0.45731,8.51165,0.37111
1405.3468,0.12929,9.34007,0.82602
1405.3781,-0.43097,9.85484,1.22347
1405.3878,0.89785,10.32890,0.42618
1405.4053,1.97049,9.54119,1.27375
1405.4254,0.98644,10.77424,-0.49322
1405.4491,1.71909,10.48932,-0.68476
1405.4673,1.72148,10.12539,-0.88588
1405.4866,0.23464,11.69843,1.60656
1405.5192,1.61614,10.07271,-0.26337
1405.5255,1.24502,10.79578,2.04232
1405.5454,-0.93137,12.01208,-0.33041
1405.5718,0.63448,10.24510,1.09897
1405.5913,1.24263,9.77822,-1.30727
1405.6091,0.47167,9.05036,-1.98485
1405.6464,0.94095,10.09187,0.69913
1405.6494,0.67519,9.19641,0.81884
1405.6658,0.41660,9.00487,0.03831
1405.6876,2.00401,8.14053,0.08619
1405.7054,-0.47167,9.67766,-0.57223
1405.7291,-0.61054,10.48213,-0.74223
1405.7513,-0.90264,9.06233,1.31446
1405.7849,0.00479,9.64653,0.70152
1405.7994,0.45491,9.90033,0.61772
1405.8082,-0.02873,10.68804,1.20671
1405.8251,0.87152,10.36960,-0.17957
1405.8450,1.06306,9.75906,-0.23224
1405.8676,0.78293,11.31534,-0.73025
1405.8862,0.50519,10.18764,-0.78772
1405.9246,2.04471,7.06072,-0.91701
1405.9403,1.05109,8.59305,0.39266
1405.9456,0.75659,9.92188,-1.53712
1405.9653,1.04630,9.02642,-0.48125
1405.9895,0.49083,10.36003,0.74701
1406.0052,0.22506,11.40633,-0.62730
1406.0253,1.01996,8.58348,0.30647
1406.0560,0.64885,9.81892,-0.75180
1406.0673,0.66800,9.49091,-0.72786
1406.0854,0.80926,10.40552,0.72547
1406.1078,0.60336,8.43742,0.83321
1406.1267,-0.40703,10.55636,1.26418
1406.1450,-1.07982,11.02803,0.20591
1406.1674,-0.34956,9.67287,1.58980
1406.2144,-0.81166,10.78621,0.93856
1406.2145,-0.74701,9.96976,1.30727
1406.2299,-1.59698,9.95061,-0.64885
1406.2454,-0.10774,11.86603,-0.36154
1406.2651,1.61614,8.42306,1.49642
1406.2878,0.62491,7.67604,-0.80687
1406.3055,0.26098,10.18764,0.33280
1406.3254,0.11253,7.51802,1.98246
1406.3591,0.07183,10.33608,-0.23464
1406.3655,0.48125,9.33049,-0.18675
1406.3854,-0.10535,8.32010,-0.87630
1406.4073,-0.25379,12.76388,0.14605
1406.4252,0.96968,8.36560,-2.46371
1406.4452,-0.33759,10.94423,-0.16999
1406.4764,-0.19872,7.33127,0.14605
1406.4962,1.67120,8.72234,-0.15563
1406.5050,1.03912,9.12458,-2.10696
1406.5278,-0.01915,9.45739,0.07422
1406.5452,-0.42618,9.45499,-1.03912
1406.5669,-0.23703,11.24112,0.04549
1406.5891,0.01437,9.68963,0.16042
1406.6068,0.75899,8.59305,0.75180
1406.6409,0.62969,10.87240,-0.44294
1406.6473,0.46210,10.04638,0.35914
1406.6650,0.35675,11.09507,0.13408
1406.6866,-0.34478,10.04638,-0.52195
1406.7095,-0.54829,10.20201,2.22428
1406.7253,-0.28971,10.30735,0.83560
1406.7466,0.52195,9.61062,0.74462
1406.7844,1.19235,9.55076,-0.28492
1406.7856,-0.30647,10.38636,-0.09098
1406.8049,-0.13647,9.22035,0.47646
1406.8271,-0.56026,10.95620,0.99841
1406.8450,0.57941,7.48450,-0.06465
1406.8650,0.74701,8.15490,-0.62491
1406.9067,0.03591,9.25866,-0.26576
1406.9244,-0.56505,9.71357,1.21629
1406.9246,0.42379,8.54517,2.78694
1406.9479,-0.16042,9.97934,0.23464
1406.9656,-0.23943,10.75748,1.16841
1406.9862,0.39266,9.11500,1.09658
1407.0074,-0.02155,11.02085,0.02634
1407.0247,0.74701,10.96338,0.72547
1407.0474,0.86194,10.47735,-0.40463
1407.0680,0.24182,12.07912,-1.44614
1407.0853,1.38150,8.38954,1.61135
1407.1055,1.49642,9.18923,-0.20351
1407.1295,0.94574,8.80614,-0.06943
1407.1455,0.53871,9.53879,0.23464
1407.1736,0.07422,9.44541,0.24422
1407.1992,0.42379,9.20359,-0.71110
1407.2067,0.37830,8.80135,1.25221
1407.2257,0.12929,8.88755,1.04390
1407.2483,0.67040,10.75269,0.01437
1407.2673,0.05028,8.92107,-0.31365
1407.2874,-0.63448,11.19563,1.27375
1407.3097,-0.73025,11.26267,1.02714
1407.3353,-0.43097,10.84846,1.43656
1407.3501,-0.21788,10.53720,0.50280
1407.3680,-0.17957,10.66410,2.60258
1407.3855,0.20830,9.70878,0.88588
1407.4058,1.41502,9.40471,0.72786
1407.4291,0.96010,8.81333,-0.79490
1407.4469,-0.94095,9.76385,-1.05348
1407.4764,-0.51477,10.97057,-0.23943
1407.4882,0.42379,10.13257,0.24661
1407.5059,-0.60575,9.87160,4.22111
1407.5259,0.62730,10.58509,-0.05028
1407.5483,1.78613,9.73033,0.51477
1407.5659,-0.72307,11.38957,-3.00242
1407.5879,0.90982,10.66649,-0.17478
1407.6173,1.48206,8.44461,-1.05348
1407.6278,1.38868,8.21236,-0.12211
1407.6458,0.63448,10.60903,0.80208
1407.6682,1.09658,7.99688,0.71589
1407.6874,1.15643,10.42228,-0.10774
1407.7073,1.09658,7.85322,-0.93137
1407.7300,0.07901,10.73832,1.30249
1407.7473,-0.36154,11.00648,-1.19474
1407.7666,1.07264,8.22912,-1.04151
1407.7882,1.05109,8.93304,-0.34238
1407.8058,1.27854,8.49968,-0.82363
1407.8275,1.06066,9.34246,-2.31766
1407.8481,-0.21309,10.11102,1.66163
1407.8657,0.51477,10.43186,-0.21788
1407.8975,1.44375,10.71677,1.13728
1407.9094,0.38308,9.83089,-0.51956
1407.9264,2.14288,9.77343,-0.83321
1407.9456,0.98644,9.12458,1.22108
1407.9675,0.98405,10.37918,-0.40463
1407.9855,0.81166,9.63935,0.27774
1408.0056,0.47407,9.70400,0.90743
1408.0280,-0.42139,9.22993,2.28414
1408.0453,-0.26816,10.53960,-0.68476
1408.0656,-0.73504,9.98413,0.11971
1408.0873,-0.11732,10.19003,0.18915
1408.1052,-0.43815,8.73431,1.01278
1408.1271,-0.00718,9.44302,-0.22506
1408.1544,0.45012,9.40232,0.28252
1408.1646,0.57941,9.75667,-0.12450
1408.1849,0.68476,8.74868,0.69673
1408.2075,0.32323,10.56833,-0.33520
1408.2249,0.98165,9.75667,2.28414
1408.2454,0.56744,9.14134,0.45252
1408.2728,-0.03352,9.93145,0.44294
1408.2931,0.92419,10.50129,-1.41262
1408.3058,0.45731,8.39433,1.64247
1408.3295,0.00239,9.60104,1.72388
1408.3450,-0.19872,10.08947,1.73585
1408.3646,-0.58181,10.21398,0.87391
1408.3868,-0.60575,11.29379,3.25143
1408.4045,-1.22347,8.92586,2.94735
1408.4325,-1.05588,9.20838,2.01598
1408.4467,-1.48445,9.25866,2.44216
1408.4644,-0.82602,8.79178,1.47248
1408.4843,0.11971,10.06314,0.63927
1408.5073,1.59938,7.00565,-2.58821
1408.5242,2.18597,11.06873,-1.66163
1408.5450,0.71110,9.92666,0.89785
1408.5685,-1.51797,11.83011,-1.08700
1408.5865,-1.18995,11.08310,1.49403
1408.6044,-2.54033,10.10384,2.70553
1408.6276,1.58740,13.65455,-0.76138
1408.6450,1.44135,8.50925,2.54033
1408.6650,-1.04151,12.51487,-3.03833
1408.6871,0.68716,9.22993,-2.50681
1408.7128,1.14686,6.82368,-1.57543
1408.7246,1.59219,10.71438,-2.64089
1408.7478,1.94655,4.83883,0.28731
1408.7654,-0.08619,14.55001,-6.82368
1408.7850,-0.47646,5.82288,3.89788
1408.8073,0.66082,9.88117,-1.19474
1408.8243,0.18196,7.85562,1.52276
1408.8444,-0.40224,11.28182,0.31604
1408.8668,0.34956,9.32809,-0.91940
1408.8842,1.87951,7.89153,-0.25379
1408.9043,0.33759,9.68724,-0.16281
1408.9264,0.30647,10.75269,2.17879
1408.9446,0.84518,10.24510,0.34956
1408.9705,-0.74701,9.17965,3.37832
1408.9865,1.11334,8.07349,1.46290
1409.0040,0.12211,7.48690,0.55787
1409.0240,0.24900,10.09666,-0.26576
1409.0464,-1.32643,10.07750,3.26819
1409.0638,-0.14366,12.04320,-0.22746
1409.0842,0.80687,9.34246,-0.51237
1409.1064,0.17478,11.66730,0.02873
1409.1244,2.24344,7.87956,2.80370
1409.1451,0.86194,11.83729,1.76458
1409.1670,-1.74064,11.28182,-0.70631
1409.1868,0.44294,7.55873,-0.26098
1409.2067,0.38069,8.42545,0.67758
1409.2271,-0.76617,11.22197,1.64726
1409.2448,1.81247,8.55474,-1.80768
1409.2648,4.17322,7.92744,0.23464
1409.2870,2.11175,9.87160,-2.91862
1409.3047,3.24903,11.73913,1.43896
1409.3247,-2.43498,11.15014,2.71990
1409.3469,-1.58740,10.62819,1.79092
1409.3647,1.31925,7.81491,1.62332
1409.3848,1.73345,7.22353,4.82925
1409.4078,1.12052,9.62020,-3.60338
1409.4248,1.28573,9.39753,3.05749
1409.4445,-0.21788,8.88276,-1.21869
1409.4670,0.06225,10.27383,1.66642
1409.4846,-0.60336,9.16528,0.90504
1409.5046,-0.51477,8.94740,2.49005
1409.5374,-0.76138,10.37200,2.55469
1409.5458,-0.10295,11.51886,1.79810
1409.5648,0.72068,11.03761,0.48364
1409.5869,0.52674,10.17088,-0.12211
1409.6046,0.36632,7.71675,0.75659
1409.6249,-1.84120,10.23553,4.96573
1409.6471,-2.89707,9.83568,0.86194
1409.6731,0.65364,10.75029,2.60258
1409.6849,0.82602,12.05039,8.20997
1409.7084,-0.89546,8.62178,1.83641
1409.7245,2.43498,8.77741,0.44773
1409.7460,0.43097,7.31690,-1.79331
1409.7683,0.36154,7.94181,-0.86912
1409.7845,2.29372,6.50524,0.27774
1409.8114,-2.34160,9.40471,2.18118
1409.8268,-2.30329,9.34725,1.46530
1409.8456,2.19316,6.21314,2.91862
1409.8651,-0.65603,10.97775,-3.78295
1409.8892,0.15802,11.55477,4.39349
1409.9050,2.06865,9.28500,0.07422
1409.9266,-2.10696,8.85882,-0.39266
1409.9648,-1.03672,8.92107,-0.40703
1409.9664,0.85715,7.75027,0.49322
1409.9854,-0.31604,9.03839,0.29689
1410.0074,0.20830,8.83966,1.81965
1410.0255,1.23305,9.37837,-1.23066
1410.0474,1.19714,8.82769,1.43417
1410.0676,-0.39506,11.09746,2.41103
1410.1066,-0.13408,9.84047,3.74943
1410.1067,-0.93137,10.37439,-0.21788
1410.1278,1.00320,10.71677,0.11014
1410.1453,0.55308,9.14852,1.21390
1410.1669,1.64008,10.50368,2.60018
1410.1885,1.94655,10.21637,-0.59139
1410.2050,-0.63209,10.94662,4.09421
1410.2430,1.14686,8.52122,0.74701
1410.2584,1.26178,8.12138,0.58181
1410.2649,-1.64487,9.89075,2.17400
1410.2849,-0.99362,10.44143,1.57543
1410.3075,-0.53632,10.17327,3.19636
1410.3253,0.34717,8.10701,0.96010
1410.3455,-0.16999,9.05754,1.10855
1410.3676,0.45491,11.70082,-0.42858
1410.4130,0.01676,8.47094,4.56828
1410.4132,-1.57304,10.85564,-2.91144
1410.4275,-0.95532,11.63618,1.57543
1410.4458,0.64885,9.37119,-0.90743
1410.4648,0.72786,9.60344,0.89785
1410.4873,1.54191,9.48851,-0.39266
1410.5051,1.83162,8.20039,-1.61135
1410.5308,0.79490,11.10704,1.84359
1410.5476,0.27055,9.06472,0.67279
1410.5668,-0.27534,9.09824,1.33840
1410.5865,-1.28573,11.40872,2.38949
1410.6101,-0.97926,8.47094,1.87232
1410.6274,-0.19872,13.22358,2.60976
1410.6644,-0.48125,9.45260,4.75024
1410.6782,0.51716,8.88994,0.99123
1410.6868,-1.91303,8.73192,0.75180
1410.7053,-1.58740,10.29059,3.28734
1410.7273,-1.23784,9.52921,3.32325
1410.7449,-1.01757,10.52284,2.20034
1410.7650,-0.80448,10.61143,0.86673
1410.7874,-0.89546,8.03040,3.39508
1410.8115,0.02155,9.22993,1.29530
1410.8247,2.33202,11.74631,0.96250
1410.8477,2.86834,8.50925,-1.85556
1410.8650,1.46290,10.13018,2.10696
1410.8864,-0.38308,11.11901,1.77655
1410.9093,0.12690,9.92666,2.20034
1410.9446,0.63688,9.69681,0.10295
1410.9589,0.03591,11.28422,2.02077
1410.9677,1.24981,12.84050,3.60099
1410.9851,-0.45491,8.75347,1.84599
1411.0049,-0.41660,13.21879,2.37751
1411.0272,-1.13249,10.67128,3.08143
1411.0460,-1.17798,9.25387,3.30170
1411.0667,-0.99123,11.21718,2.55230
1411.1000,-0.41900,10.29538,4.03914
1411.1057,-1.04390,11.41830,1.01757
1411.1252,1.55628,8.41827,1.40783
1411.1476,0.63688,11.15732,1.30488
1411.1655,-1.64726,10.74311,4.10379
1411.1853,0.23224,8.70079,3.18917
1411.2089,-0.89306,12.03123,2.55230
1411.2278,-0.62251,9.46457,2.48765
1411.2465,0.80448,10.49889,-0.10774
1411.2677,0.89546,7.75027,3.97689
1411.2852,-1.22826,9.23472,0.92180
1411.3055,0.62251,8.26264,0.82842
1411.3279,1.15883,9.58428,-0.74701
1411.3455,-0.05267,9.24908,1.18756
1411.3778,0.11253,8.94740,1.45093
1411.3873,0.76138,7.94660,0.45012
1411.4050,1.91063,9.92666,1.35755
1411.4248,-1.83880,12.09109,0.81645
1411.4490,-2.09499,10.25947,4.12534
1411.4695,-1.36953,8.78459,2.36075
1411.5039,-1.06785,10.52763,1.23066
1411.5175,2.06626,13.51089,9.86681
1411.5255,-5.48768,15.24914,8.08547
1411.5459,0.15563,4.07266,8.11180
1411.5696,0.29689,11.49970,12.10545
1411.5913,-6.07667,6.26582,-7.11339
1411.6094,1.12291,8.48531,-7.71196
1411.6300,1.02236,7.18282,-2.30329
1411.6608,2.30090,5.41106,1.52515
1411.6658,2.98805,11.38957,-6.53398
1411.6896,0.22027,11.89715,-0.36154
1411.7073,-4.78376,8.86839,7.60661
1411.7291,1.34319,9.93863,4.57546
1411.7517,0.10056,6.79495,5.18361
1411.7931,-2.95454,14.77028,-1.80528
1411.7933,2.26259,8.70798,1.27854
1411.8101,2.14766,11.27464,-1.51079
1411.8257,-1.88429,9.55076,2.62173
1411.8456,0.47167,8.60981,1.04151
1411.8695,-0.30168,9.72794,2.83482
1411.8871,-0.83560,10.94184,2.17879
1411.9073,0.56026,11.31055,-0.41182
1411.9398,-0.90264,9.74949,-0.19394
1411.9479,1.54191,9.47654,5.74865
1411.9656,-1.29291,9.76864,2.37512
1411.9884,-1.55867,11.40633,-1.27854
1412.0061,-1.72627,9.56752,2.75102
1412.0262,2.15964,6.54834,0.35196
1412.0496,-2.42061,9.26584,-3.78056
1412.0670,-0.57702,10.22595,10.96338
1412.0858,-2.53793,8.00167,-2.66483
1412.1083,-3.10777,4.91305,-11.29140
1412.1257,-2.09260,10.52284,-9.63217
1412.1459,-3.62972,9.78780,4.28815
1412.1685,1.26657,12.66332,0.09338
1412.2003,-1.26897,8.66249,1.69994
1412.2180,0.44773,1.82923,-0.78532
1412.2284,0.32562,7.96336,1.21150
1412.2457,1.39347,15.56039,-2.30569
1412.2670,4.36955,5.68640,2.56187
1412.2894,4.29054,10.99690,-2.57863
1412.3068,1.04630,7.30972,2.88271
1412.3275,2.17640,10.57072,-0.08380
1412.3601,3.86675,9.37359,0.60575
1412.3669,-1.12291,11.06634,-0.08141
1412.3857,0.41660,9.18444,2.13569
1412.4097,1.01517,8.38475,0.08619
1412.4291,1.35516,10.87001,0.90743
1412.4491,0.82602,10.90592,0.44055
1412.4913,0.11732,9.42865,0.24661
1412.4913,-0.69434,10.71677,0.65843
1412.5074,-1.35516,10.92268,2.88989
1412.5275,-0.63209,10.53481,0.89306
1412.5471,0.52913,8.71995,-0.76377
1412.5656,0.31365,9.21796,-0.17478
1412.5895,0.89067,11.57632,0.62491
1412.6140,1.58501,9.60104,-0.52195
1412.6416,2.27696,8.71756,-0.29689
1412.6487,3.32804,9.05515,0.76617
1412.6665,2.60737,9.64893,1.03672
1412.6864,-2.24104,10.01286,0.70871
1412.7089,-1.58022,9.51245,-1.88429
1412.7266,0.12450,11.02324,1.14446
1412.7466,0.50759,9.96497,-0.75420
1412.7787,-0.79250,9.56513,2.87074
1412.7866,-0.73504,9.15810,1.39107
1412.8071,-1.20671,9.10064,1.24981
1412.8293,-0.06943,11.61463,3.89788
1412.8481,-1.07264,9.83808,2.16203
1412.8665,-1.44614,11.41351,0.78532
1412.8903,-0.17718,8.60742,0.82363
1412.9148,-0.71589,9.11740,3.34720
1412.9279,-0.96010,12.66571,1.84838
1412.9492,2.48765,7.92266,2.48765
1412.9659,-1.82204,9.91230,0.73504
1412.9889,-1.43656,10.62819,-0.05986
1413.0104,0.19633,10.58748,0.15323
1413.0278,-0.35675,10.25707,3.23945
1413.0625,-1.60656,9.09106,2.74384
1413.0688,-1.44614,10.17806,1.45572
1413.0864,-0.39266,8.72713,0.27534
1413.1071,-0.06225,8.88994,0.36393
1413.1293,-0.12929,9.19641,-0.95532
1413.1470,2.68877,9.37359,-1.35755
1413.1670,2.20513,8.92586,0.53153
1413.2002,1.19235,9.12219,-0.80448
1413.2085,1.14686,11.51167,0.15563
1413.2277,0.16520,10.60664,-0.21548
1413.2517,0.25379,9.45499,1.58022
1413.2708,-0.95532,9.91709,0.79969
1413.2911,-0.85476,11.64096,2.47329
1413.3274,0.35675,8.28658,-1.74543
1413.3440,-0.10056,11.51646,1.21869
1413.3491,0.33999,8.52122,-0.74701
1413.3696,0.73025,8.47094,-0.87152
1413.3872,0.93616,10.26665,-3.07664
1413.4091,-0.85715,10.34806,1.95373
1413.4312,0.20591,8.87079,-0.96010
1413.4521,1.29051,9.37359,-1.58262
1413.4711,-0.13169,9.31373,-0.47167
1413.4896,1.29770,10.54918,1.37192
1413.5074,-0.00479,8.07349,2.74623
1413.5272,-0.89067,11.18366,-1.31925
1413.5494,-0.42618,10.15412,3.29213
1413.5682,-0.62730,11.12380,0.29210
1413.6055,0.06943,7.84364,-0.95532
1413.6240,-0.45731,11.60266,0.76856
1413.6296,-0.16281,9.56992,1.87711
1413.6477,-0.77096,10.87001,1.32164
1413.6699,-0.61533,9.37598,1.90345
1413.6876,-0.61772,10.76705,1.15883
1413.7078,-0.66321,11.87560,2.81327
1413.7484,-0.96729,11.24591,3.03594
1413.7520,0.11971,8.34884,2.38470
1413.7723,0.28731,11.43506,-0.72307
1413.7896,0.96489,9.03120,-0.52913
1413.8074,2.00161,8.89234,1.77416
1413.8291,1.28812,9.27781,0.62730
1413.8516,0.70631,10.87240,-0.66800
1413.8689,0.87152,10.63058,0.07662
1413.9019,1.92500,9.34485,0.15802
1413.9098,1.12770,10.34566,-0.81405
1413.9272,2.09978,7.70478,-0.31365
1413.9490,2.03753,9.56034,1.12052
1413.9695,1.39586,9.97455,-1.94176
1413.9873,0.47646,9.17965,0.89067
1414.0085,0.74462,9.28739,-0.63927
1414.0370,0.98884,9.65372,0.00958
1414.0466,1.98007,9.48612,3.51001
1414.0671,1.81486,9.57471,0.00000
1414.0895,2.30329,11.11183,2.06386
1414.1071,-1.55149,10.64495,-0.60336
1414.1271,-0.67758,10.43186,2.28414
1414.1494,-0.35435,10.17806,0.28013
1414.1667,0.90743,10.07990,0.53392
1414.1870,2.17879,10.33848,0.28013
1414.2092,3.48128,7.97054,-1.29051
1414.2268,0.84757,12.28263,0.06943
1414.2465,1.32643,10.60903,0.51237
1414.2715,3.41663,8.20997,1.43896
1414.2870,-0.50519,9.80455,-0.49801
1414.3119,-0.65843,10.58509,-0.41660
1414.3282,-0.36632,9.93863,-0.40942
1414.3457,0.01437,9.64174,-0.27295
1414.3660,-0.31604,9.75667,0.88828
1414.3883,-0.25619,9.83808,0.57223
1414.4067,0.65364,9.03360,1.03672
1414.4269,-0.06225,9.02881,0.24422
1414.4491,0.01676,9.93385,-0.10774
1414.4683,-0.36632,9.87160,0.02155
1414.4885,0.28731,7.82688,1.73824
1414.5095,-1.19235,10.74790,-0.08619
1414.5270,-2.19794,9.12937,4.27378
1414.5470,-3.47649,11.14295,1.30009
1414.5883,-0.03352,6.67763,0.80926
1414.6062,1.07024,10.43186,4.00562
1414.6075,-2.98327,12.28024,3.35438
1414.6315,-1.42699,8.51404,2.84679
1414.6488,-0.53632,10.38876,4.08942
1414.6677,-1.11813,9.78540,0.84757
1414.6902,-0.02394,8.37039,1.09658
1414.7178,2.07344,10.93465,1.73824
1414.7330,-2.18837,9.05754,2.95214
1414.7487,1.82444,12.12461,-2.66243
1414.7686,-2.51638,11.31295,3.78535
1414.7870,-3.62972,9.68724,1.13728
1414.8090,0.61054,10.95620,3.87394
1414.8290,-0.22985,10.25468,3.56747
1414.8466,-2.28893,9.39035,0.05986
1414.8694,-0.50998,11.36802,1.68557
1414.8857,-1.13489,10.07032,-3.66803
1414.9067,2.34878,8.54756,-7.27620
1414.9296,-0.71589,14.46860,6.68242
1414.9460,-0.78532,5.83245,12.61065
1414.9662,0.99123,11.38957,-4.64250
1414.9889,-0.55547,10.50608,3.37832
1415.0155,0.35675,10.02722,2.46131
1415.0262,-0.04549,10.11821,0.30168
1415.0488,-1.37910,9.68963,1.86753
1415.0663,0.88109,7.05114,1.31685
1415.0868,-3.40945,7.30254,-1.95852
1415.1085,-1.14207,9.89793,0.17478
1415.1381,2.09020,7.02720,1.62332
1415.1489,-3.52677,10.46537,-5.12614
1415.1689,-0.12690,10.77184,2.99524
1415.1879,1.12770,9.49091,3.64169
1415.2064,-2.26738,8.83248,-4.27139
1415.2286,0.24422,10.71438,1.69754
1415.2482,1.59698,9.33288,-1.81007
1415.2722,-0.12690,8.82051,2.02316
1415.2886,-0.97208,10.55875,-1.80049
1415.3064,1.74064,11.92828,-2.55709
1415.3264,1.89387,9.72554,2.80848
1415.3489,1.21150,10.38636,-0.96250
1415.3663,0.88109,9.44063,0.19154
1415.3864,1.52276,9.62498,-0.05986
1415.4288,0.52913,10.84128,1.86035
1415.4290,-0.71349,10.18046,-2.00640
1415.4467,-0.26576,10.31214,-1.73824
1415.4695,-0.58660,11.45900,-0.56744
1415.4890,-0.90743,9.05754,0.82842
1415.5088,-0.24900,11.33210,-1.16841
1415.5303,1.13249,9.91230,-0.87630
1415.5485,-1.61135,9.07670,1.62811
1415.5688,-0.97208,10.73353,0.10056
1415.5895,-0.68476,10.21877,0.65603
1415.6068,-0.92419,10.18764,1.20911
1415.6283,-1.04869,9.16528,1.07742
1415.6530,-1.40783,8.74868,2.77736
1415.6707,0.13408,9.94103,-1.42699
1415.6899,-2.34878,12.76388,0.81645
1415.7191,0.01676,5.12135,-0.98165
1415.7280,6.84284,6.30652,-11.11662
1415.7477,-2.01837,10.20679,-4.91545
1415.7734,-4.58025,9.79258,-3.08383
1415.7913,-0.51237,9.15810,6.92185
1415.8113,-1.65923,8.85403,6.42863
1415.8486,-2.93059,8.91149,2.78215
1415.8490,0.26816,14.28664,-3.79014
1415.8677,-0.77814,2.00161,7.91547
1415.8901,0.63209,13.25231,-7.36718
1415.9078,-3.84999,7.38155,-1.69754
1415.9281,2.30569,12.45981,-6.24666
1415.9517,-1.27615,7.62098,0.74223
1415.9692,2.42540,12.65614,-5.09981
1416.0010,2.18118,7.06551,0.72786
1416.0106,0.96010,11.27703,-3.61057
1416.0294,1.25939,8.03279,0.89306
1416.0477,1.87951,9.20359,0.31365
1416.0699,2.13090,9.29936,-1.75979
1416.0903,0.31365,10.22595,-0.63927
1416.1188,-0.22746,10.97296,1.55388
1416.1364,-0.07183,9.12219,2.42779
1416.1493,-0.11732,10.57551,-2.90904
1416.1675,1.32164,8.58348,1.36474
1416.1914,0.90025,10.93226,-0.77335
1416.2094,1.46769,9.08388,-2.89468
1416.2274,1.47487,8.35362,-0.79011
1416.2767,1.37910,10.07750,-0.13169
1416.2769,2.15724,9.54837,-2.14288
1416.2920,1.73345,8.93783,-1.67599
1416.3096,0.71110,10.36003,3.80211
1416.3289,1.21150,8.85163,-0.12690
1416.3474,2.72947,12.74233,-2.91623
1416.3704,1.43178,7.98012,2.42061
1416.3881,1.29770,8.85163,0.15084
1416.4182,1.92260,10.89634,-0.74462
1416.4323,0.26337,8.29137,1.89387
1416.4497,1.94415,10.92268,-2.14288
1416.4697,2.33202,10.28102,-3.18439
1416.4917,3.62254,7.86040,-0.17478
1416.5096,0.74701,8.32489,-0.32562
1416.5503,0.82602,10.01286,0.54829
1416.5651,1.61614,10.57072,-0.45731
1416.5692,2.50441,11.24351,-1.05109
1416.5895,3.34720,9.82131,-0.19633
1416.6119,4.27378,7.87716,-1.20432
1416.6295,3.02397,8.65051,-2.87074
1416.6505,1.65923,11.47336,4.29772
1416.6814,3.15326,10.95141,1.27615
1416.6980,2.99763,9.08148,2.75820
1416.7104,0.97447,9.65132,5.16684
1416.7329,0.19154,12.94106,1.31685
1416.7520,-0.07183,11.78701,0.07183
1416.7705,1.64008,9.37598,-1.22347
1416.7948,1.41741,10.00567,0.07183
1416.8285,3.29692,12.87880,1.83880
1416.8430,4.69278,12.06475,-1.86993
1416.8530,2.91623,10.87240,1.29530
1416.8712,3.02157,12.68487,0.84757
1416.8904,3.63211,11.84448,2.12851
1416.9144,3.56986,13.75750,-1.78134
1416.9304,-1.00560,9.40950,2.30569
1416.9590,0.86433,12.17010,-0.79729
1416.9730,1.96570,7.82210,0.38069
1416.9932,1.24742,9.18204,-0.93616
1417.0107,2.71511,9.71118,0.22506
1417.0347,3.22030,8.90670,-1.65684
1417.0499,0.94334,7.26902,-0.83800
1417.0707,2.06386,6.01681,1.39347
1417.0939,2.77736,6.82847,-1.35995
1417.1113,0.03831,9.52682,-0.16520
1417.1328,1.78134,4.97530,0.19633
1417.1523,3.32325,7.82210,-2.83003
1417.1704,1.94415,6.71834,1.24023
1417.1912,2.79412,8.26504,-0.34238
1417.2129,3.73028,8.85403,-0.60336
1417.2306,1.75261,9.48133,1.16601
1417.2600,2.13330,9.64653,0.11014
1417.2725,3.88112,7.91787,1.54191
1417.2906,2.60018,8.86600,0.72547
1417.3102,1.06306,11.07831,-0.50519
1417.3333,2.24822,9.45978,2.03753
1417.3506,3.22748,8.70319,0.34478
1417.3708,1.44135,10.59945,-0.35196
1417.3988,0.67519,10.87958,1.83401
1417.4144,3.00242,11.99771,0.40703
1417.4302,3.20833,10.66410,0.95053
1417.4526,2.27696,11.69364,2.32724
1417.4705,2.77257,12.36164,1.11813
1417.4917,2.81088,12.05757,-1.17798
1417.5142,1.81965,10.52763,1.76937
1417.5463,1.49882,11.70322,1.00799
1417.5505,0.67519,13.74074,-0.00958
1417.5730,1.98007,11.62420,-0.40703
1417.5923,2.10936,10.68565,1.37671
1417.6107,1.32643,12.55079,0.88109
1417.6329,2.71990,9.84047,-1.64966
1417.6506,2.40625,10.81973,-0.47167
1417.6718,1.53234,9.42865,1.74543
1417.6920,0.82842,9.89314,-0.37590
1417.7098,1.72388,10.63297,-2.04950
1417.7301,1.43656,9.96976,1.12531
1417.7528,1.68318,9.52682,0.06943
1417.7705,2.19076,8.86839,-0.49322
1417.7902,1.76219,9.16289,-0.26098
1417.8135,1.56586,8.67685,0.01676
1417.8303,1.36234,9.62259,0.23224
1417.8500,1.73345,7.66407,-0.79729
1417.8726,1.04630,8.13335,1.40783
1417.8901,2.56906,7.94899,-0.68955
1417.9116,3.18917,8.25307,-0.53392
1417.9343,2.54272,8.85642,-1.10855
1417.9532,1.66642,8.43264,2.45653
1417.9702,0.74223,9.16528,0.96489
1417.9928,1.46530,7.76224,0.42379
1418.0096,1.85556,8.56672,0.25619
1418.0333,1.46530,8.26982,2.31287
1418.0538,2.14766,8.66249,1.18995
1418.0709,1.11094,9.93385,-1.08461
1418.0974,0.16042,8.16448,1.45332
1418.1118,1.13728,9.07430,-0.94334
1418.1299,2.04950,9.31373,-0.56984
1418.1494,1.73824,10.03441,-0.28492
1418.1722,1.97288,9.03360,-0.39745
1418.1899,2.07344,9.06951,-0.41421
1418.2098,1.96809,9.31852,-0.61533
1418.2323,2.77736,9.64174,-0.64885
1418.2498,1.28573,10.38636,0.84039
1418.2695,0.21788,10.55875,-0.07183
1418.2920,0.40703,10.13975,1.52036
1418.3098,0.29450,10.40791,0.58899
1418.3295,0.56744,10.73353,-0.01676
1418.3521,0.11253,10.53720,1.80768
1418.3695,-0.79250,10.61861,1.54431
1418.3895,0.16520,10.32172,-0.02155
1418.4117,-0.28492,10.32890,0.02873
1418.4302,-0.62251,10.15172,1.60416
1418.4495,0.20351,10.43904,-0.44294
1418.4713,0.03113,10.53720,0.51237
1418.4890,0.34238,9.77822,0.91701
1418.5133,1.06306,9.83568,0.70152
1418.5310,0.55308,10.03919,-0.73744
1418.5497,-0.32802,9.93624,0.40703
1418.5695,0.14605,8.94501,1.20193
1418.5919,-0.00958,10.72635,0.20591
1418.6097,-0.82842,9.18923,-0.27534
1418.6295,-0.20830,9.42387,1.36953
1418.6581,0.09817,9.43105,-0.93377
1418.6707,0.05746,10.00328,1.16601
1418.6908,0.60815,8.98811,1.77895
1418.7137,0.78053,9.29936,-1.96570
1418.7334,0.44294,9.49809,-0.86912
1418.7534,-0.36154,10.54199,1.82923
1418.7747,-0.43576,10.44862,0.56026
1418.8019,0.69195,10.10623,-0.46449
1418.8105,-0.02155,8.56432,0.75180
1418.8331,0.86673,9.69202,-0.10774
1418.8522,1.23305,8.65051,-0.28252
1418.8705,0.52674,9.85962,-0.44055
1418.8939,0.31604,9.37598,-1.17559
1418.9110,0.97926,8.79896,-0.11253
1418.9344,-0.33999,10.61382,0.42618
1418.9530,-0.95053,9.71597,1.94415
1418.9706,0.73265,10.18764,0.41421
1418.9908,1.46769,9.97934,-1.40305
1419.0126,0.20351,10.31932,0.27295
1419.0303,1.00799,10.86282,-0.24422
1419.0508,0.97686,9.98891,-0.23224
1419.0776,0.29210,9.67048,0.83321
1419.0905,0.62012,8.69601,-0.09098
1419.1104,0.60096,10.41270,-1.61135
1419.1328,-0.72547,9.46696,1.12531
1419.1504,0.52913,9.69921,0.41900
1419.1710,1.06545,9.92188,-0.16520
1419.1943,0.84757,9.57231,0.94334
1419.2156,1.22587,9.51245,1.49403
1419.2312,-0.29450,10.03441,0.07901
1419.2535,-0.18436,10.73114,0.46449
1419.2711,0.00958,9.10064,1.53473
1419.2921,0.13408,9.47893,-0.63448
1419.3145,-0.27774,10.15172,-0.36632
1419.3319,1.66402,8.60023,0.35675
1419.3518,1.71909,9.47893,-1.63290
1419.3734,0.60575,10.54918,-0.26098
1419.3906,0.30647,8.95698,0.75659
1419.4106,0.16999,9.89314,-0.03591
1419.4346,-0.24661,10.37679,0.22506
1419.4524,-0.67279,9.62498,1.31685
1419.4731,0.39745,9.68963,-0.49322
1419.5051,-0.45970,10.47016,-0.14605
1419.5117,-0.12450,9.08627,0.25140
1419.5317,0.21309,9.85484,-0.03113
1419.5540,-0.49083,9.74709,0.76377
1419.5718,-0.06704,10.26665,1.73106
1419.5918,0.23943,10.81733,-0.22267
1419.6140,-0.13647,9.83808,0.19633
1419.6554,-0.84278,9.70160,1.33840
1419.6555,-0.67279,10.26186,-0.17478
1419.6749,-0.30886,10.62819,-0.25619
1419.6938,0.30886,9.77343,0.17478
1419.7135,0.47407,9.53161,-0.92898
1419.7335,0.52674,9.23472,-0.36872
1419.7526,0.31844,8.91389,0.83560
1419.7816,-0.06943,10.33369,-0.49083
1419.7936,-0.15563,10.82452,-0.66082
1419.8108,-0.76617,8.80614,-0.57941
1419.8311,-0.08619,11.99053,-1.45332
1419.8533,-0.05028,10.91550,-0.60336
1419.8711,2.22189,9.68005,0.64885
1419.8906,0.30168,10.59227,0.48843
1419.9135,0.03113,7.93223,0.47646
1419.9304,-1.07503,10.37200,0.96489
1419.9510,0.50759,10.87240,0.65843
1419.9740,0.74462,9.19402,0.68476
1419.9934,-1.34558,9.27303,1.21390
1420.0132,-1.05348,11.28422,0.55308
1420.0338,-0.57702,9.68963,2.07584
1420.0558,-0.78532,9.53879,1.96091
1420.0714,-0.29210,10.41510,0.82602
1420.0939,0.54111,10.13018,-1.42459
1420.1116,-0.01915,9.37598,1.59938
1420.1316,0.00479,9.63456,0.78532
1420.1537,0.12929,10.70959,0.59139
1420.1749,1.14446,8.46616,0.57702
1420.1941,0.88588,8.41348,-0.33041
1420.2145,-1.26657,9.73033,-1.12052
1420.2321,-0.30168,8.81811,1.38868
1420.2518,-0.00479,9.70878,-0.72786
1420.2743,-0.16281,10.17327,-0.67519
1420.2913,1.11573,8.90431,-0.35914
1420.3114,1.14207,8.15251,-0.33999
1420.3354,0.29450,10.70959,-0.15084
1420.3513,0.15084,10.16370,1.29530
1420.3730,0.61772,9.96018,-0.46210
1420.3934,0.29210,9.85723,1.21869
1420.4113,0.28492,9.30176,1.54910
1420.4313,0.86912,8.94501,-1.44375
1420.4535,0.14605,10.95620,-1.26178
1420.4713,-0.11971,9.90272,1.86993
1420.4910,0.86673,8.28898,-1.47487
1420.5137,0.10535,10.52763,-0.49083
1420.5314,0.07662,10.66649,0.07183
1420.5514,0.54589,9.80455,-0.25379
1420.5736,0.07901,10.11102,0.89306
1420.5950,0.46210,9.74709,0.72786
1420.6251,0.50998,8.60981,-0.91701
1420.6351,-0.83321,10.31214,1.13967
1420.6525,-0.11493,10.11342,1.32643
1420.6725,-0.51716,8.37039,0.59617
1420.6949,-0.35196,9.23951,-0.47885
1420.7140,0.69434,9.87878,-0.67997
1420.7589,-0.10056,8.78938,0.00718
1420.7590,0.05986,10.53960,0.04549
1420.7758,1.10615,8.73910,-2.34878
1420.7924,-0.03591,10.76227,0.29450
1420.8146,0.30886,9.76385,2.62413
1420.8324,-0.28731,9.71118,0.48125
1420.8525,-1.32164,10.87240,1.51079
1420.8800,-1.47966,10.04638,0.01437
1420.8936,-0.79250,11.09507,1.25699
1420.9135,-1.04390,9.74949,3.87154
1420.9355,-0.19154,10.44622,0.78293
1420.9550,-0.83560,9.60583,0.08859
1420.9747,-0.65603,10.00567,-0.82602
1420.9969,-0.61293,10.55157,-0.76377
1421.0314,-0.20591,8.76065,0.85476
1421.0334,-0.50040,8.69601,0.09098
1421.0560,-0.16999,10.86522,-0.28492
1421.0732,0.94334,8.17405,-1.12770
1421.0946,0.34717,10.89156,0.06465
1421.1171,-0.49561,11.04240,1.01278
1421.1345,0.90025,10.90353,1.61135
1421.1549,1.46051,10.41031,-0.73744
1421.1754,0.24661,10.71199,0.58181
1421.1936,-0.20351,10.01525,1.12052
1421.2136,0.24182,9.85484,0.39266
1421.2369,-0.61772,10.91311,0.53392
1421.2549,0.35914,9.56034,1.13489
1421.2745,1.34558,9.32809,-1.20911
1421.3079,0.16520,9.46936,-0.12929
1421.3132,0.47885,9.01684,0.05028
1421.3361,0.20112,9.48133,-0.40224
1421.3555,-0.17718,9.35204,0.48125
1421.3752,0.13169,8.97374,-0.67040
1421.3947,0.11253,9.18204,0.04549
1421.4175,-1.05109,9.87878,0.61054
1421.4373,0.64406,8.85403,-1.64008
1421.4556,0.99841,9.40950,0.10056
1421.4755,-0.04310,9.50288,0.46449
1421.4949,1.05588,8.77502,-2.09020
1421.5145,0.83081,8.87079,0.97686
1421.5370,0.75420,10.39594,-1.98007
1421.5548,0.54111,8.66249,0.28252
1421.5864,-0.27055,10.31454,2.05429
1421.5957,-0.15563,10.61143,0.10774
1421.6133,-0.03113,9.48372,0.82602
1421.6333,-0.46449,9.82371,0.91222
1421.6556,-0.43097,10.68086,-0.64167
1421.6732,0.38787,9.16289,0.92658
1421.6960,0.18675,9.39513,0.21548
1421.7278,0.47407,10.87001,-0.68716
1421.7334,0.53392,8.91389,1.67120
1421.7529,-0.62491,10.12778,-0.87152
1421.7778,-0.45491,12.01687,0.99123
1421.7936,0.10056,9.81174,1.05827
1421.8136,0.43336,8.60742,-1.14925
1421.8563,-0.01197,11.88997,2.14766
1421.8566,1.51558,8.98092,1.82683
1421.8733,-0.41660,10.96099,-1.98246
1421.8954,0.87152,10.60424,-0.76617
1421.9132,0.39027,9.13176,-1.70951
1421.9346,0.65364,9.03120,1.00560
1421.9570,1.41262,8.88755,0.43336
1421.9779,-0.28731,10.07271,0.56744
1422.0103,-0.57941,9.84047,1.43417
1422.0168,1.01757,9.97934,-1.95133
1422.0342,1.13249,8.06631,0.16999
1422.0546,1.65684,9.21796,-2.05668
1422.0770,1.82444,10.07271,-0.18196
1422.0942,-0.83560,11.60505,2.23146
1422.1144,-1.35516,11.07831,1.41262
1422.1436,-0.33520,10.69044,0.66561
1422.1542,-1.21869,10.85804,1.06066
1422.1742,1.08700,8.85882,-0.37830
1422.1964,0.49083,9.59865,2.34639
1422.2153,-0.53871,11.66970,0.45491
1422.2354,0.55787,9.17486,0.23703
1422.2579,0.20830,8.12856,1.49882
1422.2753,-0.34238,10.85085,-2.02077
1422.2941,0.09817,9.36880,-0.05028
1422.3162,-0.76856,9.62738,-0.16999
1422.3340,0.69195,8.65530,-0.42139
1422.3562,0.00479,9.16528,1.35755
1422.3788,0.34717,9.19880,-0.36632
1422.4114,1.13489,9.93385,0.32802
1422.4283,1.20432,8.81093,0.00000
1422.4368,0.89306,9.68245,-0.32323
1422.4541,1.81486,9.85005,1.24023
1422.4741,0.49083,10.55157,1.95133
1422.4973,0.15323,9.70639,2.12372
1422.5137,0.66561,10.45580,-0.20351
1422.5337,0.07662,9.50527,-0.74223
1422.5565,-0.41900,9.57471,1.37910
1422.5740,-0.47167,11.00169,0.77814
1422.5953,-0.11493,9.42865,2.39188
1422.6161,-0.20830,9.94342,-0.09817
1422.6338,0.70631,9.39513,-1.34798
1422.6547,0.37111,9.56273,-1.02475
1422.6758,-0.33759,10.08469,-0.02634
1422.6968,0.30168,9.82610,-0.11014
1422.7135,0.46449,9.25866,1.05827
1422.7357,0.72068,10.50129,-0.70392
1422.7526,0.53632,9.81174,0.32802
1422.7728,0.81166,10.27383,-0.06465
1422.7952,1.13967,9.18204,1.23305
1422.8125,1.03672,10.40312,2.71271
1422.8330,1.17559,8.78459,-0.38548
1422.8560,1.22108,9.01444,-0.57941
1422.8738,0.03113,10.65692,-1.63050
1422.8938,-0.13408,8.57390,0.87870
1422.9161,0.34238,10.30496,0.18915
1422.9354,0.69434,9.04796,0.45731
1422.9553,0.15323,9.67766,-0.67279
1422.9806,0.62012,9.56752,-0.49322
1422.9943,0.42858,8.60981,-1.39347
1423.0137,-0.35914,10.97775,0.00000
1423.0366,-0.33999,10.25947,1.51558
1423.0537,0.63688,9.77343,-0.31126
1423.0748,1.04151,10.99690,-1.39586
1423.0973,0.41660,10.17567,0.81884
1423.1163,0.44294,9.52682,0.66321
1423.1343,0.52913,10.34566,0.12211
1423.1564,0.02155,10.19722,-1.18517
1423.1750,0.64885,10.16370,-1.02714
1423.1954,0.19394,10.18046,1.09897
1423.2186,-0.16042,9.35922,0.86433
1423.2354,0.62491,10.20440,-0.56265
1423.2557,-0.26337,11.21957,0.52913
1423.2776,-0.64406,11.48534,-0.54350
1423.2953,0.28252,8.50446,-0.56984
1423.3152,-0.11493,9.30655,1.02475
1423.3376,-0.50040,10.51565,0.65843
1423.3555,-0.13408,9.59625,-0.23703
1423.3754,-0.12450,10.45819,-2.43258
1423.3979,-0.95053,11.48294,2.14048
1423.4156,0.58420,10.08469,-0.92658
1423.4354,-0.34238,9.17486,-1.95133
1423.4578,0.09817,10.08469,-1.93457
1423.4760,0.13408,9.86920,2.42301
1423.4960,-1.00560,11.08549,1.34798
1423.5380,0.76377,8.15490,1.17080
1423.5389,-1.02714,8.87318,0.96010
1423.5570,-0.40703,10.59945,-2.13809
1423.5776,0.99841,8.90431,-0.78053
1423.5972,3.11016,8.39672,-1.95373
1423.6146,-1.01278,11.01127,-2.21470
1423.6379,0.66561,11.10225,-0.92180
1423.6565,1.59698,9.25866,-0.22027
1423.6912,-1.08700,10.17567,1.25699
1423.6995,-0.37351,10.08947,1.08461
1423.7156,-0.37830,10.95141,0.25140
1423.7356,-1.39826,10.05835,2.00880
1423.7579,-0.51956,10.86043,0.67040
1423.7754,0.93377,8.16927,-1.87232
1423.7955,1.36713,9.01205,-3.38790
1423.8275,-0.32083,10.03201,0.92658
1423.8354,0.24182,8.69361,0.12690
1423.8557,0.53392,9.63456,-1.21390
1423.8777,-0.42858,10.32411,0.16520
1423.8955,0.26098,8.80614,-1.12052
1423.9169,0.28731,10.96338,0.67279
1423.9393,0.24661,11.00888,-0.81405
1423.9575,0.94813,9.99370,0.72547
1423.9756,1.14207,9.45739,-0.72547
1423.9996,1.29291,10.32172,-0.54111
1424.0155,-0.11014,10.51805,0.55068
1424.0356,0.04789,9.39274,-0.19394
1424.0594,1.20193,9.08388,0.21548
1424.1093,0.34478,10.51565,1.12052
1424.1093,0.10535,10.42467,1.31685
1424.1260,0.38069,9.04318,-0.84039
1424.1355,-0.35914,11.29858,0.68237
1424.1554,-0.48125,9.88117,2.17640
1424.1776,-0.89546,10.35763,1.16362
1424.1956,-0.12929,10.17806,1.54670
1424.2157,0.05028,9.81413,-0.07901
1424.2388,-0.99123,9.81413,1.32403
1424.2560,0.23224,9.81653,-0.12450
1424.2755,0.17478,8.67206,0.87152
1424.2980,-0.31365,10.58270,-0.34717
1424.3158,0.21548,9.30655,-0.26098
1424.3365,-0.01437,11.28422,0.28252
1424.3577,0.26098,9.43344,-0.23464
1424.3844,0.52913,9.40471,0.79729
1424.3951,0.32323,10.11581,-1.18756
1424.4186,0.26098,11.03282,0.78053
1424.4351,0.30886,10.20679,-0.17239
1424.4574,0.54111,10.17567,0.28013
1424.4775,0.23464,9.49091,0.29450
1424.5039,0.75420,10.05356,-0.93137
1424.5161,-0.05986,10.07990,0.70871
1424.5385,0.53153,10.28820,0.07662
1424.5560,0.75899,9.22035,1.61374
1424.5760,1.67599,10.63297,-0.71589
1424.5979,1.01757,10.05595,-0.99123
1424.6156,0.74701,10.80536,-0.72547
1424.6354,1.27136,8.94022,-0.49322
1424.6583,1.63050,9.18923,0.17718
1424.6754,0.56505,9.41189,-1.03433
1424.6969,0.97208,9.64893,-0.95532
1424.7188,1.21150,8.51644,0.02155
1424.7366,0.52435,10.78381,1.21869
1424.7567,-0.12211,10.39834,-0.01676
1424.7792,0.18915,9.89314,0.79969
1424.7977,-0.05028,11.42548,-1.36713
1424.8165,-0.02155,10.33848,1.14207
1424.8390,0.05507,9.44063,0.33520
1424.8572,0.47407,10.90113,1.71191
1424.8784,0.48125,8.12617,1.39107
1424.8993,-0.98644,13.93468,-1.66163
1424.9172,1.25699,6.62496,1.29770
1424.9385,0.02634,9.00008,-1.51079
1424.9590,-0.94574,10.44862,2.09738
1424.9768,1.14925,7.89153,-0.04070
1424.9989,0.35196,10.75508,-1.12052
1425.0198,0.46210,10.63776,0.54350
1425.0378,0.65124,9.85484,-0.18196
1425.0580,-1.16362,11.13338,0.92180
1425.0894,-0.55547,11.24830,-0.22027
1425.0970,-1.18277,9.86920,1.59219
1425.1174,-1.13489,9.75906,-0.32562
1425.1395,-0.55547,8.31532,2.11414
1425.1575,-0.52435,9.68484,-1.47487
1425.1775,-0.67997,9.16050,1.03193
1425.2015,-0.91701,9.02881,0.88828
1425.2175,0.25140,9.50288,1.29530
1425.2394,0.03591,9.57710,-1.84838
1425.2595,0.26576,9.23472,0.77096
1425.2772,1.02954,11.80617,-1.15643
1425.2971,1.82683,9.81174,1.45572
1425.3212,2.15964,8.98332,-2.28174
1425.3391,2.23386,8.14532,0.11014
1425.3700,-0.16999,11.20281,-0.03113
1425.3796,1.29770,8.85403,0.56984
1425.3975,1.64726,10.41749,-0.18436
1425.4185,1.24263,9.57710,-2.18118
1425.4404,1.10855,9.09585,-1.77416
1425.4574,1.14446,8.07828,0.08380
1425.4799,1.59938,9.92188,0.76856
1425.4998,0.38787,8.81333,-0.29210
1425.5173,1.01517,9.60822,-1.80528
1425.5372,1.20432,9.08867,-2.06386
1425.5596,0.60096,10.00089,-1.75500
1425.5769,0.97447,8.98571,-0.59378
1425.5985,1.13967,9.25148,-0.57941
1425.6211,0.53871,8.84445,-1.22826
1425.6393,0.21788,9.39753,0.08859
1425.6595,-0.51716,10.49411,3.14368
1425.6801,-1.02475,9.19162,0.39027
1425.6974,0.21309,10.55875,1.07982
1425.7175,0.45252,9.20599,2.22907
1425.7410,-0.73744,11.44463,-2.76539
1425.7574,1.11334,8.66488,-0.20591
1425.7936,0.78532,9.62259,-0.58420
1425.8003,0.55068,9.13416,-0.12929
1425.8176,0.16042,10.40073,-0.57702
1425.8375,-0.30886,10.76227,0.01915
1425.8596,0.61533,9.64653,2.02556
1425.8771,-0.08141,10.01286,1.39586
1425.8976,1.10137,9.76385,-1.90105
1425.9219,1.02236,10.54678,-0.97208
1425.9374,1.09418,9.31612,-0.25619
1425.9574,0.92898,11.50928,0.54111
1425.9799,0.86912,9.23472,1.47727
1425.9976,0.50519,10.71438,-0.27295
1426.0177,1.13967,8.83966,0.71828
1426.0404,1.41980,9.55795,-0.34238
1426.0719,0.62012,8.96177,-1.44375
1426.0770,0.73265,8.54996,-0.20351
1426.1016,0.41900,10.91311,1.03672
1426.1171,0.54350,10.47735,1.50360
1426.1373,1.54910,8.89234,-1.82204
1426.1595,1.02236,8.91628,-3.17481
1426.1793,0.65603,9.15092,0.84518
1426.2156,1.17798,8.94501,1.03672
1426.2202,0.60336,10.53481,-2.74144
1426.2369,1.60416,8.31532,1.95133
1426.2568,-1.11813,10.67368,-0.04310
1426.2798,-0.32323,10.96338,-0.75659
1426.2983,-0.39506,8.56432,-0.59378
1426.3182,0.25379,11.00648,-1.43417
1426.3448,-0.34478,9.87160,1.82923
1426.3589,0.44294,10.41988,-0.68237
1426.3770,0.04549,10.41749,-1.18995
1426.3993,0.32562,10.99930,0.98165
1426.4176,1.20911,9.71357,1.87711
1426.4370,1.82204,11.58590,-1.01038
1426.4595,1.13249,9.53161,0.59139
1426.4835,-0.70152,10.54199,-0.53632
1426.4968,0.61772,8.85403,-2.55948
1426.5194,0.56265,11.37520,-1.01278
1426.5369,-0.31604,9.35683,0.36872
1426.5576,0.24422,8.42066,0.47407
1426.5802,-0.34956,9.49091,0.35435
1426.6013,2.06147,9.37359,-0.31365
1426.6252,-0.92658,9.82371,-0.67040
1426.6405,-0.14126,10.34566,-0.06225
1426.6578,0.10056,8.56432,0.04310
1426.6781,0.16281,9.66808,0.31365
1426.7008,-0.20830,10.46537,-0.74223
1426.7180,0.27295,9.23711,1.57783
1426.7383,0.59378,8.80135,-0.00718
1426.7721,1.67120,8.90191,-1.32882
1426.7789,1.43656,10.04398,-0.01437
1426.7982,0.44294,9.75667,0.46449
1426.8207,0.38787,9.27303,-0.71589
1426.8396,1.64726,8.72474,0.19872
1426.8589,-0.18675,9.41908,0.21309
1426.9004,0.59857,9.92188,-0.74223
1426.9005,-0.31365,9.07430,0.18675
1426.9192,0.44534,9.42387,0.21070
1426.9402,0.71828,8.96895,-1.29530
1426.9580,0.67758,9.70160,-0.92658
1426.9803,-0.19633,9.50527,0.27774
1427.0027,0.13169,9.66569,0.14845
1427.0206,-0.35675,10.21158,0.23943
1427.0404,-0.79729,9.30176,1.20432
1427.0614,-1.00320,10.84128,0.97926
1427.0786,0.61533,8.77023,0.50519
1427.0995,-0.38069,9.24908,-1.44614
1427.1213,-0.67519,10.39115,0.03352
1427.1389,-0.45970,9.51006,1.17080
1427.1602,0.18915,9.85962,-0.19872
1427.1882,0.34956,9.08627,-0.00958
1427.1987,0.44773,9.00247,0.11014
1427.2198,0.51477,10.36242,0.48843
1427.2422,0.79250,10.45340,-0.56026
1427.2601,0.43097,8.95938,-1.14925
1427.2802,-0.76856,10.74311,0.28013
1427.3042,-1.50839,10.06793,0.27055
1427.3219,-0.37111,10.92986,1.17559
1427.3423,-0.31365,9.99849,0.58420
1427.3624,0.14126,10.32890,1.18756
1427.3801,-0.81645,11.67927,1.92260
1427.4003,1.01038,9.33049,0.19154
1427.4224,-0.14366,9.18683,-1.01278
1427.4415,-0.42379,10.45340,-1.01517
1427.4673,-1.33601,9.13655,2.09499
1427.4863,-0.97447,9.55555,1.22587
1427.5002,-0.47646,8.10941,1.23305
1427.5206,0.86912,8.75107,0.33280
1427.5428,-1.12770,10.97296,0.69434
1427.5605,-0.67997,10.00328,-0.41182
1427.5991,1.24023,7.26902,-1.52276
1427.6152,0.17478,8.18603,0.36393
1427.6216,0.16999,7.90829,0.48125
1427.6416,-0.16281,10.46059,-0.25140
1427.6644,-0.13408,9.51006,-0.22506
1427.6820,0.68716,11.25309,1.05827
1427.7029,1.46769,8.59784,1.58022
1427.7252,0.23943,9.89793,0.52195
1427.7570,-0.39745,9.80455,1.00081
1427.7616,0.31365,10.88677,0.14126
1427.7839,-0.06225,9.62259,2.00401
1427.8016,-1.01757,8.98092,-0.80448
1427.8220,0.09577,10.20679,0.06704
1427.8444,-0.74462,9.18204,0.86194
1427.8799,0.49083,9.58428,1.40544
1427.8956,0.23224,10.37439,-0.14845
1427.9041,0.49801,10.09905,-1.37192
1427.9215,-0.10535,9.41908,0.87152
1427.9414,1.04630,11.14056,0.20830
1427.9640,0.17957,8.69361,0.02394
1427.9818,-0.37351,10.96338,0.23224
1428.0051,-0.54829,10.07990,1.82204
1428.0377,0.17478,10.58509,0.47885
1428.0426,-1.32164,10.43664,-0.10774
1428.0634,-0.28971,11.37759,0.54829
1428.0846,0.11732,9.49569,2.38470
1428.1039,0.40703,9.92666,-0.18196
1428.1238,0.22746,9.02642,0.36632
1428.1549,-0.61533,11.77265,-0.11014
1428.1693,0.46449,8.98332,0.17478
1428.1816,-0.04070,9.34725,-1.32403
1428.2043,0.42618,8.80135,-0.19872
1428.2219,-0.09098,9.98173,-0.15323
1428.2457,0.75659,8.95938,0.70152
1428.2656,0.19872,8.60502,-0.42379
1428.2849,0.34238,9.19162,-0.63927
1428.3049,0.11253,9.35443,0.59617
1428.3257,-0.51956,9.22993,-0.09338
1428.3418,-0.70631,11.22915,0.03831
1428.3616,0.67519,8.71756,2.28893
1428.3838,0.35435,9.53161,1.13967
1428.4017,0.40942,9.87399,-0.84997
1428.4216,0.24900,9.73033,0.71110
1428.4541,0.62730,9.60822,1.18756
1428.4617,0.76138,10.83649,-0.31126
1428.4814,1.44854,9.80934,-0.05267
1428.5039,-0.32083,10.19722,1.45811
1428.5228,-0.10535,10.63776,1.64487
1428.5432,-0.16520,10.01765,1.43896
1428.5668,-0.22746,11.36083,1.42220
1428.5933,0.17478,8.04955,1.21869
1428.6079,0.26337,10.02483,-1.59219
1428.6237,-0.00958,11.02085,-1.08700
1428.6409,0.00239,10.98254,0.63688
1428.6614,0.87391,8.95219,2.11654
1428.6836,0.77096,9.26345,0.41900
1428.7013,0.75180,7.95378,0.90264
1428.7216,-0.14126,11.02564,1.50360
1428.7439,-0.56505,11.61702,-0.80687
1428.7611,0.01915,9.39753,-2.86116
1428.7817,0.65124,7.03438,-1.12052
1428.8043,-0.30407,10.70959,-0.11493
1428.8219,1.00799,8.98571,0.75420
1428.8433,2.51399,9.98173,-0.86673
1428.8766,1.71191,6.06949,-0.33520
1428.8818,-1.67120,11.15971,-2.24104
1428.9015,-1.02236,9.40950,-1.78613
1428.9254,0.36872,10.41270,1.47487
1428.9415,-0.04310,7.89392,2.98327
1428.9633,-1.72627,8.84685,0.37351
1429.0018,-0.97447,10.87240,-1.40065
1429.0187,-0.62251,9.69442,2.03513
1429.0211,0.49561,8.94501,1.18756
1429.0438,-0.28013,10.16848,1.46530
1429.0614,0.87391,10.36960,-0.18196
1429.0815,0.72786,8.00646,-0.45970
1429.1036,2.94017,10.24750,-2.63849
1429.1229,1.12531,7.99688,-0.47167
1429.1561,0.98644,9.22754,0.40703
1429.1638,0.17957,9.97694,0.54829
1429.1813,0.56984,9.96976,-0.50759
1429.2015,-0.97686,11.67209,-0.45252
1429.2251,-1.00320,11.33450,2.71511
1429.2427,-0.34478,8.25067,0.17718
1429.2650,-0.11253,10.47256,-0.62491
1429.2971,-1.16841,9.93624,0.77575
1429.3016,-0.27534,11.99292,1.31925
1429.3214,0.91701,11.58111,-1.85317
1429.3434,0.38548,7.60182,0.57223
1429.3613,0.67758,9.13655,0.72786
1429.3815,0.93616,8.94262,-0.24661
1429.4052,0.16042,8.69840,-0.54829
1429.4252,2.91144,9.16050,1.06785
1429.4421,0.52435,10.47016,0.65603
1429.4635,1.19953,10.03680,0.22746
1429.4830,-0.03591,9.62738,0.15084
1429.5015,-0.03591,9.89075,2.16682
1429.5234,0.86194,9.81174,2.28174
1429.5414,0.42618,7.70956,1.39107
1429.5691,-0.52435,11.39196,-1.27854
1429.5854,1.14446,8.81333,-0.01676
1429.6050,0.64645,8.69361,0.16281
1429.6217,-0.44534,8.90431,2.63131
1429.6456,0.91222,9.58907,1.66163
1429.6613,-1.58022,9.45978,1.58501
1429.6810,-1.21869,10.27623,0.94574
1429.7080,-0.65124,9.07909,1.07024
1429.7206,-1.10615,9.98891,1.83401
1429.7408,-1.05827,10.55396,1.98485
1429.7632,0.03352,10.03680,1.37192
1429.7809,0.04070,9.64893,1.59459
1429.8014,0.73983,9.18923,1.24023
1429.8344,1.03433,8.88037,0.12929
1429.8544,-0.11014,10.64734,1.53234
1429.8610,1.14207,7.19001,-0.98165
1429.8831,1.92021,9.83329,-3.27297
1429.9010,1.36713,8.65051,0.87630
1429.9211,0.84278,11.11422,2.49005
1429.9434,1.22347,9.24669,0.18436
1429.9816,0.71828,10.22355,-0.34717
1429.9955,-0.95053,11.69124,0.16281
1430.0038,-0.51237,10.23313,1.35037
1430.0210,0.25619,9.45260,0.97208
1430.0409,-0.11732,9.45260,2.08062
1430.0634,0.79011,8.56193,-0.71828
1430.0812,0.48843,9.42626,-0.03352
1430.1025,0.35675,8.90910,1.21390
1430.1254,1.15883,8.97853,-0.48364
1430.1409,0.53632,10.30975,-1.67599
1430.1609,-0.13647,9.13895,2.42779
1430.1833,-1.30488,9.97694,1.28094
1430.2013,0.27295,10.74072,0.86673
1430.2214,-2.02795,10.47256,3.17002
1430.2437,-1.50360,9.07670,1.48206
1430.2736,0.43336,10.50129,0.02634
1430.2814,-1.02475,11.22675,3.33762
1430.3031,-1.14925,10.71677,0.33520
1430.3234,1.33122,9.77343,-0.19394
1430.3416,-1.12291,9.96258,1.78613
1430.3639,0.16520,9.91948,1.30727
1430.3811,0.12450,9.57710,1.33601
1430.4032,-0.98165,12.14137,2.25062
1430.4232,-0.06225,9.97934,1.27375
1430.4406,0.01437,10.41510,1.89387
1430.4604,-1.09658,10.64255,3.01918
1430.4825,-0.09098,10.13975,1.70233
1430.5005,-0.30168,9.19641,0.30886
1430.5206,-0.53632,9.75667,1.72867
1430.5430,0.47646,8.96177,0.40703
1430.5605,0.91701,8.26025,-0.17478
1430.5811,-0.15802,10.34327,-0.22267
1430.6031,0.80208,9.23711,-0.00239
1430.6208,1.99443,8.07828,-1.08700
1430.6401,1.22347,9.84526,-0.34717
1430.6631,0.90982,8.67925,0.24661
1430.6808,0.85715,10.56354,1.46290
1430.7003,0.36154,11.63378,0.50998
1430.7231,0.48125,10.63776,1.64726
1430.7405,-1.23305,10.87958,1.30249
1430.7604,-1.01517,10.29778,2.99763
1430.7828,-0.56026,8.46855,2.86595
1430.8000,-0.92180,9.92906,2.83003
1430.8215,-0.74223,8.42545,4.11815
1430.8429,-1.49882,9.31373,1.13489
1430.8604,0.10295,9.47893,0.06465
1430.8805,-0.21788,9.02881,-0.41660
1430.9023,-0.08141,9.77582,2.14048
1430.9202,0.74701,8.41348,-0.66800
1430.9523,2.30808,8.49249,-1.20911
1430.9689,1.74303,11.71279,0.67519
1430.9808,0.79729,8.73192,3.85478
1431.0027,-2.32245,10.63776,0.13169
1431.0228,-1.98007,9.93145,0.37830
1431.0400,0.72786,10.62579,-0.38069
1431.0599,0.66082,5.97372,0.88349
1431.0947,0.09338,7.45338,-1.09658
1431.1089,1.38389,10.70720,-1.10137
1431.1206,0.90025,9.01444,3.90267
1431.1432,-1.85077,11.98574,-0.25140
1431.1608,0.03352,10.68325,2.26259
1431.1805,0.83560,8.50207,-0.32083
1431.2032,-1.29530,10.48213,-1.26418
1431.2205,-0.54111,9.05036,1.29051
1431.2405,-0.74462,10.94662,0.96489
1431.2633,-1.43896,7.71675,3.34241
1431.2799,0.70871,9.85484,-0.67758
1431.2996,1.31446,9.56752,-0.59378
1431.3220,-0.25858,10.75029,0.74941
1431.3395,-0.03591,10.67607,1.08940
1431.3667,-0.37590,11.22675,0.71110
1431.3828,-0.08380,9.83808,1.45572
1431.4004,-0.16999,10.64255,1.41023
1431.4204,-0.05986,11.00169,0.74941
1431.4425,0.69434,10.31932,-0.32562
1431.4604,0.39266,10.26904,0.80448
1431.4802,-1.61614,9.88117,2.10217
1431.5028,-0.05267,10.20919,0.53632
1431.5205,0.49322,9.24908,1.20911
1431.5408,-0.08619,9.39992,-0.20112
1431.5631,0.23943,9.00008,-0.05746
1431.5806,-0.05986,9.14852,-0.32562
1431.6006,0.56026,8.43982,0.75659
1431.6229,0.63209,8.44221,-0.99841
1431.6415,0.84278,9.57949,-0.47646
1431.6689,0.35675,10.01525,-0.14605
1431.6829,1.44135,8.65051,-1.48445
1431.7006,1.29770,8.22912,0.34238
1431.7206,0.50998,9.56034,0.68476
1431.7429,0.52913,9.66329,0.61293
1431.7621,0.32802,11.20760,-0.17718
1431.7845,0.04310,10.09905,0.87870
1431.8174,-0.58420,10.81733,2.20992
1431.8215,0.06704,10.27862,0.53871
1431.8405,0.12929,9.60104,1.30249
1431.8633,-0.30168,8.94740,1.67360
1431.8844,0.10774,8.62657,0.43097
1431.9020,0.21788,10.03201,0.13408
1431.9242,0.82842,7.95857,0.44534
1431.9514,-0.24182,11.23633,1.41980
1431.9646,-0.72547,9.00726,2.89468
1431.9828,-1.01038,9.99370,1.33361
1432.0002,-0.94813,10.16609,2.75102
1432.0205,0.35196,8.92825,-0.12690
1432.0431,0.43815,8.37996,-0.54350
1432.0781,-0.76377,10.31454,-0.23224
1432.0967,0.94334,7.38634,0.42618
1432.1034,1.36953,8.03519,-0.22506
1432.1210,0.49561,10.90832,0.32562
1432.1410,1.15643,8.98571,0.60336
1432.1633,1.41262,8.59784,-1.73345
1432.1813,0.32083,8.88994,-0.40703
1432.2009,0.31844,9.98652,-0.24900
1432.2318,0.90264,9.42865,-0.12929
1432.2404,0.45252,9.87878,1.01757
1432.2627,-0.36154,11.10704,-0.82363
1432.2827,0.64406,10.87240,-1.71430
1432.3020,1.98007,9.77822,1.38629
1432.3242,-1.52755,11.25070,0.93377
1432.3617,0.54829,8.88755,-1.07264
1432.3618,0.26576,11.08310,-1.57543
1432.3823,-0.58899,11.13577,1.54670
1432.4028,1.52755,11.31774,2.88031
1432.4205,-2.20034,11.24830,-1.70472
1432.4408,0.78772,9.62977,0.57223
1432.4628,1.74782,7.60182,-1.27854
1432.4821,-0.47885,10.14215,-1.89627
1432.5131,-0.05507,10.15651,-0.29689
1432.5225,0.31604,9.16050,0.12450
1432.5403,0.21788,9.21078,0.70871
1432.5602,-1.89627,8.56911,0.82842
1432.5830,-1.06306,10.17567,-1.02954
1432.6006,-0.77335,7.86998,3.01439
1432.6208,0.29928,7.68562,0.47646
1432.6539,1.60656,8.37039,0.96968
1432.6603,-1.72388,9.77822,-0.38308
1432.6804,-0.73504,10.69762,1.16362
1432.7043,0.85715,9.08148,1.14925
1432.7205,-1.71909,9.88357,0.40463
1432.7405,-0.68955,11.31774,2.02077
1432.7814,-0.03352,10.54439,0.15323
1432.7975,-0.58660,10.19961,1.16601
1432.8053,-1.11573,11.36323,1.93457
1432.8224,-0.98884,10.11581,1.27854
1432.8402,0.25379,9.63696,-0.14366
1432.8616,-1.53234,9.97455,1.01278
1432.8843,-2.14766,10.46777,-1.42220
1432.9023,-0.22267,11.17169,0.17957
1432.9366,0.07183,11.25309,0.45252
1432.9427,-0.90504,11.02085,3.05988
1432.9606,-0.78532,11.22436,0.95053
1432.9803,-0.81166,9.17965,-0.50759
1433.0066,-0.85715,11.53801,2.22428
1433.0244,-0.93377,9.65132,0.77335
1433.0691,1.14446,8.79178,-0.65843
1433.0691,0.18915,10.72875,0.66321
1433.0841,-0.63209,8.96656,1.39347
1433.1001,-2.43977,10.26186,0.85715
1433.1230,-2.12372,10.96099,0.85236
1433.1401,-0.77814,9.16050,0.11014
1433.1604,-0.85476,9.86441,-0.41660
1433.1826,-0.35196,11.15253,0.52195
1433.2017,1.51318,7.52760,-1.21869
1433.2202,-2.22189,9.36640,1.40544
1433.2424,-1.46051,10.58988,0.95532
1433.2606,1.92739,8.94501,2.22189
1433.2808,-2.37991,10.45340,-0.72547
1433.3037,-0.70392,10.67128,3.58902
1433.3237,1.18277,9.43823,0.23703
1433.3434,-1.10855,9.08627,2.92580
1433.3645,-1.48924,9.73991,2.16682
1433.3818,-0.20830,10.19961,0.74223
1433.4016,-0.62491,10.54678,0.08619
1433.4260,-0.18196,10.70241,1.04630
1433.4427,0.29928,8.58108,1.30488
1433.4629,0.16042,8.64333,-0.91222
1433.4965,-0.75420,10.29778,0.67040
1433.5020,0.03591,9.37598,-0.10056
1433.5211,-0.51716,11.61702,0.22267
1433.5437,0.65603,9.29218,1.15643
1433.5612,0.65124,9.46217,0.32802
1433.5809,0.07662,10.21877,-0.33999
1433.6050,-0.04310,10.10145,0.72068
1433.6222,-0.80208,9.10303,0.35675
1433.6415,-0.53153,11.30337,0.22746
1433.6636,0.16281,8.81093,0.62969
1433.6824,-0.58420,10.57791,0.72547
1433.7050,-0.29450,9.46696,1.00320
1433.7273,-0.11253,9.85962,0.81405
1433.7625,-0.69913,9.37119,-0.24661
1433.7760,-0.21788,10.71677,-0.71828
1433.7855,-0.35914,9.86441,0.04070
1433.8013,0.52435,9.13416,0.86194
1433.8209,-0.20351,9.12698,-0.25379
1433.8434,-0.10295,10.82930,0.66321
1433.8613,0.08380,8.23870,0.68476
1433.8826,0.82842,10.61861,-1.24023
1433.9165,-0.03113,9.09346,0.37590
1433.9210,0.22985,10.12299,0.42858
1433.9413,0.17478,8.36560,0.35196
1433.9633,0.37830,9.59146,0.63688
1433.9833,0.07662,9.57231,0.34238
1434.0012,0.45252,10.10863,-0.28252
1434.0251,-0.18675,9.98413,-0.09338
1434.0420,0.50759,10.52284,1.51318
1434.0627,-0.24182,9.77104,1.84838
1434.0833,-0.08141,9.32570,0.02634
1434.1010,-0.02394,10.13496,1.44135
1434.1212,0.72307,9.31852,0.84039
1434.1434,-1.53234,9.62738,0.15084
1434.1609,2.29611,8.25067,2.05189
1434.1874,-3.12453,9.23232,1.43417
1434.2037,-0.77096,13.32174,-0.53871
1434.2209,7.38873,7.40789,4.92023
1434.2428,-4.61856,12.00250,-9.44541
1434.2653,4.92502,7.92744,-0.05507
1434.2828,-2.46850,10.02483,2.21231
1434.3102,-0.46210,12.95542,3.16044
1434.3250,3.23945,8.28180,-2.75102
1434.3409,-4.39349,12.24672,-3.86915
1434.3605,0.96489,11.71758,2.53554
1434.3831,2.08541,6.16526,1.50600
1434.4022,-1.04869,9.57710,-8.00646
1434.4225,0.51956,8.15011,1.70233
1434.4457,1.65444,9.62738,-0.15563
1434.4652,-1.91063,9.66090,-1.00560
1434.4817,-0.57941,11.60026,1.40783
1434.5049,0.57941,6.29455,4.48448
1434.5215,0.64406,13.29301,-1.44614
1434.5415,-0.83081,6.64890,-5.82048
1434.5635,2.88271,10.07990,7.72633
1434.5824,-0.84518,11.40393,2.80609
1434.6139,3.32325,8.94262,-2.70553
1434.6232,4.87235,8.95698,-3.34720
1434.6412,-0.17718,8.16687,-1.27136
1434.6610,0.71828,8.64094,-0.79490
1434.6849,-0.07901,9.29697,0.44294
1434.7025,0.39266,11.07831,0.73983
1434.7236,0.86194,8.61699,0.86194
1434.7567,0.63209,9.81413,0.58420
1434.7610,0.19154,11.37759,1.32882
1434.7810,0.88588,9.76385,1.33840
1434.8035,0.18436,10.64016,0.84518
1434.8215,-0.33759,10.35045,1.58262
1434.8416,-0.60575,10.67128,0.95771
1434.8658,1.32643,9.96258,1.43417
1434.9006,1.27615,8.93783,-1.14446
1434.9010,-0.74701,11.59308,-0.62491
1434.9236,0.32562,11.50688,2.29372
1434.9410,-0.03113,9.11500,1.27136
1434.9609,0.87630,9.60344,-0.92419
1434.9851,1.06306,8.35841,-1.18038
1435.0026,-0.06465,10.85564,-0.42139
1435.0365,0.07183,10.21637,-0.89067
1435.0432,0.34717,9.26584,0.00479
1435.0613,0.65843,9.10064,-0.98884
1435.0808,0.50040,9.45020,-0.17957
1435.1045,-0.04549,9.58907,-0.91940
1435.1222,0.34956,9.39513,0.23464
1435.1425,0.15563,10.67128,-0.46210
1435.1663,-0.00718,10.52763,1.46769
1435.1824,0.25619,10.34327,0.58660
1435.2035,1.04869,7.61858,0.56505
1435.2255,1.17798,9.34964,-1.26897
1435.2413,0.27534,9.25866,2.23625
1435.2625,0.04549,9.39035,1.49403
1435.2848,0.07901,9.31373,0.15563
1435.3137,0.58181,10.19722,1.50360
1435.3302,-0.12690,8.21955,1.22347
1435.3429,-0.14366,9.52921,1.10855
1435.3605,0.24422,10.15172,-0.39266
1435.3809,1.01757,10.13018,0.76856
1435.4045,0.06943,9.49330,0.28492
1435.4209,1.82204,9.54837,-0.17478
1435.4470,0.90982,11.53801,0.33041
1435.4630,1.15643,10.24989,0.84757
1435.4805,0.66561,10.34566,0.50519
1435.5006,1.07024,10.41988,0.18436
1435.5229,0.36632,9.45739,0.04549
1435.5405,0.90025,9.57949,-0.51956
1435.5642,0.61533,9.02163,0.27534
1435.5940,0.22027,10.24031,1.90824
1435.6005,0.16520,10.45580,0.11253
1435.6206,0.61054,9.84286,0.43576
1435.6432,0.30168,9.87399,1.40783
1435.6620,0.04310,10.05595,1.46769
1435.6821,0.68955,10.15651,0.94095
1435.7067,0.51716,9.18683,0.11971
1435.7266,-0.06225,10.34087,0.17239
1435.7412,0.66561,10.59706,-0.18196
1435.7634,0.10774,10.69283,2.15724
1435.7804,0.14126,9.13895,0.52435
1435.8009,1.24502,8.62897,-0.65124
1435.8230,0.21548,9.85723,-0.92658
1435.8406,0.13887,9.41189,0.16999
1435.8754,0.07662,10.30975,1.82923
1435.8848,0.17239,9.31373,2.59061
1435.9026,0.02394,10.95860,0.10535
1435.9227,0.74941,10.33369,-0.31365
1435.9459,0.27295,10.41988,1.60895
1435.9639,0.06225,9.74949,1.49403
1435.9858,0.01197,11.30337,1.29051
1436.0214,0.51237,9.25387,1.30488
1436.0245,0.33759,9.65132,0.55068
1436.0425,-0.51956,9.67526,1.07982
1436.0649,0.47167,9.80695,-0.44055
1436.0829,0.71349,8.55714,0.73983
1436.1031,0.34717,9.94103,0.50040
1436.1271,0.82842,9.33049,-0.34956
1436.1466,0.12929,9.89314,0.43815
1436.1626,-0.07422,10.70001,1.52755
1436.1866,-0.70392,9.71597,2.81327
1436.2053,0.30886,9.79977,1.21390
1436.2262,0.26337,9.68724,0.08380
1436.2484,0.36872,9.28021,0.01197
1436.2791,1.47248,8.47813,-1.26418
1436.2952,0.24661,10.34327,0.39266
1436.3065,0.96010,10.04159,0.92180
1436.3243,0.34956,9.66329,-0.18436
1436.3448,-0.17957,9.84526,-0.26098
1436.3672,-0.59857,8.64573,0.34956
1436.3865,0.56984,10.22595,1.11094
1436.4303,0.79729,5.36796,-7.70956
1436.4465,0.85476,11.18126,1.72148
1436.4468,3.09580,9.73991,4.02238
1436.4624,-3.44297,8.96656,2.34400
1436.4850,0.06943,11.94025,-4.67841
1436.5042,1.07264,6.89791,3.00003
1436.5233,-0.59617,11.63618,0.25619
1436.5449,-1.42938,10.11342,6.16765
1436.5691,3.75183,8.55474,-3.79732
1436.5823,0.90264,8.48292,-6.01921
1436.6053,-0.01437,12.51009,4.16125
1436.6245,-0.96489,11.48055,4.47969
1436.6449,-3.31128,10.09426,-5.34402
1436.6671,4.36955,7.55394,-2.68877
1436.7014,-2.83003,12.65853,8.20757
1436.7196,-4.38631,10.53241,1.84599
1436.7250,0.50759,9.92906,3.87873
1436.7423,-1.51558,11.80138,2.92102
1436.7620,-1.80528,8.90431,5.45655
1436.7848,0.27295,10.37439,0.54829
1436.8025,-0.68476,9.96018,3.70394
1436.8241,-1.24023,10.35045,4.20435
1436.8583,0.42379,7.96096,2.14527
1436.8623,0.64167,10.79578,0.86194
1436.8824,0.42379,10.31214,1.36953
1436.9063,1.64966,9.81174,-0.86433
1436.9240,1.33361,10.66410,0.63448
1436.9449,0.68476,9.79737,1.44135
1436.9661,0.59617,10.51087,0.46688
1436.9855,0.69195,9.83089,0.82363
1437.0017,0.43576,9.84047,1.23305
1437.0264,0.36872,9.90272,2.26977
1437.0422,0.27055,8.84206,1.78373
1437.0621,0.22985,9.63935,0.15323
1437.0863,0.12690,10.86282,1.31685
1437.1204,-0.45491,11.04240,1.53712
1437.1346,0.78772,9.09346,1.22347
1437.1448,0.69195,9.69681,1.30967
1437.1622,0.33999,10.67847,0.83800
1437.1821,-0.06943,10.25707,1.91542
1437.2059,0.89306,8.69840,-0.58181
1437.2236,0.63688,11.84448,-0.47646
1437.2443,0.87391,7.81012,2.31766
1437.2778,-0.34956,9.60344,1.35037
1437.2822,0.67040,10.44143,-0.26098
1437.3020,0.42379,9.05994,1.27615
1437.3245,-0.59139,10.55636,1.05348
1437.3427,0.13169,8.85403,1.47966
1437.3638,0.97926,10.06074,1.15404
1437.4060,-0.29450,10.50608,3.74943
1437.4231,-0.09098,9.40232,0.63209
1437.4232,0.70152,11.79420,1.81486
1437.4449,0.61772,9.15331,0.14366
1437.4615,1.03433,9.92188,-1.88908
1437.4843,0.95292,10.50368,1.64247
1437.5083,0.96489,10.89634,1.21150
1437.5480,1.57783,9.21078,1.30249
1437.5481,1.39107,9.15331,-0.30886
1437.5649,1.58980,9.78301,-0.46688
1437.5820,1.34319,8.48531,1.38868
1437.6031,1.57064,8.04716,0.45731
1437.6256,1.31206,10.70720,0.27774
1437.6461,0.80448,9.73991,0.34956
1437.6824,0.94095,9.12698,1.23305
1437.7001,0.95053,9.31612,1.38629
1437.7035,1.55867,8.14293,0.84757
1437.7236,1.01757,11.41830,0.96968
1437.7457,0.79729,11.22675,1.66163
1437.7633,0.88588,9.88357,0.96250
1437.7855,1.19714,10.03680,-0.01915
1437.8173,1.70233,10.06553,-0.50280
1437.8239,1.44135,7.98730,0.24661
1437.8442,0.53632,10.22595,0.40463
1437.8672,1.52755,9.73512,-1.71670
1437.8845,1.28333,9.48612,0.32562
1437.9043,1.35277,8.88515,0.28252
1437.9268,0.90743,9.70400,0.80926
1437.9617,1.22587,10.73832,-1.13249
1437.9740,1.42699,9.36161,0.35675
1437.9869,1.25699,10.13257,-1.01517
1438.0048,0.76856,10.48213,-0.18436
1438.0231,1.83162,9.02881,0.39506
1438.0454,0.36872,9.09106,0.48364
1438.0648,1.51079,10.32651,-0.12450
1438.0955,1.33122,9.60583,-0.17478
1438.1082,0.45491,10.14454,0.53632
1438.1234,0.82602,9.11261,0.15323
1438.1445,1.35277,9.55076,0.56265
1438.1697,0.81166,9.73752,0.06704
1438.1870,0.13169,10.32651,1.05348
1438.2051,0.49561,9.91230,1.04390
1438.2280,0.55787,9.75906,0.38308
1438.2445,0.00718,9.88596,2.64089
1438.2659,-0.21548,9.93385,2.33202
1438.2867,0.57223,9.62738,1.13967
1438.3041,0.64406,10.64495,-0.67758
1438.3246,1.02475,8.78220,0.21070
1438.3480,0.56265,9.24908,0.53153
1438.3690,0.83321,9.96018,-1.13010
1438.3883,1.11334,9.55316,-0.08619
1438.4063,0.41660,9.94582,0.77575
1438.4241,0.59378,10.24271,-0.42139
1438.4442,1.53473,8.41109,-1.50360
1438.4663,0.82363,9.78061,-0.09577
1438.4843,0.73025,9.66329,-0.40224
1438.5055,1.13489,9.94821,-0.89306
1438.5278,0.33759,10.04877,-0.57463
1438.5458,2.35357,9.33767,0.01676
1438.5656,1.43656,9.41668,-1.80289
1438.5879,0.70152,10.26904,0.05986
1438.6040,1.23784,8.91149,-0.07901
1438.6266,0.58420,11.32492,0.66321
1438.6478,0.78532,9.55555,1.51079
1438.6746,0.69434,8.91149,-1.69275
1438.6881,0.18915,11.24830,0.14605
1438.7059,1.41502,6.73031,0.92180
1438.7234,0.86912,9.20838,0.38069
1438.7449,1.66402,10.25468,0.96729
1438.7657,1.65684,8.90670,0.45731
1438.7913,1.39586,10.43425,-2.82046
1438.8053,1.65684,8.67446,-0.31365
1438.8278,1.18277,8.97853,0.86194
1438.8441,-0.20112,9.91469,0.02155
1438.8636,1.96331,10.20679,-0.89067
1438.8860,1.67599,8.49968,-0.37830
1438.9054,1.11094,9.91469,0.17718
1438.9338,0.87152,8.05195,1.20193
1438.9541,1.52276,10.02722,-1.52276
1438.9640,1.10376,10.38397,-0.15802
1438.9838,0.58181,10.54199,1.45332
1439.0059,0.74701,9.33288,0.96968
1439.0238,0.84997,9.55555,0.19394
1439.0446,0.48125,10.01286,1.02236
1439.0680,-0.37830,10.25707,1.14686
1439.0854,0.44055,10.86043,-0.21070
1439.1044,2.23146,8.32489,-0.25858
1439.1261,0.34238,9.19641,-0.05507
1439.1454,1.13249,10.35763,-0.14126
1439.1637,0.86194,10.88437,-0.05507
1439.1865,0.06465,9.34246,1.43656
1439.2056,1.18756,10.41988,-0.07183
1439.2252,1.46530,9.10064,-0.62251
1439.2466,1.05348,9.82850,-0.69434
1439.2710,0.50519,10.13257,0.15563
1439.2854,0.49561,10.73353,3.18917
1439.3060,0.53153,9.62738,2.76060
1439.3273,0.58899,10.06074,-0.06225
1439.3616,-0.82124,11.24591,0.39266
1439.3750,-0.61293,9.44541,1.22587
1439.3843,-0.55547,9.33288,0.24422
1439.4037,0.15084,9.47175,3.24664
1439.4258,0.73265,10.23553,1.99443
1439.4474,1.22347,10.48453,0.63688
1439.4673,1.98485,10.31693,0.61293
1439.5045,2.31287,9.85005,0.28013
1439.5050,-0.48843,10.26904,0.19154
1439.5234,0.72547,10.32411,0.47407
1439.5549,0.85236,7.97772,3.79493
1439.5642,0.55308,9.13176,-1.20911
1439.5872,1.06545,9.20120,-1.55867
1439.6072,1.04869,9.70400,-0.28971
1439.6266,1.34798,8.40630,-0.03591
1439.6436,1.05588,9.39035,0.96250
1439.6659,1.18277,9.34007,-0.53632
1439.6853,1.53952,10.38876,0.22746
1439.7054,1.53473,9.87878,-0.39266
1439.7261,0.94095,10.37918,0.36872
1439.7452,1.10615,9.28500,1.19235
1439.7650,-0.11253,11.78701,1.55628
1439.7910,0.33041,11.77026,0.34478
1439.8057,2.05189,7.71675,-2.55469
1439.8236,1.95373,9.67526,-2.24344
1439.8472,1.30967,9.68724,-1.21390
1439.8634,1.69036,11.05916,3.29213
1439.8853,2.10217,9.24669,-0.06943
1439.9255,2.60497,9.53161,-0.60575
1439.9255,1.60416,9.45499,-3.87633
1439.9440,0.75420,7.47493,1.05827
1439.9663,0.63927,9.03599,0.82842
1439.9843,0.98405,9.22754,1.55388
1440.0043,0.87152,10.76227,-1.24742
1440.0262,1.16601,10.15891,0.47407
1440.0436,1.10855,9.42147,1.09897
1440.0764,0.87391,9.49330,0.80926
1440.0859,0.99362,10.52284,-0.79250
1440.1041,1.80528,10.38876,-0.42139
1440.1255,2.44216,9.32809,-0.68716
1440.1464,1.53712,9.52682,0.29210
1440.1652,1.12052,8.99290,-0.03113
1440.1864,0.90982,10.48453,0.38787
1440.2119,1.92739,8.94022,-0.17718
1440.2250,0.69673,8.79896,1.16122
1440.2433,0.38548,9.05036,-0.19154
1440.2655,0.08619,10.42707,1.92260
1440.2849,0.14845,10.01046,-0.20591
1440.3052,-0.08619,10.09905,0.56265
1440.3274,-0.21788,9.32570,-0.69673
1440.3582,0.80926,8.85642,0.27055
1440.3669,0.46449,8.58587,1.58740
1440.3875,0.78053,8.12138,0.09817
1440.4054,0.49083,10.06553,0.00239
1440.4233,1.36234,8.15011,0.27534
1440.4473,0.83081,8.88994,0.49322
1440.4651,0.65843,10.53481,0.07901
1440.4979,0.95053,9.39274,1.04630
1440.5066,0.78532,8.88037,0.58420
1440.5236,0.38787,10.77184,2.32005
1440.5432,0.29450,10.07032,1.85796
1440.5674,0.58899,9.58907,1.64966
1440.5851,0.77335,10.04638,-0.83321
1440.6229,1.17798,8.47334,-1.14925
1440.6354,0.32323,10.49650,-0.75659
1440.6444,0.59857,8.98332,-0.07901
1440.6635,1.48206,8.01364,-0.58660
1440.6857,0.88349,8.65051,-0.31365
1440.7035,0.26576,10.70959,0.26337
1440.7234,0.70152,10.92508,-0.56744
1440.7474,0.79490,10.43425,1.47248
1440.7656,1.40544,10.87480,-0.61293
1440.7849,1.42699,10.30256,1.16601
1440.8055,0.68476,10.29778,0.02873
1440.8258,0.33280,10.81494,-0.44534
1440.8468,0.44773,10.76945,1.06066
1440.8691,-0.15084,10.22595,1.79810
1440.9111,-0.17718,11.22197,0.65364
1440.9113,0.97926,9.56034,-0.24182
1440.9258,0.43815,10.07511,-0.12690
1440.9430,0.73265,9.51485,-1.41502
1440.9667,0.36393,9.96976,0.12211
1440.9854,0.58181,9.44781,-0.60575
1441.0107,0.32562,9.27542,0.23703
1441.0233,-0.04789,9.50288,-0.37351
1441.0472,-0.42379,9.51485,1.06306
1441.0657,0.24422,9.79977,0.70392
1441.0836,-0.31365,9.45260,0.70631
1441.1041,0.00958,11.35605,0.22985
1441.1223,-0.73504,9.06233,1.69994
1441.1458,-0.49561,9.63217,1.51318
1441.1646,0.81884,9.16289,0.28252
1441.1843,-0.32802,9.44063,0.96729
1441.2024,-0.51956,10.03919,-0.94334
1441.2289,-0.32802,9.85005,1.25221
1441.2438,0.24661,8.52601,0.98884
1441.2654,-0.10774,9.79977,0.40224
1441.3054,0.30407,10.73353,0.84518
1441.3055,0.36154,10.70959,0.93856
1441.3246,0.07662,9.92188,1.42699
1441.3507,0.41660,9.81653,0.88109
1441.3641,-0.27055,10.53481,0.06465
1441.3843,0.12929,11.08070,1.27615
1441.4065,1.05827,8.76544,1.51079
1441.4272,0.69195,9.23232,-0.10295
1441.4457,1.35755,9.51485,-0.10295
1441.4670,1.20911,10.89156,0.43097
1441.4922,-0.18915,9.66329,1.04390
1441.5081,0.92419,11.86603,0.15323
1441.5298,-0.11732,9.62498,0.67758
1441.5488,-0.57463,11.17408,0.30647
1441.5804,0.67758,10.37200,-0.25858
1441.5939,-0.15563,10.72875,2.57624
1441.6038,-0.50759,10.84846,-0.20351
1441.6240,-0.03352,11.12859,1.55867
1441.6462,0.25619,9.13655,0.85236
1441.6641,-0.15084,9.85723,2.02556
1441.6835,-0.76138,11.07352,1.55867
1441.7064,-1.21629,8.49489,2.27696
1441.7278,-0.45012,11.37520,0.53392
1441.7428,0.81405,6.53876,-1.22108
1441.7655,0.47167,8.73671,-0.82602
1441.7832,1.06306,8.76065,-1.40783
1441.8029,0.67519,10.20679,-0.25619
1441.8269,0.16999,8.76544,1.70951
1441.8503,0.16042,9.99849,0.57463
1441.8687,0.24661,9.25148,0.14126
1441.8857,0.41421,8.48770,0.73025
1441.9038,0.82842,9.50288,0.18915
1441.9240,-0.13887,9.75667,1.51079
1441.9460,0.61772,11.21718,0.10056
1441.9639,1.09897,9.60344,-0.66561
1442.0111,0.60815,11.51407,0.22746
1442.0112,-0.15323,10.90592,1.82923
1442.0258,-0.50759,11.26985,1.47008
1442.0438,-0.76617,11.48055,2.49483
1442.0660,0.05507,8.12138,1.01757
1442.0841,0.82363,11.40154,-0.05986
1442.1060,0.23943,10.26665,1.15883
1442.1439,0.55068,8.14053,-0.05746
1442.1591,1.92500,10.36482,-2.84679
1442.1639,0.56984,10.01286,-0.81884
1442.1862,-0.19154,10.22116,-0.09098
1442.2074,1.58022,8.26743,0.62730
1442.2273,1.07982,9.18444,-0.16281
1442.2499,-0.03113,9.82850,1.01996
1442.2816,0.23943,8.98571,0.84757
1442.3036,0.91940,9.09824,-1.04630
1442.3093,0.01197,9.62498,1.63768
1442.3239,0.58420,9.02881,1.47966
1442.3456,0.47885,9.48372,-0.11732
1442.3665,1.04151,7.36958,0.18915
1442.3875,0.35914,8.75107,-0.25858
1442.4224,0.10774,10.29299,1.81007
1442.4375,0.09817,9.91469,1.89148
1442.4437,-0.36872,9.33528,2.49962
1442.4635,0.47167,10.67607,1.06066
1442.4879,2.68638,7.59703,-0.00479
1442.5056,0.91222,11.10944,-1.23305
1442.5256,0.89546,8.45418,1.39347
1442.5481,-0.59139,10.97775,2.32245
1442.5663,-1.17080,10.74551,3.31846
1442.5845,-0.80926,10.10145,0.62251
1442.6058,-0.84518,9.69681,2.22668
1442.6260,-0.96010,10.63297,4.06308
1442.6442,-0.96010,9.06472,2.99045
1442.6666,-0.34956,10.55875,0.03352
1442.6963,-0.06465,9.73273,0.20830
1442.7219,0.37351,11.82053,0.22027
1442.7278,0.55547,9.20359,-0.42618
1442.7455,1.64966,8.83727,-1.25460
1442.7655,0.23703,10.67128,-2.13569
1442.7860,0.30407,10.61621,-0.53153
1442.8055,1.24981,8.86121,1.01517
1442.8331,1.25699,8.89713,-0.19633
1442.8483,0.90743,10.47735,0.58899
1442.8638,1.32643,9.15810,-0.97208
1442.8837,0.42379,9.79019,-1.57064
1442.9063,0.09098,9.37837,-1.21150
1442.9237,0.51477,8.60023,0.22027
1442.9459,0.73504,8.06871,1.51079
1442.9672,0.83321,8.54996,0.67279
1442.9856,1.77895,8.64094,0.28971
1443.0038,0.45491,10.72156,0.32802
1443.0261,-0.08380,10.30735,0.04789
1443.0438,0.54829,10.34327,0.28013
1443.0638,1.39107,8.72234,0.73744
1443.0897,1.24981,10.79339,1.26657
1443.1334,0.23943,10.74790,0.49083
1443.1335,0.44294,11.46618,1.05827
1443.1471,0.59617,11.13577,0.50040
1443.1637,-0.49561,11.71998,-1.26657
1443.1835,0.84997,8.46616,-1.62571
1443.2061,1.72867,8.18124,-1.85556
1443.2235,-1.35755,10.91789,-0.32083
1443.2438,-1.03193,11.64815,-0.34956
1443.2714,0.38787,8.81811,0.58660
1443.2837,0.30886,10.36721,-0.02394
1443.3036,1.05109,7.79576,0.10056
1443.3275,1.05109,8.04476,-0.55547
1443.3438,-0.14126,9.46936,0.55308
1443.3673,-0.15323,9.60104,-0.23464
1443.4058,1.33361,7.14452,0.92180
1443.4198,-0.28252,9.90751,1.84359
1443.4237,-0.77335,10.45340,1.40065
1443.4460,-1.30727,9.46696,2.17161
1443.4653,-0.58420,10.17327,1.43417
1443.4856,0.01437,10.00567,0.71349
1443.5081,0.35675,10.25229,0.70152
1443.5378,-0.70392,11.49252,-0.07183
1443.5554,0.67997,11.11662,0.51716
1443.5676,0.29450,11.30816,0.60096
1443.5834,-0.73983,8.71037,2.04471
1443.6040,-1.16601,10.78381,0.08380
1443.6257,-0.72068,10.99930,3.70394
1443.6434,-0.91940,10.67607,-0.58660
1443.6782,-0.89785,9.89554,1.52994
1443.6951,-0.79729,9.42387,1.95133
1443.7048,-0.73744,9.14134,1.59459
1443.7246,-0.62969,9.18923,0.82602
1443.7500,-0.97208,9.57231,1.12052
1443.7677,-0.39745,9.00726,-0.21070
1443.7878,0.12929,9.52203,-0.72786
1443.8331,0.17478,9.13416,-0.94095
1443.8333,-0.80448,11.83729,0.65843
1443.8475,2.04471,9.82371,-0.19394
1443.8678,2.39667,8.21236,0.90743
1443.8854,1.02954,11.10465,-1.35995
1443.9071,-1.69994,10.11821,0.20591
1443.9296,-1.80768,10.89395,-1.81965
1443.9471,0.11732,11.29379,0.52195
1443.9777,-0.16281,9.11500,4.07506
1443.9896,-1.96091,10.79818,-1.74303
1444.0055,0.28492,10.43664,0.15084
1444.0267,0.56984,9.65850,0.87391
1444.0494,-0.35435,10.75987,1.78852
1444.0669,-0.27295,10.04398,1.19953
1444.0862,0.62491,11.07113,-0.44773
1444.1149,1.22347,9.35683,1.08700
1444.1254,-0.34478,10.46777,-0.15563
1444.1444,-0.46449,9.11979,1.19474
1444.1669,-0.06943,10.60903,1.04869
1444.1841,-0.66561,9.51006,0.71828
1444.2041,-1.48924,11.85645,0.57463
1444.2385,-1.44854,9.66808,3.23227
1444.2443,-1.16601,10.50368,0.40703
1444.2643,-0.56265,12.19165,1.07024
1444.2866,-1.38629,12.60586,5.02319
1444.3041,-1.36953,10.11821,3.81169
1444.3253,-3.87873,9.16050,1.21150
1444.3474,-0.17957,9.84526,6.40469
1444.3715,0.21788,8.03279,-5.98329
1444.3865,1.38868,3.70634,-9.79019
1444.4084,0.12211,3.30649,-12.99852
1444.4260,3.33044,12.53642,-9.20359
1444.4462,9.46696,8.15729,9.60583
1444.4684,-0.31126,10.35284,-4.22589
1444.4868,4.13731,7.46295,3.34480
1444.5125,-4.16843,11.03761,-3.87154
1444.5291,-1.93936,3.12213,2.35597
1444.5480,1.86993,8.37757,-0.48125
1444.5667,2.65286,12.06236,-0.40224
1444.5886,2.26020,9.43105,7.78379
1444.6086,-0.40224,13.67849,-1.35516
1444.6268,1.15883,8.30813,3.27297
1444.6692,-1.95133,10.73832,-1.00799
1444.6824,-0.06225,11.13577,-0.28971
1444.6862,1.18038,6.50046,1.98725
1444.7089,0.98165,8.07828,0.33999
1444.7266,2.48047,10.23553,-1.80289
1444.7466,1.34558,10.42707,-1.25699
1444.7711,1.54191,8.49249,-0.08859
1444.8062,1.42220,10.71677,-2.88031
1444.8247,1.08221,5.32726,1.43896
1444.8284,-0.56744,9.83568,-2.20513
1444.8459,-1.04869,10.86522,4.13731
1444.8663,-0.74701,10.13257,1.71191
1444.8881,-1.63290,9.25627,0.65843
1444.9059,-0.86673,11.46139,1.45093
1444.9276,0.37590,8.35362,1.89866
1444.9595,0.64406,14.04960,-1.00081
1444.9663,2.13569,7.55154,0.12450
1444.9867,-2.65764,11.59547,-1.86275
1445.0084,-1.08940,9.65132,4.30491
1445.0264,3.90985,9.42147,-3.30649
1445.0460,-0.55787,8.99768,-0.36154
1445.0681,0.14845,10.55636,-0.72068
1445.0879,0.58899,8.59784,-0.62969
1445.1057,1.27615,9.75188,-0.90264
1445.1282,0.93616,10.20919,-0.47167
1445.1461,0.49801,9.78540,0.99362
1445.1664,0.32323,9.26345,1.30488
1445.1887,1.40783,8.63615,1.11573
1445.2109,1.27615,9.45499,0.22027
1445.2279,-0.02634,9.57710,-1.65923
1445.2484,1.03193,9.31612,-1.04630
1445.2659,1.53712,9.40950,1.02475
1445.2874,-0.61054,9.20120,1.73585
1445.3091,-0.21548,9.80695,-0.97447
1445.3265,0.54350,10.45101,1.58501
1445.3464,1.48924,8.44461,-0.91461
1445.3760,0.75659,9.34485,1.80528
1445.3878,-0.13887,8.98571,-0.89785
1445.4077,0.21548,10.85085,-0.54829
1445.4303,0.60336,11.47815,-1.52755
1445.4460,0.80208,7.44141,0.62969
1445.4661,1.14925,11.52843,-1.90584
1445.4889,0.47646,9.27781,1.56825
1445.5090,1.42220,10.54918,-1.53712
1445.5261,0.61293,10.69523,0.20591
1445.5482,-0.18436,10.82930,-2.25780
1445.5660,1.78852,7.75984,0.41900
1445.5875,0.88828,8.98571,0.96729
1445.6097,-2.25301,9.24190,0.21070
1445.6465,0.11253,10.58270,1.32164
1445.6588,-0.11493,9.28500,3.16523
1445.6686,-0.23464,9.73033,0.46688
1445.6859,0.33999,9.69442,0.58899
1445.7057,-0.18196,9.74709,-0.21788
1445.7288,0.42618,11.18366,-0.33041
1445.7460,0.31604,10.43904,2.21231
1445.7666,-0.47407,10.81254,0.69434
1445.7953,0.43815,7.91787,-0.90264
1445.8059,0.90025,11.36323,0.76377
1445.8257,1.55628,9.12219,0.07662
1445.8480,1.37431,10.21877,-0.14126
1445.8660,1.50839,10.36960,-0.27774
1445.8861,1.14446,11.19084,0.05746
1445.9276,1.23305,9.23711,0.95053
1445.9283,-0.36632,10.63297,1.06306
1445.9460,-0.29210,10.48453,0.28013
1445.9681,-0.11732,10.18046,-0.47885
1445.9875,0.30886,9.13176,-0.50280
1446.0060,-0.55547,11.54998,1.65444
1446.0299,0.05507,9.60583,0.57941
1446.0480,0.29210,11.85884,1.48684
1446.0801,0.87870,9.13895,2.04711
1446.0901,0.22027,9.77104,1.79810
1446.1062,0.34717,8.66727,0.76377
1446.1261,0.66800,11.19323,0.32562
1446.1486,0.78772,8.70558,-0.16281
1446.1660,0.65124,10.20919,-0.61533
1446.1881,0.59857,8.80375,0.73504
1446.2245,0.30647,9.90512,-0.08859
1446.2290,0.19394,11.77504,3.23706
1446.2477,-0.79490,10.26186,2.18118
1446.2688,0.01437,10.57072,1.52036
1446.2871,-0.70871,9.95539,1.45332
1446.3065,1.04390,9.85244,-1.10615
1446.3282,0.85476,7.24268,0.79011
1446.3553,-0.25619,11.14535,0.11732
1446.3680,0.84278,9.58189,0.21548
1446.3883,1.74064,9.18683,0.37830
1446.4060,0.45252,10.02962,2.78694
1446.4274,0.87870,9.96976,2.30808
1446.4490,1.14207,10.52044,1.79092
1446.4683,-1.05109,10.03680,0.95771
1446.4951,0.13408,9.43344,0.85715
1446.5117,-1.32403,9.22035,-0.82124
1446.5256,1.02475,9.77582,-2.11414
1446.5469,0.61533,11.23873,0.48843
1446.5688,-0.67758,10.79339,-0.01197
1446.5869,0.14605,9.84047,-0.29210
1446.6146,1.22108,8.17166,1.29051
1446.6294,-0.40703,10.65931,0.99602
1446.6467,0.49561,10.53481,1.37671
1446.6661,0.51237,9.07909,-0.99841
1446.6893,0.33041,9.11500,0.41900
1446.7068,0.18196,12.15094,-0.35914
1446.7269,0.65843,9.54597,2.61215
1446.7495,-0.06704,9.13416,0.41900
1446.7808,1.96570,9.03120,-1.42699
1446.7866,1.79331,10.33369,-1.55867
1446.8093,0.28971,10.79578,-1.04630
1446.8267,0.83321,9.11979,0.50998
1446.8469,1.10855,8.26982,0.91940
1446.8708,0.37830,9.14134,-0.66800
1446.8900,0.72307,8.45658,1.19235
1446.9076,-0.62969,10.27862,0.13169
1446.9293,0.16042,7.95378,1.07024
1446.9482,1.54670,10.53241,6.94340
1446.9667,-3.45015,10.38158,2.38470
1446.9895,-2.09020,11.42069,2.32963
1447.0089,-1.54910,10.41749,3.15326
1447.0476,-0.67519,9.00966,2.07584
1447.0652,-2.67919,8.57150,-0.77335
1447.0682,1.06066,9.30415,4.99206
1447.0873,5.79175,7.48211,-1.31206
1447.1094,-1.73824,13.67131,-3.62733
1447.1273,1.34798,7.70956,2.13569
1447.1483,-1.70472,8.10941,-1.18995
1447.1729,-1.23305,12.65614,-5.38951
1447.1891,2.95693,8.29856,-0.49561
1447.2072,0.76138,11.29858,1.16362
1447.2290,-1.53952,11.14535,-0.78532
1447.2482,3.82845,6.82847,-5.69837
1447.2668,-1.37431,11.18366,-1.29530
1447.2894,-3.57226,7.74548,2.62413
1447.3083,2.57863,8.42306,-7.31212
1447.3295,2.17161,11.51167,5.34163
1447.3490,-0.16760,10.45340,1.83641
1447.3663,0.51716,9.73273,-0.23943
1447.3867,-0.66800,11.16929,0.28013
1447.4089,-0.74701,11.18845,2.26977
1447.4270,3.01439,9.25866,0.29928
1447.4486,1.15404,7.57070,-0.44055
1447.4851,0.30647,9.66808,1.09179
1447.4896,-0.00239,10.17806,0.57941
1447.5089,1.55149,11.30577,-0.65364
1447.5300,0.25619,9.19402,1.88908
1447.5468,0.40942,10.55396,-0.91940
1447.5669,0.45731,10.40552,0.13408
1447.5892,0.35196,10.08469,-0.05746
1447.6125,0.53392,10.52044,0.75659
1447.6272,1.67360,9.60104,2.24104
1447.6521,1.73824,8.53080,0.50040
1447.6661,1.27854,11.27464,0.14366
1447.6865,0.98644,9.16289,0.24661
1447.7104,0.86912,9.86920,0.06465
1447.7283,0.88828,8.13814,0.95771
1447.7570,0.94095,9.82371,-0.41900
1447.7686,0.92180,10.33848,-0.40703
1447.7865,0.71349,9.54358,0.74223
1447.8063,0.88109,9.22993,1.42699
1447.8302,0.85236,10.76705,-1.05348
1447.8479,0.96729,10.12060,0.03113
1447.8682,0.84039,9.23951,1.04630
1447.9019,0.92658,9.29457,0.30168
1447.9070,0.34478,10.77184,0.30168
1447.9260,0.55068,10.45101,1.15404
1447.9489,-0.20830,10.13018,0.29210
1447.9664,0.67040,8.23152,-0.32562
1447.9896,0.47646,10.26904,-0.73744
1448.0128,1.01038,9.32809,-0.09098
1448.0293,0.79250,8.89713,-1.31446
1448.0476,1.55149,7.84843,-0.49801
1448.0696,0.16042,10.98733,0.23224
1448.0874,1.63290,10.02243,-0.13647
1448.1078,1.91303,9.64174,-0.10535
1448.1320,2.18837,8.95219,0.59139
1448.1609,0.63448,10.53481,0.02155
1448.1782,0.69913,10.01525,0.78532
1448.1898,0.37590,9.42387,0.40703
1448.2075,0.71828,10.31214,0.13169
1448.2310,0.71349,9.34964,-0.33280
1448.2517,-0.04310,10.22595,1.44135
1448.2689,1.46051,10.13496,-1.47008
1448.3038,1.03672,9.88117,-1.08221
1448.3169,-0.18436,10.38397,0.67758
1448.3274,1.78852,9.79019,0.02155
1448.3477,0.98644,8.77262,-0.77335
1448.3718,0.47646,9.27781,-0.18675
1448.3885,1.49882,8.14772,-0.17239
1448.4092,1.01757,9.38556,-0.50998
1448.4321,0.17478,10.99930,-0.50040
1448.4493,1.85796,8.20518,-0.49083
1448.4673,0.25379,9.19162,0.85954
1448.4896,-0.14366,10.90113,0.22506
1448.5073,1.04151,8.94501,1.46530
1448.5293,-0.14126,10.65452,1.95373
1448.5497,-0.65843,10.36242,0.03352
1448.5680,0.93137,10.08229,-0.13887
1448.6008,0.09098,9.47175,1.55628
1448.6122,0.96010,9.64414,0.51477
1448.6271,0.42139,9.88836,0.68716
1448.6476,0.73983,10.58748,-0.71828
1448.6702,0.40942,9.59386,1.54191
1448.6881,0.83321,11.17169,0.46449
1448.7080,0.54589,10.31932,0.75180
1448.7330,0.06465,10.57312,1.33840
1448.7469,1.62811,8.40151,0.09098
1448.7670,1.25460,10.12778,-0.23224
1448.7898,1.16362,9.40950,-0.27295
1448.8071,-0.17957,10.64016,0.06943
1448.8270,1.26418,8.92107,1.48445
1448.8497,0.57941,9.21556,0.79250
1448.8706,1.05109,11.74631,1.49882
1448.8917,0.00479,8.94501,0.47407
1448.9121,-0.08619,10.91789,-1.58022
1448.9281,0.16999,8.49728,2.93538
1448.9482,-0.11493,10.07750,0.57702
1448.9705,-0.42858,10.90592,1.12052
1448.9907,0.42858,8.56432,0.90264
1449.0260,0.59617,10.77424,1.10615
1449.0306,-0.08380,11.48055,0.71110
1449.0480,-0.22027,10.26904,0.78772
1449.0682,0.98165,9.64414,1.09179
1449.0939,0.13408,8.84445,-0.15323
1449.1118,1.11813,9.00008,-0.23943
1449.1514,0.47407,9.04318,-0.98405
1449.1515,0.57941,8.64812,0.54350
1449.1678,0.29450,9.31373,-0.18196
1449.1898,0.26816,9.08148,2.01119
1449.2106,0.63688,9.92188,-0.11971
1449.2283,0.40463,7.71914,0.63448
1449.2499,0.49083,10.20201,-0.31126
1449.2723,0.39745,11.13817,1.24023
1449.3038,0.80208,7.64492,1.06545
1449.3099,1.46051,10.80297,-1.37192
1449.3303,1.34798,9.29936,0.48843
1449.3479,0.33041,9.62020,0.98165
1449.3680,-0.06465,11.41830,2.62173
1449.3921,1.95612,10.20201,-1.41502
1449.4092,1.52036,9.07670,2.17640
1449.4304,-0.21309,9.94342,0.43097
1449.4530,0.37590,10.16370,-2.44455
1449.4681,2.02556,9.15331,1.56586
1449.4882,0.47407,9.56752,0.96010
1449.5107,0.37830,9.94582,0.68716
1449.5303,1.46051,9.80455,-0.60815
1449.5598,1.73824,8.48292,1.36234
1449.5784,1.41741,9.41668,0.27295
1449.5880,1.53234,9.04078,1.47008
1449.6080,1.71909,8.97374,-0.72068
1449.6307,2.22668,8.57869,0.59139
1449.6497,1.06066,9.50288,1.34319
1449.6697,1.11094,8.80375,2.47568
1449.6921,0.89785,10.31932,0.00479
1449.7112,1.15883,9.63696,1.70233
1449.7281,0.77575,8.97853,1.71430
1449.7505,-0.31365,10.83170,-0.21548
1449.7681,1.10376,9.02163,0.81166
1449.7885,1.24263,10.24989,3.15326
1449.8109,1.06545,7.19480,0.92180
1449.8296,0.98644,10.55396,-0.32323
1449.8562,0.67040,10.90353,5.24825
1449.8706,0.30886,10.17327,4.53715
1449.8876,-0.30407,9.08867,-0.25619
1449.9080,1.31206,10.07032,1.23066
1449.9325,0.63448,10.36003,-0.40463
1449.9502,3.24424,10.26426,-1.42459
1449.9866,5.12854,9.33049,-0.25140
1450.0010,2.80848,10.00328,3.11974
1450.0094,-3.32565,11.04240,-0.28971
1450.0291,0.85476,9.94103,2.34400
1450.0511,-0.19154,11.93307,2.47329
1450.0690,-1.30488,9.56034,2.95693
1450.0892,0.33520,8.63615,1.40783
1450.1130,0.57702,9.29457,2.41103
1450.1345,1.79092,10.57551,0.00000
1450.1505,1.63768,9.59625,0.55308
1450.1720,1.28094,10.56115,1.52515
1450.1912,1.00560,8.74389,0.67997
1450.2112,1.13249,8.37517,1.09418
1450.2335,1.05109,9.87638,0.38787
1450.2614,0.48604,9.22754,0.99602
1450.2780,0.31604,9.27542,3.24664
1450.2935,0.55068,9.40232,0.93377
1450.3112,0.35675,10.48453,-0.11732
1450.3301,0.28492,10.51326,2.21470
1450.3529,-0.10774,9.53879,2.01359
1450.3705,0.57223,9.98891,1.92500
1450.3934,0.34238,10.88916,2.55230
1450.4125,-0.16281,10.30975,3.55789
1450.4297,0.28731,9.55555,3.27058
1450.4491,0.76138,9.55316,1.89148
1450.4717,0.19154,9.41908,3.71352
1450.4895,0.34478,9.19162,4.55630
1450.5094,-0.30647,8.47334,3.29931
1450.5348,0.92898,9.33767,0.72786
1450.5730,1.41980,8.77741,1.71430
1450.5731,1.01038,10.16130,0.66082
1450.5929,1.42699,9.62259,2.82764
1450.6106,0.90982,10.05835,1.24742
1450.6289,0.65364,9.45978,1.19474
1450.6512,-0.80208,11.19323,0.96489
1450.6780,0.50519,10.19482,1.50121
1450.6973,1.68078,9.81892,-0.68955
1450.7113,0.11971,9.53161,2.30569
1450.7288,0.54350,12.49093,2.49005
1450.7506,1.82444,10.05835,4.63771
1450.7712,-1.45332,11.02085,1.71670
1450.7908,-2.26498,11.61942,2.19555
1450.8271,0.00000,10.02962,3.20833
1450.8329,-1.48445,10.05835,5.56669
1450.8485,-0.43336,11.83251,0.52195
1450.8770,1.06306,11.27225,2.26977
1450.8926,-0.35914,13.38639,2.56187
1450.9117,3.46691,10.46059,0.60096
1450.9319,2.72947,11.91391,-1.26657
1450.9532,1.34079,10.35524,0.98644
1450.9806,1.04390,10.76945,3.39029
1451.0004,-1.89627,11.03761,2.26498
1451.0125,1.23305,9.42865,-1.81725
1451.0314,1.01517,9.25866,0.16520
1451.0520,-0.33759,9.97934,0.48364
1451.0743,-0.71828,10.26665,1.92739
1451.1022,-0.22985,8.83966,0.18196
1451.1168,1.87232,6.97213,1.42699
1451.1317,-0.38548,13.64976,3.42860
1451.1495,0.82363,8.20279,0.30407
1451.1697,4.68560,10.48213,9.29936
1451.1938,2.63131,13.13978,2.42301
1451.2115,-0.28013,1.98007,-2.15245
1451.2329,1.28094,12.69923,-9.24908
1451.2640,2.25301,9.33528,12.07433
1451.2695,-1.94415,9.31373,4.46532
1451.2897,1.24502,6.84044,3.89788
1451.3124,3.40705,12.51966,-2.09499
1451.3297,-2.44455,6.99368,5.65049
1451.3499,-0.14845,14.26270,5.07347
1451.3756,4.19716,8.87079,0.83321
1451.3926,-2.58342,10.02722,-0.20112
1451.4097,4.63053,9.84765,-4.65447
1451.4320,-2.18118,11.57392,3.75422
1451.4508,-0.88588,10.88916,4.33124
1451.4696,4.08703,9.24908,-1.09179
1451.4935,-0.92419,11.41830,1.66402
1451.5228,-0.58420,8.70558,2.60258
1451.5419,0.64645,12.29460,0.46449
1451.5536,-0.03352,9.08148,3.61775
1451.5696,0.88828,9.75188,1.51797
1451.5895,-0.30647,11.39675,0.04789
1451.6118,0.30647,9.45499,0.67758
1451.6296,0.13887,11.05916,0.21548
1451.6493,0.22027,10.16130,1.35516
1451.6776,0.63448,9.20838,0.74941
1451.6893,1.09658,9.39274,0.05267
1451.7097,2.28893,10.51326,-0.90982
1451.7322,1.84838,8.55953,2.27935
1451.7498,-0.51477,11.42309,-0.48364
1451.7699,0.18436,10.28341,1.34558
1451.7947,0.13408,10.22834,-0.71349
1451.8097,0.41421,8.71516,0.46210
1451.8306,0.60336,10.45101,0.47646
1451.8524,-0.06704,10.42707,1.50600
1451.8715,0.01676,10.74790,-0.07183
1451.8916,0.05986,9.36161,0.38548
1451.9141,-0.11971,9.97934,-0.13887
1451.9479,0.40942,8.91389,-0.26098
1451.9619,0.79729,10.89634,0.64406
1451.9718,-0.10774,10.02243,1.62092
1451.9911,-0.29210,10.58748,0.65603
1452.0095,1.19474,8.58108,-0.91940
1452.0331,1.29770,9.93145,-0.89306
1452.0511,2.29132,7.98012,0.62491
1452.0715,0.78532,9.05994,1.24263
1452.0989,0.51237,10.04877,0.51716
1452.1176,-0.58899,9.61062,-1.35277
1452.1292,0.34956,10.02962,0.28013
1452.1517,0.29450,9.08148,1.33840
1452.1705,-0.36154,10.17567,0.98884
1452.1913,0.47407,9.19402,-0.43576
1452.2136,0.21070,9.23232,-0.62491
1452.2350,1.12531,8.87318,-0.75659
1452.2521,2.25301,8.61221,-1.04390
1452.2715,1.89387,10.09426,-2.28653
1452.2893,1.14207,9.92188,0.94095
1452.3093,0.36154,10.02962,2.28653
1452.3329,0.35675,9.80695,1.40783
1452.3506,0.76617,10.39594,1.10376
1452.3842,-0.44055,10.01525,1.66163
1452.3938,-0.61772,10.90353,0.75899
1452.4117,-0.36632,10.76466,2.26977
1452.4351,-0.85954,10.29299,1.80528
1452.4574,-0.73504,9.94342,0.38548
1452.4730,1.06545,10.39355,-1.15643
1452.5098,0.79969,10.21158,-0.88349
1452.5282,-0.76856,11.23394,2.01598
1452.5349,-0.13169,9.82131,2.95693
1452.5513,-0.51237,9.33049,1.63050
1452.5734,0.45970,9.06951,0.93137
1452.5935,0.19394,9.57231,0.41900
1452.6134,-0.10056,10.13257,0.23224
1452.6340,-0.33041,10.24031,1.23305
1452.6683,-0.76377,8.33926,2.26977
1452.6715,-0.00479,9.73512,0.71349
1452.6936,0.13887,9.53400,0.90982
1452.7114,0.59378,9.78061,-1.00560
1452.7332,1.05588,9.13895,-0.33999
1452.7556,0.22985,9.04078,0.70392
1452.7715,0.90025,10.62579,0.34238
1452.7935,1.05827,9.95539,-0.00239
1452.8135,1.12052,8.19560,0.40703
1452.8329,0.93616,9.34007,0.00000
1452.8512,0.37590,10.40791,0.95053
1452.8735,-0.28971,10.11821,2.38470
1452.8912,-0.65124,10.61143,1.71670
1452.9203,-0.61054,10.13018,1.09897
1452.9397,0.77575,9.90033,0.34478
1452.9514,1.20193,9.98652,-0.00718
1452.9709,1.08221,10.88198,-0.58660
1452.9935,0.86433,10.01765,-0.37830
1453.0128,1.07982,8.80135,1.47248
1453.0330,0.18915,9.29936,0.74462
1453.0577,0.97447,10.17088,0.49801
1453.0759,1.00320,9.11979,1.34558
1453.0957,0.70871,9.64653,-0.21070
1453.1135,0.37111,10.02722,0.39745
1453.1311,0.17478,10.38158,0.77814
1453.1514,0.97208,11.36562,2.37751
1453.1740,-0.52195,10.16848,-4.08703
1453.1915,4.88671,9.84765,0.72068
1453.2202,-1.75500,12.06954,-1.48924
1453.2338,-0.39506,8.91867,4.16843
1453.2570,-0.82842,9.74709,4.24265
1453.2712,-2.14766,10.36721,-3.37832
1453.2963,1.38629,13.54681,-0.40224
1453.3112,-4.08463,8.16448,9.14613
1453.3319,1.44854,17.10230,-2.25062
1453.3571,-0.20591,-1.39586,-8.31292
1453.3710,-2.62652,12.30178,-7.90350
1453.3909,3.30649,4.57785,0.41660
1453.4128,-3.39748,15.04562,13.50132
1453.4302,1.09658,10.17567,5.09262
1453.4501,-0.61772,8.98811,2.42301
1453.4720,-0.78053,6.27539,-3.82605
1453.4915,-3.35677,10.12539,-4.17562
1453.5104,0.67758,8.71516,1.87232
1453.5325,-1.30249,10.90353,5.06389
1453.5500,-1.39826,8.36799,6.10061
1453.5703,-1.34798,9.08388,1.40783
1453.5922,-0.34238,9.21317,-2.28653
1453.6119,1.79571,6.85481,-1.66642
1453.6302,1.75979,8.25067,1.03912
1453.6520,1.83880,8.52362,1.68796
1453.6698,-1.79092,10.29778,0.27774
1453.6901,-1.28812,9.16528,2.06147
1453.7124,-0.09338,9.08627,-0.06225
1453.7319,-0.08141,7.33845,0.97447
1453.7573,-0.71110,10.40791,2.53793
1453.7736,-1.35516,9.76385,2.01837
1453.7927,-0.13169,10.28820,-0.30407
1453.8110,1.95133,9.44541,0.19394
1453.8352,1.44854,10.08229,1.54910
1453.8510,-0.72068,9.48133,2.31526
1453.8737,-1.45811,10.68804,2.58342
1453.9114,-1.05348,9.76864,-0.03831
1453.9132,-0.72786,9.90990,2.23146
1453.9329,-1.01038,10.46298,2.26259
1453.9536,-1.54670,10.70241,0.10535
1453.9713,-0.51237,11.99771,2.43258
1453.9932,-0.94574,10.64734,1.06545
1454.0154,1.17798,8.46855,-0.28492
1454.0486,-1.22826,8.60023,0.62012
1454.0615,-1.29530,10.16370,-0.56505
1454.0731,-0.33041,10.47495,-0.78772
1454.0908,1.39107,10.52044,-0.69673
1454.1110,0.60575,10.00807,-0.08380
1454.1348,0.62251,8.48770,0.36872
1454.1530,0.29450,9.38077,1.67839
1454.1735,-0.24422,9.58907,1.19235
1454.2059,0.19633,10.72156,2.94017
1454.2111,-0.93856,9.61780,2.03034
1454.2314,-1.28333,9.55795,2.83482
1454.2537,-1.17080,9.82850,0.03113
1454.2712,0.34478,8.51404,1.80768
1454.2916,-0.12690,11.32731,0.46928
1454.3153,-0.35196,10.61143,1.99204
1454.3441,1.49403,9.10303,1.74782
1454.3605,0.11732,10.19722,0.10535
1454.3737,0.25858,9.39992,2.32484
1454.3910,-0.50519,7.89392,1.33122
1454.4110,0.02155,9.21556,1.46051
1454.4351,-0.02394,9.92427,-0.60815
1454.4685,0.39506,9.61062,1.37192
1454.4875,1.26418,9.85484,1.92739
1454.4933,1.12531,9.25148,2.76539
1454.5107,0.48843,11.76307,0.99841
1454.5315,0.93616,10.02004,2.65764
1454.5547,0.53392,9.66569,1.11334
1454.5753,-0.28971,9.97934,2.73426
1454.6140,-0.84757,11.96180,1.63529
1454.6278,0.98165,9.19402,0.81166
1454.6317,0.81405,9.43584,1.42459
1454.6522,-0.14126,9.93863,1.78852
1454.6740,0.46210,8.74389,2.49483
1454.6954,-1.73585,10.37439,-0.24422
1454.7136,-0.02394,8.50446,3.53634
1454.7542,0.37830,8.55235,2.09978
1454.7543,0.91461,10.05356,2.40864
1454.7734,-1.25939,9.56273,-0.16042
1454.7938,-1.04390,12.07912,1.52755
1454.8116,1.80289,7.30014,-0.40703
1454.8318,1.07742,7.90590,1.41741
1454.8540,0.48604,9.04796,-1.51079
1454.8715,0.81166,7.30733,2.72229
1454.8934,-0.91222,11.45182,-0.18915
1454.9137,-1.92260,10.19243,0.99841
1454.9315,1.57543,6.61299,1.41980
1454.9512,1.03912,8.02561,0.13647
1454.9739,0.01437,8.43742,2.14766
1454.9937,0.51956,10.74551,-0.84757
1455.0137,0.07422,8.94740,4.29772
1455.0472,-0.55308,11.96180,1.92739
1455.0518,-0.34238,9.88357,2.85398
1455.0717,-0.69434,9.21556,0.74462
1455.0940,-0.97447,9.88117,0.49561
1455.1119,-0.02634,8.52122,2.25301
1455.1317,0.11971,9.63217,2.01359
1455.1636,0.11014,9.49091,1.52755
1455.1797,-1.15883,11.02324,2.50681
1455.1920,-1.48684,10.98014,1.85556
1455.2144,-1.67120,9.94821,1.42699
1455.2318,-0.80687,11.11183,2.83243
1455.2521,-0.30168,9.30894,1.57543
1455.2745,0.37351,9.28260,1.03193
1455.2954,-1.42220,9.73512,1.35755
1455.3130,-1.41502,9.16768,1.72148
1455.3341,-1.63050,9.54358,-1.04151
1455.3529,-0.47885,10.22595,1.36713
1455.3716,-0.36393,7.95618,2.89707
1455.3942,-0.08619,8.76544,0.12929
1455.4137,-0.06943,9.44063,-0.21788
1455.4321,0.43815,10.61382,0.90504
1455.4628,0.00239,9.21078,0.80448
1455.4716,-0.71349,10.45340,0.28013
1455.4916,-0.50280,9.89554,1.92260
1455.5139,0.16281,10.66649,1.15404
1455.5325,-1.62092,10.63058,0.98884
1455.5530,-0.83321,9.59386,2.56666
1455.5765,-1.37910,9.77104,1.48684
1455.5951,-1.47008,9.85005,2.07584
1455.6116,-0.79011,10.65213,2.52357
1455.6340,-0.64885,9.48133,1.51558
1455.6514,-1.55867,11.51646,2.05189
1455.6720,-1.13489,11.37759,1.75261
1455.6943,-0.76856,9.91709,3.02157
1455.7120,-1.45093,10.47974,0.68237
1455.7412,-0.97208,10.27144,1.62571
1455.7581,-0.99123,12.22038,1.55867
1455.7719,-0.99841,10.40073,-0.64167
1455.7915,-0.87630,9.63696,0.78053
1455.8190,-0.49322,10.59945,-0.59139
1455.8342,-0.66321,8.26504,-0.20830
1455.8621,-0.26098,10.20919,-0.67519
1455.8768,-0.93137,10.18285,1.76458
1455.8942,-0.67040,10.87480,-1.40544
1455.9124,-0.42858,10.98254,-2.01837
1455.9366,-1.09418,10.63537,-1.75740
1455.9546,1.45572,6.80692,-2.20513
1455.9746,0.36872,9.06233,-0.98644
1456.0142,0.04549,9.75188,-2.02795
1456.0143,0.14605,8.89713,-0.28971
1456.0325,0.49561,9.20120,-0.99123
1456.0551,0.10056,9.21078,-1.72627
1456.0724,-1.78134,9.22754,-2.28653
1456.0934,0.33999,10.10623,-0.45731
1456.1150,1.22826,9.18683,-0.73504
1456.1326,-2.37033,10.38158,1.05348
1456.1621,-0.60815,9.37837,-1.06066
1456.1746,-0.34956,10.41270,2.19076
1456.1925,-1.38629,9.01444,0.77814
1456.2125,-1.60416,10.41988,0.56026
1456.2347,-1.84838,10.57551,2.55948
1456.2526,0.00958,8.89713,-1.14686
1456.2926,-0.56505,10.20440,0.13408
1456.3092,-0.78053,12.12700,-2.51399
1456.3130,1.49642,9.11500,3.19636
1456.3325,-1.65444,11.13817,-5.43979
1456.3551,-0.64645,9.17247,0.75180
1456.3723,2.03992,8.19081,-0.70871
1456.3936,1.56586,8.51883,-0.40703
1456.4170,0.37590,10.70959,-1.75500
1456.4355,-1.31206,9.55316,0.27295
1456.4530,-0.15563,10.44862,-1.31925
1456.4751,0.05267,7.81970,0.00239
1456.4926,-1.02954,10.67847,-1.38868
1456.5135,-0.98644,10.79578,-0.36872
1456.5352,-0.62730,8.69361,-3.25382
1456.5543,-1.86275,9.68005,-0.81166
1456.5834,0.97926,9.45499,-0.34956
1456.5980,4.05830,8.79657,1.86514
1456.6138,-2.27935,10.53720,-2.16203
1456.6322,-0.62251,8.84206,1.78373
1456.6547,-0.33520,11.72476,-2.16921
1456.6721,-0.04549,8.08068,-7.63534
1456.7007,0.44773,11.96898,6.37835
1456.7148,-3.17002,8.79417,-1.14686
1456.7322,0.73504,11.38717,-1.19714
1456.7520,-2.24344,11.55716,1.22826
1456.7770,-1.04151,11.00169,-1.60656
1456.7925,-2.39427,7.50845,2.26738
1456.8125,0.19872,12.63459,-1.18756
1456.8555,1.13728,7.33127,-2.22189
1456.8556,-2.25301,12.31136,0.06704
1456.8724,0.08380,8.77741,4.00083
1456.8964,3.98647,8.51644,1.35277
1456.9138,-2.13330,7.88674,-0.58181
1456.9360,0.87870,7.73111,-2.46610
1456.9586,2.25301,8.22912,-0.85954
1456.9912,-1.32403,10.84606,-1.73824
1457.0066,-1.02475,10.73353,3.37353
1457.0156,1.24263,10.09666,1.20671
1457.0328,-2.56427,10.36242,0.60096
1457.0522,-0.57941,11.23633,1.66881
1457.0757,1.61135,8.66009,0.19872
1457.0935,-0.95292,10.92986,1.07982
1457.1136,-0.56984,9.74949,2.55230
1457.1462,0.78772,9.02881,0.94095
1457.1525,-0.62730,10.15412,-0.63688
1457.1721,0.60815,9.93863,0.46449
1457.1959,0.62251,8.54517,0.20112
1457.2120,0.26576,12.05757,-0.05028
1457.2358,2.02077,6.90030,-0.45731
1457.2761,0.63688,8.99050,-2.19076
1457.2762,0.75180,10.92508,-1.18038
1457.2928,1.10137,8.81572,0.79250
1457.3147,1.18277,10.13975,-0.18675
1457.3323,1.65205,9.89075,-0.21548
1457.3521,1.82204,9.60583,-0.80926
1457.3744,1.84599,10.06793,-1.70472
1457.3922,0.27055,10.78381,0.85236
1457.4171,1.39107,9.83808,-1.66881
1457.4360,1.75979,10.29538,-2.66722
1457.4521,2.60497,8.99290,-2.45653
1457.4720,2.54511,9.10782,1.89627
1457.4945,2.26498,9.92188,0.13647
1457.5120,2.16921,8.80135,1.76697
1457.5413,1.29770,10.07032,-1.68557
1457.5598,2.81806,8.06392,-2.23625
1457.5720,2.42779,10.21637,-0.09098
1457.5941,-0.63448,10.98493,-0.03352
1457.6165,1.56346,9.09824,-3.39748
1457.6343,2.22189,7.94420,-0.36393
1457.6541,1.20432,8.14772,-0.05028
1457.7001,2.01598,10.06553,-2.13569
1457.7001,2.04232,8.58826,-1.29530
1457.7148,0.25140,9.69681,-0.47646
1457.7343,0.91461,8.71277,3.66803
1457.7518,0.38787,13.64018,-3.60099
1457.7722,-0.73983,9.95539,0.48364
1457.7947,0.92658,10.19961,0.04310
1457.8123,1.44614,8.20039,0.75899
1457.8347,0.62969,10.58509,-1.80289
1457.8545,1.05588,8.93783,-0.75420
1457.8721,1.49642,9.36640,-0.63688
1457.8920,0.50280,9.03839,-1.41502
1457.9163,0.38308,10.41270,0.33999
1457.9338,1.68078,8.12856,-0.83560
1457.9561,-0.63927,10.20919,-0.80687
1457.9872,0.30647,9.23711,-0.70631
1457.9924,0.42139,8.99529,0.10774
1458.0116,-0.38787,10.79578,0.24661
1458.0341,-1.08940,10.58030,1.96091
1458.0521,-0.67997,11.52843,1.81007
1458.0719,-0.09098,8.92586,0.39027
1458.0956,0.58181,9.21317,1.13010
1458.1270,-0.24661,10.61382,-1.18038
1458.1316,0.57223,9.40471,-3.03833
1458.1559,0.54829,9.07191,-2.73666
1458.1718,2.27217,9.51964,-1.12052
1458.1945,0.73983,11.17408,-1.23305
1458.2155,1.60656,10.02962,-1.95373
1458.2517,3.33283,12.40953,-0.71349
1458.2651,2.26738,5.35839,-8.33447
1458.2759,4.16364,8.41109,-9.56034
1458.2926,-0.89306,13.43667,4.45814
1458.3132,-3.92422,11.48294,1.19714
1458.3361,-0.51477,10.73353,6.83326
1458.3551,-0.44534,10.75508,1.72148
1458.3889,-1.14925,10.33848,4.05351
1458.4050,14.61705,12.16770,-1.82204
1458.4126,-4.08942,4.04154,4.00802
1458.4329,2.52596,9.45260,5.04474
1458.4553,7.07269,9.93385,3.83563
1458.4769,-2.38709,12.30897,-5.92822
1458.4966,1.29051,8.03040,-6.18920
1458.5350,2.45653,12.25629,-4.77897
1458.5350,4.37195,8.56672,-2.09260
1458.5529,5.28656,10.55396,1.62092
1458.5751,-1.01038,9.53640,3.67761
1458.5929,1.05348,10.70241,0.67040
1458.6129,1.07264,7.99688,1.59938
1458.6365,-0.83800,8.02800,0.10056
1458.6775,-0.06704,10.32411,0.37590
1458.6775,-0.52913,10.37200,0.54111
1458.6963,-0.47167,10.97057,2.57863
1458.7135,0.05986,9.54597,0.33280
1458.7338,1.20432,9.28979,-1.01278
1458.7562,1.26897,9.01923,-0.75420
1458.7754,1.60895,9.48851,-0.53153
1458.7964,1.96091,11.00888,-0.81166
1458.8225,1.03912,10.00328,0.78293
1458.8354,1.20911,9.47654,-1.23066
1458.8539,1.22587,10.50129,0.71589
1458.8759,0.41421,10.05117,1.60895
1458.8937,0.01915,9.87399,0.08380
1458.9137,-0.29928,10.02722,-0.37111
1458.9363,-0.27774,10.44862,-0.74462
1458.9673,3.44057,8.70079,-3.67282
1458.9750,2.21231,10.73353,-0.42858
1458.9961,2.73426,11.07113,-2.78933
1459.0142,-0.04789,8.77981,1.03433
1459.0371,0.18436,12.35446,-1.43656
1459.0598,-0.34478,10.30496,0.21548
1459.0944,1.67360,11.72955,-2.23865
1459.1104,2.48765,8.55235,-1.88190
1459.1168,1.35037,12.03363,-2.35357
1459.1343,2.77018,8.41827,0.56744
1459.1555,2.78694,9.78780,-1.73585
1459.1772,2.60018,8.23391,-2.71271
1459.1948,1.71909,8.83009,-2.31526
1459.2319,2.22907,8.70798,-0.91940
1459.2462,1.08461,9.61780,0.65364
1459.2534,0.62730,9.20838,-0.54829
1459.2753,1.00320,8.36081,-1.05588
1459.2976,1.42938,10.84367,-0.15802
1459.3136,1.45572,9.23711,-1.47248
1459.3374,2.09738,9.11022,-0.36632
1459.3801,0.90982,8.86361,-1.06785
1459.3802,0.08619,9.82131,1.88669
1459.3982,0.81405,7.60901,1.13728
1459.4164,0.17239,10.11821,0.52913
1459.4358,2.00401,9.95061,-2.32724
1459.4556,1.91303,7.05353,-1.50839
1459.4781,1.41502,8.06392,-1.10615
1459.5051,2.39906,9.01923,0.82842
1459.5157,0.60096,11.62660,0.95053
1459.5359,0.80208,10.58988,0.48843
1459.5533,-0.06943,10.62100,-1.85317
1459.5730,-0.56984,9.58907,-0.86912
1459.5955,0.58181,9.18204,1.39347
1459.6143,1.26897,9.13176,-1.67120
1459.6324,0.80926,10.55875,0.35196
1459.6633,1.52755,10.04398,-0.62969
1459.6730,1.74543,10.61861,-0.89306
1459.6930,2.50920,10.36003,-1.28812
1459.7157,0.74223,8.99768,0.88588
1459.7332,1.84599,11.61223,-2.69356
1459.7529,1.81965,8.11180,-1.58501
1459.7756,1.57064,9.11261,-1.34079
1459.7979,0.51237,9.51245,-0.39027
1459.8132,0.96489,9.92188,-1.64487
1459.8358,-0.03831,10.07990,-0.37830
1459.8547,-0.16042,9.73273,1.20671
1459.8737,-0.62969,10.22595,-0.37830
1459.8956,0.55308,9.94582,1.40065
1459.9135,0.84278,9.98891,-0.37111
1459.9382,0.74462,10.45101,-1.38868
1459.9552,1.62571,10.53481,-1.29530
1459.9728,0.68716,8.35123,1.19235
1459.9932,-1.03433,10.79578,-0.67519
1460.0154,0.01437,11.07831,-0.71589
1460.0330,0.67519,10.03919,-0.06704
1460.0529,-0.26576,10.54199,1.03193
1460.0758,1.07742,8.95459,0.09338
1460.0931,1.40544,8.48531,-0.58660
1460.1129,0.23703,11.53083,-1.50839
1460.1353,0.75659,9.95061,-0.72068
1460.1545,1.17798,9.79498,0.49322
1460.1754,-0.29450,10.52763,-1.01757
1460.2155,0.26337,11.00648,-0.47646
1460.2156,1.32164,7.87477,-1.68318
1460.2340,1.72867,8.43264,-1.81486
1460.2556,0.99841,9.15571,-1.37192
1460.2734,0.85715,9.33288,-1.73106
1460.2933,1.24023,9.10782,-2.15485
1460.3158,0.58420,9.47893,-1.08221
1460.3354,0.79011,9.87638,0.92658
1460.3550,1.38629,8.24828,0.84039
1460.3759,2.50681,9.52203,0.23943
1460.3938,-1.27136,10.24031,-0.36393
1460.4137,-0.25379,9.07670,1.26897
1460.4363,1.18995,9.05994,0.72786
1460.4536,0.77096,10.39355,0.10056
1460.4738,0.38069,8.45418,-0.77096
1460.5067,0.16999,10.98972,-0.99602
1460.5143,0.77096,9.99370,-0.88588
1460.5334,0.79490,7.79336,0.01197
1460.5558,1.24023,6.72312,-2.85398
1460.5752,0.96010,11.04718,-0.27774
1460.5952,-0.17478,10.08708,-0.15084
1460.6185,-0.02873,10.75508,1.18995
1460.6355,0.76138,10.79339,-2.20513
1460.6549,1.55388,10.05117,-2.44695
1460.6765,1.33361,9.95061,-5.47810
1460.6954,1.92260,7.21874,-0.05746
1460.7159,-1.63290,12.06715,-1.39586
1460.7383,-0.10295,9.14852,3.15087
1460.7556,-0.42858,11.08789,-0.14845
1460.7860,-1.04390,10.94184,-1.85796
1460.7974,0.42139,11.15014,-2.46610
1460.8142,0.77335,7.12057,1.33601
1460.8359,0.96968,10.92508,-2.09260
1460.8604,2.57863,8.22194,2.36554
1460.8778,-1.03672,10.64973,-3.43339
1460.9146,-0.85236,10.12299,-0.30407
1460.9282,0.47167,10.26904,1.99922
1460.9338,0.16999,10.05117,-1.45093
1460.9543,0.24661,10.53481,-1.01038
1460.9764,-0.08859,9.34246,-0.42139
1460.9962,0.82363,9.19880,-1.84599
1461.0155,1.33601,9.88596,-1.68078
1461.0654,0.44773,11.23154,0.90504
1461.0654,-0.39266,9.61780,-0.83321
1461.0813,-0.63688,10.18524,-1.29051
1461.0992,0.26098,9.35204,0.80687
1461.1150,-0.96968,7.69759,-0.65843
1461.1355,0.19872,10.46537,-0.19872
1461.1592,2.37512,6.71115,-1.57543
1461.1835,2.01359,10.19961,-5.06868
1461.1976,2.37512,11.08070,-2.56427
1461.2194,2.93059,9.26345,-0.42858
1461.2352,-2.24822,11.06155,-2.17161
1461.2554,0.21070,11.34407,-1.40065
1461.2794,-2.01119,10.57072,0.54111
1461.2991,-0.28252,12.39277,2.37512
1461.3364,2.84200,10.87001,-1.93936
1461.3497,1.09897,10.40791,-1.49642
1461.3552,2.92341,9.91948,-0.34238
1461.3751,3.59620,8.48770,-1.17559
1461.3983,1.58262,10.30975,-2.70314
1461.4158,1.74303,9.94821,0.20112
1461.4363,2.20992,8.74629,-0.61054
1461.4766,0.44055,9.42147,0.40224
1461.4768,0.51956,10.49650,-0.17718
1461.4961,0.84997,8.58826,-0.18196
1461.5175,0.37830,9.56752,-0.54829
1461.5354,1.56825,9.82131,-1.08700
1461.5557,0.82842,10.35763,-0.51237
1461.5779,-0.27295,9.08867,0.63688
1461.5969,1.75500,8.95698,-1.02954
1461.6171,-0.60336,10.07511,-0.28731
1461.6404,-2.35118,8.63854,-1.96570
1461.6560,-0.16042,10.07750,1.67599
1461.6760,-0.79729,9.61541,2.58582
1461.6987,-0.89067,8.61460,1.07742
1461.7183,-0.39745,9.12698,0.73265
1461.7521,-0.07183,8.58348,-0.01197
1461.7653,0.27774,9.47893,-0.19633
1461.7759,0.66800,10.72396,1.01996
1461.7960,-1.19953,10.48453,-0.09577
1461.8193,-0.75420,8.93783,-0.14126
1461.8376,0.70631,10.67128,2.08541
1461.8577,0.09338,9.64414,2.56187
1461.8984,0.09338,6.55074,1.61853
1461.8987,-0.00479,11.63139,-2.16203
1461.9166,-0.14126,9.51485,0.38548
1461.9382,-0.06704,8.48531,2.39427
1461.9562,-0.78532,9.40232,0.80687
1461.9764,-0.00479,12.06236,0.23224
1461.9989,2.52117,9.01205,0.56026
1462.0350,-1.92021,10.62340,-0.07662
1462.0566,-0.63448,9.84286,0.10056
1462.0582,0.96250,13.21161,-0.62491
1462.0759,1.38389,8.60742,2.20034
1462.0961,-0.71110,11.86363,-1.93457
1462.1189,-0.71110,9.24190,0.36632
1462.1359,1.25699,8.49968,-0.44534
1462.1587,-0.98884,9.33767,0.53392
1462.1860,0.48364,8.44940,0.22027
1462.1956,-0.70871,11.83969,-3.51480
1462.2159,-0.25619,9.35204,4.43659
1462.2380,1.02714,12.36643,3.16044
1462.2560,-1.46769,8.55474,-0.01197
1462.2780,0.06943,10.94902,-2.79891
1462.3016,1.12531,7.52042,1.04151
1462.3197,0.81405,9.12219,-2.32245
1462.3361,1.13249,11.12859,0.43576
1462.3584,1.80049,10.14454,-2.05189
1462.3759,-3.56268,12.17728,0.96968
1462.3955,2.50441,10.16130,1.47966
1462.4178,2.50441,9.66090,2.44455
1462.4357,-1.31446,8.28658,-1.25939
1462.4618,1.08221,11.05437,-1.22587
1462.4777,0.39745,8.78938,0.32323
1462.4956,-0.08380,9.10064,-1.09179
1462.5156,0.65124,10.18285,-1.85077
1462.5416,0.69673,8.46855,-0.45252
1462.5592,1.23066,10.12060,-0.87391
1462.5950,0.27295,9.31612,-0.80926
1462.6119,1.57064,9.27781,-0.71110
1462.6173,0.17718,9.10782,-0.39266
1462.6355,0.80926,10.47256,-0.63688
1462.6580,1.57064,9.20599,-0.05028
1462.6755,1.01038,7.92744,-1.14446
1462.6997,0.62491,10.87719,-0.32323
1462.7375,-0.29450,11.67927,0.15084
1462.7515,0.95532,9.29936,1.54431
1462.7556,0.09817,9.89793,-0.80926
1462.7780,-0.02873,10.15172,-0.11971
1462.7957,1.88190,10.73114,-1.19714
1462.8171,0.50280,9.52203,1.60416
1462.8396,0.95053,8.54038,-1.77176
1462.8601,0.73025,9.10543,1.57304
1462.8788,1.09658,9.92188,-0.59617
1462.8978,-0.39984,9.61541,0.09817
1462.9158,0.68716,10.42467,-2.62173
1462.9358,0.08141,7.99448,0.58660
1462.9594,-0.34956,10.83649,-0.84757
1462.9791,1.12770,8.42545,-1.93936
1463.0176,1.52755,7.95857,-2.28414
1463.0331,0.70631,9.44302,1.66163
1463.0359,0.75420,11.55956,0.84039
1463.0560,-1.10615,10.67847,-0.38548
1463.0801,-1.10376,8.90191,-3.11974
1463.0979,0.20112,9.06712,1.72388
1463.1180,-0.40942,10.08229,0.22985
1463.1406,0.27055,12.51009,-1.42220
1463.1572,1.26418,8.87079,-1.62571
1463.1755,-1.79331,8.50207,0.90264
1463.1996,0.05507,12.01926,-0.73744
1463.2167,0.04789,8.20997,5.23867
1463.2371,-1.49163,13.39597,1.01996
1463.2617,-0.20112,10.53960,4.80052
1463.3062,-1.03672,9.69442,1.79810
1463.3063,-1.15883,10.41749,1.50121
1463.3214,0.04789,9.06951,2.44934
1463.3354,1.09418,10.27623,-0.49561
1463.3555,0.39027,10.41988,-0.28971
1463.3798,-0.49322,10.94423,1.27615
1463.3975,1.14686,9.28021,-0.76617
1463.4332,0.92419,10.29059,-0.92180
1463.4462,0.37111,10.14694,-1.10137
1463.4564,3.30649,9.02881,-1.07264
1463.4763,1.54670,9.33528,-2.08541
1463.4988,0.74223,9.72554,-0.49083
1463.5166,1.49882,9.39274,-0.68237
1463.5366,0.17239,12.02405,0.17957
1463.5609,-0.84997,11.26267,1.71909
1463.5791,0.76138,11.36323,1.06066
1463.5963,-0.45252,8.70798,0.64645
1463.6202,0.44055,10.33848,0.14605
1463.6361,0.27055,9.58907,2.40385
1463.6567,0.08141,10.43425,1.99683
1463.6787,1.01038,9.12698,0.27534
1463.6965,-0.38787,8.77262,-0.04549
1463.7281,-0.72307,10.03919,-0.91461
1463.7383,1.00799,8.89234,1.07742
1463.7565,-1.03912,10.41749,-0.24182
1463.7782,0.90025,9.04078,1.72388
1463.8009,-1.61374,10.27144,-0.73744
1463.8180,0.34717,8.80375,1.73824
1463.8381,0.29450,8.65530,1.28094
1463.8700,-0.83321,9.85723,-0.46210
1463.8768,-1.01517,9.94582,2.54751
1463.8965,1.71430,8.86361,1.13489
1463.9188,1.55388,10.01286,2.50202
1463.9380,0.51956,11.59308,-0.66321
1463.9583,1.50360,8.02561,-0.25140
1463.9816,3.13650,10.07990,-0.74941
1463.9998,0.99123,8.09983,-2.06147
1464.0179,1.29770,6.44539,0.12929
1464.0398,-1.99443,10.92986,1.20911
1464.0574,-0.55787,10.13736,0.66321
1464.0778,-0.92898,11.41111,2.15245
1464.1019,-0.82602,9.66329,2.37512
1464.1377,-1.05827,9.07430,2.06865
1464.1556,0.05267,9.45978,2.40385
1464.1614,0.59857,10.53960,0.64406
1464.1787,0.86673,9.78780,-0.25858
1464.1990,2.20992,9.30176,-0.80926
1464.2218,2.04711,9.36880,-0.53392
1464.2400,2.18118,10.18285,0.99362
1464.2600,-0.33041,10.84128,0.42618
1464.2919,-0.73744,11.49970,-1.13010
1464.2982,-0.22027,9.56034,2.13809
1464.3184,-0.52435,8.68164,0.88828
1464.3444,-0.86433,8.74150,-2.26259
1464.3622,0.38548,9.96497,-0.67519
1464.3822,-0.68237,10.84367,-0.12211
1464.4297,0.82842,8.92346,-0.36632
1464.4298,1.62332,8.18603,-2.55709
1464.4438,1.95852,9.56752,-1.34798
1464.4603,0.65124,9.12698,-0.49083
1464.4779,0.79490,9.57949,0.37830
1464.4985,-0.42379,9.26584,-0.41182
1464.5210,0.53871,9.19641,1.63768
1464.5388,-0.22985,12.11742,0.73265
1464.5726,-0.49561,9.57710,1.50121
1464.5820,-0.78053,8.96416,1.84599
1464.5999,0.35914,9.12219,0.86912
1464.6180,0.42858,8.25067,0.35675
1464.6458,0.10774,11.19084,1.05827
1464.6620,0.47167,9.42147,-0.88828
1464.6980,0.49083,11.24112,-0.88109
1464.7183,0.20112,9.09106,-0.94095
1464.7194,-0.47167,8.84685,1.01517
1464.7383,-1.10615,9.13416,1.95133
1464.7618,-0.83560,9.30655,2.16921
1464.7797,-0.07183,11.13817,0.46688
1464.7998,-1.02236,10.33848,1.43896
1464.8235,-0.05028,8.63615,1.35516
1464.8414,-0.40703,11.71040,1.10855
1464.8591,-0.18196,11.01845,0.26098
1464.8815,0.14366,9.39992,1.19953
1464.9010,-1.04390,11.45421,0.10535
1464.9193,-0.09817,8.28419,0.38787
1464.9415,1.68318,9.80934,-1.12770
1464.9778,-0.89785,11.88757,0.85954
1464.9918,1.50600,10.05117,2.34400
1465.0018,1.04630,10.29538,0.54111
1465.0192,-0.81166,10.08469,-1.34079
1465.0410,-0.10774,8.82051,-0.05267
1465.0619,0.61772,9.41429,0.98884
1465.0814,0.15563,11.73434,0.16999
1465.1100,-0.11493,9.58428,-0.23224
1465.1305,-0.25140,10.16130,0.30886
1465.1393,-1.01278,8.29856,0.29450
1465.1598,-1.14686,9.79019,2.54033
1465.1863,-0.23703,10.57072,0.24661
1465.2040,0.85715,8.43024,0.59139
1465.2241,-1.19714,9.77822,1.69036
1465.2460,-1.09418,9.42387,0.11732
1465.2643,-0.13169,8.16448,-1.39107
1465.2800,1.49163,9.07909,1.41023
1465.3027,0.75899,10.24271,-0.48843
1465.3201,0.17718,8.08786,3.22269
1465.3401,1.31685,16.08713,-2.50681
1465.3622,0.94813,8.95219,2.05189
1465.3817,2.81088,11.60266,-1.86514
1465.4036,-0.42858,9.23472,1.49882
1465.4243,-0.92419,11.17169,0.46449
1465.4401,-0.73983,11.00169,2.15724
1465.4603,0.60575,10.42467,-0.74701
1465.4841,0.67519,10.43425,0.30168
1465.5017,0.47885,9.42387,0.33759
1465.5220,-1.63050,12.59867,0.03591
1465.5498,0.90504,6.66566,3.37353
1465.5638,-0.31126,11.20999,-2.87792
1465.5801,-0.90025,7.40070,1.01278
1465.6023,-0.61772,10.46059,1.42220
1465.6216,-0.14605,10.26665,2.28414
1465.6404,1.09179,9.52682,-2.71990
1465.6749,1.08221,4.24505,1.35516
1465.6897,-0.15563,10.21398,1.93936
1465.7006,0.39506,10.50368,3.90027
1465.7224,-0.16042,9.50288,-1.26178
1465.7400,0.96968,8.27940,0.08619
1465.7601,0.05267,8.55714,1.44135
1465.7841,0.74941,10.53002,0.06704
1465.8037,0.18196,8.95459,1.40544
1465.8363,-0.22506,10.49171,0.00000
1465.8438,1.56346,8.25067,0.71589
1465.8599,0.93856,9.10543,-0.10535
1465.8800,1.41741,9.78301,-0.68237
1465.9041,0.46449,10.54199,-0.79729
1465.9218,1.15643,10.95381,1.18756
1465.9421,0.56265,10.75748,0.90743
1465.9760,0.90025,9.32570,2.11893
1465.9806,0.28013,11.73434,0.87870
1466.0002,0.04070,12.07912,0.29689
1466.0222,-0.35914,10.12778,-0.60096
1466.0402,0.05267,9.56992,1.25221
1466.0602,0.03113,9.56992,1.83401
1466.0984,0.68716,9.37359,-0.47167
1466.1023,0.38069,10.00567,0.83800
1466.1202,0.16760,10.72635,-1.19474
1466.1421,0.82124,11.05437,-1.59219
1466.1605,-1.70712,9.02163,3.83084
1466.1812,-0.96489,8.81811,0.22506
1466.2036,-0.81884,8.83248,-0.33041
1466.2211,0.40942,10.11102,-0.05028
1466.2520,-0.99841,9.40711,0.10295
1466.2623,0.54111,10.49889,1.02475
1466.2799,-1.05348,9.51964,1.46290
1466.3013,0.46210,8.84206,0.41421
1466.3237,0.85715,7.81970,1.63050
1466.3412,0.38069,10.36721,1.08461
1466.3619,0.59617,7.86998,2.00640
1466.3925,-1.24023,9.25866,-0.54589
1466.3998,0.11732,9.77582,-0.38069
1466.4199,1.88669,8.42066,-0.28252
1466.4432,0.20830,11.95701,-1.30727
1466.4602,1.23545,7.74308,-0.25379
1466.4799,1.76219,11.99053,-0.06943
1466.5055,-0.16281,10.94423,-0.29689
1466.5229,0.35675,6.47172,2.88031
1466.5430,-0.10295,14.34171,-0.56265
1466.5621,-0.12211,7.45817,1.42220
1466.5796,2.09978,11.80856,-3.21312
1466.6013,-0.88828,8.55474,7.51563
1466.6221,-1.52994,11.65294,-5.43500
1466.6686,4.29293,5.93062,2.82524
1466.6688,-1.08221,10.22595,-0.44773
1466.6838,-2.34160,10.19961,1.67120
1466.6997,1.37192,11.65054,-1.22587
1466.7195,-0.43097,10.21398,1.14207
1466.7422,0.56984,7.43901,-0.41421
1466.7598,1.00799,7.81252,1.60656
1466.7803,1.03912,9.99370,2.41103
1466.8081,-1.63290,11.65772,-0.42618
1466.8195,-0.80448,11.08789,3.49564
1466.8396,-0.16520,9.36401,2.51159
1466.8624,1.05348,8.05674,-1.21869
1466.8818,-0.22027,10.24271,0.70152
1466.9014,-0.62251,10.39594,1.12531
1466.9225,-1.29291,10.44143,1.99683
1466.9482,-0.26337,11.35605,-0.16042
1466.9613,0.47885,9.06712,2.11175
1466.9827,-0.01676,10.17567,1.34079
1466.9996,0.52674,10.85564,0.76856
1467.0194,0.80448,9.16050,-0.18675
1467.0421,-0.68237,10.64973,1.06306
1467.0612,-0.49561,10.32172,0.64885
1467.0950,-0.60575,9.77582,2.36554
1467.1035,-1.00560,10.71438,1.67839
1467.1201,-0.02634,8.91867,-0.18196
1467.1396,1.28812,10.12299,0.41900
1467.1633,1.07503,9.68245,-0.49801
1467.1833,1.11573,8.37039,-1.06545
1467.2191,0.54829,10.15651,-1.26897
1467.2413,-0.17239,10.16609,1.37192
1467.2415,0.88349,8.27222,1.81965
1467.2596,-0.14366,10.48213,-0.67040
1467.2820,0.64167,9.33049,0.82842
1467.2994,0.06225,9.20838,0.47167
1467.3197,-0.01197,11.42548,0.51716
1467.3425,0.11971,10.66171,1.63529
1467.3597,-0.08619,9.47893,1.38629
1467.3793,-0.86673,9.80216,0.04789
1467.4015,0.50759,9.14134,1.27136
1467.4210,-0.57941,9.71597,0.85715
1467.4391,-0.47646,10.90592,-0.02155
1467.4617,0.46449,10.73832,1.37671
1467.4856,-0.17718,9.58428,1.00560
1467.4991,-0.45012,8.20997,1.38629
1467.5232,0.00718,8.38954,-0.43576
1467.5391,-0.32323,10.78621,1.68318
1467.5598,0.11971,9.48372,2.03274
1467.5822,0.71828,8.69840,-0.92180
1467.5997,-0.18675,11.05437,0.31365
1467.6382,0.79729,8.99529,1.71191
1467.6591,1.54431,9.61541,1.51558
1467.6603,-1.06545,9.24669,0.86194
1467.6799,-0.71828,9.89793,-0.27534
1467.7020,-0.41182,12.09827,0.40942
1467.7212,0.22746,7.88674,0.68716
1467.7411,0.45970,8.33686,1.53473
1467.7935,0.20591,9.47415,1.30249
1467.7936,0.83081,10.06074,0.59617
1467.8055,1.29051,10.82930,-0.74223
1467.8229,-0.34956,10.04877,0.40224
1467.8402,-0.32802,9.97694,1.00081
1467.8605,-0.45731,11.88757,1.25939
1467.8844,-0.00718,11.92109,2.24583
1467.9022,0.62012,8.18124,0.98165
1467.9331,0.65603,9.94103,-1.34798
1467.9456,0.10056,11.73674,1.75021
1467.9603,-0.81645,9.48133,3.32325
1467.9818,-1.55867,11.42548,0.01915
1468.0067,-1.15404,9.83089,2.71271
1468.0242,-0.53153,9.02642,1.90345
1468.0618,-0.46688,8.79178,0.12929
1468.0778,-0.58420,9.29697,0.74941
1468.0814,0.45012,11.74631,2.51878
1468.1016,0.23943,7.59703,-0.83321
1468.1239,-0.03113,9.74949,-0.02155
1468.1416,0.33280,10.24271,-0.52913
1468.1615,-0.67040,10.83409,2.05189
1468.1840,1.87472,7.64731,-0.17239
1468.2028,0.06943,10.58270,-0.46210
1468.2217,0.32323,8.90431,3.06467
1468.2454,0.53153,11.08310,0.60336
1468.2629,0.62491,7.91547,0.52195
1468.2831,-0.65603,9.49330,-1.06066
1468.3054,0.77575,9.02163,0.44773
1468.3339,0.85476,9.21556,-0.46928
1468.3525,1.79092,7.44859,-1.66402
1468.3641,0.54589,8.99529,-0.90025
1468.3815,0.45491,8.44700,-0.02873
1468.4016,0.46449,9.22754,0.24900
1468.4253,0.82602,9.64174,0.55787
1468.4429,-0.75180,9.01923,0.87152
1468.4642,-1.39107,10.23074,0.06465
1468.4983,-0.24661,10.24271,1.34079
1468.5012,1.09179,7.24268,0.08380
1468.5232,-0.47167,10.33369,-1.87472
1468.5435,-0.37351,11.02085,3.60578
1468.5626,0.41182,12.00250,-1.77176
1468.5828,1.90345,10.78142,2.46131
1468.6235,2.32245,7.61140,-0.05746
1468.6378,0.43336,10.39834,-0.76138
1468.6422,1.15883,12.57234,0.79729
1468.6635,1.76458,7.91547,2.54033
1468.6812,-2.04711,11.10465,-3.47409
1468.7035,-0.19154,11.82053,2.32245
1468.7240,0.30407,11.21239,0.98644
1468.7605,1.38150,8.58348,3.16763
1468.7759,-0.25379,11.69364,-0.79490
1468.7855,1.19474,9.36161,3.21312
1468.8015,-2.43019,11.27464,-1.60656
1468.8217,-0.45252,9.55316,2.94496
1468.8451,0.07183,10.47735,-1.63768
1468.8625,1.44854,11.30098,-0.59857
1468.8826,-0.15323,7.54675,0.95292
1468.9104,-0.33041,10.26426,1.22587
1468.9248,0.96489,10.48213,-1.18277
1468.9413,0.84997,9.59146,0.65843
1468.9639,-0.13887,10.03680,4.33843
1468.9812,-0.56265,10.48453,1.04869
1469.0012,-0.85715,10.05117,1.60416
1469.0361,0.23224,8.91389,1.96809
1469.0514,-0.96489,9.11022,1.30009
1469.0610,-0.02873,10.42946,-0.48125
1469.0853,3.79253,7.27620,-4.72869
1469.1010,-0.67758,8.81572,-2.71511
1469.1250,2.30090,9.92188,-2.89228
1469.1478,2.52117,9.43823,-2.12372
1469.1816,-0.33999,10.12778,2.63610
1469.1968,-0.18196,10.87958,0.53392
1469.2035,1.88429,9.19162,-0.13169
1469.2214,0.95771,9.35204,0.18915
1469.2423,-1.69994,8.23631,-0.90025
1469.2649,-0.31365,11.46618,1.33840
1469.2823,-0.01437,8.67925,1.34319
1469.3190,0.35435,9.68724,-0.64885
1469.3347,0.91222,10.08947,0.60575
1469.3411,0.57223,9.49091,0.81884
1469.3608,0.92180,11.65294,0.80687
1469.3833,0.78053,10.69283,-0.30168
1469.4049,1.48684,10.19961,0.04549
1469.4250,0.26337,8.71756,1.28094
1469.4637,0.43097,9.91709,0.85954
1469.4640,0.55547,11.26985,0.38548
1469.4821,0.96968,9.96018,0.93616
1469.5035,0.48604,8.66249,0.50040
1469.5228,0.62251,9.68484,-0.76617
1469.5409,0.65603,9.51485,1.50360
1469.5631,1.18517,8.92825,-0.99123
1469.5809,2.15724,8.05913,0.55068
1469.6017,0.80687,9.01444,0.05267
1469.6228,1.81965,9.55795,-0.43097
1469.6464,0.45252,10.10863,-0.26576
1469.6664,0.81166,10.28580,-0.26576
1469.6823,0.82602,9.60104,1.01517
1469.7000,0.71589,7.73351,0.76138
1469.7208,0.75180,9.55316,0.81166
1469.7440,3.07664,9.15092,-1.80289
1469.7603,-0.03352,10.23074,3.06228
1469.7804,-1.81486,10.00089,2.73666
1469.8030,-1.83880,11.52125,-0.72786
1469.8213,0.47646,11.08310,0.78772
1469.8464,1.00560,9.57710,2.08781
1469.8730,1.71670,7.89392,0.90025
1469.8820,0.75180,9.97694,-2.25541
1469.9021,1.72867,9.45499,0.02873
1469.9244,0.84757,9.18923,-2.67919
1469.9421,1.69994,9.14134,2.17640
1469.9634,2.94256,10.69523,0.41421
1469.9855,3.60338,9.29457,1.14925
1470.0143,-0.17718,10.61382,-0.85954
1470.0314,0.10295,9.33528,-0.29210
1470.0443,-0.59378,10.26426,1.89148
1470.0618,0.07183,8.51644,0.13887
1470.0815,0.18675,10.59945,0.44294
1470.1041,-0.02634,9.31373,0.20112
1470.1212,1.17798,7.63774,1.51318
1470.1445,0.91940,10.02243,2.11175
1470.1630,1.31685,11.50928,0.93137
1470.1805,-0.74223,11.57632,0.88349
1470.2010,-0.96968,10.65692,0.98165
1470.2234,-0.68237,9.30176,2.01598
1470.2417,1.10615,10.05117,2.61455
1470.2625,-0.91461,9.22514,3.44536
1470.2939,0.08859,9.02642,-0.27055
1470.3016,0.34238,11.00648,-0.91940
1470.3217,-0.59617,11.05676,-0.58420
1470.3442,-0.11971,9.26345,1.56825
1470.3617,1.17798,9.86441,-1.14686
1470.3813,-0.69434,9.16289,2.05189
1470.4044,-1.13728,8.74868,2.21710
1470.4318,1.24742,9.44781,-0.23224
1470.4424,1.15883,8.11659,0.22506
1470.4655,0.18675,10.00089,-0.62730
1470.4833,0.06943,11.46858,0.73504
1470.5045,0.12929,11.80617,1.19474
1470.5265,2.10696,7.11339,1.22826
1470.5443,0.04070,10.84846,1.88190
1470.5780,-1.01038,9.84047,3.72549
1470.5850,1.03672,10.62819,-0.06943
1470.6028,1.33601,9.16289,1.78134
1470.6243,0.85236,8.25307,-0.15563
1470.6453,1.03433,9.14374,-1.02954
1470.6646,-1.61853,9.07430,0.29928
1470.6827,-1.06785,12.08391,10.49650
1470.7059,0.90982,10.49411,0.65124
1470.7224,1.18995,10.20440,-2.09499
1470.7422,1.40544,12.07672,3.74704
1470.7666,-1.86753,14.05200,2.03753
1470.7841,1.01038,8.31532,-9.80216
1470.8041,-1.29051,2.14048,-9.66808
1470.8269,0.96968,9.93145,-11.30816
1470.8478,1.59219,7.12057,-2.74623
1470.8639,-2.49723,11.74152,1.71191
1470.8854,-0.22267,1.65444,7.63055
1470.9033,1.24263,14.46381,4.73109
1470.9231,-5.52120,9.54119,-1.01996
1470.9456,1.40065,11.24591,2.51159
1470.9633,-0.33520,7.37916,0.21548
1470.9962,7.57788,8.46376,-7.31930
1471.0055,4.47251,11.07592,-1.59219
1471.0231,0.11732,6.33525,2.02556
1471.0430,-1.97528,9.23472,-0.53392
1471.0652,-0.66321,10.98733,4.09182
1471.0835,1.60656,8.01364,-0.15323
1471.1062,-1.98725,10.81254,5.02319
1471.1321,-2.95214,14.16214,4.31688
1471.1476,0.45012,7.35042,-12.11742
1471.1626,-1.50839,13.16612,-0.18436
1471.1849,-1.94894,15.17731,7.20198
1471.2025,2.85876,6.15568,-1.24502
1471.2242,0.00718,11.18126,-10.15651
1471.2465,0.23224,8.70558,18.15100
1471.2775,2.24344,16.09910,5.05192
1471.2823,-3.98647,3.46212,-3.49804
1471.3068,1.38150,11.69603,9.55076
1471.3242,7.10142,11.66730,4.95854
1471.3444,-5.26501,7.71196,-5.87316
1471.3665,4.17322,8.43742,1.84120
1471.4023,3.36156,10.63297,6.55552
1471.4230,-2.23386,10.50368,-1.93457
1471.4275,4.42941,10.51326,-2.50202
1471.4464,-2.48286,10.45340,5.13093
1471.4641,-1.11094,10.25468,0.33520
1471.4854,3.05988,8.56911,-0.43097
1471.5033,-1.15404,10.48213,3.13411
1471.5229,-2.28893,10.61143,1.78852
1471.5482,-0.06704,9.32570,1.78613
1471.5626,-0.98884,10.93465,0.09338
1471.5824,0.36393,9.13416,3.67282
1471.6050,1.25939,8.77262,2.69595
1471.6239,0.04789,10.95141,-0.23224
1471.6421,1.22587,10.09426,1.05588
1471.6648,1.05348,9.90033,0.57941
1471.6829,0.04549,10.76227,0.93856
1471.7012,1.47727,8.13096,-0.20112
1471.7244,0.29928,10.87480,0.68716
1471.7421,0.56505,9.95779,0.38548
1471.7618,1.70951,8.24349,0.28252
1471.7843,1.04390,8.84206,-0.59139
1471.8020,1.74303,9.52203,0.16760
1471.8220,1.72867,9.14852,-0.02873
1471.8464,1.48206,10.07511,0.37351
1471.8622,1.91063,8.52362,0.98884
1471.8827,-0.54350,9.80216,0.14845
1471.9069,0.37111,9.61301,-0.23464
1471.9246,-0.49801,8.77741,2.49723
1471.9622,-0.83800,8.87797,2.12851
1471.9781,0.90504,8.53080,1.24981
1471.9827,-0.41660,10.07032,2.38470
1472.0023,-1.28573,10.04877,1.07982
1472.0249,0.37111,9.84047,0.25379
1472.0426,0.32562,10.49650,1.90345
1472.0625,-1.19235,10.36242,1.33601
1472.0850,-0.58420,10.40552,1.69994
1472.1146,-0.15563,9.75667,1.87951
1472.1234,0.29928,10.48453,1.28812
1472.1455,0.20830,9.26824,2.08062
1472.1641,-0.48843,10.39594,-0.97447
1472.1860,0.00000,9.59386,0.38069
1472.2084,0.59139,9.49091,1.07742
1472.2534,1.19474,9.01444,0.71110
1472.2535,0.97686,9.55316,-0.38548
1472.2675,0.45012,10.44383,-0.19154
1472.2821,0.93856,10.73593,-0.50759
1472.3041,0.93616,10.31693,-0.26816
1472.3256,0.31126,10.36482,1.58022
1472.3451,0.65364,10.13257,1.35516
1472.3735,1.24263,9.63217,0.51237
1472.3877,0.78772,9.83089,1.24742
1472.4033,-1.46290,10.32172,2.02556
1472.4235,-1.33122,9.88357,1.91781
1472.4454,-0.64167,10.15651,1.13728
1472.4631,-1.69275,9.68963,1.26418
1472.4871,-1.56586,9.67526,1.71430
1472.5289,-0.65364,9.86202,1.59219
1472.5292,-0.89785,9.30176,2.25062
1472.5433,-1.97767,9.95539,0.57463
1472.5658,-0.83800,10.03680,1.57783
1472.5831,-0.99841,10.07990,0.65124
1472.6050,-0.72068,9.46696,2.18118
1472.6273,-0.32802,9.72554,0.79490
1472.6456,-1.10376,9.14134,0.24661
1472.6791,-0.64885,9.95300,-0.03831
1472.6858,0.43097,8.29377,0.86194
1472.7034,0.52195,8.10701,0.78772
1472.7230,-1.50839,10.47974,-0.99602
1472.7468,-0.69673,10.85804,2.69356
1472.7653,-0.42379,9.37837,1.00081
1472.7850,-0.32083,9.39753,0.23703
1472.8176,-1.06066,9.19880,2.57624
1472.8231,-0.86912,10.49650,2.87552
1472.8433,-0.50998,10.63537,0.99841
1472.8656,0.60096,9.57231,1.56346
1472.8834,-1.87472,8.11659,-1.48206
1472.9036,0.32323,9.08388,0.03113
1472.9292,0.75899,10.14694,1.22826
1472.9592,-1.58501,10.82691,-0.81166
1472.9631,-0.99841,8.93783,0.70392
1472.9854,1.75500,9.72076,2.77736
1473.0032,-1.15643,9.47415,-0.18196
1473.0251,-0.82602,11.33689,-0.31844
1473.0471,1.99922,9.44781,-1.43417
1473.0872,-2.87313,11.46618,2.52835
1473.0872,-0.11732,10.87240,3.40226
1473.1055,0.75899,8.54756,-1.25939
1473.1232,0.26337,11.13577,-0.42139
1473.1432,-1.15165,10.57312,2.68638
1473.1655,0.12929,13.54920,3.12692
1473.1858,1.46530,7.58746,5.08783
1473.2227,0.88588,9.49091,-1.72388
1473.2354,-0.28731,10.98254,-0.57223
1473.2440,-0.13887,10.79578,1.34558
1473.2659,-0.59857,9.96258,1.18038
1473.2881,-1.40065,9.53400,3.25143
1473.3041,3.53634,8.14772,-3.52916
1473.3241,-2.47568,8.13575,-2.32724
1473.3727,-1.16601,10.57551,-1.39347
1473.3728,1.03672,9.19402,0.17957
1473.3864,0.08380,9.10782,2.44455
1473.4066,-0.40463,8.14053,-1.52755
1473.4255,1.74543,9.20599,0.66561
1473.4440,-0.27534,11.26985,-1.45332
1473.4684,2.81327,8.39193,-2.27217
1473.4980,-2.19316,10.87719,-3.48606
1473.5210,-0.94813,9.73991,1.74782
1473.5267,-0.97686,10.89874,3.18199
1473.5441,0.49322,8.49249,1.73585
1473.5642,-2.12372,9.35922,1.48924
1473.5864,-0.96489,10.58988,-1.70951
1473.6040,1.06306,7.90590,1.61135
1473.6241,0.05267,9.73273,-0.44055
1473.6508,-1.27854,8.81572,2.00880
1473.6639,-0.78772,10.78860,3.58902
1473.6840,-1.75021,9.51245,1.90584
1473.7070,-1.13967,9.96258,0.07662
1473.7251,0.06225,9.71357,1.08940
1473.7451,-1.48206,10.33369,3.46452
1473.7690,-3.08143,12.10785,-1.31685
1473.7874,-0.59378,9.83568,4.14688
1473.8057,0.70152,8.69361,-1.26418
1473.8264,0.12211,9.48133,-0.98644
1473.8439,-1.73345,11.87560,0.64885
1473.8677,-0.94095,8.58587,0.63448
1473.8901,-1.05109,9.30415,-1.48924
1473.9235,-0.50519,9.95300,-0.07662
1473.9352,0.47167,9.86681,-0.62730
1473.9481,0.53871,9.08627,2.57624
1473.9639,-0.32562,10.07990,0.30407
1473.9839,0.08859,10.02483,-0.63688
1474.0100,0.27774,10.48213,-1.58022
1474.0260,-0.33520,10.02004,0.10535
1474.0458,1.64008,9.06951,2.95693
1474.0739,-1.86275,10.86761,1.46530
1474.0836,0.40463,9.02881,1.25699
1474.1041,0.10774,10.07511,-1.98246
1474.1279,-1.00081,9.86681,0.07422
1474.1455,0.88588,9.38795,1.15643
1474.1656,-1.14925,8.94022,3.67761
1474.1897,-1.73345,9.79737,0.37111
1474.2076,-0.84757,10.58509,-0.12211
1474.2240,-0.38548,9.98652,0.80926
1474.2478,-0.29689,9.36880,0.34478
1474.2639,0.68716,8.89713,0.74462
1474.2838,0.20591,9.32331,0.20830
1474.3086,0.53871,10.59227,0.09098
1474.3279,-0.46210,10.67847,0.23943
1474.3466,-0.22746,10.77903,1.86275
1474.3672,-0.22267,8.95698,-1.20911
1474.3865,0.09098,10.57791,1.86993
1474.4050,-0.66561,9.64414,-0.66082
1474.4294,-0.32802,10.36721,-0.39506
1474.4469,0.74701,9.39035,-1.25221
1474.4658,-0.22506,8.56911,0.74223
1474.4972,-0.98884,9.43105,1.26418
1474.5116,-1.35516,11.56435,3.36156
1474.5272,-0.64885,10.29778,3.23706
1474.5471,-0.03352,8.20279,3.15326
1474.5648,-0.53392,10.19003,2.02316
1474.5857,-0.49561,8.54038,0.56505
1474.6165,0.26576,11.28422,-1.55149
1474.6331,1.24263,8.06871,1.75979
1474.6455,-0.89067,10.84606,0.49561
1474.6680,0.63927,9.15810,0.07901
1474.6892,-1.68318,11.96419,-1.25221
1474.7097,-0.75659,9.80695,2.61215
1474.7319,-0.77575,8.84445,4.99206
1474.7651,-1.69515,10.06074,3.00960
1474.7789,-0.75899,9.86681,1.52036
1474.7898,-0.88828,8.77023,1.34319
1474.8055,-1.57064,9.51964,2.31048
1474.8257,1.53473,9.20120,0.88349
1474.8480,1.23784,7.12776,-0.66561
1474.8657,0.59378,10.31693,-1.59219
1474.8882,0.90504,8.42066,3.79014
1474.9095,-0.43576,11.56674,1.92739
1474.9258,0.72307,9.34246,-0.37830
1474.9453,1.56586,7.66647,-4.15886
1474.9675,0.03352,9.81892,-1.43896
1474.9868,1.41262,8.68643,2.96172
1475.0072,0.13647,8.42066,1.03433
1475.0291,-1.42220,10.99451,-4.30491
1475.0468,-0.28252,9.43344,2.26498
1475.0658,-1.43417,8.89234,3.02397
1475.0874,-1.13010,9.64653,1.83641
1475.1053,1.03672,10.09187,-0.86912
1475.1254,0.80687,9.76625,-2.79891
1475.1478,-0.25379,11.13338,2.27696
1475.1655,2.28414,8.52841,2.35357
1475.1881,0.24422,10.70720,-0.85236
1475.2094,1.28573,9.48612,1.37671
1475.2250,-1.05109,9.41908,1.85077
1475.2445,-1.47727,10.18524,2.10696
1475.2678,0.04549,9.52443,-1.27375
1475.2858,0.84997,9.85962,-3.21791
1475.3198,0.51716,9.95061,0.85715
1475.3398,1.09179,9.76146,1.85317
1475.3463,1.07503,9.98173,0.94095
1475.3662,0.83321,10.48213,-2.28893
1475.3872,1.07982,7.96096,2.58342
1475.4054,-1.45332,10.29299,-0.61293
1475.4257,-0.02394,8.80375,2.49962
1475.4498,0.18915,8.82530,-1.61853
1475.4679,0.16520,10.68804,-2.84440
1475.4868,1.31685,8.99768,-0.00479
1475.5079,0.47885,8.82290,0.38069
1475.5254,0.97926,10.18764,-0.78772
1475.5455,1.01038,9.87160,-1.12770
1475.5679,0.03591,9.70878,0.55308
1475.5873,-0.12211,11.64336,1.46051
1475.6163,1.42220,7.03199,-0.45491
1475.6332,0.76138,10.87958,-0.03352
1475.6465,0.05267,9.45739,1.26657
1475.6659,-1.02475,9.73033,1.97767
1475.6884,-1.04151,10.71199,1.75261
1475.7075,0.10056,7.77660,0.60096
1475.7410,-0.55308,8.38236,-0.37590
1475.7529,-0.88588,9.92188,1.84359
1475.7655,-0.08859,10.54199,3.17481
1475.7856,0.89785,9.55316,-0.30647
1475.8092,0.05028,12.59628,-0.81405
1475.8284,-0.02394,9.51245,0.67519
1475.8481,-0.38308,10.70480,2.52596
1475.8721,0.16999,9.26105,2.53314
1475.8915,0.19394,9.61541,0.76617
1475.9070,-0.50519,11.71758,0.37830
1475.9286,0.88588,8.27461,-0.09817
1475.9464,-0.18196,10.64016,0.94574
1475.9680,0.65364,8.49249,0.80926
1475.9923,0.43576,10.00089,0.85236
1476.0267,-0.24182,9.68963,1.61853
1476.0430,-0.64885,10.84846,1.30009
1476.0490,1.48684,9.87399,-1.76937
1476.0667,-1.09658,10.66649,1.70233
1476.0863,-0.91701,12.70642,1.83880
1476.1089,-0.82124,11.53083,3.51719
1476.1265,-0.67997,11.43506,0.93856
1476.1486,2.81567,9.07909,1.08461
1476.1796,1.15404,8.69601,2.39427
1476.1862,-1.89148,12.66092,-0.37111
1476.2219,-0.39745,13.44146,3.71113
1476.2285,-1.52276,10.31932,2.03992
1476.2467,-0.33520,9.49569,-0.73265
1476.2717,0.51237,7.45338,1.85077
1476.2915,-1.82444,8.50207,0.80926
1476.3352,-0.61293,8.64333,0.90982
1476.3353,0.04070,9.34007,-2.39667
1476.3510,-0.41182,8.35602,-0.61293
1476.3682,0.44294,9.98891,-0.55547
1476.3884,1.08461,7.67365,-0.10056
1476.4109,1.19474,8.61699,-0.45012
1476.4288,0.58420,9.40232,0.77575
1476.4615,-0.60096,9.80695,0.00000
1476.4712,0.09577,9.23232,1.65923
1476.4884,0.02873,9.33767,1.04630
1476.5081,-0.52195,8.80135,0.27534
1476.5313,-0.30647,10.46537,1.36474
1476.5490,0.07422,10.18046,1.35516
1476.5699,0.21070,8.63375,1.22347
1476.6044,1.05109,9.85244,-0.14126
1476.6090,-0.09098,9.10303,-0.02873
1476.6301,0.63688,8.99768,0.27774
1476.6514,-0.05267,10.50368,1.70233
1476.6681,0.42858,9.85723,-0.15323
1476.6880,0.97208,9.11500,-1.65205
1476.7103,0.40224,9.82131,-0.07183
1476.7377,0.02873,9.86681,0.54111
1476.7478,-0.15563,10.42707,2.20513
1476.7701,0.30647,9.82131,0.58660
1476.7880,1.24023,10.87480,-0.69673
1476.8080,1.31925,10.00328,-0.12690
1476.8301,0.84039,9.99370,1.07264
1476.8480,0.45012,8.91867,1.46530
1476.8700,-0.80926,11.66970,0.50998
1476.8900,-0.00718,9.80934,0.11014
1476.9078,-0.28013,9.90512,0.75899
1476.9279,-0.15323,10.28580,1.38629
1476.9502,-0.12211,9.30894,0.65603
1476.9677,-0.10295,10.15412,1.82444
1476.9884,0.58420,10.43186,0.76856
1477.0139,-0.11493,11.14295,1.41023
1477.0276,-0.13169,10.06074,1.79092
1477.0479,-0.11253,9.36161,0.72307
1477.0699,0.10056,8.76544,0.23224
1477.0878,0.73265,8.92346,-0.15802
1477.1077,1.04390,8.83966,0.56265
1477.1365,0.57463,10.66649,-1.13489
1477.1498,1.16841,8.66727,1.72148
1477.1681,-1.12770,10.06314,0.64406
1477.1912,0.27055,8.61460,0.19154
1477.2086,0.00000,9.20838,0.90504
1477.2288,-0.07422,10.70959,0.29450
1477.2554,0.26098,10.49171,0.54350
1477.2748,0.16520,9.89793,1.19474
1477.2925,0.00718,10.02483,1.10376
1477.3114,0.16520,9.70878,-0.36872
1477.3292,0.57463,9.02402,0.83800
1477.3506,0.21788,8.73910,0.34717
1477.3751,0.42858,10.14454,-0.28492
1477.4153,0.29450,9.45020,-0.96250
1477.4153,0.13408,8.37996,0.53632
1477.4315,0.21070,9.58907,0.04310
1477.4492,0.03831,9.00966,-0.10535
1477.4703,-0.46688,11.28182,1.63768
1477.4926,-0.34717,10.51087,2.45413
1477.5104,-0.48125,10.20919,1.26418
1477.5309,-0.01915,10.06314,2.67440
1477.5642,0.66321,9.47893,1.13489
1477.5693,-0.10774,10.36960,0.76138
1477.5908,0.24661,10.02243,-1.31685
1477.6132,0.29210,10.69283,1.15643
1477.6309,0.09577,9.71836,-0.05986
1477.6490,-0.10295,11.38717,1.42220
1477.6897,0.52435,10.80776,0.78293
1477.6898,0.18915,9.76864,1.64487
1477.7094,-0.57702,10.49171,0.94574
1477.7332,-0.53632,12.27545,0.50519
1477.7510,0.12690,10.79818,1.22347
1477.7694,-0.02394,9.51245,-1.66881
1477.7930,0.16520,9.31612,-0.24900
1477.8102,0.83321,8.72713,3.44536
1477.8380,-0.19872,10.24510,-0.16520
1477.8540,-0.31844,12.23953,-1.01996
1477.8690,0.66561,9.31373,-0.51956
1477.8889,-0.75420,10.39355,0.05507
1477.9111,0.23224,8.24109,-0.83081
1477.9293,1.64008,8.35123,0.78053
1477.9490,1.44614,10.98493,-1.24023
1477.9713,2.14766,8.80135,-0.06704
1477.9889,0.20112,11.81096,-0.11253
1478.0090,0.42139,9.48133,1.78613
1478.0317,0.25619,11.39196,1.07982
1478.0496,-1.06545,10.57312,0.65843
1478.0696,-0.67519,10.78381,1.07264
1478.0951,0.22027,10.45101,0.74223
1478.1144,-0.73983,11.72955,1.26657
1478.1326,0.56984,9.74470,1.12770
1478.1511,0.78772,10.71438,1.33122
1478.1689,1.27854,9.35922,-0.45970
1478.1903,1.35755,8.80614,1.23545
1478.2130,0.64167,9.23232,-0.98884
1478.2458,0.14845,9.46217,0.92419
1478.2610,-0.01676,10.54439,0.88588
1478.2731,0.30168,8.89473,1.13728
1478.2889,0.67040,10.33848,0.29928
1478.3110,0.97447,8.82530,-0.72786
1478.3318,0.04549,9.43584,0.61293
1478.3494,-0.71349,9.08867,-0.06704
1478.3885,-0.44773,9.19402,0.97686
1478.4045,-0.35675,8.71277,0.26816
1478.4091,0.05986,8.38236,-0.18675
1478.4288,-0.20830,8.76783,0.11971
1478.4512,0.21548,9.98413,-1.43896
1478.4722,1.06066,8.18842,-0.18675
1478.4923,1.03672,9.46696,0.03831
1478.5336,0.26098,9.16768,-0.21548
1478.5337,1.61374,8.73671,-0.04070
1478.5492,1.93936,10.53481,-0.01676
1478.5713,1.26418,8.74389,1.31685
1478.5889,2.13330,9.68724,1.17319
1478.6086,0.73983,11.05197,0.42139
1478.6313,1.13489,10.05835,0.35675
1478.6699,-0.11253,8.74389,0.89546
1478.6700,-1.01996,10.14215,1.46769
1478.6913,-1.58980,9.61062,1.79331
1478.7115,0.01437,10.59467,0.60815
1478.7307,-0.18196,9.42865,-0.49801
1478.7516,-0.44773,10.85804,0.84039
1478.7693,1.24023,9.60822,0.14605
1478.7898,1.46290,8.88994,0.52435
1478.8215,2.15724,8.66967,-0.49083
1478.8292,0.39027,10.23553,0.60815
1478.8490,0.35914,10.05595,0.65364
1478.8702,1.81007,8.71037,0.81645
1478.8889,1.32882,9.54837,0.01197
1478.9108,-0.39266,10.31693,0.61293
1478.9503,0.22746,11.05437,1.43656
1478.9504,-0.16281,9.21078,0.96729
1478.9707,-0.27534,9.99370,0.52674
1478.9911,0.06704,11.40154,0.60575
1479.0084,-0.04549,9.52682,1.07503
1479.0309,-0.68237,10.34087,1.98725
1479.0530,-0.29689,9.77104,1.63768
1479.0825,0.22506,10.45340,-0.21788
1479.0901,-0.12929,10.61382,2.22428
1479.1122,0.07183,9.79498,-0.43815
1479.1292,0.52435,9.77343,0.74941
1479.1492,0.67519,10.12299,0.74701
1479.1729,1.06785,9.10303,0.26337
1479.1901,1.18995,10.62340,0.06225
1479.2102,0.62969,8.56193,0.41182
1479.2435,-0.29450,8.26264,2.55709
1479.2487,-0.63209,10.21398,0.76377
1479.2690,0.32562,8.95938,0.02634
1479.2905,-0.75659,9.68484,2.24822
1479.3082,-0.23224,10.32651,1.80289
1479.3285,0.16760,9.52921,1.28812
1479.3508,0.70871,10.39594,0.48364
1479.3691,-0.18915,10.22116,0.73744
1479.3883,-0.77096,10.53241,1.89866
1479.4104,-0.25140,9.69442,0.71349
1479.4274,0.11732,9.43344,0.89546
1479.4474,0.39984,11.05676,-0.48843
1479.4703,0.37351,10.03680,0.35196
1479.4965,0.22985,9.32809,0.67040
1479.5187,0.33041,9.00966,-0.82842
1479.5305,-0.98405,9.74230,1.27615
1479.5482,-0.15802,10.99690,-0.94813
1479.5685,1.01038,8.98092,-1.76458
1479.5924,1.63050,8.29616,-1.10615
1479.6102,0.70392,10.31693,-1.39347
1479.6299,1.36474,9.07191,-0.96010
1479.6654,1.99922,8.74389,0.42858
1479.6689,-0.89306,10.57551,-0.80687
1479.6886,0.13408,8.71756,1.60895
1479.7109,-0.99362,9.62738,1.73585
1479.7321,-0.62491,10.87480,0.56744
1479.7522,0.45012,8.86600,0.07422
1479.7916,0.32562,9.76864,0.92180
1479.7920,1.75979,8.15251,-1.31685
1479.8103,1.67120,9.80216,-1.28094
1479.8308,1.18756,10.48692,-1.36953
1479.8485,1.13249,8.58108,1.78373
1479.8685,0.88588,9.36161,2.02556
1479.8926,1.92979,9.44302,-1.06066
1479.9100,0.39506,8.81093,-0.11732
1479.9404,0.21309,10.36721,1.94894
1479.9508,0.60096,8.56911,-0.50998
1479.9686,0.34956,9.67766,-0.92419
1479.9885,0.66082,8.82290,-1.91063
1480.0123,0.21309,10.38876,-0.92898
1480.0303,1.55867,8.47094,-2.16203
1480.0531,0.67279,9.43105,1.27136
1480.0894,1.29770,11.38957,-3.04552
1480.0895,0.32323,6.84763,0.87630
1480.1085,0.84039,10.88437,-0.70152
1480.1304,0.20351,9.17247,1.66402
1480.1484,0.21548,11.38717,-0.12690
1480.1700,0.85476,9.79019,-0.99602
1480.1926,0.54589,9.74709,-0.87630
1480.2102,0.09577,10.90353,-0.41421
1480.2284,0.17239,10.79339,1.58501
1480.2509,-1.09897,9.44781,0.67758
1480.2689,-0.46449,9.36401,-0.28013
1480.2906,0.03831,9.30176,0.35196
1480.3130,-0.66561,9.92427,2.83243
1480.3496,0.52674,10.58030,0.89546
1480.3635,0.94334,8.98811,0.59139
1480.3712,-0.10774,10.25947,-0.05028
1480.3883,0.22267,9.95061,0.22506
1480.4093,0.01676,9.98891,1.10615
1480.4319,-0.70631,10.97775,1.06066
1480.4520,0.73744,10.05356,0.07901
1480.4875,1.05109,9.70639,0.19394
1480.4952,-0.61293,9.88836,0.71349
1480.5084,0.32323,10.04398,-0.50759
1480.5284,0.37590,9.99370,1.03193
1480.5507,0.94574,9.58428,0.63209
1480.5682,0.86433,10.37200,-0.49083
1480.5884,0.29450,11.58111,0.45491
1480.6198,2.38949,8.61221,-0.50040
1480.6366,0.67758,9.10782,-0.13169
1480.6481,1.02236,10.51565,0.23224
1480.6705,2.67440,7.70238,0.67519
1480.6882,1.39586,9.64893,-0.43097
1480.7080,-1.39826,12.82852,0.67758
1480.7339,-0.22746,6.76622,1.16122
1480.7660,0.01437,9.83329,1.34798
1480.7797,-0.93856,9.37598,0.44055
1480.7902,0.17239,9.78780,-1.43896
1480.8081,1.31925,9.09106,2.12851
1480.8284,0.27774,10.47256,1.22347
1480.8503,-0.15563,9.75667,1.35995
1480.8682,-1.12052,10.33369,1.24263
1480.8898,0.09817,9.86202,1.53473
1480.9220,-0.20112,10.09187,2.67680
1480.9280,-1.06306,10.24510,1.51797
1480.9481,-0.74223,9.81892,-0.00958
1480.9705,-0.62251,10.73353,1.83641
1480.9904,-0.71828,9.44063,1.35037
1481.0120,0.32323,8.27701,0.23464
1481.0505,0.02873,9.31133,0.12929
1481.0507,0.78293,7.95139,0.73504
1481.0685,0.65603,11.98574,-1.43178
1481.0907,1.45332,7.34324,0.58420
1481.1078,-0.13408,10.66410,-0.35675
1481.1318,-0.27534,10.42707,1.14686
1481.1523,2.21470,10.30735,0.89546
1481.1694,-1.90105,9.90272,-0.32323
1481.1980,-0.69195,11.00648,0.22985
1481.2174,0.45731,9.93385,-0.97686
1481.2284,0.21548,8.92586,0.68237
1481.2480,0.79490,10.16609,0.44294
1481.2710,1.37192,9.30415,-1.08940
1481.2903,1.00799,9.96258,-1.07503
1481.3199,0.90982,8.49728,0.83800
1481.3370,0.71828,9.68724,-1.92021
1481.3484,0.78772,8.08307,0.97686
1481.3682,0.14605,10.33130,0.96010
1481.3905,0.58899,9.07430,0.12929
1481.4099,0.67997,10.26186,0.40224
1481.4308,0.22267,9.80695,0.32083
1481.4539,-0.28971,9.83329,-0.26337
1481.4717,-0.33041,9.98173,0.89546
1481.4894,0.79969,9.23472,0.30168
1481.5114,0.46688,9.67526,-0.35914
1481.5302,0.35914,10.23313,0.28971
1481.5525,1.40305,9.17007,0.32562
1481.5754,1.06545,8.83727,1.02475
1481.6051,1.11573,9.72794,1.12770
1481.6221,0.95532,9.11261,0.91940
1481.6320,0.99841,9.22754,1.17319
1481.6487,-1.47248,10.42467,0.61533
1481.6685,-0.36154,9.32809,1.25460
1481.6929,0.43336,8.73192,1.25699
1481.7089,-0.27774,10.05835,0.86673
1481.7319,-0.49083,8.91628,0.31604
1481.7574,-1.04630,9.62259,0.68476
1481.7687,1.13967,9.20359,-0.82842
1481.7892,1.04151,10.09905,-1.47727
1481.8119,0.62730,10.74311,-0.83800
1481.8295,-0.35914,10.16609,1.51318
1481.8495,-1.15404,10.85804,1.82923
1481.8746,-0.91222,9.48133,1.63529
1481.8925,-0.80926,10.51805,1.43417
1481.9086,-0.77575,10.17567,1.35037
1481.9312,0.22506,9.61541,0.77575
1481.9501,0.05267,9.54119,0.72786
1481.9705,0.56505,8.55953,0.12211
1481.9930,0.25619,9.05994,-1.09897
1482.0110,0.57223,10.21637,0.71828
1482.0424,-0.45491,10.00328,3.33762
1482.0511,-0.26816,9.43344,2.37512
1482.0690,-1.77655,11.90673,-1.59698
1482.0891,0.13169,10.24271,0.24182
1482.1112,1.56586,9.56992,1.68318
1482.1290,1.60416,9.46457,1.82683
1482.1700,-1.21869,10.85564,-1.26418
1482.1837,-0.03831,10.53241,0.83081
1482.1899,-1.28573,9.32570,0.59378
1482.2100,-0.30407,8.37757,0.54589
1482.2323,-0.63927,7.84843,3.70634
1482.2512,0.49322,12.19644,-0.98884
1482.2712,2.59061,9.22035,-0.50519
1482.2938,2.00401,9.47175,-0.16520
1482.3229,1.29530,10.32890,0.37111
1482.3422,1.08461,9.76864,0.03113
1482.3524,0.74701,9.93624,0.80926
1482.3695,1.00081,10.65931,-0.78532
1482.3901,0.16520,9.61301,-0.35914
1482.4122,-0.09098,8.03758,0.32802
1482.4299,0.01676,10.62819,0.12929
1482.4530,0.56505,8.74389,-0.11493
1482.4724,0.38787,9.30655,0.39745
1482.4902,1.13489,9.18204,-1.14925
1482.5114,0.51237,10.37200,-1.22826
1482.5360,0.82602,9.17247,0.43576
1482.5537,-0.15563,9.90990,1.03672
1482.5918,-0.06943,9.34007,1.52515
1482.6138,-1.97049,10.49650,0.45252
1482.6138,-0.44773,10.32890,1.55867
1482.6296,-1.03672,10.03919,1.93697
1482.6538,-1.16601,9.38556,1.89148
1482.6697,-0.01437,10.24031,1.40544
1482.6897,-0.35435,8.27461,1.54191
1482.7218,0.09817,9.80216,-0.56505
1482.7341,0.30168,9.24190,-0.56505
1482.7523,-0.33520,8.98332,0.83560
1482.7745,0.59617,8.47573,0.11493
1482.7924,0.67519,8.48052,0.60096
1482.8119,0.73265,8.74389,1.44375
1482.8330,0.58181,8.33208,0.36393
1482.8704,-0.80926,11.09986,-1.49882
1482.8745,-0.98165,10.40312,2.70074
1482.8939,0.08859,8.99050,0.60815
1482.9109,0.27055,9.91230,-0.07422
1482.9331,0.34956,10.04159,0.44534
1482.9551,0.02394,10.35045,-0.16281
1482.9735,-0.36393,9.80695,0.77575
1482.9923,0.12690,8.66967,1.40544
1483.0223,0.02155,8.34405,0.55308
1483.0313,0.27774,9.85244,0.95292
1483.0502,0.60096,8.91149,0.51237
1483.0730,0.07901,9.67048,-0.70871
1483.0909,0.29450,10.48932,0.47885
1483.1110,0.62730,9.59146,0.48125
1483.1348,-0.41421,10.89874,0.91222
1483.1641,0.33999,10.86043,0.13647
1483.1708,0.31844,9.76625,1.06785
1483.1962,-0.67040,10.55636,-0.13169
1483.2152,0.49322,9.59146,1.00799
1483.2351,0.02634,10.13496,0.86912
1483.2577,0.13408,9.98652,0.44294
1483.2906,1.33840,9.02163,-0.37351
1483.3124,0.24182,8.51165,-0.30647
1483.3147,-0.56026,9.31133,0.97926
1483.3319,0.94334,9.17247,0.17239
1483.3517,0.43097,8.86600,-0.77335
1483.3755,-0.54111,12.00968,-0.79969
1483.3937,0.83081,8.26264,-0.11971
1483.4150,-0.60096,11.03282,1.67120
1483.4435,-0.46688,10.07750,1.74782
1483.4580,0.13408,8.93783,0.56744
1483.4711,-0.79490,10.70480,0.25619
1483.4938,-0.63209,9.02642,1.48445
1483.5116,-0.70631,10.70959,1.06785
1483.5317,-0.88828,10.62100,2.39667
1483.5544,-0.91461,10.02962,1.86753
1483.5840,0.22985,9.49809,-0.02155
1483.5922,0.09817,10.29778,-0.43336
1483.6138,0.17718,9.07670,0.01915
1483.6318,1.60416,9.55555,-2.31048
1483.6516,1.19235,9.78061,-1.05827
1483.6737,0.54829,9.85962,0.62969
1483.6917,0.42858,9.81174,0.90504
1483.7223,-0.45012,10.43664,1.98246
1483.7344,-1.27615,10.94902,0.08380
1483.7515,0.55068,9.34007,-1.21150
1483.7716,0.28013,10.11342,-0.70871
1483.7953,0.57463,10.45819,-0.51956
1483.8132,0.54350,10.15651,1.41262
1483.8337,0.10774,10.92508,1.49403
1483.8678,0.62251,9.13655,-1.02714
1483.8740,-0.54350,10.61621,0.03113
1483.8914,0.27055,10.33369,1.80528
1483.9137,0.22267,9.12458,1.31206
1483.9332,-0.12450,9.85244,0.34478
1483.9515,-0.02873,9.49569,-0.82124
1483.9944,-0.52674,10.68086,0.08619
1483.9944,-0.44055,9.61541,1.58262
1484.0121,-0.59139,9.60822,0.94813
1484.0338,-0.60096,10.34087,0.50519
1484.0516,-0.19394,8.89713,0.51237
1484.0720,0.60096,9.29218,-0.72547
1484.0940,-0.18436,9.97455,-0.58660
1484.1241,0.23464,9.04557,0.77096
1484.1387,0.51956,9.62259,0.51956
1484.1545,-0.33041,11.22915,2.21231
1484.1722,-0.08859,9.40711,1.81725
1484.1918,0.44773,8.82769,-1.74782
1484.2142,0.17239,11.03282,-0.45491
1484.2322,0.15084,8.93064,1.30967
1484.2581,0.56984,10.59467,0.35675
1484.2734,0.15802,10.74072,2.47329
1484.2910,0.16042,7.75984,0.13887
1484.3114,0.24900,9.07191,-1.00799
1484.3363,1.37671,10.03441,-0.65843
1484.3528,-0.10056,8.37996,0.26098
1484.3759,0.07422,9.68963,-0.39266
1484.4125,-0.05746,10.32172,-0.01915
1484.4271,0.27055,8.49968,0.32802
1484.4321,0.26098,10.37439,0.03591
1484.4562,0.02634,9.56273,0.10774
1484.4740,0.21070,10.82452,-0.00958
1484.4923,0.00479,9.77343,1.47487
1484.5178,0.38069,10.38636,0.32562
1484.5602,0.14845,10.02483,-0.22985
1484.5603,-0.48125,10.11581,1.61135
1484.5767,-0.01676,9.76864,0.77575
1484.5923,-0.83560,10.51326,0.43097
1484.6132,-0.49083,10.42946,1.04869
1484.6355,0.69673,8.94740,-0.90504
1484.6549,0.16760,9.55076,0.08141
1484.6733,0.94334,9.11740,1.04630
1484.7057,0.77335,9.50767,0.16281
1484.7131,-0.17718,9.84047,0.21788
1484.7332,0.40942,9.90272,-0.30886
1484.7573,0.59139,9.01205,-0.62251
1484.7734,0.11014,11.54998,1.26657
1484.7950,0.96489,9.45260,0.92658
1484.8347,0.43097,10.39355,0.42618
1484.8500,-0.28013,10.69523,0.00479
1484.8547,0.19872,9.34964,1.75500
1484.8770,-1.27854,9.97934,1.61614
1484.8945,-0.22027,9.37359,0.18436
1484.9143,-0.15323,10.92986,0.24900
1484.9370,-0.39027,9.03599,1.43656
1484.9706,-0.11493,10.25229,-0.25619
1484.9757,-0.29210,10.53720,0.98644
1484.9985,-0.80448,10.46537,1.48684
1485.0145,-0.47646,10.02962,0.58899
1485.0361,0.49561,9.85962,0.07901
1485.0603,-0.53153,9.08867,1.45332
1485.0781,-0.35435,10.92747,-0.70631
1485.1136,0.47167,9.77343,-1.55388
1485.1281,-0.01437,9.26345,1.61614
1485.1339,0.20591,9.77343,0.24661
1485.1538,0.03113,10.00807,1.04869
1485.1765,-0.30168,11.08070,0.07422
1485.1942,0.40703,9.33528,0.26337
1485.2141,0.73744,9.88357,0.26816
1485.2380,2.37751,9.53879,1.42699
1485.2684,-0.46688,9.44302,-0.24182
1485.2738,-1.07024,11.95701,2.46850
1485.2965,-0.78532,9.39274,2.03992
1485.3145,-0.14366,8.65770,-0.06465
1485.3354,0.01197,10.76945,0.54589
1485.3582,1.02954,7.00325,-1.61374
1485.3760,-1.10376,10.89634,-2.57145
1485.3975,-0.62730,9.72315,0.66800
1485.4164,0.09577,10.68804,-3.79014
1485.4338,0.29210,6.41426,2.03513
1485.4539,-0.30168,9.24430,0.73025
1485.4775,-0.07901,7.89392,1.13967
1485.4952,-0.41421,10.66171,-1.14925
1485.5162,0.06225,9.33288,0.71828
1485.5479,0.61772,9.03839,0.91940
1485.5538,0.27774,10.21877,1.80528
1485.5758,-0.02394,9.45499,-0.43097
1485.5980,-0.04549,8.04476,-1.44375
1485.6155,0.31604,8.63854,-1.29530
1485.6378,0.56026,9.62498,1.37192
1485.6864,-0.09817,9.82371,1.33361
1485.6864,-0.27774,10.60664,0.56744
1485.7012,-0.30886,10.81973,-0.31604
1485.7163,-0.87391,10.01765,0.02394
1485.7339,1.27136,10.30496,0.42618
1485.7538,1.38389,9.37598,1.15643
1485.7781,1.38150,10.97296,0.24182
1485.8118,-0.42858,10.80776,0.42139
1485.8303,-0.54350,10.85325,-0.52435
1485.8384,-1.08221,10.38397,0.63209
1485.8562,-0.28013,9.56513,1.63050
1485.8759,1.61135,7.61379,0.37111
1485.8986,0.76856,10.07511,0.21070
1485.9177,-1.35755,11.47097,-1.06066
1485.9552,-0.77575,10.91071,-0.32083
1485.9661,0.63688,8.49010,-1.10615
1485.9739,0.93616,8.26743,0.72786
1485.9940,0.96010,10.01286,-0.09577
1486.0162,1.61374,9.08148,0.18675
1486.0341,-1.52994,10.33130,-1.76219
1486.0542,-0.36872,10.78860,0.66561
1486.0933,0.91461,10.02483,0.67279
1486.1085,0.16281,8.82051,1.03193
1486.1157,-0.04549,11.32731,0.73265
1486.1362,0.84518,9.96258,0.84997
1486.1538,0.16760,9.21556,0.45491
1486.1738,0.47167,10.09187,0.67279
1486.1960,0.21788,10.13736,-0.11493
1486.2230,0.35914,9.34007,0.41421
1486.2377,-0.35435,10.08947,0.83560
1486.2561,-0.05746,9.61780,-0.35435
1486.2740,-0.68476,8.93064,0.64406
1486.2939,-0.54829,9.20838,0.79250
1486.3165,0.09098,9.16050,-0.51237
1486.3341,-0.49801,9.47415,0.19633
1486.3654,-0.52913,10.61861,-0.83560
1486.3866,-0.59139,10.95860,1.24023
1486.3939,-0.74941,9.26584,0.59617
1486.4143,0.06704,9.97215,0.49322
1486.4379,0.38308,11.05916,-1.10137
1486.4553,0.79250,9.71357,0.48843
1486.4753,0.35435,9.93624,0.23943
1486.4991,0.35196,8.69122,-0.04549
1486.5171,-0.05986,10.59467,-0.40703
1486.5345,0.43336,11.18366,0.15563
1486.5563,0.99602,8.72474,-0.57941
1486.5737,0.47167,9.69202,-0.19394
1486.5942,0.82363,7.59464,-0.15084
1486.6169,0.61772,10.50368,-0.10295
1486.6339,-0.89067,10.27383,-0.46210
1486.6635,-0.22746,9.72794,-2.19555
1486.6785,-0.33280,9.49569,-1.18277
1486.6959,-0.11971,11.00648,-0.71589
1486.7148,1.54910,8.30574,-0.05267
1486.7374,0.30647,9.61780,0.19394
1486.7549,1.13489,9.63217,-0.93856
1486.7764,0.73265,8.43024,0.61293
1486.8088,0.86912,9.42865,0.87152
1486.8151,0.18436,9.79258,0.55068
1486.8345,-1.14925,10.34566,-1.14207
1486.8572,-0.57702,10.08469,1.50839
1486.8743,0.20351,9.01205,0.86194
1486.8945,-0.84518,9.76864,0.40942
1486.9169,-0.97686,10.33369,0.55547
1486.9347,0.05746,9.19641,-0.24661
1486.9545,0.17478,9.59865,0.03591
1486.9766,0.56265,8.48292,0.22985
1486.9940,0.91940,8.25546,-0.90743
1487.0140,0.11014,10.30735,0.71349
1487.0358,0.65124,9.41189,-0.31604
1487.0605,0.18436,10.06314,-0.84518
1487.0746,-0.72307,11.10704,1.18277
1487.0962,-0.24900,10.26904,1.49882
1487.1143,-0.35675,10.09666,1.16841
1487.1350,-0.37111,11.99532,0.08141
1487.1575,-0.46449,10.94423,-1.39586
1487.1750,2.10936,9.62738,-0.19154
1487.1951,1.29770,8.54517,-0.26816
1487.2195,0.58899,8.89952,-1.30727
1487.2346,0.32323,12.31136,1.50121
1487.2548,0.26098,8.49249,2.08302
1487.2782,1.07503,8.45658,-1.45572
1487.2957,0.12211,9.79258,0.44055
1487.3160,-0.45252,11.89236,1.62332
1487.3555,-0.54350,9.68245,3.79732
1487.3588,-1.81486,9.04318,1.08461
1487.3744,-0.19633,11.14774,0.42618
1487.3967,-0.58181,10.66171,0.68955
1487.4160,0.00239,10.16609,2.36554
1487.4359,1.75261,9.95539,0.58899
1487.4603,-0.62730,8.83248,0.10535
1487.4916,-0.49322,9.51724,0.00000
1487.5081,0.86912,9.28739,0.30647
1487.5173,-0.39027,11.24351,1.74064
1487.5344,-0.30647,9.20838,-0.12929
1487.5546,-0.65124,10.69762,0.26337
1487.5769,-0.31844,12.02405,2.05189
1487.5947,0.88109,7.35761,2.60976
1487.6178,0.99602,12.32333,-4.14449
1487.6512,2.06386,7.30972,0.95292
1487.6542,-1.74782,12.68008,-4.09660
1487.6746,-0.67040,10.06793,2.39906
1487.6971,-0.68476,10.85564,-2.20034
1487.7166,0.94813,7.12776,-2.14048
1487.7347,0.15323,9.91948,2.34639
1487.7585,-1.26178,9.35443,-1.69515
1487.7771,0.97447,8.65530,2.52835
1487.7950,-1.68318,10.81015,-1.41741
1487.8165,0.00718,11.14295,1.42459
1487.8345,-2.02795,10.50847,3.08861
1487.8545,-2.74863,10.05356,5.78217
1487.8770,-0.89785,9.47175,2.88989
1487.9218,-0.67040,10.10384,2.67201
1487.9219,0.46688,9.70160,-1.79571
1487.9377,-0.74941,9.60104,1.51558
1487.9542,0.14366,10.78381,-0.54111
1487.9745,2.38230,8.26982,0.84278
1487.9969,0.89785,8.17884,-0.39745
1488.0161,1.07503,10.93465,-1.21629
1488.0544,1.16362,9.58668,-0.16999
1488.0681,0.75180,8.29377,2.93299
1488.0743,0.16281,10.56115,-0.25619
1488.0945,-0.21788,10.01046,-0.19154
1488.1167,-0.83800,10.08229,-0.28013
1488.1344,-0.06465,8.40151,0.90025
1488.1566,0.58899,9.25148,-0.52435
1488.1976,0.80926,9.63696,-0.97926
1488.1978,1.50121,9.89314,-0.01676
1488.2142,1.14446,9.59146,-0.46688
1488.2367,0.07662,10.32651,0.22506
1488.2544,0.10535,10.09905,1.57304
1488.2749,0.40703,9.88357,0.14845
1488.2975,-0.11732,11.39914,0.66321
1488.3179,1.29051,8.55953,-1.20671
1488.3370,2.49962,9.72794,-0.76856
1488.3585,2.04232,9.09346,-1.44375
1488.3762,1.16362,8.19560,-0.13408
1488.3953,-1.07742,9.73512,-1.73106
1488.4183,-0.86194,11.05916,-1.94176
1488.4362,-0.44294,9.51724,1.30967
1488.4561,-1.14925,9.04557,0.99841
1488.4884,-0.63209,9.95779,0.38308
1488.4948,-0.31604,8.88994,0.64406
1488.5142,-0.45491,10.28102,-0.09817
1488.5370,0.82363,9.16289,1.12531
1488.5565,-1.09897,10.89874,0.88828
1488.5780,-0.31365,10.10145,1.41502
1488.6162,-1.10855,8.85163,0.04070
1488.6163,-0.45970,10.67368,2.02795
1488.6364,0.88109,7.13973,0.33759
1488.6571,0.22267,9.02881,-2.50681
1488.6742,0.18436,9.99370,1.21390
1488.6940,-0.09098,7.97533,2.11414
1488.7169,0.95532,9.40232,-0.52913
1488.7339,-0.60575,10.29299,2.72947
1488.7620,-0.36872,9.22514,1.90584
1488.7765,0.95771,8.70079,1.93218
1488.7960,-1.03672,11.58590,0.96010
1488.8136,-0.41660,9.22275,2.30329
1488.8357,-0.00718,10.20201,0.94813
1488.8541,0.35435,9.73512,0.42618
1488.8741,0.90982,9.74470,-0.23943
1488.9020,0.45970,8.60023,1.67839
1488.9137,-1.07742,10.81973,2.03513
1488.9340,-0.34478,10.64016,2.81567
1488.9568,-0.07901,7.84604,1.39826
1488.9746,0.09098,10.91550,-2.31048
1488.9949,-0.28971,9.94821,-1.46769
1489.0178,-0.37590,9.74709,-0.49083
1489.0476,1.04630,9.49569,-0.16042
1489.0616,0.02634,10.19961,0.93377
1489.0775,0.33759,8.72234,1.21150
1489.0948,1.08940,10.55636,-2.91144
1489.1155,0.05746,9.44541,0.26337
1489.1378,-0.10535,9.47175,1.91542
1489.1559,-0.44534,10.58509,0.83321
1489.1763,0.76138,9.64653,0.76617
1489.1979,-0.01197,9.83568,-2.70074
1489.2158,0.53153,7.64253,-0.88588
1489.2386,-0.17239,10.01765,0.54111
1489.2589,-1.11813,9.61541,1.18038
1489.2778,-0.55547,10.13975,1.77655
1489.2979,0.43097,8.45658,0.86194
1489.3318,0.14126,10.91311,-2.26259
1489.3358,0.86433,10.04877,1.73106
1489.3572,1.85556,7.95618,-0.08141
1489.3794,1.33601,9.96737,3.02157
1489.3984,-0.97447,10.99930,1.78134
1489.4182,-0.01437,8.78459,0.39266
1489.4410,0.53871,11.75589,0.24900
1489.4583,1.08700,7.86280,0.09338
1489.4788,0.72547,8.68643,-1.97049
1489.4995,0.26337,10.83888,-1.49642
1489.5173,1.21150,9.36880,1.65444
1489.5388,1.58980,7.60182,0.56984
1489.5610,2.08781,9.17007,0.59378
1489.5787,0.81405,10.89156,-3.40945
1489.6147,0.69913,10.76466,0.37351
1489.6195,1.11094,9.64174,-1.88908
1489.6368,1.60656,7.98251,0.72068
1489.6571,-0.36154,12.69205,-1.31446
1489.6815,1.13249,10.11821,2.36794
1489.6975,-1.38389,10.07750,1.08461
1489.7350,-0.79969,10.66649,-0.62730
1489.7491,0.65843,10.02483,-1.51318
1489.7570,-0.37351,8.70558,1.25221
1489.7787,-0.18436,9.95539,0.06943
1489.7994,-0.47407,10.15651,1.16601
1489.8191,0.69434,10.08469,-2.78215
1489.8411,1.60656,10.30017,-1.48206
1489.8799,0.45012,9.83808,-0.12929
1489.8804,-0.23703,9.58189,1.04630
1489.8971,0.76617,9.39035,0.64645
1489.9209,0.50998,9.78301,-0.90264
1489.9373,0.76138,9.71597,-0.23464
1489.9575,0.51716,10.07511,-1.54431
1489.9796,-0.03591,10.79578,0.24900
1489.9998,0.41421,9.33049,0.60336
1490.0321,0.91461,10.59467,0.00479
1490.0393,0.20591,7.36718,-0.57463
1490.0569,-1.37431,10.56833,1.68078
1490.0773,-0.16520,9.80695,1.38150
1490.0994,-0.05267,10.41270,1.19235
1490.1169,0.36872,8.97853,1.17319
1490.1383,0.31126,8.79657,-1.12291
1490.1666,0.58660,11.87560,-0.09817
1490.1818,-0.16999,8.23152,4.29293
1490.2039,0.28252,9.05275,-1.80768
1490.2191,-0.39984,12.88120,-0.51956
1490.2367,0.16999,8.57390,1.98246
1490.2568,0.19872,9.46696,2.02795
1490.2834,0.16999,10.36482,0.47167
1490.3025,-0.52435,7.79336,-2.38709
1490.3201,-0.46688,11.48055,0.50998
1490.3412,1.94655,6.84763,-3.66085
1490.3569,2.65286,9.28021,0.84278
1490.3804,0.70392,9.08148,-1.69515
1490.4004,0.48604,9.43344,-1.82204
1490.4180,0.86433,10.26904,-1.09179
1490.4515,1.54191,8.00646,1.67839
1490.4594,1.55149,9.45499,0.54350
1490.4786,0.12690,10.27623,0.20591
1490.4969,1.40783,9.28021,-2.07105
1490.5194,0.72786,9.64893,1.00081
1490.5370,-0.16281,11.32971,0.37830
1490.5569,0.07662,10.59227,1.26897
1490.5896,-0.46928,9.86441,0.13408
1490.5968,-0.60096,10.68325,0.73265
1490.6169,0.30407,8.98811,-1.16362
1490.6394,-1.00799,10.24031,0.94813
1490.6569,1.87951,9.36161,-1.30249
1490.6786,1.30967,9.88357,-2.19316
1490.7078,0.53392,10.24031,-0.56026
1490.7271,0.51237,9.45020,-0.60575
1490.7369,-0.32083,9.39753,0.90264
1490.7596,-0.28252,9.80695,1.54191
1490.7772,1.14207,8.99050,-0.31604
1490.7974,1.75021,10.24510,-0.33999
1490.8197,1.41741,8.77981,-1.77895
1490.8379,2.04711,9.01923,0.87870
1490.8682,0.42618,11.18845,1.11573
1490.8790,1.76697,9.73273,-0.99602
1490.8969,-0.13647,11.09268,1.07982
1490.9165,-0.18436,9.78301,-0.64406
1490.9391,0.33759,8.86121,0.50280
1490.9564,-0.39027,9.14613,1.07503
1490.9766,-0.66561,10.62819,0.97447
1491.0006,-0.51237,10.06314,1.05109
1491.0178,-1.34079,10.08708,1.97767
1491.0356,-0.35196,9.87638,2.26020
1491.0581,-1.20432,10.86043,3.37114
1491.0787,-0.80687,10.83409,2.39667
1491.0966,-0.18915,10.85804,1.00560
1491.1191,0.21309,8.77741,1.46769
1491.1459,0.09098,11.40154,0.10056
1491.1561,-0.20830,9.66808,0.48125
1491.1801,-0.62491,10.42467,1.81007
1491.1964,-1.49642,9.78301,1.00799
1491.2183,-1.12052,9.73033,2.04711
1491.2388,-0.37590,8.66967,0.90504
1491.2568,-0.71828,9.52443,-1.66163
1491.2766,0.07662,8.78220,1.30488
1491.2996,-0.06465,7.74548,1.21390
1491.3165,0.38308,10.03441,0.38548
1491.3364,0.50280,10.54199,0.48364
1491.3591,-0.23703,10.67368,0.67279
1491.3763,-0.91940,9.53161,1.52515
1491.3969,-1.35516,10.03680,4.47729
1491.4242,-1.21629,10.27383,0.61054
1491.4369,-0.63209,10.80057,1.94894
1491.4766,-0.10056,9.07191,1.95373
1491.4795,-0.13647,10.16130,1.27136
1491.4984,0.65843,9.47654,0.95532
1491.5197,0.12690,9.36640,-0.50040
1491.5676,2.78454,8.61221,-1.83880
1491.5677,-1.81965,9.88596,0.28492
1491.5839,-1.35516,10.06793,2.44934
1491.6001,-0.33520,10.79818,0.92419
1491.6179,-0.46928,10.33130,-0.11732
1491.6375,0.22985,8.45897,-0.06465
1491.6605,-0.49801,11.61702,-1.00081
1491.6777,-0.21070,9.45499,1.51558
1491.7106,-0.04070,10.01286,1.52994
1491.7196,0.72547,9.41189,0.59617
1491.7389,-0.32323,10.00089,-1.21869
1491.7592,0.27295,10.01525,0.61293
1491.7815,-0.52195,9.03360,-0.26816
1491.7996,-0.35435,9.73512,1.05348
1491.8307,0.33280,9.83089,1.76219
1491.8451,2.04232,9.61062,-1.51797
1491.8569,3.60099,9.49330,-1.60895
1491.8772,0.68955,10.76466,-1.13967
1491.8993,-0.96250,9.29936,-0.73265
1491.9164,-0.41182,11.99771,1.65684
1491.9364,-0.61533,9.16768,0.35196
1491.9657,-1.25939,8.92586,0.79490
1491.9762,-0.36632,9.70639,1.27136
1491.9965,1.64487,8.58348,-1.05348
1492.0192,0.83321,11.16450,-0.12211
1492.0364,0.47167,9.86920,1.36474
1492.0571,2.12612,9.36161,0.56744
1492.0798,2.42061,7.83167,-0.14126
1492.0970,0.34717,10.33369,-0.91701
1492.1188,0.01915,8.26504,1.03672
1492.1395,-0.94095,10.63537,-0.03352
1492.1591,0.07901,10.47735,0.35196
1492.1793,-0.83081,9.83568,1.74064
1492.1996,-0.28252,9.19162,-0.11253
1492.2192,-0.61533,10.65931,1.01996
1492.2394,-1.29770,9.93145,1.25699
1492.2603,-0.55068,10.09905,-1.39586
1492.2773,-0.58420,10.26904,1.06545
1492.3000,-0.65843,10.03919,-0.60575
1492.3226,-0.51956,10.01046,0.70871
1492.3408,1.07982,8.77262,-0.32083
1492.3608,0.94334,10.20440,-1.84359
1492.3998,0.53871,9.69921,0.80448
1492.3999,2.18597,8.83009,0.22506
1492.4183,3.78295,9.37598,-0.36872
1492.4404,2.49483,8.84445,-0.09338
1492.4579,1.21869,10.35284,-0.22267
1492.4778,1.15643,10.48213,0.47885
1492.5002,0.50998,9.84286,1.76458
1492.5178,0.11493,10.15651,-1.47966
1492.5378,0.00718,10.30256,1.19714
1492.5601,0.46449,9.84765,-0.46928
1492.5778,0.79011,9.29697,0.97447
1492.5978,1.37431,9.69442,-0.56984
1492.6202,0.05986,9.04078,-0.02155
1492.6396,-0.09817,9.70639,0.01915
1492.6648,-0.17718,10.15412,-0.49801
1492.6851,-0.15084,9.43584,0.92419
1492.7004,-0.27774,9.92666,1.74303
1492.7185,0.90264,8.67206,-0.46449
1492.7426,0.49561,10.53960,1.09897
1492.7604,0.67040,10.11342,1.46290
1492.7833,0.73744,9.74709,-0.54350
1492.8138,0.15802,10.56833,1.60416
1492.8197,-1.52994,10.47016,-0.30886
1492.8379,-0.09338,9.39753,-0.01676
1492.8605,-0.32562,10.18285,0.19154
1492.8782,-0.87391,10.11342,0.05986
1492.8995,-0.06943,9.61301,-0.13647
1492.9240,-0.16999,8.45658,-0.56265
1492.9426,-0.31604,9.85723,-0.00718
1492.9619,-0.33759,9.71597,0.77575
1492.9847,-0.46928,9.55316,0.62251
1493.0004,0.46688,10.41749,0.04549
1493.0211,0.91701,9.49809,1.11573
1493.0439,0.91222,9.85005,0.33999
1493.0615,-0.59857,9.40950,2.27935
1493.0955,0.00479,9.90512,0.07422
1493.1035,-0.01915,8.79417,2.10696
1493.1215,-0.56984,9.23951,0.04549
1493.1414,0.94334,9.17247,0.08619
1493.1633,1.33601,10.21398,1.41023
1493.1816,0.97208,9.04557,-0.96250
1493.2018,2.07344,8.36560,-1.67120
1493.2328,-1.19235,10.42467,1.00081
1493.2402,0.06465,11.10704,1.26657
1493.2601,-0.34717,9.90512,1.06785
1493.2826,-0.16281,9.44541,0.14845
1493.3002,0.37590,9.30894,-1.36953
1493.3219,0.34238,10.03201,0.45252
1493.3424,0.76617,7.97054,0.67040
1493.3618,-0.79011,8.47573,-1.40544
1493.3799,-1.08700,11.91391,-0.62730
1493.4021,-0.64645,8.40390,1.93936
1493.4200,-1.03433,9.80934,1.62571
1493.4418,-1.07503,10.42707,2.75581
1493.4623,-0.97208,9.56273,1.74782
1493.4801,-0.68955,11.72237,1.27854
1493.5055,-0.04549,9.62020,1.12052
1493.5222,0.45012,9.59865,0.06465
1493.5400,1.36713,9.55316,0.64167
1493.5601,1.21390,9.01444,-1.09179
1493.5824,0.31844,10.83649,0.57463
1493.6016,-0.21070,8.68164,1.46051
1493.6211,-0.38308,9.24908,1.40544
1493.6549,0.30168,9.02163,0.28731
1493.6600,-1.39826,10.33848,1.57304
1493.6802,-0.79969,10.12778,2.14527
1493.7059,-0.52674,9.56034,2.28174
1493.7214,-1.32403,9.72554,1.73585
1493.7412,-1.20911,10.59227,2.88271
1493.7659,-0.31844,11.23873,-0.16760
1493.7997,-0.22267,8.75586,2.32005
1493.8008,-1.18277,10.31693,0.54589
1493.8240,-0.48843,10.67847,0.61533
1493.8416,-0.36154,10.41988,1.30488
1493.8644,-0.16999,10.62100,-0.73265
1493.8861,0.26337,10.11102,0.94334
1493.9205,0.37590,8.56432,0.00479
1493.9384,-0.30168,8.98811,-0.25858
1493.9426,-0.85476,11.32253,0.74223
1493.9600,0.00000,8.83009,0.67519
1493.9797,0.39266,10.34806,0.10774
1494.0024,-0.75899,10.64495,0.09338
1494.0199,2.08062,8.26504,-0.56265
1494.0581,2.19794,8.66009,-0.23943
1494.0779,0.69913,10.29299,-0.83321
1494.0797,2.66722,8.95938,-1.77655
1494.0999,0.75180,11.05437,-1.10137
1494.1219,0.72307,9.74949,-2.28893
1494.1396,0.28971,8.31532,1.59219
1494.1598,-0.36872,12.45502,-0.33280
1494.1826,-0.26098,9.80934,-1.62332
1494.2144,1.15883,10.41270,-0.46928
1494.2195,0.44534,10.34327,1.26897
1494.2418,-0.63688,9.93863,1.53473
1494.2599,0.86433,8.88276,3.13650
1494.2795,0.20591,10.71199,-0.36872
1494.3021,-0.14366,10.51326,1.91303
1494.3195,0.33999,9.41908,1.07982
1494.3391,-0.84757,9.43823,0.29210
1494.3655,-0.36154,10.09666,1.55388
1494.3804,-1.41741,9.33767,1.73106
1494.3993,-0.27534,10.64734,1.41502
1494.4216,0.48125,9.11979,0.73025
1494.4391,0.36154,9.48851,-0.36632
1494.4589,1.01278,9.16768,0.62012
1494.4840,1.18517,9.45260,1.07024
1494.4985,0.93616,8.86839,0.51237
1494.5188,-1.75740,9.92188,-0.90982
1494.5416,-0.90025,11.05437,-0.92419
1494.5610,-1.13010,8.37996,3.45494
1494.5811,-0.61772,9.89793,0.89067
1494.6036,-0.43336,10.48932,2.15006
1494.6287,-0.85954,11.63618,0.34717
1494.6438,0.26098,7.51802,0.83800
1494.6637,-1.73106,9.87399,-1.02236
1494.6797,-0.81166,11.20281,2.64328
1494.6997,0.51477,7.45577,0.60815
1494.7220,0.73983,8.39672,-0.18196
1494.7395,0.31604,11.50210,-0.46210
1494.7601,0.69913,9.90751,-0.24661
1494.7817,0.80448,9.92427,0.09817
1494.7994,1.10855,9.27063,-1.26657
1494.8197,0.05028,11.26506,0.53153
1494.8441,0.53153,10.23074,0.84518
1494.8622,0.76856,9.68005,0.64645
1494.8995,0.76377,9.63456,1.25221
1494.9188,0.62730,9.49809,2.46131
1494.9232,-0.55547,9.68005,1.36953
1494.9398,0.79011,10.97536,0.19394
1494.9619,0.32802,8.64094,0.13647
1494.9795,0.59617,9.70160,-2.83482
1495.0012,0.19154,9.79737,1.07742
1495.0236,-0.96010,10.28341,2.56187
1495.0452,-0.88109,9.84526,2.65764
1495.0598,-0.46210,9.22275,1.04151
1495.0841,0.06225,9.33049,-0.13169
1495.1017,0.28492,8.85882,1.28812
1495.1230,0.56984,8.81572,0.91940
1495.1460,1.38868,9.11261,1.90105
1495.1802,-0.76377,9.80216,0.83800
1495.1805,-0.23224,8.04476,0.11732
1495.2019,-0.17478,9.91709,0.98644
1495.2194,-0.56265,10.43664,1.13010
1495.2390,0.41660,9.71836,0.99362
1495.2616,0.06943,9.91709,-0.24182
1495.2791,0.52913,10.24031,1.16122
1495.2992,-0.30886,10.24271,0.88828
1495.3219,0.53153,10.58748,1.45811
1495.3394,0.12690,9.25866,0.83800
1495.3591,0.11732,9.26824,0.64406
1495.3813,-0.62969,10.20201,1.14207
1495.3990,-0.59378,8.89952,0.53392
1495.4189,0.00479,9.44781,1.20911
1495.4482,-0.51956,9.28739,1.53952
1495.4614,-0.43336,10.78142,0.28492
1495.4792,0.51477,9.49091,1.66642
1495.5018,-0.71349,9.36401,3.56986
1495.5215,-0.17239,10.83409,0.87630
1495.5393,-0.18436,10.46059,0.09577
1495.5634,-0.16520,10.09905,-0.46210
1495.5812,0.22506,10.71677,1.77655
1495.6119,-1.34079,9.27781,1.95133
1495.6222,-2.35118,10.15412,0.76856
1495.6429,-1.20911,10.33608,2.34878
1495.6594,-0.98644,9.57231,3.53395
1495.6833,-0.93856,9.87399,1.35995
1495.7014,-0.36872,10.46777,0.05028
1495.7196,-0.35435,9.99610,-0.07183
1495.7494,-0.97208,9.51724,0.56265
1495.7595,-0.22746,10.39355,0.63209
1495.7794,-0.65603,9.83568,1.35995
1495.8018,-0.64406,10.60424,0.62491
1495.8195,0.54829,10.26426,-1.75500
1495.8392,0.90025,9.35204,-1.56107
1495.8617,-0.63688,11.01366,0.34478
1495.8866,0.85954,9.45978,2.27456
1495.8994,-0.35914,9.49569,2.35836
1495.9232,0.10535,9.70400,-0.07662
1495.9392,0.02873,8.73671,-0.19394
1495.9606,-0.10295,9.97934,0.93616
1495.9851,-0.39984,8.70558,1.41262
1496.0005,-0.95053,9.58189,0.96729
1496.0271,-0.18675,9.83808,-0.16042
1496.0436,0.65603,9.32570,2.51159
1496.0614,1.16841,9.79258,-0.54111
1496.0814,1.19235,9.55795,-1.45811
1496.1035,0.82602,10.60664,-0.78772
1496.1213,0.92898,9.37359,0.57463
1496.1554,0.43576,10.60424,0.83800
1496.1738,-0.99602,10.06314,1.28333
1496.1821,-0.46210,10.01286,0.54829
1496.2039,-0.37351,10.73593,-0.06225
1496.2249,-1.07742,10.33369,1.02714
1496.2421,1.19714,9.26824,-0.45012
1496.2622,0.60575,8.73910,-0.02873
1496.2848,-0.43336,8.53559,-0.39984
1496.3099,0.46210,9.12458,0.49083
1496.3217,0.39266,8.73431,-1.72148
1496.3442,0.11253,9.53161,-1.08221
1496.3619,2.72229,6.55552,-1.19714
1496.3826,1.99922,7.51563,0.71828
1496.4049,2.82046,9.06712,-1.01757
1496.4233,0.91701,9.82371,-1.13010
1496.4482,0.17718,10.99930,-0.09338
1496.4648,-0.28731,9.23472,2.73666
1496.4821,-0.09577,11.00888,1.27375
1496.5020,0.23464,9.39513,2.26020
1496.5249,0.10535,11.61463,0.07183
1496.5441,0.33999,11.30577,1.15404
1496.5714,1.60656,10.53241,1.87472
1496.5939,-1.20911,10.27383,1.21390
1496.6049,-1.13489,10.43664,0.76138
1496.6243,-2.41822,10.45101,0.33280
1496.6470,-1.70233,10.49650,-0.16520
1496.6644,-0.95292,9.87878,1.42459
1496.6848,-1.05827,10.00089,1.83401
1496.7185,-0.33999,9.30176,1.02714
1496.7391,0.46449,10.92747,0.61293
1496.7444,0.76856,11.66970,0.52435
1496.7673,-0.05746,10.31693,1.85077
1496.7828,-0.47646,10.30975,1.82683
1496.8031,-0.86433,9.48133,0.37830
1496.8256,-0.91461,10.68565,1.32643
1496.8438,-0.39745,10.16609,1.81965
1496.8679,0.35435,9.76625,-0.07662
1496.8867,0.37351,9.64414,1.49882
1496.9030,-0.28492,8.96895,0.50998
1496.9235,-0.50998,8.95219,0.64406
1496.9471,-1.56586,9.58428,0.83560
1496.9633,-0.32323,9.52682,2.36315
1497.0010,0.30886,8.10941,0.52435
1497.0149,0.73504,8.50925,0.51477
1497.0237,1.24502,9.83089,-0.06704
1497.0433,-0.14366,10.53241,-0.12450
1497.0656,-0.04070,9.74470,1.76937
1497.0831,-0.74941,9.67048,0.88109
1497.1034,-0.86912,10.39355,3.82366
1497.1256,0.49561,8.95459,0.94095
1497.1434,0.28971,8.59066,-0.08619
1497.1631,0.04070,9.73273,0.59139
1497.1855,0.04070,10.00328,0.28492
1497.2032,0.57463,9.42147,1.30488
1497.2272,-0.39506,9.18444,2.92102
1497.2491,-0.97208,10.51326,0.87870
1497.2645,-1.55388,10.22834,3.57944
1497.2959,-1.45332,9.86202,3.15565
1497.3059,-0.04310,10.03201,1.05827
1497.3230,-0.82363,10.02962,0.86194
1497.3431,-0.22506,10.77663,1.43896
1497.3655,1.14207,9.82610,0.00239
1497.3829,0.49801,8.57150,-0.12450
1497.4042,-0.83321,9.69202,0.03591
1497.4293,0.52674,9.14374,-0.11253
1497.4432,0.07662,9.66808,0.58899
1497.4631,0.59139,10.51326,-1.00320
1497.4852,-0.13647,9.68245,-1.27375
1497.5043,0.71349,8.50925,1.42220
1497.5245,0.32562,11.58350,0.52195
1497.5468,0.60336,9.28500,-0.17957
1497.5770,2.47329,9.81653,1.63050
1497.5831,1.35516,10.85804,-0.38308
1497.6053,2.79172,10.08708,1.35037
1497.6244,-1.98007,10.48453,0.53632
1497.6449,-1.44614,10.52523,2.43258
1497.6656,-0.46210,11.16929,1.88908
1497.7026,-0.94574,9.51006,2.46610
1497.7216,-1.08221,10.29778,3.31846
1497.7260,0.72786,9.81892,-0.64167
1497.7443,-0.14366,9.27542,1.14686
1497.7629,0.32562,10.07750,0.07662
1497.7853,0.02634,9.74470,-0.07662
1497.8031,0.96010,10.13257,-0.35675
1497.8231,0.57941,10.65931,0.14126
1497.8458,-0.23703,10.17567,1.15165
1497.8625,0.48604,9.56034,-1.54191
1497.8824,0.11971,10.55157,-0.20351
1497.9075,-0.22746,10.13018,-0.26576
1497.9226,1.56586,7.68562,0.41421
1497.9431,0.45731,8.39912,2.15485
1497.9663,-0.37351,9.49091,-1.03193
1497.9911,0.83321,9.21796,0.41182
1498.0068,0.08141,8.98332,3.00003
1498.0250,-0.27295,8.38954,-1.51797
1498.0427,0.76138,10.08947,1.80528
1498.0631,0.39984,9.62259,1.07982
1498.0851,0.10774,10.35524,0.25619
1498.1113,0.60336,9.93863,1.72388
1498.1263,-0.71110,10.02483,2.02077
1498.1449,0.36632,10.08708,0.11732
1498.1625,-0.10774,9.87399,0.82124
1498.1826,0.91222,8.37039,-0.58181
1498.2050,2.07584,8.72953,-1.82204
1498.2223,1.33601,9.51245,0.63448
1498.2423,0.48843,9.59386,-1.48684
1498.2646,0.48604,9.20599,0.23464
1498.2822,0.11493,9.67048,0.03591
1498.3029,0.95292,9.55555,-1.86275
1498.3248,0.93137,10.42467,-0.29689
1498.3424,2.36315,8.65051,-0.36632
1498.3624,0.29450,10.38876,-0.75659
1498.3840,0.70631,8.79896,-0.50280
1498.4022,0.90264,10.02722,-0.30407
1498.4224,0.95292,9.80695,-0.34717
1498.4440,1.44854,8.74150,-0.14845
1498.4615,2.26259,10.40552,-1.75500
1498.4823,2.32245,8.43503,0.54111
1498.5065,1.58262,9.18204,-0.35435
1498.5287,1.10376,10.12778,0.09577
1498.5421,0.61533,9.05036,-0.28971
1498.5648,1.07503,9.60344,-1.86753
1498.5835,1.46051,10.19722,-1.78613
1498.6036,1.09897,9.74230,0.33520
1498.6266,-0.09817,9.92666,1.90105
1498.6458,0.63688,9.47415,-0.44055
1498.6803,0.00718,10.55636,-1.11573
1498.6948,-0.34478,11.45182,0.50040
1498.7032,1.13249,10.12299,1.54670
1498.7236,2.83722,9.62259,-3.52677
1498.7457,2.94735,10.06074,-2.89947
1498.7634,2.75581,8.34884,-0.13408
1498.7838,-0.04549,9.03839,0.26098
1498.8059,-1.01278,11.64815,-3.07904
1498.8330,0.12211,9.44541,1.54910
1498.8455,0.02394,10.68325,1.09658
1498.8662,1.75979,9.43584,-1.03912
1498.8839,1.60656,9.45260,0.36154
1498.9045,0.21070,10.16370,1.70951
1498.9272,-0.13647,10.67847,0.50280
1498.9462,-1.29291,10.64495,1.80289
1498.9758,-1.43656,8.93304,1.42220
1498.9871,-0.29689,8.71037,0.21788
1499.0065,-0.02155,9.95300,2.10936
1499.0248,-0.39984,9.94342,0.73504
1499.0497,-0.60336,10.06793,0.03113
1499.0670,-0.86673,9.71597,3.06467
1499.1124,-0.66561,9.34007,0.57702
1499.1125,-0.13169,9.44781,-0.67519
1499.1304,-0.78532,10.77424,0.47407
1499.1447,-0.46928,9.44781,1.94655
1499.1674,-0.28013,8.84445,2.18118
1499.1842,0.22267,9.64174,-0.95771
1499.2045,1.01996,9.64893,-1.07503
1499.2269,1.50600,9.15810,0.22985
1499.2441,1.02714,8.59784,0.61293
1499.2654,-0.38787,8.68403,-0.15084
1499.2864,0.96010,9.25627,-0.77814
1499.3053,0.62251,9.57471,0.44773
1499.3240,1.08461,9.77582,0.95053
1499.3462,1.17319,9.81892,0.61054
1499.3640,0.16760,9.70400,-0.04549
1499.3854,0.42379,10.36482,1.12531
1499.4063,0.82363,9.63935,-0.32562
1499.4241,1.56586,8.78220,-0.13887
1499.4445,0.45731,9.24908,-1.20193
1499.4668,0.50998,10.26665,-1.99683
1499.4845,0.13887,10.38876,0.08380
1499.5042,-0.62969,10.05117,1.33361
1499.5265,-0.37590,11.56195,0.30168
1499.5441,-0.72547,9.56752,2.64567
1499.5641,-0.60815,9.97215,1.95373
1499.5864,0.75659,7.88195,-1.14446
1499.6041,0.96250,10.69762,-1.41262
1499.6244,-0.41182,10.62819,1.40065
1499.6466,0.70152,9.90033,1.18038
1499.6761,0.49561,9.28739,0.54111
1499.6866,0.31126,9.78540,-1.85317
1499.7069,-0.02394,10.70241,-2.29850
1499.7242,0.33759,8.91867,-0.25140
1499.7445,-0.88349,9.24190,3.12932
1499.7684,-0.51237,9.68245,0.54350
1499.7858,0.13169,9.79737,-0.07901
1499.8141,0.65843,9.44063,-1.01278
1499.8268,0.89306,10.13018,-2.08541
1499.8444,2.53793,8.48770,0.66561
1499.8641,1.66163,9.57471,1.19714
1499.8872,2.05908,9.02163,0.24661
1499.9050,-1.07024,10.54678,0.46688
1499.9437,-1.12531,9.45020,1.69036
1499.9611,-1.01517,9.00487,1.06306
1499.9646,-1.05827,9.09106,0.79011
1499.9844,-0.63209,10.13257,2.74623
1500.0093,0.14126,8.87797,-1.09897
1500.0259,0.69434,10.11581,1.45572
1500.0483,0.09098,9.94103,2.36315
1500.0863,0.06465,10.10145,4.68081
1500.0864,-1.33361,9.13416,-0.21070
1500.1049,-0.79490,10.42707,1.76697
1500.1283,0.42139,10.07271,-0.94574
1500.1444,3.16284,9.16050,4.90826
1500.1643,-1.61853,11.01606,-1.84599
1500.1881,1.98007,10.18046,-1.54431
1500.2061,2.12133,9.72794,-1.01517
1500.2341,2.50681,9.21556,-1.20671
1500.2469,1.01517,11.45660,1.06545
1500.2645,2.52357,9.29457,-0.41900
1500.2839,1.94894,9.03120,-2.64567
1500.3068,0.41660,9.62020,-0.91701
1500.3245,1.47248,8.09983,-0.69434
1500.3446,2.49962,9.48372,1.41502
1500.3745,2.23386,10.48692,-0.90982
1500.3843,1.68796,8.67206,-0.70392
1500.4060,-0.06465,10.38876,-2.75342
1500.4286,1.10376,9.57949,1.87951
1500.4465,-2.03513,9.36880,0.48843
1500.4648,-1.08221,9.65132,0.93616
1500.4918,-1.64966,10.57551,-0.02394
1500.5115,-0.54829,10.01286,1.44135
1500.5259,0.49322,7.75506,-0.22746
1500.5464,0.85715,8.63375,-1.72867
1500.5643,0.57223,10.45101,0.60815
1500.5841,1.10137,10.63058,0.35435
1500.6069,1.16841,9.65132,2.99524
1500.6259,-1.46769,11.21957,-0.22985
1500.6603,0.59857,10.29299,1.44375
1500.6694,0.04789,10.22834,1.12052
1500.6870,1.04869,9.97694,0.89067
1500.7069,1.04869,9.49569,-0.18675
1500.7302,0.04070,9.75188,0.11014
1500.7490,-0.41900,10.92508,1.70712
1500.7853,-0.73265,9.98173,0.75899
1500.8042,-1.03433,9.41429,0.85715
1500.8071,-0.91940,10.98014,1.58740
1500.8252,-0.12929,9.96018,1.90824
1500.8475,-0.52195,9.52921,1.87232
1500.8652,-0.11493,10.60664,-0.41660
1500.8864,0.22267,8.66727,0.63209
1500.9102,-0.80687,9.96497,0.48604
1500.9282,-0.33759,11.74631,0.93137
1500.9458,-0.07662,8.58108,1.33122
1500.9683,-0.47407,10.19003,0.46210
1500.9861,-0.60815,10.67128,1.46051
1501.0066,0.13408,10.52763,3.41902
1501.0289,0.18915,8.59066,1.26657
1501.0465,0.89306,10.22595,-0.58420
1501.0797,0.00479,9.19880,1.16601
1501.0883,-0.22746,9.36880,0.58181
1501.1057,0.87391,9.12937,-1.15643
1501.1260,-0.23464,10.52763,0.00479
1501.1483,0.21548,9.31373,-0.04310
1501.1680,0.07422,9.85244,1.15643
1501.1876,-0.57702,11.36562,2.09738
1501.2220,0.29210,9.56513,0.76377
1501.2256,0.43576,9.83568,0.96968
1501.2463,-0.84757,10.48692,1.37671
1501.2681,0.34717,9.68245,0.32323
1501.2861,0.34717,9.60822,0.28731
1501.3064,-0.81884,10.84128,1.66881
1501.3291,-0.50519,8.08307,1.50121
1501.3574,-0.42858,9.87160,-1.02475
1501.3713,-0.33041,10.89634,0.33041
1501.3884,-0.27534,9.01205,1.30727
1501.4058,0.94813,9.31612,0.71589
1501.4258,-0.82363,11.42787,0.97926
1501.4484,-0.03591,9.50288,2.13809
1501.4674,-0.38548,10.48213,-0.33041
1501.5001,-0.77575,10.62579,-0.20830
1501.5084,-0.21309,9.63217,0.75420
1501.5276,-0.13169,10.12299,0.98405
1501.5476,-0.40463,10.26904,0.49322
1501.5701,-0.61533,9.62498,3.12453
1501.5861,-0.17478,9.50288,1.63050
1501.6205,0.29450,9.46457,-0.76856
1501.6381,0.28492,9.81174,0.87391
1501.6494,-0.22985,9.37359,0.09098
1501.6669,0.31844,8.83248,-0.79250
1501.6903,-0.82363,9.26584,1.29530
1501.7080,-0.96489,9.75906,2.94256
1501.7281,-0.20112,9.13176,0.53632
1501.7528,-0.45012,9.17247,-0.15323
1501.7699,1.30009,10.33848,-0.55547
1501.7891,1.28333,8.56672,-0.22746
1501.8104,0.61772,9.33049,0.32802
1501.8280,0.15563,10.51805,0.17239
1501.8483,0.78772,9.47415,-1.00560
1501.8724,-0.35196,10.31214,-0.28252
1501.8975,0.06465,10.48692,0.90982
1501.9099,-0.19633,9.62498,1.28573
1501.9301,-0.30647,10.57072,0.44055
1501.9479,0.48604,10.15412,-0.28971
1501.9695,1.58501,8.74868,0.89306
1501.9916,1.73824,8.10941,0.05507
1502.0093,1.45093,8.96895,-0.33999
1502.0300,0.91222,8.78938,0.20830
1502.0651,0.76856,9.78540,-1.17319
1502.0680,0.83560,9.44302,0.45491
1502.0879,1.39826,8.53320,-2.36794
1502.1106,2.09020,10.70959,-2.28174
1502.1282,1.73106,9.25148,1.22826
1502.1482,-0.27774,10.32890,1.81486
1502.1906,0.65124,10.04638,0.85236
1502.1908,-0.63448,8.24828,0.36154
1502.2095,-0.34478,10.91789,0.92658
1502.2303,0.57223,10.21877,1.15404
1502.2490,-0.18196,8.81333,2.06626
1502.2692,-0.67040,10.91311,-0.70631
1502.2919,-0.93137,10.75987,3.28973
1502.3091,-1.30488,10.20919,2.15485
1502.3295,-0.92898,9.49569,0.95053
1502.3522,-1.38150,10.28102,2.98327
1502.3677,-0.75899,9.62020,2.20752
1502.3878,0.72307,10.84128,-0.85954
1502.4099,0.24422,9.91948,0.68716
1502.4276,0.65124,9.79258,-0.07422
1502.4495,1.08461,9.15571,-0.79969
1502.4800,-0.19633,10.60185,0.08141
1502.4928,0.79250,8.97614,0.46688
1502.5074,0.85236,9.54597,-0.30647
1502.5298,0.29450,10.00089,-0.27295
1502.5477,-0.62969,10.55875,1.86753
1502.5674,-0.08619,10.68565,1.03193
1502.5900,0.48364,9.06233,-0.69195
1502.6145,-0.11014,11.13338,-0.19633
1502.6276,1.29051,6.65608,0.23943
1502.6499,1.86993,7.94899,-2.04471
1502.6680,0.70871,11.55477,-0.60575
1502.6879,-1.56107,9.84765,4.10618
1502.7106,-1.24023,10.68804,1.02954
1502.7317,-0.36872,10.64016,0.54589
1502.7504,-0.03831,10.70959,1.70712
1502.7699,1.06066,8.44221,2.64567
1502.7875,-1.92979,10.04877,-1.32882
1502.8094,-0.50280,10.73114,2.06865
1502.8301,-1.01517,10.02483,3.80450
1502.8494,0.44055,8.26982,1.98485
1502.8834,2.06626,7.86759,-1.82204
1502.8993,1.55628,8.57390,-1.91781
1502.9077,1.12531,10.37679,0.66800
1502.9277,0.23703,9.91709,0.70631
1502.9502,-0.06704,11.02564,2.15485
1502.9678,-0.46688,8.23631,1.86035
1502.9878,-0.76856,11.25788,-0.16281
1503.0120,-0.57702,11.26267,2.77496
1503.0277,-0.76856,9.88836,1.11334
1503.0475,0.66082,9.17486,-0.27295
1503.0704,0.10295,10.85804,0.34717
1503.0879,0.34956,9.44781,1.25221
1503.1078,-1.15165,11.57392,1.27854
1503.1304,-1.33840,10.81973,0.84518
1503.1680,-0.11014,9.92906,0.95053
1503.1793,1.51797,8.14293,0.12690
1503.1896,1.06545,9.39274,-2.14527
1503.2094,1.24263,9.66329,0.12690
1503.2294,-0.29450,10.74551,-1.06545
1503.2500,-0.32802,11.22197,0.54829
1503.2677,2.70314,9.49330,1.01038
1503.2897,-0.07422,9.38795,-1.68557
1503.3210,-0.15084,9.94821,1.37431
1503.3282,-0.30647,9.66808,0.82602
1503.3489,-0.58899,11.30337,-0.18675
1503.3708,-0.59617,11.43266,1.95612
1503.3887,0.81884,8.75826,-0.83081
1503.4098,3.83563,7.27860,0.04789
1503.4326,3.44297,10.30256,-0.04070
1503.4639,-0.00718,8.98571,0.17478
1503.4685,0.20830,9.51245,0.18675
1503.4908,0.02634,10.73832,-0.86673
1503.5088,0.34717,8.47813,0.81645
1503.5288,-0.19394,10.83649,-0.12690
1503.5503,1.10615,9.16768,-0.06225
1503.5693,-0.63688,8.77741,0.10535
1503.5990,-0.87152,10.33608,1.75979
1503.6111,-0.73744,9.26105,1.02714
1503.6283,-0.31844,8.44221,1.78134
1503.6482,-1.27136,9.56273,1.99683
1503.6731,-0.22985,9.95779,1.29291
1503.6888,-0.65843,10.99690,1.50600
1503.7095,-1.26657,10.09426,1.14925
1503.7421,-2.72947,10.13975,-0.01437
1503.7484,-0.25140,10.69283,3.28973
1503.7683,-1.18517,9.96258,2.94975
1503.7906,-1.18756,10.31693,3.69437
1503.8085,-0.59139,9.09585,0.38308
1503.8284,0.08619,10.98014,-0.39506
1503.8549,-0.28492,9.93385,0.63209
1503.8784,-0.38308,10.85085,0.12690
1503.8933,0.75420,9.27542,-0.02394
1503.9109,1.73585,9.20120,1.28333
1503.9301,0.08619,9.63217,-0.48843
1503.9500,0.64167,10.43904,0.08619
1503.9723,1.67839,9.82610,-0.81405
1503.9899,0.85476,9.68245,1.01038
1504.0211,-2.08062,10.27144,0.91461
1504.0308,-0.44294,10.03680,0.58899
1504.0483,0.40224,9.99131,-0.16281
1504.0684,-1.35995,9.76385,1.83401
1504.0913,-1.12052,9.08388,-0.14845
1504.1085,-0.11732,9.54119,-0.74941
1504.1302,1.04630,9.05994,-1.47966
1504.1652,1.29530,8.80375,-1.26418
1504.1683,2.14766,9.75667,-1.49163
1504.1880,2.19555,10.06314,2.08541
1504.2102,0.13647,9.86202,1.81007
1504.2281,0.54589,10.15651,0.16281
1504.2482,0.58181,9.97934,-2.48047
1504.2725,-0.42139,11.60266,0.16999
1504.2889,-1.24023,10.40791,0.20351
1504.3079,-0.47407,10.51565,1.30488
1504.3301,0.04070,9.79019,1.24742
1504.3496,-1.38150,10.76705,2.32005
1504.3698,-0.27295,8.55714,2.21949
1504.3920,-0.14126,9.96258,1.21629
1504.4119,0.34956,9.53640,1.06306
1504.4294,0.11732,10.13736,-0.34238
1504.4506,-0.70871,10.32651,-1.52515
1504.4683,-0.76856,10.65452,1.01038
1504.4883,-0.00239,9.28979,-0.72547
1504.5110,0.27295,8.59784,-0.50040
1504.5302,0.48125,10.66889,-2.48286
1504.5498,1.04869,8.51644,-1.36474
1504.5828,4.03914,8.97135,0.99362
1504.5884,1.05588,10.63058,-1.25699
1504.6082,0.51716,10.62340,-0.28013
1504.6307,1.82923,10.52284,0.28731
1504.6499,-0.98405,10.55636,1.32164
1504.6682,-1.63529,10.90353,-1.00081
1504.6912,-1.04869,11.98574,3.79971
1504.7180,-0.63927,8.86121,-1.47248
1504.7285,-0.33999,11.62181,1.24742
1504.7500,0.10056,9.85005,-0.68476
1504.7678,1.87711,7.95378,0.48604
1504.7899,1.32643,8.62657,-0.56265
1504.8124,1.64247,8.08068,-1.20432
1504.8477,-1.06545,11.69603,-0.36393
1504.8618,-1.72867,11.40393,1.17559
1504.8706,-1.43896,8.03758,2.23146
1504.8883,-1.76219,9.72076,-1.45093
1504.9082,-1.00081,7.98012,2.54272
1504.9327,-1.44375,9.77822,3.22269
1504.9504,-0.45252,11.20521,-0.27295
1504.9700,-0.45252,10.80776,-2.02316
1505.0071,1.91303,7.67365,-0.99841
1505.0089,1.98007,9.28260,-1.48445
1505.0282,0.58181,9.60822,-0.03591
1505.0500,0.39745,9.16289,0.62730
1505.0681,0.41182,10.60903,-0.01915
1505.0892,-0.31844,9.12698,1.09658
1505.1123,-0.29210,10.18764,3.01918
1505.1348,-0.22027,8.90910,3.66085
1505.1499,-0.53392,9.40471,-2.44216
1505.1714,-0.37590,9.94821,-0.96968
1505.1876,0.29928,10.73114,-3.22748
1505.2076,1.62092,8.32489,-1.58980
1505.2322,1.27375,11.01845,0.14366
1505.2489,-0.53632,9.80934,3.24185
1505.2838,-0.25140,9.31852,1.01996
1505.2904,1.79810,9.39992,-1.41502
1505.3080,-0.24661,9.66808,-2.21231
1505.3279,-1.27615,10.59945,2.69595
1505.3501,-1.21390,10.89874,-0.74701
1505.3678,-0.08859,10.34087,0.72307
1505.3899,0.63927,8.68643,-0.60575
1505.4102,0.23464,8.81093,0.33520
1505.4277,0.97208,11.73674,-1.74782
1505.4478,1.62571,8.65051,-0.56026
1505.4705,-0.94574,9.96497,1.19474
1505.4880,0.62012,10.35284,0.09098
1505.5081,1.72627,9.88117,0.83800
1505.5322,1.01996,10.43425,0.45731
1505.5558,0.50759,9.96258,-1.11813
1505.5679,0.60815,11.55477,-1.14925
1505.5901,0.59139,10.76227,-0.03831
1505.6079,1.26418,8.17884,1.78852
1505.6294,1.21390,9.64893,-1.56107
1505.6516,1.86514,9.86920,-1.35037
1505.6698,0.99123,8.36799,0.90743
1505.6895,-1.31206,10.82930,-0.89067
1505.7115,-0.12450,11.34886,0.97686
1505.7278,-0.19633,9.78061,0.66561
1505.7482,0.25858,8.69601,1.44135
1505.7703,0.24182,10.47495,-1.20193
1505.7898,1.99922,8.31771,1.09897
1505.8094,1.33840,9.69442,-0.21070
1505.8361,-0.33280,9.97455,1.14446
1505.8506,-0.54589,11.04000,0.91222
1505.8674,0.19394,9.35204,1.67839
1505.8900,-0.40942,9.79019,1.60656
1505.9094,0.11014,8.84445,0.84518
1505.9279,-0.43336,8.66009,-0.00479
1505.9602,-1.24263,9.01923,2.39667
1505.9723,-0.27295,10.75029,-0.84039
1505.9888,0.87630,8.62178,-3.34001
1506.0114,0.86194,9.43344,-0.19394
1506.0293,2.38230,8.87318,0.98644
1506.0488,2.61934,8.92107,-1.02236
1506.0731,1.36713,10.96578,-1.37671
1506.0914,0.95053,9.50288,0.67758
1506.1259,-0.11253,9.43584,0.57223
1506.1334,0.11253,10.40312,0.28731
1506.1489,-1.24742,9.33767,1.48445
1506.1686,-0.69434,10.09187,1.13249
1506.1930,0.36154,9.97215,0.52674
1506.2104,2.15245,8.03279,-3.70155
1506.2488,1.83162,9.41668,-2.66243
1506.2629,1.54910,8.87558,-1.58022
1506.2684,0.74223,10.16370,-1.81007
1506.2889,1.64247,9.01205,-0.46210
1506.3136,1.41741,8.88037,-2.09978
1506.3295,2.47807,9.22993,0.19872
1506.3522,3.59860,8.21476,0.86912
1506.3726,2.44455,9.55555,0.38787
1506.3906,-0.20830,10.80057,-0.87630
1506.4091,0.09577,9.62977,0.02873
1506.4312,0.01437,10.41270,0.34717
1506.4490,-1.47008,9.11740,-0.48843
1506.4690,-0.56984,8.65530,1.18995
1506.4912,-1.09658,9.69442,1.35277
1506.5105,-0.43336,8.87558,1.05588
1506.5300,0.15563,8.73192,-0.65603
1506.5511,-0.07901,9.80934,0.99841
1506.5688,-0.42858,10.94662,1.12531
1506.5894,0.62012,9.62259,0.98884
1506.6116,0.90982,10.50129,1.19953
1506.6293,0.52435,10.64495,1.01038
1506.6641,-0.70871,9.84526,0.03113
1506.6818,-0.56744,11.48055,-0.19633
1506.6890,0.28731,9.94103,2.12851
1506.7104,0.76138,8.72234,0.26337
1506.7335,0.23224,9.50048,1.08461
1506.7512,1.16362,9.61062,-1.45811
1506.7723,1.45811,8.93304,-0.90504
1506.7950,2.73666,9.12937,-0.07901
1506.8136,-0.87630,8.32729,-1.27615
1506.8334,-0.68955,9.96497,0.45970
1506.8533,1.02714,9.48612,-2.09260
1506.8705,1.13967,9.23232,0.40463
1506.8907,1.02714,10.16130,-0.92658
1506.9132,2.01598,8.17645,-2.80848
1506.9326,1.85556,9.83089,-0.75659
1506.9625,0.61054,8.73431,2.98087
1506.9783,0.88588,9.52443,1.52276
1506.9916,1.23305,9.96018,-1.55628
1507.0129,0.69673,10.47735,-1.00560
1507.0333,0.56744,10.52044,0.77335
1507.0530,0.53153,10.81015,0.30886
1507.0823,0.79729,10.21158,0.10535
1507.0974,0.53153,10.91550,-0.62491
1507.1108,-0.29450,7.93463,2.32484
1507.1318,0.02155,9.03120,-2.28414
1507.1532,0.86912,10.79339,-0.38787
1507.1721,-0.09577,9.08388,2.21231
1507.1919,-0.56744,13.05598,1.13249
1507.2161,-0.50519,9.82371,3.63930
1507.2358,-0.61054,9.88117,3.97928
1507.2502,-1.57783,9.85723,0.11732
1507.2728,-1.03433,9.77582,-0.29210
1507.2905,-0.45012,8.58108,1.73824
1507.3105,-0.39266,9.23472,0.59139
1507.3329,-0.51477,10.79339,0.63927
1507.3502,1.77176,9.89793,-2.65525
1507.3733,4.12534,8.97374,1.64966
1507.3951,-0.29689,10.16848,-0.02873
1507.4124,1.90584,9.85005,-0.57463
1507.4337,1.13728,11.14056,1.85796
1507.4562,0.28971,11.24112,0.19633
1507.4747,-1.17319,9.96497,2.95214
1507.4972,0.79490,9.54597,0.08619
1507.5317,1.81725,9.78780,-0.97208
1507.5336,1.10137,8.62657,-0.67997
1507.5535,1.56825,8.05195,0.19394
1507.5763,0.36154,9.46457,-0.56744
1507.5939,1.12291,9.95061,-1.19474
1507.6138,1.21390,9.07191,0.93856
1507.6388,-0.16520,11.95940,0.61533
1507.6782,1.18756,10.16130,-0.11014
1507.6786,1.52515,10.56354,-1.03193
1507.6962,0.67279,10.74790,-1.07982
1507.7136,0.45970,11.74871,0.21548
1507.7345,0.72068,9.50048,1.41741
1507.7572,1.83162,7.59703,-1.12291
1507.7747,-0.13408,9.55795,-1.02236
1507.7957,0.07183,8.86600,1.05109
1507.8176,-0.69673,9.60104,0.48604
1507.8335,-0.18436,8.64812,0.00718
1507.8549,0.07422,9.61062,0.38787
1507.8759,0.69195,10.97057,1.77416
1507.8936,-0.96010,10.32411,3.18678
1507.9298,-1.42699,11.43506,-0.41660
1507.9469,0.02155,9.47175,2.08781
1507.9552,-1.82204,9.64414,-0.44534
1507.9751,-0.36632,10.43186,1.24502
1507.9958,-1.17319,11.14056,1.98485
1508.0153,1.60895,8.11899,-2.07584
1508.0334,1.82444,9.39513,-1.37192
1508.0564,-0.39266,9.40950,0.50519
1508.0841,0.78772,8.89234,1.26657
1508.0929,0.50040,9.79498,-0.96968
1508.1154,0.04789,9.99849,-0.57463
1508.1333,0.53871,10.91550,0.41421
1508.1539,0.76377,10.08469,-0.13887
1508.1760,0.37590,9.68005,-1.72867
1508.2045,0.49801,8.98571,0.39745
1508.2168,-0.46688,10.98254,1.67120
1508.2354,0.58420,7.82928,0.22985
1508.2548,-1.09179,11.23633,-1.19953
1508.2726,-1.03912,10.21637,3.38790
1508.2950,0.86912,7.93223,-0.03352
1508.3126,-0.55787,9.91230,-1.79571
1508.3330,0.00958,10.54918,0.05986
1508.3577,1.11094,8.37517,0.62012
1508.3728,-0.93377,10.19243,-1.71191
1508.3929,-1.72388,7.91068,0.40703
1508.4153,-1.22826,9.87160,0.15084
1508.4330,0.27774,9.10303,0.77575
1508.4530,-1.45811,9.06472,1.82683
1508.4753,-0.56265,10.12060,0.02634
1508.4934,0.34478,7.93463,1.35755
1508.5129,-1.37910,9.48851,-0.32802
1508.5352,-1.01038,10.10863,2.54511
1508.5529,-0.09098,9.37598,0.92419
1508.5729,-0.55068,9.57949,0.09338
1508.5972,-0.58181,10.62819,2.48047
1508.6147,-0.61533,8.38236,0.11732
1508.6505,-0.45252,10.44622,0.27774
1508.6580,-0.49561,11.24830,2.41343
1508.6737,-0.06704,8.99529,1.55867
1508.6931,0.42379,10.24989,0.76617
1508.7192,0.62491,8.47334,1.43417
1508.7371,-0.68476,9.84286,1.59219
1508.7766,0.20351,9.73752,0.50040
1508.7772,-1.10615,9.22514,0.32083
1508.7948,0.99602,9.12458,-0.29450
1508.8134,0.73983,10.68325,-1.13967
1508.8357,-0.37590,11.09028,1.59938
1508.8534,0.97926,10.46537,2.26738
1508.8732,-0.15563,10.15891,-1.68318
1508.8955,0.69434,10.97775,-0.71110
1508.9135,-1.30249,10.78621,0.89306
1508.9337,-0.55787,9.55316,1.36234
1508.9559,-0.12450,11.01127,-0.17718
1508.9735,-1.10137,9.24908,0.45970
1508.9940,0.38069,9.95300,-2.27217
1509.0171,0.05028,9.20838,0.83800
1509.0500,0.60815,8.24828,-1.18756
1509.0680,-0.40224,10.98972,0.63927
1509.0754,-0.28971,10.53960,1.83880
1509.0929,-0.77096,10.38397,-0.16042
1509.1132,0.29210,9.07670,1.02954
1509.1354,-0.72307,9.08388,-0.67040
1509.1549,-0.15563,9.53400,-0.51237
1509.1744,0.01915,11.60744,-0.27534
1509.2024,1.01517,9.86441,-2.96651
1509.2141,1.36234,9.55316,-1.93457
1509.2333,0.60815,10.35284,1.76937
1509.2551,1.41980,9.75428,1.70951
1509.2732,-0.58420,10.23792,-1.26418
1509.2930,-0.36393,10.38876,-0.23224
1509.3152,-0.09338,7.99448,2.11893
1509.3462,-1.02475,9.22035,0.29210
1509.3547,-0.45970,9.87399,-0.55068
1509.3754,0.24182,9.47654,-1.53473
1509.3966,-0.20112,8.34884,0.28492
1509.4166,-0.71110,10.75748,1.93936
1509.4391,-0.60336,9.39992,2.85876
1509.4736,-0.96010,10.32651,1.86275
1509.4883,-0.12929,9.14374,1.43656
1509.4950,-1.56586,10.10384,-0.42858
1509.5131,-0.54829,10.45819,0.15802
1509.5353,0.14845,9.18683,-1.06306
1509.5576,-0.37111,9.94103,2.41103
1509.5753,0.25379,10.73353,-1.48684
1509.6107,-1.11334,9.68724,2.01837
1509.6324,-2.13330,10.17806,2.44455
1509.6326,-0.89546,9.06472,3.60578
1509.6528,-0.30407,10.31693,-0.15084
1509.6754,-1.27615,8.81333,3.29931
1509.6929,0.73265,11.69603,-0.12450
1509.7140,1.45811,9.33528,2.04711
1509.7390,0.31604,11.47336,1.30249
1509.7600,-1.78134,9.91709,0.78772
1509.7737,-0.63927,10.38876,0.54111
1509.7963,1.42459,9.23472,1.81725
1509.8140,-1.85077,9.99131,-1.12052
1509.8340,-0.30168,8.89952,0.50280
1509.8563,-0.85715,10.02243,1.35037
1509.8759,-0.06704,10.78381,-0.61772
1509.9045,3.11974,7.95139,-0.29450
1509.9161,3.00481,7.70478,-1.68796
1509.9336,0.38069,9.84765,-2.10936
1509.9537,1.11334,8.93304,-1.61374
1509.9773,-0.35196,10.27862,1.90824
1509.9949,-0.36872,11.98095,1.17559
1510.0161,0.98644,8.34884,1.35516
1510.0491,0.51716,9.74949,-0.22027
1510.0558,-0.66082,8.71277,-1.04390
1510.0759,-0.95053,10.29778,-0.61054
1510.1039,0.04310,7.89632,-0.00479
1510.1184,-0.00958,9.05275,0.88588
1510.1383,-1.06785,11.21239,0.73983
1510.1610,0.07662,10.45580,1.51318
1510.1779,-1.24263,10.92747,0.69434
1510.1970,-0.89546,11.56674,0.45491
1510.2190,-0.21309,9.65850,2.39906
1510.2369,-0.85715,10.65213,1.34319
1510.2565,-0.34478,10.09905,0.35435
1510.2792,-0.72307,10.19961,0.07183
1510.2979,-0.59139,9.87638,1.86514
1510.3274,-1.82204,9.85723,2.00880
1510.3418,-1.02236,9.00487,2.47568
1510.3577,-0.85715,9.53400,1.91781
1510.3777,-0.89546,10.36482,-0.27534
1510.4005,0.01437,9.62977,1.49403
1510.4180,-0.78053,9.99370,-0.36872
1510.4381,0.14845,9.99370,-0.75420
1510.4680,-0.17478,9.78540,0.85715
1510.4777,-0.81884,10.50368,1.85317
1510.4976,0.19633,8.29137,0.84997
1510.5203,0.65124,8.26264,-0.90743
1510.5381,1.34798,8.15011,-1.10855
1510.5593,0.93137,8.80854,-1.89627
1510.5851,0.28252,10.16848,0.41900
1510.6040,0.38069,10.51326,0.01676
1510.6184,0.96010,9.10303,0.47167
1510.6398,0.78772,9.97215,0.25858
1510.6594,0.07422,10.49650,2.55709
1510.6775,-1.56346,10.19722,-1.01757
1510.7018,-0.66082,9.90272,1.22826
1510.7400,0.07422,9.17007,1.40065
1510.7592,0.14126,9.15092,0.39506
1510.7628,0.42858,9.15571,-0.35196
1510.7776,0.64167,11.53322,-0.19633
1510.8004,1.26178,9.74470,0.24422
1510.8213,1.35995,9.35683,2.49962
1510.8405,-1.06306,9.94821,-0.98884
1510.8784,0.06465,9.78301,-0.90264
1510.8964,-0.41660,9.25627,0.16760
1510.8988,-0.12450,10.79578,2.18118
1510.9205,0.29210,9.47654,-0.90504
1510.9412,-0.50519,10.43664,0.11732
1510.9600,0.90504,10.28580,-0.79969
1510.9827,1.31685,10.60903,-1.16362
1511.0031,0.00718,10.10145,1.39347
1511.0344,0.24661,8.68164,-0.74223
1511.0386,0.45970,10.10623,-0.74223
1511.0610,-0.47646,9.60583,1.09658
1511.0802,0.33041,10.03441,0.02155
1511.1005,0.61054,9.70639,-0.89306
1511.1210,-0.99841,9.62977,1.50600
1511.1583,-0.48604,10.13257,1.57783
1511.1770,-0.77575,10.61621,1.43417
1511.1816,-0.55787,10.61382,2.05668
1511.1990,-1.07742,9.66329,1.19235
1511.2192,-1.05588,10.14694,-1.13010
1511.2413,-0.77335,10.70241,1.98485
1511.2593,-1.24263,8.85642,2.32005
1511.2805,-0.14845,9.73752,-1.53952
1511.3109,-0.38548,9.74230,-0.24422
1511.3181,0.48364,9.75667,1.36474
1511.3385,1.96331,10.08469,0.45970
1511.3608,0.38787,11.46379,1.32643
1511.3785,2.74144,7.14452,-2.61934
1511.3982,-1.54431,9.37359,-1.27136
1511.4204,-1.70712,11.10225,-0.86912
1511.4415,-0.04549,8.47813,2.17879
1511.4592,-0.66082,9.46936,0.99841
1511.4816,-1.11094,10.77663,0.00479
1511.4993,-0.13408,9.49330,0.13408
1511.5192,2.11175,9.01444,0.79729
1511.5414,1.08940,9.28260,0.46688
1511.5605,1.50360,10.97775,-1.31206
1511.5792,0.65843,9.67526,-0.24900
1511.6014,0.27295,9.82371,0.72547
1511.6191,-0.54350,8.80614,1.61374
1511.6400,-1.16601,10.98733,-0.47885
1511.6622,-0.60336,8.83248,1.70951
1511.6802,-0.56505,9.99131,2.10696
1511.7019,-0.80926,9.85005,1.91063
1511.7336,-0.10056,9.39513,2.74623
1511.7405,-0.65603,9.26824,-0.26816
1511.7612,-0.16760,10.25229,1.66881
1511.7844,1.05348,8.98092,-0.25379
1511.8038,-0.89067,9.32809,0.28731
1511.8241,-0.54829,11.38478,-0.47407
1511.8456,-0.30407,10.19003,0.27055
1511.8632,-0.01197,11.08070,-1.60416
1511.8802,-0.15563,10.05356,0.38548
1511.9026,-0.83800,11.12859,0.20112
1511.9204,-0.15323,10.17806,-1.30009
1511.9403,0.63927,10.42467,-0.23464
1511.9642,0.89306,8.60502,-0.67279
1511.9822,1.99204,9.45499,-0.80208
1512.0148,1.36474,7.69520,-1.35995
1512.0231,2.14766,8.91628,-2.18837
1512.0402,1.25939,9.22993,-2.93778
1512.0624,1.13967,9.34725,-0.51237
1512.0850,0.73025,9.66090,-1.23545
1512.1008,0.90504,9.57471,-1.84838
1512.1412,1.28573,8.73431,-0.53392
1512.1543,0.74223,9.69202,-0.88588
1512.1606,1.24023,10.04638,-1.09418
1512.1802,0.23943,10.84128,1.08221
1512.2024,1.40065,9.59865,-0.11971
1512.2203,-1.44375,9.98173,-0.28013
1512.2415,-0.75899,9.45260,1.42459
1512.2655,1.16601,9.05994,-0.85236
1512.2853,-1.31685,11.68167,1.49163
1512.3036,-0.56265,9.97455,2.44934
1512.3234,-0.05507,8.42785,2.31287
1512.3414,-0.93377,9.56752,1.52036
1512.3656,-0.56744,9.12937,0.75659
1512.3875,-0.78053,7.84604,2.03753
1512.4192,-0.76138,9.73991,0.19872
1512.4336,0.02634,8.86839,-0.35914
1512.4436,-0.68476,9.55555,-0.33759
1512.4613,1.09897,10.43425,0.31365
1512.4827,0.08619,10.17806,1.02714
1512.5051,-0.26098,10.57072,2.54033
1512.5226,0.09098,10.68804,1.29770
1512.5430,-0.46688,10.46777,-0.90025
1512.5721,0.19633,10.25229,0.27055
1512.5869,0.97447,9.80455,-0.78532
1512.6008,0.13169,10.53241,-0.37830
1512.6237,0.69195,8.90191,0.06225
1512.6414,0.91701,7.99448,-0.53871
1512.6628,0.32323,10.01046,-0.64406
1512.6862,0.47646,10.09905,-0.37351
1512.7148,1.49163,10.35045,-0.85954
1512.7212,2.36075,9.28260,1.13728
1512.7452,1.75500,10.81494,-0.62969
1512.7616,1.31685,10.42707,-0.02873
1512.7814,-1.30727,9.95300,0.91701
1512.8033,-1.23784,10.93705,-2.58342
1512.8260,0.69913,8.92586,1.25460
1512.8456,-0.31844,8.79178,2.44934
1512.8633,0.66800,10.03201,-2.43019
1512.8812,0.57223,9.12219,1.19474
1512.9005,-1.39107,11.12859,1.01757
1512.9244,2.02556,9.71597,-1.02714
1512.9427,-0.04310,9.66090,2.37512
1512.9625,1.71191,9.19880,0.14605
1512.9945,1.13249,10.34806,0.31604
1513.0011,-0.93137,10.68804,0.07422
1513.0214,1.00799,10.26426,-0.16760
1513.0433,-1.03433,10.41988,1.44854
1513.0614,-0.07662,9.60583,0.54111
1513.0813,0.09338,9.31133,-1.80768
1513.1045,-0.22267,9.85723,-0.75659
1513.1234,1.41502,8.85642,-1.97528
1513.1412,1.27375,8.90431,-1.54670
1513.1633,0.04549,9.40471,1.36713
1513.1812,1.55628,9.43105,0.18915
1513.2009,1.64247,8.50207,0.26576
1513.2236,0.79250,11.32971,0.44534
1513.2412,1.25460,10.21158,-0.22027
1513.2721,2.16682,7.86280,0.07422
1513.2834,0.34717,9.51485,0.68476
1513.3015,0.29450,10.03201,1.30727
1513.3210,-0.87152,10.61861,1.53234
1513.3435,-1.22108,10.98493,1.42459
1513.3628,0.31844,10.05117,-1.01757
1513.4030,-0.03591,9.15092,0.96968
1513.4177,0.50040,9.56513,-0.58181
1513.4207,3.75183,8.86839,1.04630
1513.4413,-0.37111,12.11264,-1.83401
1513.4634,1.99204,8.72713,0.35196
1513.4812,0.13647,9.34485,-0.34717
1513.5023,-0.49801,9.35204,-1.15165
1513.5267,-0.43336,10.86761,-0.05507
1513.5457,-0.13169,9.91948,1.20193
1513.5614,-0.11014,10.47495,0.46688
1513.5833,-0.15563,10.24031,0.46928
1513.6012,-0.43576,10.39594,2.17161
1513.6216,0.55308,10.07511,-0.06943
1513.6444,0.00958,10.88677,1.29770
1513.6653,-0.17239,9.83568,-0.59857
1513.6935,-0.12211,10.11342,1.37192
1513.7062,-0.42618,11.32253,0.28731
1513.7208,0.42858,9.78780,2.80370
1513.7411,1.86035,8.25546,-0.87152
1513.7632,-0.31604,9.82131,0.13887
1513.7809,-0.28731,10.39834,-0.36632
1513.8022,-0.04070,7.93223,1.69515
1513.8389,-1.27375,9.26824,1.86035
1513.8423,-0.34717,10.24510,-0.21788
1513.8615,-0.48125,11.15493,-0.06225
1513.8837,-0.03591,9.19641,0.36872
1513.9010,1.14446,9.05754,-1.72388
1513.9214,0.38308,9.13176,1.38629
1513.9446,1.50600,10.83888,1.00799
1513.9631,0.67519,9.94342,1.84359
1513.9808,-1.84359,10.11581,0.22985
1514.0033,-0.27295,10.96817,0.75899
1514.0209,0.37351,7.33606,0.90504
1514.0422,1.33361,8.42066,-1.65684
1514.0649,-0.00239,10.14933,-0.04070
1514.0825,0.02394,10.29538,0.96489
1514.1161,-0.68476,9.62977,1.88190
1514.1237,-0.70392,9.75667,2.53075
1514.1418,-0.01915,10.23553,-1.03193
1514.1621,1.29051,9.32091,-0.05267
1514.1846,0.16281,10.54439,0.27534
1514.2024,2.21470,7.84364,-0.92180
1514.2236,1.76937,10.03441,-1.58980
1514.2534,0.39745,9.70878,1.98964
1514.2618,0.86912,10.33848,-0.38548
1514.2817,1.95373,9.50048,2.27456
1514.3040,-3.09101,14.22918,-2.02556
1514.3219,-2.35357,5.62176,6.17723
1514.3418,2.38470,6.67524,-6.58186
1514.3663,8.85642,6.96973,-2.35118
1514.3816,0.00479,7.67844,-11.48534
1514.4025,7.76463,11.82293,5.45895
1514.4254,5.14051,8.17884,5.31768
1514.4430,-1.89627,6.90988,7.46295
1514.4633,0.50998,23.45671,-7.12776
1514.4857,0.29210,2.54272,10.41749
1514.5043,-0.43815,1.15643,2.48286
1514.5348,5.27219,15.34730,5.99766
1514.5443,4.81249,13.91553,3.63690
1514.5614,-1.32643,9.39992,7.24268
1514.5818,1.38150,14.15495,-1.69275
1514.6041,1.36234,6.70876,3.47409
1514.6218,-0.54589,12.49093,-3.32086
1514.6432,1.43417,7.74787,2.35597
1514.6770,1.23784,8.63854,1.29291
1514.6815,-0.14126,8.57869,1.65684
1514.7020,0.09098,11.03521,0.48125
1514.7240,1.16362,9.81413,0.16760
1514.7456,1.17319,9.45739,-2.84440
1514.7657,1.85796,7.75266,0.89785
1514.8154,2.04471,9.18444,-2.03992
1514.8157,1.47727,10.02243,0.68237
1514.8281,1.30967,7.39831,-0.91461
1514.8440,1.65923,12.43586,5.42782
1514.8613,-2.22428,13.00570,7.28099
1514.8816,-1.04630,9.45499,1.95852
1514.9043,-0.77814,11.04958,5.03995
1514.9219,-0.50040,10.30735,3.99844
1514.9463,-0.41182,9.57710,0.82842
1514.9642,0.18675,10.43186,4.01280
1514.9817,-1.09179,9.79498,1.52755
1515.0017,-0.35196,8.44940,0.39745
1515.0240,1.57304,8.43264,2.79651
1515.0417,-0.48843,12.42868,1.40305
1515.0635,0.76138,10.41988,0.17239
1515.0958,0.89546,9.08867,2.34639
1515.1027,-0.76617,10.81973,0.56505
1515.1217,0.49561,8.92825,0.44294
1515.1442,0.79969,10.85085,0.55308
1515.1630,0.63927,8.64573,-0.94095
1515.1831,0.21788,9.98413,-0.18675
1515.2064,-0.28252,8.71995,-0.17239
1515.2275,0.06704,10.65452,0.31844
1515.2415,0.13887,9.80934,1.66163
1515.2640,0.33999,9.60344,0.49561
1515.2815,-0.05507,8.47094,0.67279
1515.3014,0.06704,8.84206,1.46769
1515.3240,0.00479,10.46059,0.86433
1515.3416,-0.11014,9.93624,1.04630
1515.3735,-1.24023,9.75188,0.84997
1515.3834,-0.54829,10.08469,1.91781
1515.4019,-1.03672,9.78780,1.34558
1515.4214,-0.55547,9.74949,0.36154
1515.4436,-0.52674,10.13018,1.24981
1515.4613,0.16520,9.31133,1.09658
1515.4813,0.14845,9.55795,-0.66321
1515.5090,0.23703,10.60424,-0.47885
1515.5214,1.88190,9.02642,-0.22746
1515.5413,1.72148,9.39035,-0.61054
1515.5637,1.47487,9.31612,0.43576
1515.5815,1.39586,9.36640,0.33280
1515.6008,0.68237,10.33848,-0.03113
1515.6234,0.86673,10.59945,1.78373
1515.6438,-0.28013,9.95300,1.21629
1515.6611,-0.65843,10.58509,0.75180
1515.6832,-0.47646,9.84286,0.86673
1515.7010,0.23703,9.90033,-0.09098
1515.7212,0.94095,10.70480,-0.74701
1515.7434,1.10137,9.52203,-0.77575
1515.7620,0.39027,9.94342,1.18756
1515.7813,-0.76138,10.94184,0.80687
1515.8037,-0.16760,11.20042,1.34319
1515.8214,0.95771,8.67925,-0.53632
1515.8414,0.63209,8.24349,0.10774
1515.8645,-0.04789,11.05197,0.73265
1515.8829,1.11813,8.57869,2.43977
1515.9042,0.67997,10.90832,0.05028
1515.9304,0.09098,9.91948,0.72786
1515.9453,0.48125,9.23232,-0.67519
1515.9614,1.23305,8.55953,0.09817
1515.9836,0.77814,9.66329,0.45731
1516.0012,-0.23224,11.69364,-0.55787
1516.0214,0.40942,8.31292,-0.99602
1516.0433,1.57064,9.08627,-2.00401
1516.0619,1.80289,12.09109,0.36154
1516.0813,-0.90504,8.30095,0.66561
1516.1034,-2.63849,10.46059,-4.64250
1516.1226,7.61858,3.62493,-2.03034
1516.1427,-6.75664,11.88279,-10.35284
1516.1653,5.10220,4.61137,4.55391
1516.1840,-2.15964,10.86282,2.11414
1516.2128,0.02634,8.00406,4.51800
1516.2235,0.62491,4.43659,-0.53153
1516.2430,4.50842,10.83888,-12.85726
1516.2615,2.03513,2.22189,6.88833
1516.2875,6.39271,12.32333,-0.26098
1516.3027,-8.02800,14.15735,1.37671
1516.3235,-0.92419,9.06712,10.63058
1516.3590,1.71191,10.80776,5.07347
1516.3612,-1.63050,7.81731,1.94894
1516.3813,-0.39984,10.13257,-0.16520
1516.4039,0.22746,9.58428,1.15404
1516.4216,0.27055,10.20679,1.82444
1516.4417,0.38787,9.57471,-1.97767
1516.4655,-0.67519,11.24591,0.79729
1516.4858,0.67279,8.60263,2.13090
1516.5082,0.68476,10.41270,0.02394
1516.5237,0.91461,10.26426,0.46449
1516.5413,0.61054,9.59865,1.19235
1516.5621,1.56586,8.17405,0.12690
1516.5848,0.71349,10.01765,0.39745
1516.6028,-0.63927,11.30337,-0.82363
1516.6328,0.31604,11.02803,1.34079
1516.6436,0.79011,9.15810,-0.59378
1516.6630,2.04232,10.18764,2.09978
1516.6813,2.53793,10.10145,2.15485
1516.7051,0.16042,9.73512,2.28174
1516.7224,-0.70631,11.02803,1.08700
1516.7426,0.55787,6.59623,-1.17559
1516.7739,-0.04070,9.58189,-0.29450
1516.7811,1.26897,8.40869,-0.45731
1516.8011,1.70951,9.40232,-0.90264
1516.8237,0.25379,10.39115,0.90025
1516.8417,0.90504,8.54038,-0.82602
1516.8633,0.55547,10.06314,-2.49723
1516.8953,-0.36393,10.04159,1.61614
1516.9109,1.36713,10.70241,-1.57064
1516.9214,3.03115,9.19402,1.89148
1516.9435,1.25699,10.14694,-0.00718
1516.9606,0.03831,9.71597,-0.30168
1516.9811,0.72786,8.56911,0.42618
1517.0035,0.62730,8.92346,1.09418
1517.0239,0.75420,8.74868,-0.85236
1517.0509,-0.29928,10.74790,0.51716
1517.0638,-0.04310,10.24750,0.68237
1517.0808,1.13489,8.95938,-0.23703
1517.1010,0.73265,9.04318,-0.61054
1517.1251,0.19633,9.61062,0.04789
1517.1423,0.97926,10.26186,-0.36393
1517.1625,0.24182,10.07511,0.70392
1517.1929,0.18196,8.62178,0.96010
1517.2009,-1.16122,10.54918,2.02316
1517.2211,-0.66082,11.36323,3.34720
1517.2430,0.67519,9.40711,1.34558
1517.2612,-0.87630,10.06314,0.10295
1517.2814,-0.34717,10.47735,0.91701
1517.3049,0.44294,9.56752,1.25939
1517.3231,-0.73504,10.02243,0.83321
1517.3412,0.11732,11.33210,0.37830
1517.3630,-0.19154,10.12539,0.24900
1517.3806,-0.64167,9.48372,1.28573
1517.4015,0.16281,9.84765,0.16042
1517.4235,0.41660,8.56672,0.62251
1517.4442,0.66800,10.07990,-1.32643
1517.4634,1.03672,9.03120,-0.00239
1517.4858,0.24900,10.68325,1.38868
1517.5012,1.27375,8.15011,0.82842
1517.5245,-0.53392,10.14694,-1.55149
1517.5459,-0.20112,10.92508,-0.12929
1517.5634,1.26897,9.41189,1.41502
1517.5835,-0.16999,9.73512,2.36075
1517.6219,1.67120,9.34246,0.13887
1517.6221,-0.44773,8.36320,-1.06306
1517.6420,-0.69434,11.39435,0.88588
1517.6641,0.50519,9.53161,-0.37830
1517.6818,1.26657,9.14613,-0.56026
1517.7034,0.02873,9.35204,1.65684
1517.7257,0.51237,9.11022,0.10774
1517.7599,0.18196,9.50048,0.75420
1517.7620,-0.22746,7.86519,0.55787
1517.7842,-0.17239,9.62738,-1.07264
1517.8018,0.30407,8.86121,0.95771
1517.8220,0.28492,9.81174,0.51477
1517.8444,1.14207,9.98891,-0.39266
1517.8639,0.28492,10.07511,-0.03831
1517.8978,0.63927,10.44862,-0.43336
1517.9065,-0.69195,10.09905,1.47008
1517.9224,0.08380,10.27144,3.28255
1517.9420,-0.05986,10.42228,-0.14366
1517.9645,1.24742,9.29218,-0.80448
1517.9821,-0.82602,10.73832,-1.03912
1518.0033,0.42858,9.23711,0.46210
1518.0355,0.91461,8.22673,0.56265
1518.0405,-1.58501,9.64653,1.50121
1518.0609,-0.14605,11.16450,-0.03113
1518.0835,1.90345,8.33926,-1.89866
1518.1013,-0.31604,10.62579,-0.33520
1518.1232,1.90105,8.78938,0.70871
1518.1736,1.55867,9.69921,1.45332
1518.1736,-1.12052,12.03841,0.34717
1518.1879,-0.25379,9.40711,1.79092
1518.2029,-1.48684,9.14134,1.98246
1518.2208,-0.61772,10.26426,2.87313
1518.2408,0.35675,9.42626,1.13489
1518.2632,-1.86753,10.62340,0.97686
1518.3033,-0.37111,10.61621,2.30569
1518.3033,1.52755,6.28497,0.25379
1518.3231,-0.60096,13.16372,-1.04390
1518.3408,-4.16843,9.49091,1.41023
1518.3608,4.03196,4.22111,-13.76708
1518.3832,-2.42540,11.45182,5.90189
1518.4025,0.68955,8.13335,-1.63050
1518.4232,-0.27295,7.92744,-1.59219
1518.4530,-3.37114,10.57072,0.45731
1518.4609,-0.93137,8.87079,6.38314
1518.4810,0.42379,14.25551,-2.06147
1518.5031,-0.19633,1.91781,5.05910
1518.5209,3.89788,17.91636,-15.00253
1518.5409,1.76697,3.69915,13.03683
1518.5656,1.78373,16.89879,-11.81335
1518.5828,1.33361,5.23628,5.72471
1518.6008,-0.46688,14.26270,-1.15165
1518.6232,-1.09179,8.34884,6.00484
1518.6405,-0.28252,11.63378,3.26819
1518.6605,-0.98644,8.11659,2.79891
1518.6831,-1.39347,9.77104,3.54353
1518.7008,-0.41660,10.30975,0.35914
1518.7295,1.04869,9.17486,-0.97208
1518.7429,0.00000,8.72953,-0.93377
1518.7605,1.85556,9.51724,0.25379
1518.7805,-1.15165,10.67368,0.92658
1518.8046,-1.82204,10.19961,0.98165
1518.8221,-0.88349,9.83808,3.01200
1518.8424,-0.65364,8.88515,0.54350
1518.8761,-1.14925,9.41429,2.12372
1518.8816,-0.38787,9.87399,1.88669
1518.9009,-0.01437,10.08947,-0.37830
1518.9225,-0.63927,10.06074,1.44375
1518.9404,0.65364,9.68484,-0.63927
1518.9626,0.60096,11.30577,-0.23464
1518.9850,2.09020,9.45499,0.62012
1519.0061,-1.10855,8.60981,0.08619
1519.0244,1.18517,10.26426,-2.38949
1519.0426,1.24502,8.81572,0.09817
1519.0604,-0.99362,11.88757,0.44055
1519.0809,0.89785,9.85723,-0.13887
1519.1033,0.84278,8.75586,0.77096
1519.1210,-1.38150,10.53960,0.32083
1519.1461,0.34478,9.78540,2.47568
1519.1628,0.07183,8.93064,2.83961
1519.1809,-0.84278,10.35524,-0.27055
1519.2025,0.70871,10.74311,1.11094
1519.2236,0.84518,11.13577,1.77895
1519.2417,-0.46688,9.08388,1.50360
1519.2620,0.18196,10.53720,-0.13169
1519.2855,0.86433,9.62977,0.11014
1519.3011,-1.30249,9.38556,1.01517
1519.3201,-0.46449,10.66410,0.31844
1519.3428,-0.57463,10.61382,0.85954
1519.3608,-0.20112,9.64653,1.92500
1519.3816,0.72786,10.25947,0.52195
1519.4050,1.52276,9.73512,2.20752
1519.4240,-2.17640,11.71519,1.02475
1519.4427,-0.31365,9.93145,4.66884
1519.4636,1.33361,11.23633,4.53715
1519.4814,-2.09978,10.34327,4.81010
1519.5015,-0.50040,6.88833,8.75107
1519.5238,0.56026,6.77101,7.13494
1519.5471,-0.19633,9.28979,-9.96976
1519.5623,4.66165,6.18441,-3.06707
1519.5835,2.15964,7.00325,-1.81247
1519.6003,0.76856,17.32976,-9.25387
1519.6202,0.00239,10.64973,-0.21548
1519.6427,2.43258,11.11183,2.29850
1519.6624,-5.59542,10.66649,-4.38392
1519.6815,3.43339,7.12776,0.12929
1519.7052,1.59698,9.28260,4.45096
1519.7216,-1.63529,8.64333,4.43899
1519.7430,1.71430,12.40953,0.72307
1519.7667,-0.18675,10.21398,2.25062
1519.7842,1.20671,7.86998,-1.81965
1519.8046,0.37590,8.85882,0.32562
1519.8457,-0.28013,10.90592,-0.42139
1519.8458,2.06865,9.42387,1.35516
1519.8635,0.50040,9.47654,-0.59378
1519.8855,0.86912,9.82131,-0.28492
1519.9030,0.80926,9.30176,-0.84039
1519.9227,0.67758,8.02561,2.18118
1519.9460,0.56505,11.36802,-0.01676
1519.9639,1.42459,8.55714,-0.61293
1519.9835,1.44614,9.06472,0.75420
1520.0066,1.41262,9.66569,-0.79011
1520.0231,0.95532,9.03599,-0.34478
1520.0435,0.81405,10.43664,0.29928
1520.0657,0.94813,9.59146,1.51558
1520.0834,-0.97447,11.15971,-0.17718
1520.1050,-0.76856,9.42387,1.77176
1520.1371,-0.54829,10.16848,0.86433
1520.1436,-0.36393,9.86202,3.52198
1520.1633,-0.53871,11.08070,1.84599
1520.1858,-1.23545,9.85723,1.69515
1520.2052,-0.10295,10.12778,0.14126
1520.2250,-0.90504,9.68245,1.61135
1520.2473,-1.17319,10.60185,1.69754
1520.2650,-0.82602,10.19243,2.49962
1520.2830,-0.96968,10.82452,0.56984
1520.3064,-0.68955,11.32971,0.72068
1520.3234,-0.21070,8.81093,1.10137
1520.3433,0.01915,9.92427,0.03591
1520.3669,-0.76856,9.84286,1.41980
1520.3846,-0.11732,11.22197,0.20830
1520.4136,0.53632,11.06873,-0.41182
1520.4281,-0.43336,10.33848,0.59139
1520.4429,1.92260,8.62418,1.90824
1520.4631,-1.57783,9.78061,-0.86673
1520.4856,-0.38787,10.58270,-0.63688
1520.5035,-0.85954,9.17486,2.25062
1520.5237,-0.88828,9.62020,1.18038
1520.5497,-0.35675,9.66329,0.65364
1520.5631,2.24344,9.76625,0.61054
1520.5834,-0.15323,8.69601,0.27055
1520.6055,1.07503,9.31373,-0.82842
1520.6232,-0.23703,9.07670,1.40065
1520.6450,-0.94095,10.31214,0.53871
1520.6672,0.29928,8.19560,0.79969
1520.6864,-0.91940,9.53400,0.05986
1520.7032,-0.89067,8.50686,1.98964
1520.7252,-1.50121,9.69681,0.98644
1520.7454,-0.88828,9.62259,1.54191
1520.7654,0.99602,7.96336,0.89785
1520.7891,-0.23224,10.60185,1.39826
1520.8210,-0.25379,9.16528,1.56107
1520.8354,-0.42379,10.02483,0.60575
1520.8453,-1.40783,9.59625,1.55149
1520.8633,-0.87391,9.42147,2.63131
1520.8832,-0.28731,10.19003,0.14126
1520.9069,-0.57223,10.37200,0.43815
1520.9248,0.11732,9.28739,-0.62251
1520.9484,1.44614,9.88117,0.22027
1520.9674,1.36713,9.76625,-0.07183
1520.9830,-1.92739,10.48453,0.78532
1521.0037,-0.78293,9.91709,3.15087
1521.0255,0.49083,8.54517,1.38868
1521.0435,-0.32323,10.49650,0.16999
1521.0636,-0.16042,10.26904,0.97926
1521.0876,0.10535,9.38556,0.04310
1521.1195,0.27055,10.96099,1.94176
1521.1229,-0.34717,7.49887,0.12929
1521.1453,-0.95532,9.28979,-3.36874
1521.1631,0.59617,8.60023,-0.02394
1521.1829,0.72786,8.65530,0.20830
1521.2067,-0.40224,11.10944,1.60177
1521.2271,-0.36872,9.90751,0.52435
1521.2456,0.35435,9.72315,-1.02236
1521.2665,2.89707,9.77582,1.51079
1521.2841,-1.81486,10.86282,-2.20273
1521.3051,-0.39745,9.41189,2.37751
1521.3264,-1.24742,10.13736,1.69275
1521.3440,-0.69913,9.20120,0.08380
1521.3640,-0.33999,11.38957,1.21629
1521.3875,0.22985,9.26584,-0.44055
1521.4038,1.64247,9.66569,-0.17478
1521.4238,-0.24422,11.21718,-0.92658
1521.4460,-0.64406,11.55716,2.72229
1521.4639,-1.19474,10.72635,2.52835
1521.4840,0.04310,9.53161,1.06785
1521.5096,-0.89306,9.45260,-0.76138
1521.5397,1.56107,9.49330,0.79490
1521.5565,1.38629,9.96258,0.05267
1521.5670,-0.16999,8.85403,1.58740
1521.5840,-0.73265,10.59706,-0.63448
1521.6039,-0.21309,9.91709,0.36872
1521.6265,-0.97208,11.40872,1.32164
1521.6450,0.29928,9.18444,-0.97208
1521.6730,0.81884,8.87797,0.27774
1521.6858,0.99362,10.04638,-1.07024
1521.7056,0.27295,9.10543,1.68557
1521.7240,-1.52515,10.06074,-2.06865
1521.7476,-0.46928,9.78301,1.19235
1521.7654,-0.32083,9.33528,1.92021
1521.7872,1.16841,8.70319,0.05986
1521.8217,0.82842,9.62738,0.31604
1521.8236,-0.31365,11.49491,0.82842
1521.8436,-0.09338,8.50686,2.58342
1521.8660,-2.10696,9.79019,1.61374
1521.8855,-1.02954,9.57231,1.40544
1521.9038,-0.31844,9.83329,0.12690
1521.9467,-1.25460,10.41510,1.13728
1521.9467,-0.52913,9.03839,1.98485
1521.9657,-0.85715,9.71357,1.07982
1521.9868,-0.13647,10.11821,0.16520
1522.0037,-0.10535,9.54597,-0.13169
1522.0238,0.72068,10.20201,0.53153
1522.0461,1.09418,8.31532,-0.14126
1522.0638,-0.18675,9.23951,-1.00799
1522.0941,0.52674,10.34566,0.79011
1522.1060,-0.20351,9.55795,0.17239
1522.1235,0.27295,11.01845,0.77814
1522.1437,2.24104,9.81892,-0.93377
1522.1669,1.47966,9.78061,0.52674
1522.1852,0.98165,10.78621,-2.30808
1522.2057,1.79810,7.94660,0.66082
1522.2341,-0.44294,11.33450,-1.28094
1522.2443,0.33520,8.38715,-0.01437
1522.2637,0.23943,9.79019,-0.38548
1522.2877,0.46928,9.46217,-0.51237
1522.3052,0.43815,9.86202,-0.16042
1522.3256,0.43097,8.45179,-0.20351
1522.3495,1.20193,10.07750,-0.33041
1522.3682,-2.28653,9.58189,-0.12450
1522.3838,-1.09658,9.42626,0.73983
1522.4059,-1.05109,10.62100,1.64487
1522.4264,-1.55867,9.63696,1.28573
1522.4437,-0.84039,10.77424,3.26340
1522.4674,-2.35597,9.53400,3.13171
1522.4855,0.63688,8.39193,3.11016
1522.5197,-1.14207,10.06314,0.77335
1522.5258,-0.59378,8.82769,-0.73983
1522.5436,0.58899,9.10064,-1.57304
1522.5638,2.15485,9.17726,-0.10774
1522.5861,0.96489,8.27701,-1.41023
1522.6038,0.96010,8.79657,-1.81007
1522.6370,0.37351,10.13975,0.37830
1522.6517,1.19235,10.09905,1.19953
1522.6669,-0.97686,11.06394,-1.86275
1522.6833,0.47646,10.97296,1.98964
1522.7063,0.34956,8.92825,1.62811
1522.7233,-1.85796,11.34168,0.04549
1522.7434,-0.40224,10.23792,3.45733
1522.7671,-0.10774,9.52682,-0.45491
1522.7833,0.12211,10.38158,0.55308
1522.8037,-1.03193,10.22116,2.43019
1522.8253,-1.33601,11.17887,-0.56984
1522.8433,-0.99123,9.12458,2.27217
1522.8638,-0.78293,9.60104,1.98246
1522.8861,-0.34478,12.02644,1.24981
1522.9058,1.07742,9.89554,1.32164
1522.9370,-1.56586,9.82850,-1.80289
1522.9465,0.18436,9.61301,-1.32882
1522.9637,1.05588,8.98811,-1.60416
1522.9836,0.04789,8.93543,-0.98644
1523.0059,0.99362,11.66491,2.76060
1523.0251,-3.31607,12.57234,7.22353
1523.0461,-0.64645,8.37278,1.98007
1523.0785,-2.10217,10.24750,1.97767
1523.0836,-1.31446,10.94662,3.66563
1523.1036,1.36234,9.28739,0.27295
1523.1259,-1.34798,8.51165,1.56586
1523.1434,-1.48924,8.24349,2.30569
1523.1637,0.58660,8.42545,-2.63370
1523.1858,0.25619,10.83170,0.73504
1523.2159,-0.69913,10.24271,3.02157
1523.2258,0.48364,12.29700,0.37830
1523.2460,5.10459,9.29218,-1.55628
1523.2654,-2.49005,10.71199,-0.44294
1523.2838,-0.79729,9.58189,3.91464
1523.3064,0.85476,9.93624,0.79011
1523.3405,-1.42220,9.36401,2.10936
1523.3585,-0.57941,10.76705,0.37111
1523.3657,-0.02394,11.81335,1.66881
1523.3835,0.55308,9.24669,2.41822
1523.4033,-1.24742,10.17567,-1.43178
1523.4257,-0.80926,10.56594,0.88828
1523.4445,-0.37590,9.94342,0.46449
1523.4659,-0.65843,9.85962,0.54589
1523.5020,-0.66800,10.80057,1.92979
1523.5050,-0.46688,9.17007,1.92979
1523.5245,-0.12450,10.28102,-0.94334
1523.5475,-0.30886,10.03919,0.50040
1523.5668,0.06465,8.94980,1.86275
1523.5867,1.15643,9.59386,-0.51956
1523.6190,0.34238,9.38077,0.37590
1523.6339,0.05746,10.20679,1.71191
1523.6442,-0.06225,9.56752,0.37351
1523.6667,-0.09338,10.36960,0.00718
1523.6841,-0.37111,10.34087,0.85715
1523.7084,0.11253,11.34647,1.64008
1523.7283,0.32562,9.52203,1.23305
1523.7468,0.05028,9.41429,1.52276
1523.7755,-0.18915,9.65850,-0.56984
1523.7919,-0.15084,10.57551,-0.36632
1523.8041,0.01437,9.31373,1.49882
1523.8243,-0.19633,8.87079,1.45811
1523.8469,-0.21070,9.81174,0.34478
1523.8657,-0.24422,10.52763,0.24182
1523.8857,0.84278,9.44063,-0.23703
1523.9167,0.51716,9.46457,-0.34956
1523.9243,0.85715,9.48133,-0.18675
1523.9443,0.97686,10.81494,1.13728
1523.9664,1.07982,9.17486,1.68796
1523.9847,1.29051,8.43982,-1.31925
1524.0049,1.11813,9.30655,-1.09897
1524.0295,1.21629,10.11581,-1.39586
1524.0454,0.45012,8.67685,0.35196
1524.0642,-0.37111,11.11183,1.65684
1524.0873,-0.22027,10.10384,-0.14366
1524.1045,0.32802,8.33926,2.01837
1524.1243,-0.67758,9.34246,0.82363
1524.1484,-0.80687,9.80934,-0.85954
1524.1726,-0.26816,9.90033,0.87870
1524.1882,-0.90743,10.38636,2.88989
1524.2073,1.05348,9.04318,0.79729
1524.2252,0.62012,8.26504,-0.02394
1524.2457,0.41660,10.33848,0.87630
1524.2710,1.31446,9.76625,0.93377
1524.3092,0.49561,10.17327,0.91461
1524.3093,0.60096,10.12778,0.66561
1524.3284,0.77575,9.52921,-0.05746
1524.3461,-0.28013,9.70639,0.97926
1524.3663,-0.68955,10.60424,0.47885
1524.3887,0.47885,8.72713,0.64645
1524.4078,0.01437,9.17486,-0.24900
1524.4370,0.59378,9.14852,-0.13647
1524.4489,1.24742,9.83808,0.09338
1524.4659,0.86673,10.17327,2.07823
1524.4858,0.23464,9.11500,0.26337
1524.5084,-1.11094,10.82691,0.17718
1524.5260,0.21788,11.03761,0.42379
1524.5460,0.84997,9.24190,0.56744
1524.5696,-0.26098,10.97775,1.93936
1524.5884,0.55787,9.05754,0.75180
1524.6061,1.10376,10.35284,0.10774
1524.6285,1.05109,10.23553,0.68716
1524.6460,-0.14845,10.91311,0.99841
1524.6681,-0.45252,9.47654,1.07742
1524.6897,-1.09179,10.91071,0.08859
1524.7073,-0.45491,10.37918,1.32643
1524.7418,-0.02873,9.39513,1.72627
1524.7484,0.23943,9.17726,0.13647
1524.7657,0.44055,9.05036,1.00799
1524.7859,0.13647,9.20838,1.78373
1524.8108,0.67040,8.75586,-0.01197
1524.8286,1.04151,9.02402,-0.67279
1524.8502,0.83560,9.33528,-0.28252
1524.8773,0.73265,9.02642,-0.16520
1524.8904,1.10615,10.05835,-0.79969
1524.9097,0.46210,10.36721,-0.01437
1524.9313,0.43815,10.48453,0.85715
1524.9491,0.78532,9.20120,0.82842
1524.9707,0.89306,10.02243,0.33280
1524.9930,0.64645,10.42707,0.25140
1525.0229,0.67040,10.07990,2.58103
1525.0288,0.42618,10.00328,0.22506
1525.0511,-0.65843,9.53879,0.61772
1525.0692,-0.28013,10.11581,1.62811
1525.0892,0.14605,8.09983,1.72627
1525.1132,0.95532,9.38795,-0.06465
1525.1316,0.38308,9.82850,0.93616
1525.1549,-0.33999,10.52763,1.25221
1525.2017,-0.03352,10.70480,0.61054
1525.2017,-0.15084,10.91311,1.42938
1525.2162,-0.03352,10.16130,1.78852
1525.2302,0.02634,10.03441,0.75180
1525.2489,-0.70392,10.06314,1.08700
1525.2723,-0.92658,9.93385,1.94415
1525.3022,-0.12690,9.50767,1.38629
1525.3088,0.32323,9.85723,-0.65843
1525.3290,0.10535,10.39115,-0.51477
1525.3521,1.01996,9.27063,0.24661
1525.3693,0.45252,9.73512,1.22826
1525.3890,0.37111,9.26105,0.23703
1525.4127,-0.76856,10.81494,0.32323
1525.4338,0.21070,9.60104,1.11094
1525.4489,0.63688,8.93064,0.96010
1525.4709,-0.25140,9.97694,1.99683
1525.4889,0.04789,9.42147,1.68078
1525.5089,-0.56744,11.27464,1.35037
1525.5314,-0.22027,11.48055,0.72307
1525.5500,-0.39266,10.20201,1.70233
1525.5691,0.00000,10.28102,0.80448
1525.5913,0.06465,9.25387,0.20112
1525.6088,0.55787,10.39594,0.19872
1525.6289,0.16999,9.76625,0.49561
1525.6512,0.21788,9.70400,0.66561
1525.6707,0.62491,9.45739,-1.32164
1525.6978,0.89546,8.15011,0.50040
1525.7137,0.55547,9.22275,0.18196
1525.7289,1.46530,9.40950,0.86433
1525.7490,1.94894,9.06472,-0.22027
1525.7729,0.25619,9.92906,1.18038
1525.7889,0.51477,10.07271,1.82444
1525.8090,1.03912,9.59865,-0.55787
1525.8505,1.14686,9.76864,-0.45731
1525.8678,1.02475,9.02881,0.58420
1525.8691,-0.25140,11.76307,0.30407
1525.8912,-0.54829,12.11024,0.14366
1525.9088,-0.36632,9.49091,-1.11813
1525.9288,-0.15323,8.44700,-1.04390
1525.9512,1.55388,8.57869,-1.35516
1525.9688,1.09418,9.99610,0.16760
1525.9965,1.43178,10.06314,2.87792
1526.0111,-2.73666,8.43503,2.20992
1526.0288,1.46051,12.23953,-1.98246
1526.0485,2.56187,8.67446,3.15565
1526.0720,-0.96250,8.55235,1.80528
1526.0883,0.28492,9.25866,-0.17478
1526.1084,-0.22746,9.35922,1.21869
1526.1388,0.56505,9.52203,-0.46928
1526.1483,0.67040,10.30017,1.99204
1526.1681,-0.25858,7.96815,2.37033
1526.1909,-0.31365,9.87638,2.34160
1526.2081,-0.11732,11.27703,1.14925
1526.2284,0.44055,9.68484,1.31925
1526.2506,-0.01437,10.92986,-0.21788
1526.2683,0.15802,7.45338,2.90426
1526.2881,-0.04070,10.98972,-0.45491
1526.3107,-0.20830,11.59068,0.85236
1526.3282,0.58660,9.36401,-1.05348
1526.3483,-1.09179,9.65611,1.86753
1526.3726,-1.33361,10.25707,-0.10774
1526.3903,0.52435,10.12539,1.54191
1526.4220,0.09098,8.69840,1.17080
1526.4316,-1.35995,10.17567,3.11735
1526.4486,-0.01676,8.97853,0.73504
1526.4689,1.23784,10.75987,-1.58740
1526.4912,0.37830,10.80776,-0.56026
1526.5089,0.41182,9.31373,1.20911
1526.5288,1.13010,9.78780,1.14207
1526.5513,0.23703,10.00328,0.90264
1526.5684,-0.25619,10.24750,1.36713
1526.5885,0.11732,11.22436,1.28812
1526.6115,0.30647,10.22355,0.06943
1526.6292,0.97926,10.78860,-0.56744
1526.6490,1.14446,8.91389,1.54431
1526.6729,1.62571,9.11022,1.35755
1526.6963,1.13728,8.84685,0.23464
1526.7085,0.96729,9.95061,-1.96570
1526.7308,0.81884,10.34566,-0.35675
1526.7493,0.36393,10.47016,0.52435
1526.7686,1.70951,8.77262,-0.94813
1526.7926,1.37671,9.16050,-1.43417
1526.8285,0.66082,11.14056,-0.16281
1526.8427,0.78053,8.48052,0.78532
1526.8508,0.59378,8.00885,0.64885
1526.8689,0.07901,10.21158,0.69673
1526.8883,0.22985,8.48531,2.78454
1526.9122,-1.82923,9.62977,1.28094
1526.9299,-0.25379,9.38077,0.70871
1526.9503,-0.18915,9.14134,1.73824
1526.9779,-0.34238,9.09106,1.79092
1526.9884,-0.24661,9.84286,2.33442
1527.0083,-0.71110,10.40312,0.33041
1527.0313,-0.29928,9.21796,0.50759
1527.0491,0.82124,9.89793,-1.27854
1527.0690,0.59857,9.46217,0.22267
1527.0914,1.49882,9.32091,0.22267
1527.1196,2.10457,9.33049,-2.09738
1527.1312,1.29770,9.09106,-0.22027
1527.1508,-0.14366,10.30975,1.74782
1527.1685,1.20911,9.93145,0.29689
1527.1897,1.44135,10.45340,-0.40463
1527.2119,-0.06465,11.74152,1.30727
1527.2319,-0.31365,9.17726,2.68877
1527.2610,-0.58899,10.50129,-0.09338
1527.2720,-0.62012,10.46777,1.47727
1527.2894,0.40224,9.74709,-0.06943
1527.3108,0.43576,8.63375,1.43178
1527.3329,0.45252,8.83248,-2.03274
1527.3512,2.86116,9.39513,-1.23066
1527.3707,1.97767,11.21478,0.02155
1527.4011,1.54191,9.46217,1.76458
1527.4093,-1.49403,10.16848,0.78772
1527.4296,-0.00958,10.20679,-0.66321
1527.4518,0.06943,10.93226,0.06704
1527.4696,0.26337,10.31454,0.97447
1527.4896,0.42139,9.95061,-0.18915
1527.5121,0.86912,8.77502,-0.81645
1527.5374,0.46928,9.81892,-1.40065
1527.5509,-0.73504,10.14454,1.27854
1527.5735,-0.29928,8.53559,1.48924
1527.5894,0.50759,9.61062,0.74941
1527.6113,0.33280,8.81811,-0.55547
1527.6335,-0.88349,9.31133,2.87074
1527.6533,-0.76138,11.10944,1.93218
1527.6704,-0.92419,10.23313,1.56586
1527.6919,-0.59857,10.07271,0.85715
1527.7094,1.58501,8.79896,-2.05429
1527.7295,0.12690,10.42946,1.06545
1527.7532,-0.12929,9.39035,2.15006
1527.7710,0.54829,9.97215,2.09738
1527.7938,-0.30647,9.50048,-0.03591
1527.8241,-0.40703,9.64174,1.59459
1527.8311,-0.08141,9.80934,1.54191
1527.8495,1.18756,9.25866,0.21788
1527.8718,1.73106,8.93304,-0.79729
1527.8909,0.90025,10.24271,-1.12770
1527.9109,0.25858,8.38954,1.52994
1527.9340,-1.01278,10.44622,-0.03591
1527.9545,0.05028,8.52122,1.62092
1527.9755,0.59617,9.07191,0.27534
1527.9915,0.19154,10.10863,1.41023
1528.0092,-0.00239,10.06074,0.73744
1528.0292,0.51477,9.18683,0.28252
1528.0515,-0.15802,11.64336,-0.36632
1528.0688,-0.03352,9.85244,2.29372
1528.0963,0.07183,9.75667,1.96809
1528.1115,0.61293,9.35204,0.41660
1528.1290,0.66321,11.47815,-1.84838
1528.1493,1.23066,8.62657,0.54111
1528.1714,1.58022,9.15331,-0.26098
1528.1899,0.91222,8.54756,0.21309
1528.2104,1.31446,10.87240,-0.91222
1528.2400,0.64406,10.67607,2.31048
1528.2520,0.15563,8.83248,0.05267
1528.2694,0.61054,10.25707,-1.72148
1528.2914,1.73585,10.11342,-1.13728
1528.3123,-0.79011,10.51805,1.47966
1528.3331,-0.39027,10.13018,0.90982
1528.3718,0.25619,9.56034,1.79571
1528.3859,0.04549,9.13895,-0.67519
1528.3896,-0.19154,11.63618,0.20112
1528.4114,-0.67279,9.68724,1.55388
1528.4292,-0.00239,8.97135,1.99443
1528.4493,0.25858,9.82131,1.88669
1528.4716,0.63927,8.43982,-0.34238
1528.4896,0.57223,9.71597,-0.07662
1528.5143,-0.37351,11.01845,0.75180
1528.5314,-0.82363,10.63776,1.33601
1528.5498,1.27854,9.23951,0.48364
1528.5710,0.52913,8.24349,-0.23703
1528.5924,-0.69673,10.40073,1.26897
1528.6101,0.24422,11.36323,1.62811
1528.6300,1.37671,8.73910,0.62491
1528.6526,1.08940,8.89952,-0.12211
1528.6793,-0.38548,10.25707,1.60416
1528.6901,0.00000,10.12299,1.94894
1528.7118,0.82842,8.92825,-0.16999
1528.7294,0.11493,8.26025,0.15084
1528.7498,0.53871,9.95300,-0.87870
1528.7720,0.19394,10.64255,1.01038
1528.7932,0.36393,8.61460,2.37751
1528.8096,0.28013,10.20919,-1.07024
1528.8313,1.01996,10.91789,-0.27055
1528.8491,-0.58899,10.61621,-0.03591
1528.8691,-0.28971,10.55636,2.30808
1528.8912,1.40783,8.74868,0.51956
1528.9086,1.08461,9.57231,-0.81884
1528.9316,0.73265,8.87797,-1.07503
1528.9524,0.26576,9.64174,-0.51477
1528.9695,-0.18915,9.91230,2.88510
1528.9902,0.08141,11.29858,0.80208
1529.0122,0.58181,7.64731,-1.03912
1529.0300,1.68318,10.23074,1.75261
1529.0498,0.20351,10.24750,1.48924
1529.0857,1.46051,10.35045,-0.66321
1529.0924,1.07742,10.19722,-0.45491
1529.1112,-0.27774,8.60263,1.69275
1529.1323,-0.08141,11.38478,-1.51797
1529.1499,-0.64885,9.62498,3.31846
1529.1704,0.19872,11.12380,-0.68716
1529.1926,0.46210,7.92984,3.04312
1529.2174,-1.46769,8.88515,-2.60737
1529.2303,-0.32083,10.24989,1.68318
1529.2538,-0.38787,8.89713,0.56265
1529.2693,0.17239,10.51326,-1.07024
1529.2897,2.22189,8.64333,0.67519
1529.3121,-0.67997,10.69044,2.60258
1529.3296,-1.53712,10.20919,2.02077
1529.3563,-0.08141,8.82290,0.77814
1529.3718,0.20112,7.42943,0.56265
1529.3894,-0.05507,10.08469,-0.59378
1529.4098,0.72786,8.67925,2.03274
1529.4320,0.52674,10.54439,1.60656
1529.4503,-2.00880,8.88755,1.77176
1529.4697,-0.72068,10.40312,1.54670
1529.4933,-0.79011,9.81413,1.92260
1529.5095,-0.27534,9.93863,1.33840
1529.5294,0.95292,8.96656,1.64247
1529.5520,2.11414,10.92268,-2.95214
1529.5715,2.85876,9.46936,0.23703
1529.5935,-1.07503,11.24112,1.32882
1529.6334,0.43815,9.93624,1.20193
1529.6464,-1.35755,9.64653,0.84039
1529.6500,-0.92898,10.37439,1.33361
1529.6724,-0.39506,9.43823,2.86595
1529.6913,-1.01517,9.80695,2.33442
1529.7100,-0.67997,8.79178,1.76937
1529.7340,1.66642,9.15810,-1.10137
1529.7697,1.52994,8.83009,-0.30407
1529.7825,0.90743,9.14134,-0.79011
1529.7937,1.22826,10.38636,0.11253
1529.8096,1.08461,8.68882,1.70472
1529.8293,-1.89866,10.16609,1.06785
1529.8517,-1.09897,11.19802,-0.85236
1529.8696,-0.08619,8.84924,2.70314
1529.8896,-0.12211,9.31373,1.14446
1529.9137,0.22985,9.50048,-0.96010
1529.9293,0.24422,9.17726,2.35836
1529.9495,0.81166,8.99290,-0.34238
1529.9717,-0.28731,9.90272,0.14126
1529.9893,0.13647,10.17327,0.60096
1530.0096,0.79250,10.01765,0.31604
1530.0381,1.04869,10.63537,0.65843
1530.0488,-0.18436,9.37359,0.54829
1530.0684,0.99602,10.41031,-0.18436
1530.0907,0.57463,9.64893,1.86753
1530.1091,-1.13010,10.69762,1.98485
1530.1293,-1.01517,10.13018,2.37033
1530.1522,0.02634,8.94740,-0.45252
1530.1699,-0.51237,9.75667,-0.11253
1530.1987,-0.05746,8.79417,1.66163
1530.2117,-1.21150,10.02004,2.64807
1530.2295,0.00000,10.47256,1.55149
1530.2495,1.40065,9.19641,-0.44534
1530.2736,1.61374,10.61382,-0.56265
1530.2936,1.64726,9.59386,-1.26178
1530.3274,1.14207,9.89075,2.39667
1530.3406,1.55867,9.85244,0.61533
1530.3508,-1.60416,9.63935,1.48924
1530.3706,-0.06225,9.65132,0.07901
1530.3950,-0.07662,9.44781,1.35995
1530.4146,-0.91222,10.03919,2.79172
1530.4354,0.13647,10.53720,0.71349
1530.4794,0.82124,7.44619,0.34478
1530.4795,0.70392,10.08708,-1.61374
1530.4950,0.03113,9.71118,1.06545
1530.5131,0.00239,10.41749,0.56265
1530.5309,0.39266,8.15729,2.34160
1530.5513,-1.57783,10.32651,0.45731
1530.5747,0.82124,10.02243,0.44534
1530.5927,-0.78772,8.88276,0.19154
1530.6211,-0.52913,10.86761,1.67599
1530.6326,-1.18995,10.20919,-0.98165
1530.6504,-0.08859,9.73033,2.31526
1530.6705,1.04151,8.99050,1.05348
1530.6936,0.61533,9.29218,1.74303
1530.7109,-0.27774,10.82212,1.95133
1530.7313,-1.23305,9.99370,1.06066
1530.7622,1.71430,9.06472,0.00479
1530.7704,-1.24263,10.28341,-0.10535
1530.7909,-0.43576,10.16609,-0.57463
1530.8125,0.17957,9.70400,0.48125
1530.8303,-1.20671,10.12778,3.12453
1530.8524,-0.52913,11.23633,2.16682
1530.8724,2.11414,8.77981,0.90025
1530.8999,0.35196,10.23313,-0.80448
1530.9100,-0.26576,10.25947,0.49561
1530.9324,-0.41421,11.09507,1.25221
1530.9501,-0.87870,8.61221,2.42301
1530.9705,-0.48604,8.67446,0.80926
1530.9926,0.92898,9.16528,-0.03591
1531.0168,1.98485,8.54038,-1.04869
1531.0321,1.50600,10.27862,0.81884
1531.0524,0.88349,11.35605,-0.62491
1531.0701,-2.37273,10.33130,2.45413
1531.0901,0.11732,8.56432,1.05348
1531.1122,0.86912,8.66009,-1.33122
1531.1318,0.18196,10.31454,-0.50040
1531.1517,1.19953,8.05913,0.34238
1531.1825,1.51079,7.67365,-0.40463
1531.1908,1.25939,11.36562,-1.62092
1531.2104,-0.68955,8.75826,2.02556
1531.2329,1.93218,9.17965,-2.29132
1531.2521,0.79490,8.09744,0.45970
1531.2720,-0.88588,11.40633,1.98246
1531.2942,-0.84757,8.91149,3.04312
1531.3137,1.26657,9.50527,-1.90345
1531.3307,0.69673,9.94821,-0.91461
1531.3529,0.78293,11.26267,1.19235
1531.3722,1.31685,9.12698,2.29611
1531.3944,-0.28492,10.35045,-0.28013
1531.4146,0.64645,9.32091,1.28094
1531.4321,-0.31844,10.44862,-0.62251
1531.4514,-0.64885,9.84765,0.06943
1531.4734,-0.20351,10.19243,1.14925
1531.4906,-0.34478,10.03680,2.11654
1531.5103,0.11493,9.15092,0.28492
1531.5332,0.59378,8.34644,0.53392
1531.5507,-0.08141,10.56833,-0.08380
1531.5969,-0.40224,10.36721,2.53314
1531.5969,-0.04310,9.98413,1.72148
1531.6132,0.63209,9.27781,1.77655
1531.6305,-0.87391,9.20599,0.38069
1531.6528,-0.70871,11.77744,0.10535
1531.6737,0.54829,9.77343,1.12531
1531.6915,-1.63290,9.71597,-1.15165
1531.7142,-0.63448,10.50608,2.32963
1531.7317,-0.06943,9.46696,2.12133
1531.7502,-0.22746,8.25785,1.68796
1531.7787,-0.38069,9.51006,-0.39266
1531.7904,0.46688,9.90272,1.45811
1531.8101,-0.50759,10.33608,0.19872
1531.8340,-0.81645,11.28422,1.32164
1531.8519,-0.47407,9.26824,3.60578
1531.8843,-1.28573,9.44063,0.64645
1531.8936,0.93377,8.75107,-1.38868
1531.9116,-0.01437,11.65533,0.71589
1531.9307,0.15802,7.20677,3.56029
1531.9534,-1.44854,10.06553,-0.65843
1531.9725,-0.63688,10.11102,1.26657
1531.9918,0.09577,9.85484,2.21710
1532.0138,0.77814,9.12937,0.33999
1532.0302,-0.23703,10.95620,0.40224
1532.0502,-0.77575,9.72315,3.10537
1532.0734,-1.49642,10.80057,1.35755
1532.0925,-0.56026,8.83966,2.00161
1532.1128,-0.81166,10.39834,-0.24900
1532.1541,0.52195,8.71037,1.87711
1532.1693,0.35196,10.38636,-0.87870
1532.1703,0.46928,9.81892,1.56346
1532.1927,1.10376,9.78061,1.73345
1532.2100,-0.91940,11.90194,-0.46688
1532.2300,-0.38069,9.92666,-0.11971
1532.2526,0.38548,9.92906,0.74701
1532.2701,0.74941,8.48292,3.62733
1532.2980,-0.59139,11.73195,-0.61772
1532.3127,1.06066,9.32091,-0.44534
1532.3318,0.38308,9.59625,1.24502
1532.3502,0.37351,10.29778,-0.84757
1532.3730,1.09897,7.96815,0.31365
1532.3907,1.37431,10.79578,0.06704
1532.4333,0.42858,8.60981,1.54670
1532.4333,-1.10376,10.38876,-0.92898
1532.4507,0.62969,10.34087,3.09819
1532.4705,-0.84278,8.21715,3.28016
1532.4928,-0.46688,10.62340,-1.25699
1532.5106,1.84838,10.30975,-2.98805
1532.5305,0.56265,9.18923,0.05746
1532.5542,-0.56984,10.64016,1.53952
1532.5724,1.06066,9.65132,2.32245
1532.5903,0.82842,8.43982,0.00239
1532.6122,1.30488,9.09106,0.97686
1532.6300,1.04151,9.84765,-0.12690
1532.6532,-0.13647,9.56273,0.95771
1532.6748,0.34478,10.24510,0.70152
1532.7183,0.69913,7.81252,0.40703
1532.7183,0.69195,10.40312,-1.58022
1532.7339,1.38629,10.84846,-1.75021
1532.7511,2.31048,6.96495,-0.02634
1532.7710,-0.91940,10.14694,-0.49083
1532.7938,-0.75180,9.78061,0.43576
1532.8118,-0.05507,9.01684,0.23224
1532.8492,0.27534,9.42865,-0.11971
1532.8632,-0.54350,10.98254,2.09978
1532.8710,0.65124,9.24430,0.72068
1532.8912,0.31604,10.95620,0.07422
1532.9133,0.16520,10.84846,1.59459
1532.9315,0.87152,9.87399,0.82602
1532.9512,1.03433,10.31693,2.37033
1532.9745,-0.80687,9.72315,1.28812
1532.9938,-0.33759,10.61382,0.74701
1533.0116,0.31604,8.89473,0.20112
1533.0333,-0.26816,8.88037,1.37431
1533.0509,0.38308,9.21556,-0.47885
1533.0710,0.29210,9.49330,1.65684
1533.0939,0.18675,8.51883,1.05827
1533.1118,1.23784,10.36960,-0.50998
1533.1346,1.17798,9.90751,-0.22985
1533.1534,0.35675,10.17806,0.27534
1533.1711,0.06943,9.40950,1.90345
1533.1910,-0.20351,10.26186,0.64645
1533.2135,0.90982,7.94660,0.43815
1533.2312,2.17879,10.04398,-1.60416
1533.2526,1.28812,10.57072,0.49083
1533.2831,0.22027,10.66649,2.31526
1533.2915,-0.39745,11.69843,0.50280
1533.3110,-0.39506,10.85564,1.58740
1533.3333,0.19154,8.38475,0.58420
1533.3510,1.18277,8.21955,0.19872
1533.3711,0.90743,9.19162,0.36154
1533.3947,0.76377,9.94342,0.54111
1533.4237,0.14605,11.55477,1.09418
1533.4308,-0.71349,10.78621,2.77496
1533.4531,0.00718,10.07750,2.66722
1533.4711,-0.95053,10.24031,1.26657
1533.4910,-0.34478,9.69921,-0.36393
1533.5134,0.34956,9.88117,-0.39506
1533.5317,0.39266,9.36640,1.07264
1533.5544,-0.24182,9.45978,2.06865
1533.5735,-0.10774,9.43584,1.53952
1533.5906,-0.62012,8.71037,0.67758
1533.6125,0.07901,8.88994,-0.17239
1533.6344,0.65603,9.91948,0.54589
1533.6523,0.57223,8.85642,-0.29210
1533.6737,0.65364,10.03680,-0.31604
1533.7058,0.13887,10.18524,1.11334
1533.7111,0.41182,8.78459,1.24263
1533.7308,0.42379,10.07511,0.41421
1533.7568,0.40703,8.05195,0.94574
1533.7748,1.01038,9.59146,0.07183
1533.7931,1.52515,10.83649,-0.27055
1533.8145,1.49403,8.03519,1.33601
1533.8417,-0.14126,13.13260,-0.46210
1533.8586,0.49801,9.27781,2.76539
1533.8732,-0.94813,9.37359,1.43417
1533.8925,-0.39027,11.44703,0.63448
1533.9122,1.27615,8.05674,1.13010
1533.9329,1.40783,8.87558,-0.68716
1533.9498,1.57064,9.42147,-0.73744
1533.9698,0.14605,10.15651,0.66800
1533.9926,0.01437,10.76466,1.34558
1534.0098,-0.43097,9.21317,2.18597
1534.0304,-0.24182,10.13736,-0.12211
1534.0525,1.02236,10.59227,0.66561
1534.0698,0.27055,9.17247,-0.98884
1534.1031,-0.39506,11.13577,0.41182
1534.1171,1.18995,9.21078,0.19154
1534.1299,-1.70712,10.19243,0.60096
1534.1495,-0.53871,10.90353,1.24981
1534.1721,1.13010,10.35763,0.08859
1534.1901,-0.85476,9.88596,1.13967
1534.2097,-0.22746,10.41510,-0.35196
1534.2336,0.91461,8.42545,-0.20112
1534.2535,-0.16999,9.79019,0.15084
1534.2698,0.20830,9.78301,0.12211
1534.2922,1.76937,9.16289,0.75899
1534.3105,-2.34400,10.74072,0.38308
1534.3323,-0.11253,10.07271,0.97447
1534.3545,1.28812,10.28102,-1.61374
1534.3907,-2.30329,8.94740,1.42938
1534.4036,-0.28013,11.50928,-0.45491
1534.4136,0.34478,9.57949,0.90982
1534.4305,-1.50600,10.36482,0.58181
1534.4510,-0.40703,10.70959,1.07024
1534.4735,2.14766,7.44859,-2.20513
1534.4910,-2.15245,10.96578,-0.77096
1534.5111,1.38389,8.77023,2.24583
1534.5442,1.70472,8.22433,3.42381
1534.5505,-0.90264,10.39115,-1.27136
1534.5699,1.23545,10.31693,-0.48364
1534.5922,1.58501,8.36799,2.94256
1534.6104,-1.39347,10.24031,-2.03034
1534.6302,1.59459,8.43024,-0.55787
1534.6525,1.47248,9.00966,1.20671
1534.6859,-0.08141,10.68565,0.37111
1534.6915,0.23703,9.35683,0.62251
1534.7122,-1.30488,9.90990,0.93377
1534.7303,0.79011,9.20120,-0.48125
1534.7504,1.54431,8.35841,-1.50839
1534.7731,1.01038,9.14374,-1.06545
1534.7911,-0.15802,9.93624,0.96250
1534.8198,-1.30727,10.90832,-1.40065
1534.8323,0.47407,10.77663,-1.27854
1534.8497,0.45491,9.48612,0.29210
1534.8705,0.74462,8.69122,2.03513
1534.8923,-0.22267,9.33288,1.03433
1534.9097,1.05348,10.12060,-0.45252
1534.9298,0.80448,9.82131,-1.31206
1534.9622,0.65124,10.76945,-0.91701
1534.9703,0.12450,8.19081,0.93137
1534.9900,0.15323,9.88836,0.26337
1535.0121,-0.44534,9.69442,-0.31365
1535.0293,-0.09098,8.70558,-2.07105
1535.0494,1.22108,10.69044,2.69356
1535.0729,1.81007,8.33926,-1.56825
1535.0969,-1.02954,9.99849,-1.37671
1535.1099,-0.52195,9.50527,-2.25780
1535.1320,1.20432,9.14613,-2.14527
1535.1515,-0.06704,9.53400,0.76617
1535.1694,-1.37192,10.08947,1.16841
1535.1919,-1.19235,10.09426,0.24422
1535.2174,-0.43097,11.22197,1.39586
1535.2310,-0.38069,8.26504,-0.06704
1535.2512,0.00718,10.66410,-1.07024
1535.2689,-0.05746,8.41827,2.27456
1535.2892,-0.35435,9.73752,-1.34319
1535.3112,-0.51237,9.44302,0.52674
1535.3290,-0.93616,11.30577,1.31446
1535.3490,-0.52435,9.21317,1.02236
1535.3723,-0.72307,9.59146,-1.46290
1535.3889,-0.24422,11.32971,1.32164
1535.4099,1.23784,8.56432,1.43896
1535.4321,1.72388,9.65372,2.09020
1535.4498,-0.19394,9.07670,-0.27055
1535.4697,-0.89785,9.59146,-1.07742
1535.4924,0.73744,9.77582,-1.93697
1535.5111,0.78532,9.00247,0.96010
1535.5299,-0.25140,9.24430,2.18118
1535.5526,-0.23464,9.46936,-0.94574
1535.5702,0.67040,9.87399,-0.02155
1535.5905,-0.05267,10.12778,1.43417
1535.6139,0.46688,7.81012,-1.00081
1535.6321,0.86433,11.17647,2.29372
1535.6626,-0.96729,9.20599,1.82923
1535.6729,-0.06225,11.13817,-0.14605
1535.6908,-0.47885,9.84765,-0.92898
1535.7103,-0.35914,9.50048,0.16042
1535.7325,0.90504,9.14852,0.42618
1535.7501,-0.55787,10.89634,0.34717
1535.7717,-0.26337,9.77822,1.26178
1535.8011,-0.02873,10.17567,-1.78613
1535.8097,0.58660,8.23391,-1.47487
1535.8304,3.18439,8.30334,-1.11094
1535.8538,1.92979,9.59625,-2.31766
1535.8721,1.89148,10.85804,2.72708
1535.8920,-1.64966,10.38158,-0.61293
1535.9146,-0.76377,11.46139,-1.39826
1535.9315,-0.39745,9.18204,0.02394
1535.9503,-0.96489,7.93223,1.24742
1535.9730,-0.37590,10.36242,-0.18196
1535.9899,0.69673,9.43344,0.61054
1536.0098,0.98165,11.13338,-0.79729
1536.0343,-1.06785,10.22595,1.34319
1536.0637,-0.34478,11.16450,1.20671
1536.0758,0.68237,8.54517,0.62969
1536.0939,-1.03193,9.69681,1.64487
1536.1096,0.15084,9.73033,-0.08859
1536.1315,0.41900,10.77424,0.40703
1536.1522,-0.74462,10.75508,0.47407
1536.1696,0.15084,9.17726,0.07183
1536.1897,-0.55308,9.33528,1.48684
1536.2145,0.00718,10.09666,-1.76697
1536.2297,1.55867,8.31532,-0.28731
1536.2496,0.39984,10.55396,-1.81486
1536.2721,0.35435,10.06793,1.47008
1536.2898,-0.07183,10.76945,1.92500
1536.3097,0.09098,9.81653,-0.81884
1536.3320,-0.23224,9.92906,1.17319
1536.3499,-0.54589,10.96338,1.15404
1536.3694,-0.34478,11.02324,-0.19154
1536.3934,0.06943,9.62738,-0.72307
1536.4110,-0.15802,9.88836,0.51237
1536.4302,-0.75180,10.20679,2.43977
1536.4520,-0.51716,11.04958,0.22027
1536.4755,0.26337,7.86998,-0.13169
1536.4951,-0.11253,10.51565,-1.36234
1536.5120,0.32562,10.13496,0.27534
1536.5294,1.22347,8.23631,2.09738
1536.5496,-1.06306,9.41908,-3.07664
1536.5718,-0.14845,10.64734,-0.18196
1536.5895,0.61054,9.87638,0.66800
1536.6096,-0.78293,10.40552,-0.60815
1536.6322,-0.49083,10.31454,0.51716
1536.6494,0.18675,9.11740,-1.21150
1536.6697,-0.65603,9.99370,1.23784
1536.6920,-0.16042,10.15891,0.43576
1536.7092,2.27696,9.68484,-1.30009
1536.7301,1.19714,11.77983,-1.10615
1536.7585,-0.00718,10.91789,3.33283
1536.7698,1.13249,8.59305,-1.22587
1536.7904,1.25460,9.79498,-2.28414
1536.8125,-0.28013,9.39753,-1.27615
1536.8315,0.58899,8.29856,0.84997
1536.8529,-0.11971,9.62738,0.96010
1536.8732,0.92419,8.52122,-2.10217
1536.8907,1.78852,10.20679,-1.81007
1536.9150,0.16999,9.44302,-0.47885
1536.9344,-1.24263,10.32651,1.35995
1536.9508,0.62969,10.27623,2.08781
1536.9706,-0.37590,10.25468,0.00718
1536.9930,-0.36154,10.67368,0.20351
1537.0117,0.47646,10.80536,-0.30168
1537.0320,0.64645,9.81413,0.60096
1537.0570,1.55388,11.04240,-1.62811
1537.0715,2.76778,7.68323,-2.56666
1537.0916,1.77176,10.03680,0.12450
1537.1136,1.19953,9.76146,1.66402
1537.1316,-1.99443,9.29936,-0.41660
1537.1517,-0.60815,10.92508,0.00239
1537.1857,-0.67040,9.93145,1.73345
1537.1964,-0.63688,9.50527,2.00880
1537.2114,-0.89306,8.25307,0.06465
1537.2335,-1.24502,9.57710,0.15802
1537.2517,0.83800,11.23394,-1.29291
1537.2721,2.90904,9.35443,-1.18517
1537.2939,2.32484,9.45739,-2.47089
1537.3120,-1.78373,10.40791,-0.11732
1537.3424,-0.39027,11.63139,2.10696
1537.3560,0.80208,8.97853,-0.12690
1537.3717,-0.60575,9.08388,1.36234
1537.3922,-0.17478,11.66491,0.57463
1537.4178,-0.34956,9.81413,0.90264
1537.4359,-0.30647,10.38636,-1.73106
1537.4724,1.36234,9.45020,-2.53554
1537.4888,0.51237,9.88836,1.41023
1537.4919,-0.70152,9.81653,0.31365
1537.5118,0.43576,10.65213,-1.51558
1537.5341,1.27854,8.86361,-1.35755
1537.5537,-1.42938,9.54597,-0.98165
1537.5739,-0.42379,10.59945,2.96651
1537.6165,0.72786,9.97694,0.14845
1537.6165,-0.99362,9.62259,-3.40705
1537.6333,0.80926,9.48612,-1.12052
1537.6548,0.58660,8.67206,-0.81645
1537.6740,0.53392,10.29059,-0.94095
1537.6931,1.07024,8.82530,-2.52117
1537.7181,-0.05986,9.85484,-0.30407
1537.7550,0.60575,10.26426,0.81645
1537.7711,-1.35037,10.20440,0.96010
1537.7754,-0.77096,9.57949,0.94574
1537.7935,-0.21309,9.42147,-3.11974
1537.8131,-0.07422,10.33369,-0.27295
1537.8357,-0.38787,9.59386,0.79490
1537.8544,0.79011,11.32253,-0.72547
1537.8750,0.24661,10.75748,-0.04549
1537.9095,-1.48684,10.38397,-1.03433
1537.9125,-0.18675,10.87958,3.06228
1537.9330,0.69195,7.33366,-0.74941
1537.9553,-0.52435,9.43823,-0.85476
1537.9729,0.22506,9.24908,-0.17718
1537.9929,0.27295,8.91628,1.68078
1538.0153,-0.41421,13.24992,-1.56107
1538.0361,0.27534,7.88914,0.76856
1538.0526,0.14845,9.27303,-1.24742
1538.0752,-0.79729,11.44224,0.68955
1538.0928,-0.47167,8.47094,1.49163
1538.1166,-0.08141,9.99610,-0.11493
1538.1390,-1.03672,9.56513,0.95771
1538.1544,0.58899,9.48133,0.28971
1538.1740,1.74543,9.51245,0.38308
1538.1965,1.64487,8.72713,-3.75901
1538.2124,1.55628,8.87318,-2.72708
1538.2324,0.78053,9.73033,-0.86433
1538.2570,-0.28971,9.99610,0.53632
1538.2726,0.60575,10.01525,-1.05348
1538.2926,1.53473,7.97294,-2.03274
1538.3157,0.05267,11.59068,1.65684
1538.3323,-0.89067,10.43904,0.64645
1538.3522,-0.38787,10.30256,0.01437
1538.3746,-0.42858,9.67287,0.50040
1538.3921,-0.08859,10.12060,0.44534
1538.4122,-0.12690,9.92427,1.17080
1538.4363,1.05348,9.85484,-1.45093
1538.4741,-0.79729,8.03519,0.27774
1538.4768,0.71110,11.21239,-1.89148
1538.5002,0.87391,9.22993,-0.26098
1538.5126,0.81405,9.45739,-1.85796
1538.5328,0.41660,9.35204,-0.36154
1538.5551,0.09098,10.19722,0.68716
1538.5724,0.22985,7.83886,1.54670
1538.6010,-0.20830,11.80138,-0.58660
1538.6145,0.38548,8.51883,1.81965
1538.6329,-0.54111,10.74790,-0.91701
1538.6533,-0.30886,11.06394,0.46688
1538.6755,1.36474,8.82769,1.50839
1538.6971,-0.65364,11.22197,-1.93218
1538.7234,0.00958,10.48692,0.99841
1538.7375,0.76856,7.48690,-0.01197
1538.7527,1.64966,9.29697,-2.92102
1538.7728,0.90504,10.15891,-1.34558
1538.7957,-0.19154,10.46777,1.60177
1538.8130,0.75180,9.68245,0.51477
1538.8330,-0.01197,9.65850,-0.71589
1538.8560,-0.62251,10.84367,0.83081
1538.8754,1.18517,10.10145,3.69676
1538.8944,-1.26897,9.96976,-2.66243
1538.9149,0.06465,10.96578,-0.05507
1538.9323,0.45491,10.26186,-0.66561
1538.9541,0.63448,8.81811,0.65124
1538.9764,1.09658,9.33049,-2.31766
1538.9939,0.71349,10.91071,-0.71828
1539.0281,0.34717,9.28021,2.08541
1539.0359,1.63050,8.73671,2.37273
1539.0540,1.48206,8.39433,-1.78373
1539.0729,1.64966,9.65372,-2.54272
1539.0973,0.78772,9.79737,0.12450
1539.1147,-0.51237,10.90832,-0.58420
1539.1486,0.30168,10.22834,-0.20351
1539.1627,-0.61533,8.90431,1.10855
1539.1730,0.32802,8.59545,2.59061
1539.1924,0.95053,10.69762,0.12929
1539.2148,1.89148,8.46376,0.35196
1539.2338,-0.86673,11.08070,-2.98087
1539.2535,-0.28252,9.44541,2.14527
1539.2916,1.04630,11.03282,-1.38150
1539.3062,-1.16601,10.47016,0.52913
1539.3120,-0.68476,10.03680,0.01437
1539.3345,0.73265,6.57707,0.09577
1539.3524,0.39745,10.36721,-1.38389
1539.3723,0.22027,9.53640,1.04630
1539.3950,0.28731,8.83248,-0.84997
1539.4122,1.61135,11.16929,-0.96250
1539.4397,1.43417,9.71357,0.52674
1539.4545,-0.63927,9.56752,-0.56505
1539.4720,-0.69434,11.28901,1.18756
1539.4923,-0.47167,9.41668,0.60096
1539.5149,-0.61054,9.90033,0.54111
1539.5338,1.05109,8.56672,0.73504
1539.5560,0.20591,9.32091,1.91063
1539.5760,1.08940,9.02881,0.32323
1539.5925,1.07982,9.94582,-0.59857
1539.6123,0.43815,10.03201,-0.47167
1539.6345,1.78134,9.16050,-0.96250
1539.6523,1.35037,10.04877,-0.89546
1539.6740,0.35675,9.86441,0.57941
1539.6963,1.42220,9.87878,-1.07024
1539.7278,0.08380,10.30735,0.47407
1539.7322,-0.14845,11.18126,-0.47646
1539.7545,1.00799,10.36242,0.44055
1539.7725,0.55547,10.28820,-0.60336
1539.7938,0.03113,10.80297,-1.34798
1539.8158,0.69195,8.37039,0.81405
1539.8340,-0.91940,10.89395,-0.05986
1539.8558,0.11014,11.13098,0.26816
1539.8745,-0.00239,9.15571,0.75420
1539.8925,-0.11732,11.21239,-0.95053
1539.9142,1.45093,8.21715,-0.60575
1539.9381,-0.16999,9.19641,0.54829
1539.9561,0.06225,10.64495,0.32323
1539.9907,0.16999,8.64094,0.56026
1540.0040,0.35196,9.64653,-0.56026
1540.0123,0.24900,11.44703,0.87152
1540.0337,0.81166,9.31852,0.09577
1540.0548,0.74223,10.30017,-1.47248
1540.0746,0.10056,11.32492,0.79490
1540.0946,0.72068,7.63534,2.32963
1540.1350,1.57543,9.63935,-1.32164
1540.1375,0.53153,9.96497,-2.27696
1540.1523,-0.68955,9.50767,0.53392
1540.1749,0.82842,9.54119,0.17957
1540.1921,0.46210,9.68484,-1.60656
1540.2120,0.20591,8.07110,1.09658
1540.2344,1.15643,8.83248,-1.36953
1540.2522,1.11813,9.19641,0.08859
1540.2849,0.24422,8.50446,-0.20351
1540.2941,0.39506,9.17247,0.69434
1540.3118,0.75659,9.86202,-0.25140
1540.3322,-0.05267,9.36880,1.87711
1540.3542,-0.53632,10.84846,1.02475
1540.3738,-0.36393,9.91230,1.74782
1540.3939,-0.17478,9.37837,-1.37192
1540.4260,-0.70392,10.84367,0.27534
1540.4321,0.12211,8.38954,1.27375
1540.4524,0.51477,9.26345,0.14605
1540.4760,-0.23703,10.95860,-0.07422
1540.4935,1.00560,8.54756,0.86433
1540.5135,0.99602,11.09028,-0.77814
1540.5360,1.15643,9.30655,-0.35914
1540.5656,0.38787,9.77343,0.47646
1540.5808,0.81884,9.90512,-0.70631
1540.5940,0.58181,9.62498,-0.61054
1540.6119,-0.81645,10.82452,2.05189
1540.6318,0.50998,9.61780,1.95852
1540.6560,0.76138,10.24989,0.24900
1540.6760,0.47167,9.34964,-0.33041
1540.7000,0.96489,9.93863,-0.48604
1540.7150,1.13249,11.56435,-0.66561
1540.7321,0.43336,8.81811,1.18756
1540.7518,-0.41421,10.68565,-1.31685
1540.7740,-0.28492,11.08070,-0.06943
1540.7916,0.37351,8.18842,1.75500
1540.8116,0.62251,10.22834,2.30329
1540.8348,0.76377,10.64973,-1.34079
1540.8516,0.99362,9.30655,-0.43097
1540.8717,0.03113,11.28661,0.28971
1540.8932,0.34717,9.66329,-0.82842
1540.9105,1.37910,9.17007,-2.38949
1540.9314,2.01359,8.94262,-1.05348
1540.9597,1.00799,8.56672,-1.07982
1540.9709,1.55867,10.32172,-1.54910
1540.9911,1.11334,11.38478,0.98165
1541.0138,0.92658,9.67287,-1.22347
1541.0316,1.81725,8.20039,0.84518
1541.0521,-1.04869,12.11024,-0.83800
1541.0745,1.06066,11.02803,1.34558
1541.0936,0.26337,8.61460,-0.74462
1541.1251,-0.19394,12.15094,1.30009
1541.1349,-0.06704,8.12856,1.21869
1541.1519,0.45491,8.77502,0.08619
1541.1719,0.47885,11.43985,0.08141
1541.1943,0.20830,10.14215,1.14925
1541.2120,0.24661,10.53481,0.75420
1541.2478,-0.35914,11.25070,-1.17798
1541.2606,-0.67758,9.00726,-0.87391
1541.2721,-0.16281,10.13736,-0.25858
1541.2920,-0.54111,9.93145,0.55787
1541.3143,0.33999,9.40711,0.46688
1541.3318,1.86275,8.93783,-1.32403
1541.3518,2.24822,9.16289,-2.08781
1541.3759,2.27935,6.83565,-0.62969
1541.3931,1.53952,12.53642,1.70951
1541.4125,0.83560,8.87558,1.02236
1541.4343,-2.46371,11.19084,3.10298
1541.4521,-1.23784,10.98733,5.34642
1541.4722,0.88588,8.11180,2.00161
1541.4946,-1.12291,12.38798,3.72310
1541.5122,-0.53153,11.90433,1.31685
1541.5371,1.51079,9.46696,-0.92658
1541.5541,1.01757,10.28820,3.63690
1541.5720,-2.03513,9.26824,2.08062
1541.5919,-1.12052,12.02644,0.69913
1541.6154,0.07422,9.23711,1.69275
1541.6333,-0.61772,8.74150,-0.06225
1541.6531,0.27774,10.06074,-0.22267
1541.6832,0.88349,9.35683,0.81405
1541.7009,2.14766,9.99610,-1.58980
1541.7119,2.12851,9.60822,-1.80528
1541.7368,0.81884,9.92666,0.93137
1541.7542,1.40065,9.58428,1.11573
1541.7715,-0.77096,11.49970,-1.06785
1541.7937,0.21548,12.07672,0.79969
1541.8148,-0.27055,8.71756,1.18038
1541.8314,0.52195,11.68406,-0.27774
1541.8536,0.91461,9.51245,1.06545
1541.8713,0.25858,9.95779,1.93936
1541.8915,1.67599,9.38316,-0.19154
1541.9138,0.43336,8.97135,-1.06785
1541.9313,0.80448,9.88357,0.68716
1541.9521,0.67997,8.11420,0.67519
1541.9739,1.02236,10.62340,-0.57702
1541.9918,0.42379,9.38316,-1.58022
1542.0117,0.49561,10.52044,0.62251
1542.0338,0.46210,10.75269,1.05109
1542.0531,0.56026,9.80455,2.23386
1542.0737,0.38787,11.07113,0.50280
1542.1051,1.45811,8.93304,-0.87630
1542.1117,0.55308,10.08947,0.99123
1542.1315,-0.39027,11.16929,2.42301
1542.1547,-0.83321,10.28820,0.44773
1542.1733,0.19872,9.88357,-0.04310
1542.1934,0.09577,8.33686,0.37111
1542.2169,-0.33520,9.93145,-0.81166
1542.2498,0.50519,6.59144,0.77814
1542.2521,0.37111,9.13176,-0.90982
1542.2747,1.48206,7.21874,-4.30012
1542.2924,0.53632,11.17408,-0.23943
1542.3140,0.89306,8.27222,2.16921
1542.3363,4.32406,8.48531,0.30886
1542.3539,-1.62811,7.78858,-2.83961
1542.3845,-1.03672,11.11662,4.08703
1542.3949,0.72307,8.69122,2.76539
1542.4127,-1.43417,9.94821,-0.53871
1542.4332,-0.36154,9.73752,0.87152
1542.4550,-1.21150,9.31852,3.28016
1542.4725,0.87870,8.64333,0.02155
1542.4939,-0.84997,9.86681,-0.50759
1542.5275,-0.43336,10.92747,0.73983
1542.5331,0.32802,8.37996,0.83800
1542.5531,1.27615,10.13975,-0.84039
1542.5752,0.72068,9.42147,-0.38548
1542.5933,1.98007,9.73273,-1.89866
1542.6144,2.92102,9.66090,-0.23703
1542.6370,2.61934,9.32331,-2.11893
1542.6554,3.14129,9.22275,-0.44773
1542.6752,0.99123,10.91789,-0.15563
1542.6949,0.53392,10.30735,1.91303
1542.7125,-1.33840,9.72076,-0.48843
1542.7325,-0.17957,11.66970,0.85476
1542.7563,-0.44773,10.36960,0.73744
1542.8005,1.19714,9.87160,-1.13967
1542.8005,0.82124,9.55316,1.99683
1542.8160,-0.02394,9.11740,2.67201
1542.8326,1.11813,9.89554,-0.04789
1542.8525,0.16042,9.77582,-0.88828
1542.8752,-0.34717,8.68882,0.07422
1542.8931,0.14126,9.73991,1.39586
1542.9130,-0.55787,9.70400,0.65124
1542.9409,-1.03433,10.66410,1.21869
1542.9524,0.28013,9.99610,-1.21390
1542.9730,0.94095,8.42066,-0.04310
1542.9957,1.21629,9.42147,0.18436
1543.0146,1.63050,7.97772,0.33520
1543.0348,-1.04390,9.96258,1.13967
1543.0569,-0.13169,11.72716,0.66082
1543.0743,0.92419,8.15969,0.31126
1543.0935,-0.03591,11.54280,-0.67997
1543.1147,0.29210,11.15014,0.13887
1543.1322,1.05588,7.82688,1.71909
1543.1523,-1.22347,10.57072,-1.29291
1543.1754,-0.22267,10.34806,0.91940
1543.1952,-0.85954,8.42545,2.32724
1543.2241,0.26098,10.85804,-0.48125
1543.2345,0.61772,9.17007,0.15084
1543.2523,-0.55068,10.80776,1.92260
1543.2725,0.36154,11.35365,2.02795
1543.2953,-0.10774,10.46537,1.69275
1543.3130,0.17239,9.54837,0.52435
1543.3370,0.16042,10.11342,1.02236
1543.3558,1.35995,10.06314,0.91222
1543.3801,-0.78532,10.53481,0.95771
1543.3929,-0.01197,9.15810,-0.65843
1543.4149,-0.15323,9.47893,-1.65444
1543.4326,0.72547,10.46777,0.40703
1543.4529,1.81486,7.79815,-0.34717
1543.4753,0.79969,10.21637,-0.16760
1543.5023,1.24263,8.90191,1.77895
1543.5129,-0.91701,11.47336,-0.54829
1543.5353,1.35516,10.17567,1.08700
1543.5530,-1.24023,9.51724,-0.68955
1543.5725,-0.56744,10.25707,0.99841
1543.5952,-1.06306,11.53801,0.84518
1543.6129,-0.42139,8.38236,0.45012
1543.6451,-0.04549,10.39355,0.28731
1543.6547,0.39506,8.11420,1.48206
1543.6740,1.08940,9.01923,-2.01359
1543.6923,1.48445,9.79258,-1.82444
1543.7147,1.02475,8.13814,0.33520
1543.7323,0.37111,10.15172,0.61533
1543.7539,0.72786,10.13975,2.69116
1543.7854,0.10535,9.39753,1.75261
1543.7922,0.72786,9.79737,-0.08141
1543.8120,-0.63209,10.63776,0.55308
1543.8359,-1.12291,9.19641,1.84120
1543.8549,-0.04070,9.78301,-0.45731
1543.8745,-0.56026,10.39355,0.02394
1543.8971,-0.13169,9.57231,0.30647
1543.9253,0.46210,10.41510,-1.30249
1543.9410,1.03672,8.89713,0.14366
1543.9563,0.02634,9.50527,0.24182
1543.9740,0.49322,9.28739,0.75180
1543.9932,-0.40942,10.77663,0.96968
1544.0146,2.03034,8.49249,0.61772
1544.0322,-1.86514,9.54837,-2.31048
1544.0527,-0.45731,10.57072,2.09260
1544.0771,1.59698,9.10543,2.07105
1544.0929,1.79092,8.71037,-0.68955
1544.1154,-0.03831,9.79498,-2.15724
1544.1378,-0.57941,9.98173,-0.38548
1544.1747,0.87391,9.65611,0.67758
1544.1749,-0.87391,9.32331,2.47807
1544.1976,-0.99841,10.23792,-2.83482
1544.2139,0.58899,10.41270,1.07024
1544.2335,0.94095,9.98173,0.57941
1544.2557,0.12211,9.70878,3.43339
1544.2737,0.56984,10.17327,-0.20591
1544.2953,-0.96010,10.09905,-1.09658
1544.3269,-0.29210,11.22915,1.15883
1544.3354,-1.43896,10.67128,2.13809
1544.3531,-0.21070,11.04718,0.22027
1544.3759,0.39984,9.59625,0.95771
1544.3950,0.22985,8.59784,1.10615
1544.4133,-1.79331,10.20440,1.23545
1544.4384,-1.30727,8.97374,-0.48364
1544.4556,0.03831,11.35844,1.47248
1544.4761,-0.08141,9.51006,1.92021
1544.4960,-1.25460,9.99849,3.23945
1544.5137,-0.10774,11.68406,0.56984
1544.5338,-0.33280,10.40552,0.52913
1544.5558,-0.27295,9.48372,-0.46210
1544.5736,0.72786,11.04718,-0.93377
1544.5996,0.73025,8.30334,1.55628
1544.6156,-0.45491,8.82051,1.07742
1544.6333,0.15323,11.99532,1.85796
1544.6532,0.45252,10.23074,4.62574
1544.6749,1.40783,9.33767,0.04789
1544.6930,0.67040,9.59625,-0.91461
1544.7192,0.29210,9.51964,0.05028
1544.7360,1.74064,8.77981,-0.08141
1544.7543,-0.18915,9.69921,0.10295
1544.7736,0.33041,9.62977,1.87232
1544.7959,0.33520,9.08867,-0.72547
1544.8136,1.01757,10.26426,-1.49882
1544.8354,1.99443,7.93463,1.19474
1544.8580,0.96968,10.69523,-1.46051
1544.8872,1.71909,8.91867,-0.93616
1544.8940,0.69913,8.48770,-1.07264
1544.9163,0.26816,11.29379,-0.02394
1544.9336,0.48364,9.15331,1.70233
1544.9553,0.24900,8.11420,-0.13647
1544.9778,1.13249,9.07670,-1.83162
1544.9962,0.47646,9.45739,1.94894
1545.0277,1.16122,8.83009,0.92419
1545.0474,1.59938,8.58587,-0.47167
1545.0541,0.51237,11.10944,-2.88510
1545.0735,0.97926,9.65611,0.66800
1545.0990,1.24981,9.45260,1.86753
1545.1138,-0.85236,10.46298,0.45970
1545.1333,-0.53153,11.24591,1.12531
1545.1563,-0.09338,9.82131,1.97049
1545.1733,-0.79969,10.73353,2.03034
1545.1936,-0.12211,9.51006,0.45252
1545.2158,-0.26098,9.48851,2.12133
1545.2336,0.84278,9.43344,-2.00880
1545.2533,1.30967,9.60344,-2.53554
1545.2759,-0.02394,10.74790,0.40224
1545.2986,-0.39745,9.37359,2.80848
1545.3136,-0.40463,9.81653,0.89785
1545.3359,0.00479,9.54837,1.32164
1545.3536,0.50040,10.28580,0.17478
1545.3755,1.07503,10.53960,1.07503
1545.3976,0.47167,9.42626,0.32323
1545.4153,0.75659,10.68565,-1.37192
1545.4459,0.30168,8.68164,-0.23703
1545.4561,1.00560,9.12458,-0.77814
1545.4736,0.22027,9.88117,1.47008
1545.4941,-0.05507,9.64414,0.25858
1545.5167,1.64008,10.34806,-0.93856
1545.5342,0.04789,8.77262,0.90743
1545.5555,-0.83800,10.81494,0.46210
1545.5923,-0.11971,11.06155,0.67758
1545.5939,-0.50280,8.94740,0.28252
1545.6140,-0.34478,10.07271,1.51079
1545.6365,1.14207,7.61379,-0.14126
1545.6542,-0.61533,9.71836,-0.92419
1545.6741,-0.62251,11.37999,1.88190
1545.6965,-0.20830,7.85322,1.67120
1545.7203,-0.55787,10.87001,-0.02634
1545.7358,-0.06225,9.65850,2.42061
1545.7584,0.64645,8.91389,1.61614
1545.7739,-0.52195,8.74629,-1.09658
1545.7943,0.35675,11.55477,1.31685
1545.8163,0.61054,6.46454,-0.47885
1545.8341,0.62251,10.62100,-4.99685
1545.8601,1.77176,8.37039,-1.27854
1545.8766,0.58899,9.71597,0.17239
1545.8936,0.91701,9.86202,-0.39745
1545.9146,0.33280,7.95618,0.90025
1545.9377,-0.14126,10.48213,-4.00323
1545.9552,1.98007,11.03521,-1.74782
1545.9752,2.96651,8.50446,2.37033
1546.0085,-1.08221,11.64575,-1.91781
1546.0146,0.97926,8.29137,0.08141
1546.0359,-0.03831,10.19243,1.28333
1546.0564,-0.09098,11.26506,0.26098
1546.0742,0.50519,9.83808,1.23066
1546.0953,1.18756,10.53241,-0.48364
1546.1487,1.41262,9.97694,-3.14847
1546.1489,-0.33280,9.91948,-0.64885
1546.1648,0.44773,8.32010,0.52195
1546.1775,-0.93856,10.43425,-3.25382
1546.1935,-0.44294,10.55396,-1.01278
1546.2131,0.25140,6.38553,2.03274
1546.2357,-0.32083,9.55795,1.87951
1546.2535,1.08700,10.44622,-1.27375
1546.2738,1.84359,10.11342,0.96250
1546.2955,0.07662,10.35284,-1.17080
1546.3132,0.39984,9.18204,0.29450
1546.3334,0.46928,8.18842,0.10056
1546.3558,0.49561,10.62100,0.02155
1546.3737,0.64645,9.81892,-0.56026
1546.3947,0.02873,9.55795,0.05507
1546.4155,0.51477,9.64174,1.88669
1546.4340,0.73265,8.53320,0.05986
1546.4534,0.63448,9.05036,-1.86753
1546.4757,0.57702,10.45101,-0.83081
1546.4933,1.30488,8.32010,-1.13489
1546.5132,2.13330,10.26186,-1.54910
1546.5353,1.96091,8.81572,-0.61054
1546.5533,-0.26337,11.39435,-0.15802
1546.5732,0.83321,10.94662,0.19154
1546.5956,1.55867,9.23232,2.57624
1546.6129,-1.18517,10.31454,-0.57941
1546.6329,-0.26098,10.10384,-0.58899
1546.6555,0.81166,10.30975,-0.62730
1546.6749,-0.00958,9.81892,1.30009
1546.6997,0.32323,9.24190,-0.30168
1546.7152,0.18196,9.61780,1.14686
1546.7332,-1.19714,9.46457,0.94095
1546.7533,-0.78532,9.24430,2.71032
1546.7755,-0.68476,10.05356,1.40305
1546.7933,0.80687,8.61939,-1.96570
1546.8198,0.23943,10.94184,-2.75820
1546.8359,1.04630,8.75107,2.00401
1546.8533,-0.53392,9.95779,-0.33999
1546.8732,0.50280,10.91789,-0.28252
1546.8954,1.18038,9.12458,0.47646
1546.9133,0.50759,10.74790,0.39984
1546.9332,1.70951,8.55953,-0.31365
1546.9578,1.50121,8.11659,0.81884
1546.9733,-0.65603,10.91550,0.40463
1546.9927,0.03352,8.03040,0.30647
1547.0154,0.05746,8.97135,1.65444
1547.0328,0.42139,10.19243,-0.31604
1547.0548,0.97447,9.00247,-0.44773
1547.0773,0.76617,9.53161,1.08700
1547.0956,-0.01437,10.95381,0.86673
1547.1239,1.62092,9.31852,-1.44135
1547.1359,1.13010,7.92026,0.26576
1547.1533,-0.07901,11.17647,0.26816
1547.1735,-0.29210,8.90910,1.17319
1547.1958,-1.18517,9.81174,1.40305
1547.2148,-0.07662,10.50847,-0.42858
1547.2346,0.26576,9.78301,0.68476
1547.2633,0.84039,8.87318,0.10774
1547.2788,1.69994,10.01046,-0.77335
1547.2935,1.11334,10.81973,-1.71191
1547.3159,1.89866,7.25705,2.42301
1547.3351,-0.68476,11.46139,-2.30090
1547.3536,-0.50040,10.41031,0.96010
1547.3757,0.02873,9.80934,2.48047
1547.4019,-0.87630,9.46217,-2.05908
1547.4136,0.38787,9.76385,-0.38787
1547.4352,0.74941,7.51802,-0.08380
1547.4529,1.03912,9.13895,0.07901
1547.4730,1.14446,9.50767,0.28731
1547.4955,1.56825,10.53720,0.24182
1547.5128,-1.57783,9.93145,0.25140
1547.5338,-0.78293,9.44781,1.18517
1547.5549,-0.41421,11.15253,2.57385
1547.5726,-0.52913,10.05356,0.28013
1547.5929,0.46449,10.46059,-0.25379
1547.6154,0.28252,8.84685,1.44854
1547.6332,0.11971,8.32250,0.03113
1547.6539,1.21629,9.23951,-1.60177
1547.6750,0.59139,8.99050,0.57463
1547.6932,1.09897,10.16848,0.46210
1547.7134,-0.20112,11.31774,0.04070
1547.7356,-1.07264,11.07592,0.52195
1547.7545,-0.81645,10.11102,0.97208
1547.7749,-0.40942,10.27144,1.97288
1547.7957,-1.21150,10.07990,1.77655
1547.8198,-0.67519,9.89793,2.11893
1547.8336,-0.80926,10.21398,3.24664
1547.8573,-0.75420,9.59865,0.98405
1547.8741,0.04070,10.24031,0.05507
1547.8944,-0.33520,11.11901,1.83162
1547.9176,0.07183,10.38397,2.06865
1547.9358,-0.42618,8.31292,0.28013
1547.9728,-0.69913,9.96258,0.67519
1547.9758,-0.73025,10.74790,2.63610
1547.9933,-0.81884,9.33767,0.27774
1548.0134,0.27055,11.14535,-1.84599
1548.0360,0.26576,7.83407,0.93377
1548.0536,0.15802,12.85726,1.76458
1548.0743,1.50121,6.80692,2.77736
1548.1158,1.31446,9.36161,-3.05509
1548.1160,1.52515,9.56992,-2.09978
1548.1333,1.36234,7.84364,3.06946
1548.1555,1.24263,7.08226,0.76856
1548.1733,1.11573,10.45340,-2.69116
1548.1935,0.95771,8.89234,-0.81884
1548.2157,0.63448,7.70956,2.92580
1548.2362,0.02634,12.73754,0.76377
1548.2529,1.38629,9.05754,1.05588
1548.2754,1.29051,8.93304,-1.70472
1548.2932,1.23066,10.90353,0.01915
1548.3130,1.35995,8.97135,0.88828
1548.3381,0.25140,9.46457,1.06066
1548.3557,-0.56505,10.99212,0.71589
1548.3850,-0.42139,7.26902,1.84599
1548.4021,0.26816,10.31214,-1.96091
1548.4143,-0.00239,11.31295,1.33840
1548.4338,0.44534,8.28658,1.90824
1548.4564,1.34319,9.97694,-0.95053
1548.4778,0.77575,9.22035,0.32323
1548.4954,-1.98964,9.79737,2.08302
1548.5233,-1.60895,9.05754,0.27534
1548.5344,-0.53871,13.66891,5.44698
1548.5541,-0.71828,9.19641,2.57863
1548.5764,-0.06943,10.61382,2.51159
1548.5941,0.00479,7.86759,-2.64089
1548.6140,-0.55787,9.61541,-1.43178
1548.6378,1.72148,8.61939,-0.70392
1548.6561,0.91940,8.58348,1.84359
1548.6780,1.15404,8.76305,0.14126
1548.6963,-0.12211,9.61780,1.51079
1548.7139,0.79011,8.07589,0.49083
1548.7338,1.04151,8.83966,0.23703
1548.7562,0.15563,11.03761,0.32802
1548.7756,1.20911,10.12539,0.40703
1548.8077,1.35755,7.30493,0.20112
1548.8173,-0.66082,10.08229,-0.14605
1548.8358,0.03113,10.13975,0.84039
1548.8542,0.41182,10.72156,2.02795
1548.8785,-0.17478,9.34725,2.77018
1548.8962,-0.88588,9.83089,-0.32083
1548.9359,0.13887,8.70558,0.92180
1548.9514,0.85236,9.89314,-2.01837
1548.9542,3.02397,8.98571,-0.80926
1548.9756,1.10615,9.74949,-0.20591
1548.9979,0.74701,9.96976,-0.78532
1549.0155,1.51079,8.42306,-1.90824
1549.0338,-0.01197,10.30975,1.18995
1549.0564,0.99123,8.47813,0.01915
1549.0747,-0.68716,10.77424,0.50040
1549.0935,-0.03831,10.88437,0.63209
1549.1166,1.20671,8.65051,0.37111
1549.1334,0.78293,10.91789,-1.53473
1549.1541,-0.80687,9.44781,4.10139
1549.1764,0.18675,9.45978,3.16763
1549.1953,-0.93137,10.19722,1.22108
1549.2290,-0.34478,9.40950,-1.01517
1549.2372,0.29689,9.47654,0.23943
1549.2542,-0.49561,9.69442,2.86116
1549.2740,0.63688,8.66967,1.54910
1549.2975,0.69673,8.66488,0.18196
1549.3149,0.69673,10.23553,-0.49083
1549.3353,0.53632,7.83167,1.72867
1549.3666,1.41741,9.51245,2.18597
1549.3752,-1.52276,10.33369,0.53153
1549.3936,-0.54589,11.38957,1.80289
1549.4160,0.43576,10.57551,0.73265
1549.4349,-1.41741,10.16130,1.19235
1549.4554,-0.61772,10.66649,0.96010
1549.4756,0.43815,9.37119,1.22826
1549.5057,0.00479,9.47654,0.23703
1549.5146,-0.14126,10.81973,1.42699
1549.5361,0.74941,8.26743,1.40783
1549.5532,-0.66082,10.39834,-0.58899
1549.5732,-0.07422,10.67368,0.62969
1549.5961,0.93137,9.24669,-0.10774
1549.6156,0.72068,10.02962,-0.06943
1549.6360,0.06465,11.57392,0.27534
1549.6572,0.45731,9.28500,0.90025
1549.6763,0.15563,9.49569,1.71191
1549.6946,-0.86673,10.39594,2.25780
1549.7174,0.08141,10.13736,1.02954
1549.7366,-0.90504,10.68565,0.35435
1549.7566,0.18436,10.03441,0.09098
1549.7887,0.25379,7.99448,-1.39826
1549.7948,0.31126,9.77343,-1.25221
1549.8149,1.31446,9.12219,0.07422
1549.8373,0.83321,8.56432,0.74223
1549.8553,0.06943,11.09986,0.31844
1549.8757,0.05986,8.72234,1.13249
1549.8999,-0.27774,9.76385,1.40305
1549.9164,0.16760,10.32890,-1.24502
1549.9351,0.51477,10.37200,0.52674
1549.9583,0.79011,8.88755,0.02394
1549.9756,0.56744,9.81413,-0.06465
1549.9956,0.52674,9.53161,0.81405
1550.0182,0.75899,8.83727,0.90025
1550.0565,0.28252,10.14694,-0.28492
1550.0702,0.05986,10.07511,1.19235
1550.0792,-0.10056,11.30098,0.82363
1550.0966,0.49083,9.96976,-1.89866
1550.1168,0.82602,9.74470,0.48604
1550.1405,-0.39266,10.56833,2.16921
1550.1582,0.87630,9.69442,1.20193
1550.1958,-0.59617,11.01366,0.46449
1550.2119,-0.33041,11.81096,-0.63927
1550.2168,1.83401,7.94660,0.82602
1550.2368,-0.96250,11.97616,-1.48924
1550.2589,-0.18196,8.95938,0.29928
1550.2765,0.45491,10.44622,0.63927
1550.2966,0.30168,9.62259,0.04310
1550.3202,0.01437,8.97135,1.75261
1550.3427,-0.68476,9.92906,-0.72547
1550.3627,-0.18196,10.99212,1.69754
1550.3792,-0.35435,9.16528,0.83560
1550.3964,-0.51956,11.23873,-0.68476
1550.4171,0.95292,8.50446,1.13967
1550.4419,-1.43656,8.95219,1.00560
1550.4733,0.14605,10.14694,0.14366
1550.4900,0.06943,8.52122,1.13489
1550.4990,-0.37111,10.23313,0.45252
1550.5165,0.68955,9.64653,0.92180
1550.5377,-0.95771,9.32809,-1.15165
1550.5598,-0.20830,10.82212,-2.13809
1550.5770,0.43576,8.97374,0.82842
1550.5978,-0.97926,11.17408,1.52036
1550.6285,0.14366,11.16929,0.96968
1550.6434,-0.12929,9.30894,1.10137
1550.6602,-0.27534,8.56911,-3.70873
1550.6798,0.34478,11.52843,-1.22587
1550.6976,-0.28492,9.30415,1.02714
1550.7177,0.03591,9.33528,1.17559
1550.7415,-1.08221,9.46936,-1.54431
1550.7733,-0.14605,10.32172,-0.19872
1550.7786,2.74863,8.28419,-1.96809
1550.8005,1.14207,9.98413,0.50040
1550.8176,0.82842,10.33369,0.23464
1550.8376,0.39266,9.22993,-0.57941
1550.8612,0.49801,9.80455,-2.22189
1550.8798,-0.83800,11.02085,-0.11732
1550.8987,-1.62332,8.59305,3.43339
1550.9197,-1.60416,9.45260,0.04549
1550.9391,-0.55547,10.34566,0.92180
1550.9576,-0.08141,9.73033,-1.02475
1550.9822,0.05746,9.32091,-1.50839
1550.9979,-0.00239,8.91389,0.82124
1551.0376,-0.76617,9.14374,0.02394
1551.0507,-0.58420,10.94423,-0.26098
1551.0571,-0.70631,10.33848,1.05827
1551.0776,0.39266,9.08388,-1.01996
1551.0996,0.21548,9.40471,-0.31604
1551.1176,0.40224,10.94184,-0.63448
1551.1392,-0.33520,9.24430,0.78532
1551.1614,-0.79729,11.77026,-0.02634
1551.1793,-0.72547,10.09187,0.22027
1551.1971,5.43022,7.22113,4.31209
1551.2195,-1.76458,10.92747,-5.15008
1551.2374,-0.80448,10.36003,5.63373
1551.2590,-2.06865,11.81814,0.80208
1551.2814,-0.64645,8.65051,1.30967
1551.3011,-0.03352,10.08229,-1.47248
1551.3345,1.93218,10.29059,0.39506
1551.3409,3.90985,9.67766,7.76224
1551.3578,-0.70392,14.84690,1.15165
1551.3778,3.14129,4.01520,-4.52757
1551.4034,-3.56986,9.80934,-4.01999
1551.4214,-1.65444,7.53239,-2.15724
1551.4589,0.54350,12.88120,2.94017
1551.4725,0.90025,10.35524,-6.11019
1551.4781,-0.15563,11.35126,-0.69195
1551.4976,0.73744,10.28102,-2.57145
1551.5198,3.24185,5.60500,3.61296
1551.5375,-3.19396,10.98014,-4.79573
1551.5576,1.27375,7.54915,2.93778
1551.5823,0.11014,9.44541,0.67758
1551.6002,0.38787,9.38077,1.41262
1551.6174,-0.66800,11.49970,0.73983
1551.6398,0.19633,8.97135,1.43417
1551.6573,1.32403,10.24989,-2.06865
1551.6774,1.16362,9.14613,-1.54670
1551.7010,1.17080,10.89874,-0.75420
1551.7186,-0.26098,9.55555,1.98964
1551.7465,-1.44614,8.47094,-0.86673
1551.7611,-0.10056,10.29778,-1.07264
1551.7861,-0.50759,8.79896,1.93457
1551.7972,-0.29928,8.34165,0.94095
1551.8195,0.61772,8.92586,0.22267
1551.8372,-0.46210,10.17327,1.69515
1551.8574,0.14845,9.38077,1.62571
1551.8854,0.67997,10.07271,1.00320
1551.8970,-0.38308,10.48692,-0.79490
1551.9175,0.39984,9.96497,0.79969
1551.9395,0.60336,10.49889,1.30488
1551.9573,0.10295,8.36799,0.96010
1551.9788,0.08141,10.63297,-3.58423
1552.0040,-0.15323,10.15891,-0.59617
1552.0232,1.29051,10.21637,-1.07503
1552.0389,0.68237,8.40151,0.72547
1552.0610,0.03591,11.89476,1.02236
1552.0787,1.44375,9.59625,0.39266
1552.1011,1.61853,8.62897,-2.52835
1552.1212,1.27615,9.47893,-1.18756
1552.1558,1.55867,10.65213,0.45731
1552.1593,-1.56107,9.13416,-1.67360
1552.1799,0.02155,11.09986,-1.30967
1552.1974,0.25379,8.29137,0.96489
1552.2174,0.11493,10.05835,-0.48843
1552.2395,-0.06704,11.70082,1.42938
1552.2574,4.06548,9.18444,-0.77096
1552.2769,1.15165,10.60903,-2.56666
1552.3022,1.06306,10.02243,0.29450
1552.3169,1.38868,9.98173,0.10056
1552.3370,-0.83800,9.29936,-2.52596
1552.3600,0.01915,11.36802,-1.41262
1552.3774,0.84278,8.76544,-0.68237
1552.3978,0.44055,9.54358,0.17239
1552.4232,0.44534,8.04237,1.23784
1552.4402,2.14048,8.99290,-1.66642
1552.4576,2.32724,11.13817,-2.17400
1552.4795,2.08541,8.86839,-0.42139
1552.4972,0.97926,11.34407,-0.40703
1552.5175,3.36396,8.28419,-1.10615
1552.5394,2.65764,9.44063,-1.13967
1552.5574,0.33999,9.74230,0.58899
1552.5940,-0.03352,9.92666,0.82842
1552.6014,-1.79092,9.74230,-1.02236
1552.6172,0.29210,9.76864,-1.54191
1552.6370,2.32484,8.00646,-1.25699
1552.6609,1.81486,8.73671,-0.64645
1552.6809,0.31126,9.86202,1.51079
1552.7014,2.42301,10.99212,-1.18995
1552.7345,0.32562,10.24510,0.25379
1552.7369,0.76138,9.24430,-0.96489
1552.7570,1.54910,9.57710,3.28255
1552.7792,-0.89546,11.32492,-0.25619
1552.7985,0.60096,7.93942,-0.18196
1552.8198,0.72547,10.77184,-0.48604
1552.8412,-0.35914,10.27383,1.56107
1552.8708,1.47248,9.07430,-0.49561
1552.8856,1.40065,7.47732,-1.31206
1552.8992,-0.40224,10.53002,-0.35435
1552.9169,0.22506,9.49091,0.50519
1552.9374,0.99602,10.07990,-1.32882
1552.9596,2.22907,10.96578,0.99362
1552.9860,-2.07344,9.50048,0.52435
1553.0016,-0.25858,11.44463,1.26178
1553.0192,0.93856,8.68403,2.31048
1553.0369,-0.79490,10.47974,-2.59061
1553.0570,1.49163,10.35763,0.42379
1553.0806,0.63927,7.79336,1.43656
1553.0980,0.07901,12.37361,-3.07425
1553.1218,1.35755,9.39753,1.99683
1553.1404,0.36393,10.52044,1.30009
1553.1576,0.87630,9.85723,0.46928
1553.1769,0.17718,9.94103,-2.08302
1553.1993,-0.05028,10.99690,-0.91701
1553.2181,1.02236,9.79498,-0.53632
1553.2382,1.34079,10.11342,-0.12690
1553.2604,0.33520,9.84047,-0.66321
1553.2777,0.87630,8.90670,0.57941
1553.2972,1.10615,10.93705,-1.05109
1553.3195,0.47646,8.32010,1.94655
1553.3368,-0.33520,11.51167,-0.63209
1553.3580,-0.13887,10.28580,-0.29928
1553.3809,0.16042,10.76466,-1.26178
1553.4004,1.75261,10.58270,0.99602
1553.4192,1.06306,9.60822,1.46290
1553.4396,-0.76617,12.17249,-0.70871
1553.4569,0.56026,10.60424,1.35037
1553.4768,2.13330,9.46217,0.34238
1553.4996,1.16122,10.39355,-0.25379
1553.5173,1.78852,8.46855,-0.17718
1553.5383,0.47407,10.71677,-1.45332
1553.5719,1.24023,9.24430,0.70871
1553.5765,-1.39107,9.39992,0.63448
1553.5972,-1.02236,8.77502,2.70314
1553.6191,-0.10774,9.99131,-2.11175
1553.6384,1.57543,10.15651,-4.02717
1553.6583,2.55230,8.48531,-2.74384
1553.6840,1.34319,9.00487,-1.88908
1553.7054,1.43417,10.41510,0.61054
1553.7211,0.92180,9.01923,-1.37192
1553.7394,-0.29928,8.50925,-1.09179
1553.7568,0.27774,11.02324,0.54350
1553.7782,1.33601,6.68482,-0.67758
1553.8005,0.04310,11.57392,2.53554
1553.8181,0.03352,10.38876,1.62811
1553.8511,-0.96010,8.60502,-3.20593
1553.8594,-0.56984,9.53640,-0.57463
1553.8768,0.63448,10.48213,-0.29450
1553.8969,0.91701,7.85562,-2.51159
1553.9189,-0.33280,12.24432,1.24981
1553.9364,-0.02634,9.98652,0.59857
1553.9573,-0.78053,9.07430,1.28573
1553.9888,0.30647,8.98332,-1.81247
1553.9971,-0.39506,8.77502,0.17718
1554.0166,0.66082,10.04398,-2.06386
1554.0391,0.12211,9.96258,1.19714
1554.0585,0.18675,10.24750,-1.98964
1554.0784,1.21390,9.70639,1.47248
1554.1019,0.54350,11.09507,-1.46290
1554.1212,0.23464,8.91867,2.62652
1554.1377,0.25379,11.22436,-1.36474
1554.1599,-0.69434,10.21398,1.76219
1554.1796,0.36154,9.71118,-2.11414
1554.1970,2.12133,8.50446,-0.27774
1554.2194,0.36154,9.99849,0.45491
1554.2372,0.50998,9.62738,-1.61374
1554.2675,0.57463,8.79657,-1.72148
1554.2789,-0.42139,7.84604,-0.39745
1554.2969,1.57304,10.17806,-2.45413
1554.3168,3.65366,8.72474,-0.06943
1554.3392,2.27935,9.71836,-0.36393
1554.3569,-0.37830,10.24750,-2.59300
1554.3785,0.04789,7.96096,1.95612
1554.4124,1.57304,7.81491,2.84679
1554.4198,-0.62491,10.53241,0.52195
1554.4377,-0.67997,11.18605,0.78772
1554.4596,-0.39506,7.78618,0.58420
1554.4773,-0.48125,10.99690,0.60815
1554.4972,-0.14605,9.26105,0.82602
1554.5210,-1.08461,9.79019,0.86912
1554.5448,0.18915,11.31295,-0.52195
1554.5573,0.87152,9.02881,-0.23943
1554.5812,0.26576,9.56273,0.94574
1554.5973,0.32802,9.71357,-0.59139
1554.6171,0.86912,10.19003,-1.47727
1554.6409,-0.25379,10.43186,0.26576
1554.6663,0.33520,9.09585,-0.21788
1554.6873,0.56744,8.11899,0.94095
1554.7045,0.24900,10.20679,0.38548
1554.7174,0.07183,10.26904,-0.34717
1554.7371,0.93137,9.66808,-1.60416
1554.7592,1.15643,10.69044,-0.16999
1554.7775,-0.51716,10.22834,3.42621
1554.7969,-0.70631,9.91709,1.22826
1554.8229,-0.74701,11.62660,-0.50519
1554.8370,0.66800,9.56992,-2.63370
1554.8568,1.04151,10.20679,-2.04950
1554.8788,0.16042,9.71118,2.48286
1554.8964,-0.10774,10.24510,-0.60815
1554.9164,0.16999,10.41031,-0.94095
1554.9387,0.42139,12.00250,-0.04789
1554.9565,2.88271,9.68005,0.40224
1554.9769,1.72627,9.22993,-0.30168
1554.9995,1.52276,10.33848,-0.89785
1555.0173,1.93218,9.53400,0.66561
1555.0382,2.12133,10.45819,0.01197
1555.0605,0.20591,9.02163,2.06865
1555.0782,-0.20591,12.26826,-1.80289
1555.1013,1.16122,10.29778,-1.63050
1555.1213,1.74064,9.10303,1.50121
1555.1390,-1.15404,10.15651,1.19474
1555.1589,0.30168,10.17806,-2.65286
1555.1815,1.13489,9.38795,-0.29210
1555.1991,-0.04070,11.43506,0.19394
1555.2213,0.75180,9.08627,1.94894
1555.2437,-1.83641,9.87638,1.92739
1555.2594,-0.86912,10.15651,3.73507
1555.2794,0.32323,10.77184,1.32643
1555.3032,0.24900,8.97853,1.69515
1555.3209,-1.20911,10.73593,0.22746
1555.3409,0.05028,8.27940,4.96333
1555.3628,-1.06066,8.55953,3.98407
1555.3812,0.20591,8.50686,-1.14446
1555.3994,1.46769,8.77502,1.24981
1555.4214,0.26337,9.72315,-1.65205
1555.4396,2.26259,10.03919,-0.86673
1555.4598,3.94098,10.22595,-1.86753
1555.4819,3.42621,10.56354,1.53234
1555.5004,-2.14766,11.72237,-0.31604
1555.5321,1.46290,10.11102,3.42860
1555.5416,0.91701,9.45020,0.70392
1555.5593,-0.62251,8.13335,0.88109
1555.5795,0.48843,8.32968,-2.26977
1555.6033,-0.08619,9.64653,-1.06066
1555.6211,0.22506,11.16690,0.48843
1555.6411,1.29530,9.94103,-0.20830
1555.6755,1.13728,8.99050,-0.74223
1555.6808,1.46769,7.22353,-1.94176
1555.6981,2.19794,9.45739,-2.40146
1555.7201,-0.37590,10.47495,-0.07662
1555.7378,0.98405,8.62178,-0.93856
1555.7578,0.48125,9.79737,-1.52276
1555.7804,0.08619,10.54678,-0.31126
1555.7979,0.93377,8.48052,0.79250
1555.8181,-0.21548,10.64016,1.84599
